0.0000000000000000e+00
0.0000000000000000e+00
0.0000000000000000e+00
0.0000000000000000e+00
0.0000000000000000e+00
0.0000000000000000e+00
0.0000000000000000e+00
0.0000000000000000e+00
1.3709016874836506e-04
1.6662328565629473e+01
3.3324373517582728e+01
3.3324373517582728e+01
3.3324373517582735e+01
3.3324373517582721e+01
3.3324373517582735e+01
3.3324373517582735e+01
3.3324373517582735e+01
3.3324373517582714e+01
3.3324373517582714e+01
3.3324373517582707e+01
3.3324373517582693e+01
3.3324373517582664e+01
3.3324373517582664e+01
3.3324373517582664e+01
3.3324373517582679e+01
3.3324373517582671e+01
3.3324373517582693e+01
1.6668956233620253e+01
5.0235694299337825e-03
-1.6660196419285661e+01
-3.3324761688753064e+01
-3.3324761688753064e+01
-3.3324761688753064e+01
-3.3324761688753064e+01
-3.3324761688753064e+01
-3.3324761688753064e+01
-3.3324761688753064e+01
-3.3324761688753064e+01
-3.3324761688753064e+01
-3.3324761688753064e+01
-3.3324761688753064e+01
-3.3324761688753064e+01
-3.3324761688753064e+01
-3.3324761688753064e+01
-3.3324761688753064e+01
-3.3324761688753064e+01
-3.3324761688753064e+01
-1.6669093500727310e+01
-5.2476255065347930e-03
1.6659898828180804e+01
3.3324376223085530e+01
3.3324376223085530e+01
3.3324376223085530e+01
3.3324376223085508e+01
3.3324376223085508e+01
3.3324376223085515e+01
3.3324376223085515e+01
3.3324376223085522e+01
3.3324376223085522e+01
3.3324376223085522e+01
3.3324376223085515e+01
3.3324376223085494e+01
3.3324376223085501e+01
3.3324376223085501e+01
3.3324376223085501e+01
3.3324376223085494e+01
3.3324376223085473e+01
1.6668956235062190e+01
5.0235500474539877e-03
-1.6660196419644432e+01
-3.3324761688495556e+01
-3.3324761688495556e+01
-3.3324761688495556e+01
-3.3324761688495556e+01
-3.3324761688495556e+01
-3.3324761688495556e+01
-3.3324761688495556e+01
-3.3324761688495556e+01
-3.3324761688495556e+01
-3.3324761688495556e+01
-3.3324761688495556e+01
-3.3324761688495556e+01
-3.3324761688495556e+01
-3.3324761688495556e+01
-3.3324761688495556e+01
-3.3324761688495556e+01
-3.3324761688495556e+01
-1.6669093500728817e+01
-5.2476255022974412e-03
1.6659898828192667e+01
3.3324376223104025e+01
3.3324376223104025e+01
3.3324376223104025e+01
3.3324376223104025e+01
3.3324376223104025e+01
3.3324376223104004e+01
3.3324376223104004e+01
3.3324376223104011e+01
3.3324376223103997e+01
3.3324376223103997e+01
3.3324376223103982e+01
3.3324376223103982e+01
3.3324376223103982e+01
3.3324376223103982e+01
3.3324376223103947e+01
3.3324376223103954e+01
3.3324376223103954e+01
1.6668956235062169e+01
5.0235500367991123e-03
-1.6660196419648884e+01
-3.3324761688496160e+01
-3.3324761688496160e+01
-3.3324761688496160e+01
-3.3324761688496160e+01
-3.3324761688496160e+01
-3.3324761688496160e+01
-3.3324761688496160e+01
-3.3324761688496160e+01
-3.3324761688496160e+01
-3.3324761688496160e+01
-3.3324761688496160e+01
-3.3324761688496160e+01
-3.3324761688496160e+01
-3.3324761688496160e+01
-3.3324761688496160e+01
-3.3324761688496160e+01
-3.3324761688496160e+01
-1.6669093500707390e+01
-5.2476254869042891e-03
1.6659898828200841e+01
3.3324376223111926e+01
3.3324376223111926e+01
3.3324376223111926e+01
3.3324376223111912e+01
3.3324376223111912e+01
3.3324376223111912e+01
3.3324376223111912e+01
3.3324376223111905e+01
3.3324376223111898e+01
3.3324376223111898e+01
3.3324376223111898e+01
3.3324376223111905e+01
3.3324376223111884e+01
3.3324376223111884e+01
3.3324376223111891e+01
3.3324376223111884e+01
3.3324376223111898e+01
1.6668956235053322e+01
5.0235500377881171e-03
-1.6660196419660057e+01
-3.3324761688498704e+01
-3.3324761688498704e+01
-3.3324761688498704e+01
-3.3324761688498704e+01
-3.3324761688498704e+01
-3.3324761688498704e+01
-3.3324761688498704e+01
-3.3324761688498704e+01
-3.3324761688498704e+01
-3.3324761688498704e+01
-3.3324761688498704e+01
-3.3324761688498704e+01
-3.3324761688498704e+01
-3.3324761688498704e+01
-3.3324761688498704e+01
-3.3324761688498704e+01
-3.3324761688498704e+01
-1.6669093500716400e+01
-5.2476255015764276e-03
1.6659898828192887e+01
3.3324376223107045e+01
3.3324376223107045e+01
3.3324376223107045e+01
3.3324376223107016e+01
3.3324376223107016e+01
3.3324376223107002e+01
3.3324376223107002e+01
3.3324376223107016e+01
3.3324376223107009e+01
3.3324376223107009e+01
3.3324376223107002e+01
3.3324376223107002e+01
3.3324376223106974e+01
3.3324376223106974e+01
3.3324376223106960e+01
3.3324376223106981e+01
3.3324376223106981e+01
1.6668956235055106e+01
5.0235500443364944e-03
-1.6660196419643523e+01
-3.3324761688486767e+01
-3.3324761688486767e+01
-3.3324761688486767e+01
-3.3324761688486767e+01
-3.3324761688486767e+01
-3.3324761688486767e+01
-3.3324761688486767e+01
-3.3324761688486767e+01
-3.3324761688486767e+01
-3.3324761688486767e+01
-3.3324761688486767e+01
