0.0000000000000000e+00
0.0000000000000000e+00
0.0000000000000000e+00
0.0000000000000000e+00
0.0000000000000000e+00
0.0000000000000000e+00
0.0000000000000000e+00
0.0000000000000000e+00
-6.8545084374148309e-05
-8.3311642828121002e+00
-1.6662186758789201e+01
-1.6662186758789179e+01
-1.6662186758789197e+01
-1.6662186758789183e+01
-1.6662186758789169e+01
-1.6662186758789172e+01
-1.6662186758789172e+01
-1.6662186758789172e+01
-1.6662186758789169e+01
-1.6662186758789190e+01
-1.6662186758789183e+01
-1.6662186758789172e+01
-1.6662186758789179e+01
-1.6662186758789179e+01
-1.6662186758789151e+01
-1.6662186758789154e+01
-1.6662186758789122e+01
-8.3344781168087945e+00
-2.5117847115951187e-03
8.3300982096446532e+00
1.6662380844375264e+01
1.6662380844375253e+01
1.6662380844375253e+01
1.6662380844375257e+01
1.6662380844375242e+01
1.6662380844375257e+01
1.6662380844375264e+01
1.6662380844375242e+01
1.6662380844375232e+01
1.6662380844375217e+01
1.6662380844375203e+01
1.6662380844375200e+01
1.6662380844375214e+01
1.6662380844375228e+01
1.6662380844375235e+01
1.6662380844375214e+01
1.6662380844375182e+01
8.3345467503651669e+00
2.6238127574134311e-03
-8.3299494140865491e+00
-1.6662188111539002e+01
-1.6662188111538978e+01
-1.6662188111538967e+01
-1.6662188111538985e+01
-1.6662188111538988e+01
-1.6662188111538988e+01
-1.6662188111538988e+01
-1.6662188111538981e+01
-1.6662188111538967e+01
-1.6662188111538960e+01
-1.6662188111538988e+01
-1.6662188111538988e+01
-1.6662188111538949e+01
-1.6662188111538949e+01
-1.6662188111538949e+01
-1.6662188111538978e+01
-1.6662188111538956e+01
-8.3344781175333615e+00
-2.5117750277819993e-03
8.3300982098139116e+00
1.6662380844239408e+01
1.6662380844239397e+01
1.6662380844239401e+01
1.6662380844239372e+01
1.6662380844239372e+01
1.6662380844239376e+01
1.6662380844239376e+01
1.6662380844239401e+01
1.6662380844239408e+01
1.6662380844239408e+01
1.6662380844239411e+01
1.6662380844239387e+01
1.6662380844239387e+01
1.6662380844239351e+01
1.6662380844239340e+01
1.6662380844239362e+01
1.6662380844239358e+01
8.3345467503537520e+00
2.6238127410638627e-03
-8.3299494141020194e+00
-1.6662188111555484e+01
-1.6662188111555512e+01
-1.6662188111555526e+01
-1.6662188111555526e+01
-1.6662188111555508e+01
-1.6662188111555523e+01
-1.6662188111555512e+01
-1.6662188111555512e+01
-1.6662188111555526e+01
-1.6662188111555547e+01
-1.6662188111555551e+01
-1.6662188111555569e+01
-1.6662188111555597e+01
-1.6662188111555590e+01
-1.6662188111555615e+01
-1.6662188111555594e+01
-1.6662188111555601e+01
-8.3344781175276328e+00
-2.5117750104514821e-03
8.3300982098350520e+00
1.6662380844262810e+01
1.6662380844262810e+01
1.6662380844262827e+01
1.6662380844262827e+01
1.6662380844262838e+01
1.6662380844262835e+01
1.6662380844262813e+01
1.6662380844262817e+01
1.6662380844262799e+01
1.6662380844262799e+01
1.6662380844262799e+01
1.6662380844262771e+01
1.6662380844262763e+01
1.6662380844262760e+01
1.6662380844262756e+01
1.6662380844262753e+01
1.6662380844262749e+01
8.3345467503696167e+00
2.6238127600898605e-03
-8.3299494140865935e+00
-1.6662188111544687e+01
-1.6662188111544687e+01
-1.6662188111544694e+01
-1.6662188111544676e+01
-1.6662188111544648e+01
-1.6662188111544637e+01
-1.6662188111544662e+01
-1.6662188111544658e+01
-1.6662188111544676e+01
-1.6662188111544701e+01
-1.6662188111544687e+01
-1.6662188111544690e+01
-1.6662188111544683e+01
-1.6662188111544701e+01
-1.6662188111544669e+01
-1.6662188111544705e+01
-1.6662188111544683e+01
-8.3344781175125249e+00
-2.5117750049790267e-03
8.3300982098456782e+00
1.6662380844264352e+01
1.6662380844264359e+01
1.6662380844264348e+01
1.6662380844264320e+01
1.6662380844264312e+01
1.6662380844264305e+01
1.6662380844264302e+01
1.6662380844264284e+01
1.6662380844264277e+01
1.6662380844264295e+01
1.6662380844264291e+01
1.6662380844264323e+01
1.6662380844264323e+01
1.6662380844264305e+01
1.6662380844264295e+01
1.6662380844264295e+01
1.6662380844264316e+01
8.3345467503661688e+00
2.6238127536353552e-03
-8.3299494140973547e+00
-1.6662188111558265e+01
-1.6662188111558287e+01
-1.6662188111558290e+01
-1.6662188111558283e+01
-1.6662188111558311e+01
-1.6662188111558358e+01
-1.6662188111558372e+01
-1.6662188111558379e+01
-1.6662188111558358e+01
-1.6662188111558347e+01
-1.6662188111558343e+01
-1.6662188111558347e+01
-1.6662188111558375e+01
-1.6662188111558361e+01
-1.6662188111558365e+01
-1.6662188111558340e+01
-1.6662188111558343e+01
-8.3344781175224298e+00
-2.5117750133882696e-03
8.3300982098344587e+00
1.6662380844256894e+01
1.6662380844256898e+01
1.6662380844256887e+01
1.6662380844256898e+01
1.6662380844256933e+01
1.6662380844256912e+01
1.6662380844256919e+01
1.6662380844256898e+01
1.6662380844256898e+01
1.6662380844256901e+01
1.6662380844256901e+01
