0.0000000000000000e+00
-3.6583358234892595e-05
-7.3170731706786082e-05
-1.0975944386416754e-04
-1.4634949480394070e-04
-1.8294088462411884e-04
-2.1951219511736795e-04
-2.5608484312113471e-04
-2.9265882873209207e-04
-7.8367160772505550e-04
-1.3200780078528867e-03
-1.2835188476155199e-03
-1.2469610239010007e-03
-1.2104045366121380e-03
-1.1737627517862217e-03
-1.1371223095321872e-03
-1.1005920200789197e-03
-1.0640066542228076e-03
-1.0274226268073936e-03
-9.9083592251361804e-04
-9.5425055666114873e-04
-9.1766519080739074e-04
-8.8108116339396592e-04
-8.4449445909960869e-04
-8.0790909334274900e-04
-7.7132506602633653e-04
-7.3474237705173015e-04
-3.1380900503520540e-04
1.3935492316454349e-04
6.3042525128372429e-04
1.1669145565859848e-03
1.1303585198604758e-03
1.0938011467420095e-03
1.0572424371323129e-03
1.0206024206538958e-03
9.8401705479397752e-04
9.4743035039634819e-04
9.1084632308698109e-04
8.7426095733754189e-04
8.3767559137885492e-04
8.0109022552519375e-04
7.6450485967161585e-04
7.2791815527984403e-04
6.9133412796474410e-04
6.5474876220991685e-04
6.1816205791691465e-04
5.8157401498768369e-04
1.6064260113114837e-04
-2.9251966662485399e-04
-7.8358785138550255e-04
-1.3200743909867196e-03
-1.2835152224299285e-03
-1.2469573903965913e-03
-1.2104008947897043e-03
-1.1737591266024734e-03
-1.1371187009854497e-03
-1.1005883948954325e-03
-1.0640030290407321e-03
-1.0274190016259634e-03
-9.9083229733165201e-04
-9.5424693147871920e-04
-9.1766156562495275e-04
-8.8107753821164395e-04
-8.4449083391730808e-04
-8.0790546816032793e-04
-7.7132144084412710e-04
-7.3473875186932057e-04
-3.1380531745986748e-04
1.3935861137149593e-04
6.3042893890864911e-04
1.1669182441907445e-03
1.1303622074657861e-03
1.0938048343484131e-03
1.0572461247396342e-03
1.0206061082593003e-03
9.8402074240032909e-04
9.4743403800227053e-04
9.1085001069391325e-04
8.7426464494491348e-04
8.3767927898465485e-04
8.0109391313118233e-04
7.6450854727679279e-04
7.2792184288564114e-04
6.9133781557101912e-04
6.5475244981600929e-04
6.1816574552349228e-04
5.8157770259476666e-04
1.6064628874198959e-04
-2.9251597901451478e-04
-7.8358416377481124e-04
-1.3200707033763329e-03
-1.2835115348194409e-03
-1.2469537027857403e-03
-1.2103972071780887e-03
-1.1737554389917209e-03
-1.1371150133744211e-03
-1.1005847072840099e-03
-1.0639993414291108e-03
-1.0274153140136374e-03
-9.9082860971986771e-04
-9.5424324386670387e-04
-9.1765787801312867e-04
-8.8107385059872309e-04
-8.4448714630421884e-04
-8.0790178054792477e-04
-7.7131775323126533e-04
-7.3473506425676021e-04
-3.1380162984689220e-04
1.3936229898491378e-04
6.3043262652265342e-04
1.1669219318038038e-03
1.1303658950782189e-03
1.0938085219592405e-03
1.0572498123510824e-03
1.0206097958720961e-03
9.8402443001226495e-04
9.4743772561402598e-04
9.1085369830559313e-04
8.7426833255686723e-04
8.3768296659754503e-04
8.0109760074384645e-04
7.6451223488994274e-04
7.2792553049822633e-04
6.9134150318295195e-04
6.5475613742753424e-04
6.1816943313384553e-04
5.8158139020522909e-04
1.6064997635346280e-04
-2.9251229140256666e-04
-7.8358047616306869e-04
-1.3200670157641748e-03
-1.2835078472063241e-03
-1.2469500151728122e-03
-1.2103935195655630e-03
-1.1737517513787021e-03
-1.1371113257623482e-03
-1.1005810196713089e-03
-1.0639956538158865e-03
-1.0274116264004814e-03
-9.9082492210677111e-04
-9.5423955625382171e-04
-9.1765419039976362e-04
-8.8107016298614082e-04
-8.4448345869252042e-04
-8.0789809293629520e-04
-7.7131406561950131e-04
-7.3473137664497343e-04
-3.1379794223387392e-04
1.3936598659779648e-04
6.3043631413611432e-04
1.1669256194170165e-03
1.1303695826915146e-03
1.0938122095741811e-03
1.0572534999663472e-03
1.0206134834857632e-03
9.8402811762551856e-04
9.4744141322753079e-04
9.1085738591904016e-04
8.7427202017020421e-04
8.3768665421107456e-04
8.0110128835747649e-04
7.6451592250326020e-04
7.2792921811109677e-04
6.9134519079644657e-04
6.5475982504148260e-04
6.1817312074911228e-04
5.8158507781995591e-04
1.6065366396586584e-04
-2.9250860379047305e-04
-7.8357678855144877e-04
-1.3200633281528148e-03
-1.2835041595954597e-03
-1.2469463275626431e-03
-1.2103898319554029e-03
-1.1737480637684864e-03
-1.1371076381509098e-03
-1.1005773320608399e-03
-1.0639919662050780e-03
-1.0274079387902237e-03
-9.9082123449623018e-04
-9.5423586864325206e-04
-9.1765050278933946e-04
-8.8106647537534890e-04
-8.4447977108076757e-04
-8.0789440532450007e-04
-7.7131037800846881e-04
-7.3472768903430716e-04
-3.1379425462194034e-04
1.3936967420887967e-04
6.3044000174639688e-04
1.1669293070279772e-03
1.1303732703024083e-03
1.0938158971848032e-03
1.0572571875758984e-03
1.0206171710965075e-03
9.8403180523668572e-04
9.4744510083842430e-04
9.1086107352855868e-04
8.7427570777906549e-04
8.3769034182031130e-04
8.0110497596657857e-04
