0.0000000000000000e+00
2.4995960985955939e+01
4.9999999999353271e+01
7.4999617634305551e+01
9.9994814868937269e+01
1.2498559268040400e+02
1.5000000000002342e+02
1.7500998461689841e+02
2.0001446660532918e+02
2.2499515383503291e+02
2.4998991174843587e+02
2.2499999949326468e+02
2.0000567044296417e+02
1.7500692362052644e+02
1.4999999999732267e+02
1.2498864922993349e+02
9.9999999987664509e+01
7.4999999998123897e+01
4.9995578787937518e+01
2.4999999999927606e+01
1.6010845221129759e-10
-2.4999999999936467e+01
-5.0004421220652311e+01
-7.5000000000287599e+01
-9.9999999022220891e+01
-1.2500441926457957e+02
-1.5001326170558269e+02
-1.7499795217324601e+02
-1.9999553678203304e+02
-2.2499430044514392e+02
-2.4999252976373239e+02
-2.2500000047388875e+02
-2.0001188740670341e+02
-1.7502818958577507e+02
-1.5000000001583689e+02
-1.2500000000426795e+02
-1.0000442023589466e+02
-7.4999999999247080e+01
-5.0000000982902428e+01
-2.4999999999039012e+01
1.0756344290896598e-09
2.5000000000839538e+01
4.9995579757874680e+01
7.5000000000540666e+01
9.9999999022985307e+01
1.2499557780272131e+02
1.4998673731706901e+02
1.7499732215034925e+02
1.9999417878582278e+02
2.2499244203241688e+02
2.4998991458703108e+02
2.2499999949349288e+02
2.0000566760349818e+02
1.7500691793993130e+02
1.4999999999731938e+02
1.2498865491319802e+02
9.9999999987263635e+01
7.4999999997742293e+01
4.9995578787393455e+01
2.4999999999471243e+01
-8.8183523354087480e-11
-2.5000000000251177e+01
-5.0004421221058742e+01
-7.5000000000524039e+01
-9.9999999022399848e+01
-1.2500441926502735e+02
-1.5001326170586435e+02
-1.7499795217300343e+02
-1.9999553680019784e+02
-2.2499430044618609e+02
-2.4999252976392717e+02
-2.2500000047447665e+02
-2.0001188740769743e+02
-1.7502818958731893e+02
-1.5000000001708665e+02
-1.2500000000553605e+02
-1.0000442023723640e+02
-7.4999999999986883e+01
-5.0000000983421437e+01
-2.4999999999852193e+01
-5.0561982439519612e-11
2.4999999999627565e+01
4.9995579756846169e+01
7.4999999999495216e+01
9.9999999021699253e+01
1.2499557780123411e+02
1.4998673731576372e+02
1.7499732214984198e+02
1.9999417878516692e+02
2.2499244203182619e+02
2.4998991458643533e+02
2.2499999949287206e+02
2.0000566760281876e+02
1.7500691793951188e+02
1.4999999999658172e+02
1.2498865491273172e+02
9.9999999987085147e+01
7.4999999997439943e+01
4.9995578787384225e+01
2.4999999999125201e+01
-4.7511724302792267e-10
-2.5000000000687699e+01
-5.0004421221225130e+01
-7.5000000000784766e+01
-9.9999999022896162e+01
-1.2500441926532218e+02
-1.5001326170624625e+02
-1.7499795217332382e+02
-1.9999553680059390e+02
-2.2499430044656805e+02
-2.4999252976477197e+02
-2.2500000047555514e+02
-2.0001188740884174e+02
-1.7502818958834294e+02
-1.5000000001807993e+02
-1.2500000000681803e+02
-1.0000442023847194e+02
-7.5000000001592639e+01
-5.0000000985193388e+01
-2.5000000001418655e+01
-1.5715017525315606e-09
2.4999999998568434e+01
4.9995579755777584e+01
7.4999999998581202e+01
9.9999999020870703e+01
1.2499557780057046e+02
1.4998673731513946e+02
1.7499732214857215e+02
1.9999417878407368e+02
2.2499244203089430e+02
2.4998991458576180e+02
2.2499999949245685e+02
2.0000566760242899e+02
1.7500691793906842e+02
1.4999999999628278e+02
1.2498865491186659e+02
9.9999999986406763e+01
7.4999999996580954e+01
4.9995578786406895e+01
2.4999999998490608e+01
-1.2584346832408441e-09
-2.5000000001164182e+01
-5.0004421221703808e+01
-7.5000000001245354e+01
-9.9999999023327717e+01
-1.2500441926597168e+02
-1.5001326170722018e+02
-1.7499795217369100e+02
-1.9999553680069482e+02
-2.2499430044660289e+02
-2.4999252976457808e+02
-2.2500000047551379e+02
-2.0001188740848659e+02
-1.7502818958802476e+02
-1.5000000001800007e+02
-1.2500000000668899e+02
-1.0000442023804796e+02
-7.5000000001234596e+01
-5.0000000984584609e+01
-2.5000000000672145e+01
-6.5442096656205475e-10
2.4999999999111225e+01
4.9995579756098444e+01
7.4999999998913225e+01
9.9999999020948337e+01
1.2499557780048956e+02
1.4998673731473406e+02
1.7499732214869280e+02
1.9999417878411489e+02
2.2499244203073164e+02
2.4998991458553971e+02
2.2499999949224025e+02
2.0000566760210941e+02
1.7500691793861705e+02
1.4999999999606294e+02
1.2498865491213053e+02
9.9999999986109060e+01
7.4999999996431228e+01
4.9995578786103309e+01
2.4999999997995058e+01
-1.5987974071045365e-09
-2.5000000001686143e+01
-5.0004421222365025e+01
-7.5000000001737959e+01
-9.9999999023692482e+01
-1.2500441926630252e+02
-1.5001326170748720e+02
-1.7499795217380171e+02
-1.9999553680103040e+02
-2.2499430044724841e+02
-2.4999252976493125e+02
-2.2500000047562770e+02
-2.0001188740881400e+02
-1.7502818958841073e+02
-1.5000000001800640e+02
-1.2500000000672047e+02
-1.0000442023829102e+02
-7.5000000001564516e+01
-5.0000000985128253e+01
-2.5000000001216677e+01
-1.1859593920800344e-09
