0.0000000000000000e+00
0.0000000000000000e+00
0.0000000000000000e+00
0.0000000000000000e+00
0.0000000000000000e+00
0.0000000000000000e+00
0.0000000000000000e+00
0.0000000000000000e+00
7.8946304661977316e-04
1.6760373066066145e-03
2.5869394605066596e-03
2.5869394605066596e-03
2.5869394605066596e-03
2.5869394605066596e-03
2.5869394605066596e-03
2.5869394605066596e-03
2.5869394605066596e-03
2.5869394605066596e-03
2.5869394605066596e-03
2.5869394605066596e-03
2.5869394605066596e-03
2.5869394605066596e-03
2.5869394605066596e-03
2.5869394605066596e-03
2.5869394605066596e-03
2.5869394605066596e-03
2.5869394605066596e-03
2.5869394605066596e-03
2.5869394605066596e-03
2.5869394605066596e-03
3.0059578854565276e-03
3.0059578854565276e-03
3.0059578854565276e-03
3.0059578854565276e-03
3.0059578854565276e-03
3.0059578854565276e-03
3.0059578854565276e-03
3.0059578854565276e-03
3.0059578854565276e-03
3.0059578854565276e-03
3.0059578854565276e-03
3.0059578854565276e-03
3.0059578854565276e-03
3.0059578854565276e-03
3.0059578854565276e-03
3.0059578854565276e-03
3.0059578854565276e-03
3.0059578854565276e-03
3.0059578854565276e-03
3.0059578854565276e-03
3.0059578854565276e-03
3.0059578854565276e-03
3.0059578854565276e-03
3.0059578854565276e-03
3.0059578854565276e-03
3.0059578854565276e-03
3.0059578854565276e-03
3.0059578854565276e-03
3.0059578854565276e-03
3.0059578854565276e-03
3.0059578854565276e-03
3.0059578854565276e-03
3.0059578854565276e-03
3.0059578854565276e-03
3.0059578854565276e-03
3.0059578854565276e-03
3.0059578854565276e-03
3.0059578854565276e-03
3.0059578854565276e-03
3.0059578854565276e-03
3.0066820570033249e-03
3.0066820570033249e-03
3.0066820570033249e-03
3.0066820570033249e-03
3.0066820570033249e-03
3.0066820570033249e-03
3.0066820570033249e-03
3.0066820570033249e-03
3.0066820570033249e-03
3.0066820570033249e-03
3.0066820570033249e-03
3.0066820570033249e-03
3.0066820570033249e-03
3.0066820570033249e-03
3.0066820570033249e-03
3.0066820570033249e-03
3.0066820570033249e-03
3.0066820570033249e-03
3.0066820570033249e-03
3.0066820570033249e-03
3.0066820570033249e-03
3.0066820570033249e-03
3.0066820570033249e-03
3.0066820570033249e-03
3.0066820570033249e-03
3.0066820570033249e-03
3.0066820570033249e-03
3.0066820570033249e-03
3.0066820570033249e-03
3.0066820570033249e-03
3.0066820570033249e-03
3.0066820570033249e-03
3.0066820570033249e-03
3.0066820570033249e-03
3.0066820570033249e-03
3.0066820570033249e-03
3.0066820570033249e-03
3.0066820570033249e-03
3.0066820570033249e-03
3.0066820570033249e-03
3.0066820570033249e-03
3.0066820570033249e-03
3.0066820570033249e-03
3.0066820570033249e-03
3.0066820570033249e-03
3.0066820570033249e-03
3.0066820570033249e-03
3.0066820570033249e-03
3.0066820570033249e-03
3.0066820570033249e-03
3.0066820570033249e-03
3.0066820570033249e-03
3.0066820570033249e-03
3.0066820570033249e-03
3.0066820570033249e-03
3.0066820570033249e-03
3.0066820570033249e-03
3.0066820570033249e-03
3.0066820570033249e-03
3.0066820570033249e-03
3.0066820570033249e-03
3.0066820570033249e-03
3.0066820570033249e-03
3.0066820570033249e-03
3.0066820570033249e-03
3.0066820570033249e-03
3.0066820570033249e-03
3.0066820570033249e-03
3.0066820570033249e-03
3.0066820570033249e-03
3.0066820570033249e-03
3.0066820570033249e-03
3.0066820570033249e-03
3.0066820570033249e-03
3.0066820570033249e-03
3.0066820570033249e-03
3.0066820570033249e-03
3.0066820570033249e-03
3.0066820570033249e-03
3.0066820570033249e-03
3.0066820570033249e-03
3.0066820570033249e-03
3.0066820570033249e-03
3.0066820570033249e-03
3.0066820570033249e-03
3.0066820570033249e-03
3.0066820570033249e-03
3.0066820570033249e-03
3.0066820570033249e-03
3.0066820570033249e-03
3.0066820570033249e-03
3.0066820570033249e-03
3.0066820570033249e-03
3.0066820570033249e-03
3.0066820570033249e-03
3.0066820570033249e-03
3.0066820570033249e-03
3.0066820570033249e-03
3.0066820570033249e-03
3.0066820570033249e-03
3.0066820570033249e-03
3.0066820570033249e-03
3.0066820570033249e-03
3.0066820570033249e-03
3.0066820570033249e-03
3.0066820570033249e-03
3.0066820570033249e-03
3.0066820570033249e-03
3.0066820570033249e-03
3.0066820570033249e-03
3.0066820570033249e-03
3.0066820570033249e-03
3.0066820570033249e-03
3.0066820570033249e-03
3.0066820570033249e-03
3.0066820570033249e-03
3.0066820570033249e-03
3.0066820570033249e-03
3.0066820570033249e-03
3.0066820570033249e-03
3.0066820570033249e-03
3.0066820570033249e-03
3.0066820570033249e-03
3.0066820570033249e-03
3.0066820570033249e-03
3.0066820570033249e-03
3.0066820570033249e-03
3.0066820570033249e-03
3.0066820570033249e-03
3.0066820570033249e-03
3.0066820570033249e-03
