0.0000000000000000e+00
0.0000000000000000e+00
0.0000000000000000e+00
0.0000000000000000e+00
0.0000000000000000e+00
0.0000000000000000e+00
0.0000000000000000e+00
0.0000000000000000e+00
1.3626074066622543e-04
2.4282951282957343e-03
1.4370074105589468e-02
1.9939929389439674e-02
1.9996143046848897e-02
1.9999509957815576e-02
1.9999639641148734e-02
1.9999761183667624e-02
1.9999778867985249e-02
1.9999786901593243e-02
1.9999797687771385e-02
1.9999798251159648e-02
1.9999798516394288e-02
1.9999798890795655e-02
