0.0000000000000000e+00
0.0000000000000000e+00
0.0000000000000000e+00
0.0000000000000000e+00
0.0000000000000000e+00
0.0000000000000000e+00
0.0000000000000000e+00
0.0000000000000000e+00
-6.8130370333146297e-05
-1.2141475641486287e-03
-7.1850370527987671e-03
-9.9699646947298097e-03
-9.9980715234392059e-03
-9.9997549789202379e-03
-9.9998198205859395e-03
-9.9998805918447495e-03
-9.9998894340033364e-03
-9.9998934508071236e-03
-9.9998988438959810e-03
-9.9998991255900848e-03
-9.9998992582073839e-03
-9.9998994454080434e-03
