0.0000000000000000e+00
0.0000000000000000e+00
0.0000000000000000e+00
0.0000000000000000e+00
0.0000000000000000e+00
0.0000000000000000e+00
0.0000000000000000e+00
0.0000000000000000e+00
-6.8130370333078697e-05
-1.2141475641470945e-03
-7.1850370527906165e-03
-9.9699646947097823e-03
-9.9980715234095734e-03
-9.9997549788952405e-03
-9.9998198205626873e-03
-9.9998805918227757e-03
-9.9998894339818258e-03
-9.9998934507860449e-03
-9.9998988438753187e-03
-9.9998991255694520e-03
-9.9998992581867684e-03
-9.9998994453874401e-03
