0.0000000000000000e+00
1.2193486254756034e-04
2.4390243902188679e-04
3.6585514122065594e-04
4.8779297277175260e-04
6.0971593730062062e-04
7.3170731706953974e-04
8.5368381675749263e-04
9.7564543999260791e-04
9.7581272967191940e-04
9.7799212564460454e-04
1.0707621081603360e-03
1.0853387221528119e-03
1.0922101301973873e-03
1.0925700414314637e-03
1.0930790325574503e-03
1.0931590127737779e-03
1.0931967158069294e-03
1.0932500359456193e-03
1.0932528287627048e-03
1.0932541453091695e-03
1.0932560071873949e-03
