0.0000000000000000e+00
-3.6583358234665278e-05
-7.3170731707402953e-05
-1.0975944386471217e-04
-1.4634949480430060e-04
-1.8294088462512435e-04
-2.1951219511802021e-04
-2.5608484312150161e-04
-2.9265882873263195e-04
-2.9270899972723186e-04
-2.9382488442969689e-04
-3.4019058710014951e-04
-3.4747644983028694e-04
-3.5091105686921743e-04
-3.5109095600370857e-04
-3.5134537185490795e-04
-3.5138534945490177e-04
-3.5140419507661110e-04
-3.5143084681162274e-04
-3.5143224278415155e-04
-3.5143290085223888e-04
-3.5143383150017151e-04
