0.0000000000000000e+00
-3.6583358234892595e-05
-7.3170731706786082e-05
-1.0975944386416754e-04
-1.4634949480394070e-04
-1.8294088462411884e-04
-2.1951219511736795e-04
-2.5608484312113471e-04
-2.9265882873209207e-04
-2.9270899972660801e-04
-2.9382488442917490e-04
-3.4019058709915399e-04
-3.4747644982871474e-04
-3.5091105686792603e-04
-3.5109095600256457e-04
-3.5134537185370861e-04
-3.5138534945395304e-04
-3.5140419507593998e-04
-3.5143084681075180e-04
-3.5143224278325703e-04
-3.5143290085088113e-04
-3.5143383149931944e-04
