0.0000000000000000e+00
2.4997104046445784e+01
4.9999999999569987e+01
7.5000761494195217e+01
9.9999389117753239e+01
1.2499588345744790e+02
1.4999999999877426e+02
1.7500198098092085e+02
2.0000020439111157e+02
2.0000364244269218e+02
2.0002155511115814e+02
2.0002990989408397e+02
2.0002999421457076e+02
2.0002999926493652e+02
2.0002999945946152e+02
2.0002999964177539e+02
2.0002999966830177e+02
2.0002999968035218e+02
2.0002999969653132e+02
2.0002999969737647e+02
2.0002999969777477e+02
2.0002999969833701e+02
