0.0000000000000000e+00
1.0000000000000001e-01
2.0000000000000001e-01
3.0000000000000004e-01
4.0000000000000002e-01
5.0000000000000000e-01
5.9999999999999998e-01
6.9999999999999996e-01
7.9999999999999993e-01
8.0013717421124819e-01
8.0020183875456663e-01
8.0029328822873214e-01
8.0030765812724736e-01
8.0031443216237075e-01
8.0031478697467973e-01
8.0031528875505920e-01
8.0031536760223898e-01
8.0031540477115604e-01
8.0031545733594256e-01
8.0031546008919563e-01
8.0031546138709164e-01
8.0031546322259373e-01
