0.0000000000000000e+00
1.2486089731869897e-04
2.4975609755835523e-04
3.7463570093467099e-04
4.9949971134296319e-04
6.2434813267618172e-04
7.4926829267894411e-04
8.7417284958439187e-04
1.1589984847031692e-03
2.1372357709559349e-03
3.1154471485294482e-03
4.0936585302975290e-03
5.0718699124116425e-03
5.0718699108900913e-03
4.9469747076149855e-03
4.8220639035793499e-03
4.6971374948859036e-03
4.5723577177489861e-03
4.4475623686767128e-03
4.3226016201895834e-03
4.1977235714215451e-03
4.0728299261778411e-03
3.9479674738672537e-03
3.8230894289777067e-03
3.6982113763071324e-03
3.5733333275260524e-03
3.4484552787457175e-03
3.3235616334892732e-03
3.1986991811827131e-03
3.0738211362973935e-03
2.9489274949374613e-03
2.8240182532078190e-03
2.6990934072101476e-03
2.5743089372655464e-03
2.4495088942135686e-03
2.3245528397083321e-03
2.1995811692368992e-03
2.0747967360747500e-03
2.0747351643386567e-03
2.1996225484460698e-03
2.3244943376427058e-03
2.4493505358221769e-03
2.5741911468781806e-03
2.6991347441309007e-03
2.8240627324308187e-03
2.9488908416976001e-03
3.0737688904789477e-03
3.1986313466818117e-03
3.3235249880415509e-03
3.4484030329278541e-03
3.5732810856036862e-03
3.6981591343848070e-03
3.8230215905852619e-03
3.9479152319441043e-03
4.0727932768296945e-03
4.1976557291357923e-03
4.3225025927570368e-03
4.4473338715850649e-03
4.5723054758307980e-03
4.6972614641271528e-03
4.8220615733956303e-03
4.9468461095411925e-03
5.0718176709409323e-03
5.0717035070692576e-03
4.9469225307148708e-03
4.8221259821248155e-03
4.6973138574128289e-03
4.5723054758162211e-03
4.4474274270453595e-03
4.3225337817991141e-03
4.1976245361819414e-03
4.0727932807207391e-03
3.9479464404722263e-03
3.8230371831640669e-03
3.6981591343840481e-03
3.5732810856051230e-03
3.4484030368245686e-03
3.3235093915697095e-03
3.1986469392628366e-03
3.0737688943767313e-03
2.9488752530163072e-03
2.8239660112859021e-03
2.6990411652869917e-03
2.5742566953432778e-03
2.4494566522922957e-03
2.3245005977860244e-03
2.1995289273120840e-03
2.0747967359444138e-03
2.0747352000350465e-03
2.1996225484470296e-03
2.3244943019566111e-03
2.4493504644581801e-03
2.5741910398443518e-03
2.6991347441325318e-03
2.8240628394405388e-03
2.9488908416977705e-03
3.0737688904794998e-03
3.1986313466809036e-03
3.3235249880410617e-03
3.4484030329271732e-03
3.5732810856029681e-03
3.6981591343841782e-03
3.8230215905849570e-03
3.9479152319432864e-03
4.0727932768280196e-03
4.1976557291331269e-03
4.3225025927529689e-03
4.4473338715789795e-03
4.5723054758292593e-03
4.6972614641294878e-03
4.8220615733940205e-03
4.9468461095348018e-03
5.0718176709398082e-03
5.0717035070665948e-03
4.9469225307125575e-03
4.8221259821240557e-03
4.6973138574123892e-03
4.5723054758147266e-03
4.4474274270429404e-03
4.3225337817962978e-03
4.1976245361795648e-03
4.0727932807181969e-03
3.9479464404699079e-03
3.8230371831628430e-03
3.6981591343815518e-03
3.5732810856021133e-03
3.4484030368218100e-03
3.3235093915669079e-03
3.1986469392592432e-03
3.0737688943728745e-03
2.9488752530126201e-03
2.8239660112828048e-03
2.6990411652841806e-03
2.5742566953415803e-03
2.4494566522915732e-03
2.3245005977844038e-03
2.1995289273107335e-03
2.0747967359443622e-03
2.0747352000349837e-03
2.1996225484469281e-03
2.3244943019571809e-03
2.4493504644593545e-03
2.5741910398455379e-03
2.6991347441329239e-03
2.8240628394414703e-03
2.9488908416988504e-03
3.0737688904812913e-03
3.1986313466837559e-03
3.3235249880434205e-03
3.4484030329295615e-03
3.5732810856058750e-03
