0.0000000000000000e+00
-3.7461309495952866e-05
-7.4926829267280869e-05
-1.1239375275685219e-04
-1.4986208006915311e-04
-1.8733181130975018e-04
-2.2478048780000427e-04
-2.6223056674654533e-04
-3.7970462611267025e-04
-8.4383739768851412e-04
-1.3079674763273603e-03
-1.7720975574490073e-03
-2.2362276387502249e-03
-2.2362276390060069e-03
-2.1987621193568156e-03
-2.1612980033201322e-03
-2.1238352907903416e-03
-2.0863739808263488e-03
-2.0489140741603122e-03
-2.0114471515608875e-03
-1.9739837369316987e-03
-1.9365217257565541e-03
-1.8990569076658668e-03
-1.8615934931346830e-03
-1.8241300783991710e-03
-1.7866666637645758e-03
-1.7492032491307223e-03
-1.7117412379516581e-03
-1.6742764198610601e-03
-1.6368130053313903e-03
-1.5993509942561850e-03
-1.5618903865306736e-03
-1.5244311820500991e-03
-1.4869593466790448e-03
-1.4494889153934820e-03
-1.4120325174122516e-03
-1.3745775223608307e-03
-1.3371056851021414e-03
-1.3370789654897027e-03
-1.3745429815266359e-03
-1.4120084011677481e-03
-1.4494752245193005e-03
-1.4869434516866064e-03
-1.5243966403561552e-03
-1.5618512318199271e-03
-1.5993234696274037e-03
-1.6367868842639124e-03
-1.6742517024598517e-03
-1.7117137135335405e-03
-1.7491771280616917e-03
-1.7866405428031333e-03
-1.8241039574375508e-03
-1.8615687756316380e-03
-1.8990307867046963e-03
-1.9364942012327518e-03
-1.9739590193212854e-03
-2.0114252410744489e-03
-2.0488928665977186e-03
-2.0863478598646093e-03
-2.1238042560602138e-03
-2.1612746891348776e-03
-2.1987465262945528e-03
-2.2362015183919940e-03
-2.2361485206145483e-03
-2.1987360021123556e-03
-2.1613248832547147e-03
-2.1239151639367332e-03
-2.0863478598857439e-03
-2.0488844452452304e-03
-2.0114224340595983e-03
-1.9739618262238404e-03
-1.9364942013343435e-03
-1.8990279802152947e-03
-1.8615673720695750e-03
-1.8241039574355591e-03
-1.7866405428016998e-03
-1.7491771281667628e-03
-1.7117151169867913e-03
-1.6742502988963993e-03
-1.6367868843666145e-03
-1.5993248732920011e-03
-1.5618642655669923e-03
-1.5244050610875074e-03
-1.4869332257161686e-03
-1.4494627944296790e-03
-1.4120063964494821e-03
-1.3745514013984339e-03
-1.3371056850411010e-03
-1.3370789788100298e-03
-1.3745429815242988e-03
-1.4120083878434223e-03
-1.4494751978717314e-03
-1.4869434117141440e-03
-1.5243966403538072e-03
-1.5618512717907101e-03
-1.5993234696265314e-03
-1.6367868842623299e-03
-1.6742517024589012e-03
-1.7117137135328961e-03
-1.7491771280616171e-03
-1.7866405428018485e-03
-1.8241039574360095e-03
-1.8615687756297168e-03
-1.8990307867026534e-03
-1.9364942012307109e-03
-1.9739590193192220e-03
-2.0114252410717679e-03
-2.0488928665957479e-03
-2.0863478598629336e-03
-2.1238042560585190e-03
-2.1612746891339282e-03
-2.1987465262945519e-03
-2.2362015183920916e-03
-2.2361485206144754e-03
-2.1987360021116704e-03
-2.1613248832536946e-03
-2.1239151639344824e-03
-2.0863478598835716e-03
-2.0488844452441327e-03
-2.0114224340592587e-03
-1.9739618262239376e-03
-1.9364942013337387e-03
-1.8990279802135789e-03
-1.8615673720685556e-03
-1.8241039574343810e-03
-1.7866405428015554e-03
-1.7491771281672929e-03
-1.7117151169884449e-03
-1.6742502988979719e-03
-1.6367868843667063e-03
-1.5993248732917471e-03
-1.5618642655651957e-03
-1.5244050610840896e-03
-1.4869332257160402e-03
-1.4494627944340098e-03
-1.4120063964503898e-03
-1.3745514013953561e-03
-1.3371056850413825e-03
-1.3370789788097492e-03
-1.3745429815237458e-03
-1.4120083878423177e-03
-1.4494751978702432e-03
-1.4869434117127278e-03
-1.5243966403526961e-03
-1.5618512717890571e-03
-1.5993234696243838e-03
-1.6367868842604373e-03
-1.6742517024562410e-03
-1.7117137135302760e-03
-1.7491771280582599e-03
-1.7866405427999965e-03
