0.0000000000000000e+00
-3.7461309496178868e-05
-7.4926829267813117e-05
-1.1239375275749789e-04
-1.4986208007002443e-04
-1.8733181131124797e-04
-2.2478048780142572e-04
-2.6223056674774239e-04
-3.7970462611382487e-04
-8.4383739769029699e-04
-1.3079674763285072e-03
-1.7720975574506996e-03
-2.2362276387510706e-03
-2.2362276390062085e-03
-2.1987621193567345e-03
-2.1612980033199653e-03
-2.1238352907900424e-03
-2.0863739808271130e-03
-2.0489140741618288e-03
-2.0114471515620936e-03
-1.9739837369322408e-03
-1.9365217257566059e-03
-1.8990569076664638e-03
-1.8615934931364817e-03
-1.8241300783992283e-03
-1.7866666637650912e-03
-1.7492032491300364e-03
-1.7117412379509731e-03
-1.6742764198605974e-03
-1.6368130053308018e-03
-1.5993509942552188e-03
-1.5618903865298388e-03
-1.5244311820488390e-03
-1.4869593466783453e-03
-1.4494889153935956e-03
-1.4120325174113144e-03
-1.3745775223587364e-03
-1.3371056851009960e-03
-1.3370789654887504e-03
-1.3745429815253246e-03
-1.4120084011666470e-03
-1.4494752245180387e-03
-1.4869434516851744e-03
-1.5243966403554405e-03
-1.5618512318197261e-03
-1.5993234696271149e-03
-1.6367868842627642e-03
-1.6742517024584741e-03
-1.7117137135325697e-03
-1.7491771280617580e-03
-1.7866405428013418e-03
-1.8241039574348331e-03
-1.8615687756286397e-03
-1.8990307867024752e-03
-1.9364942012311036e-03
-1.9739590193201505e-03
-2.0114252410736743e-03
-2.0488928665980573e-03
-2.0863478598627185e-03
-2.1238042560562122e-03
-2.1612746891339642e-03
-2.1987465262964536e-03
-2.2362015183915104e-03
-2.2361485206139906e-03
-2.1987360021119848e-03
-2.1613248832542242e-03
-2.1239151639360753e-03
-2.0863478598855904e-03
-2.0488844452451142e-03
-2.0114224340596330e-03
-1.9739618262232042e-03
-1.9364942013338307e-03
-1.8990279802151625e-03
-1.8615673720683808e-03
-1.8241039574338584e-03
-1.7866405428004790e-03
-1.7491771281664618e-03
-1.7117151169876305e-03
-1.6742502988960901e-03
-1.6367868843655596e-03
-1.5993248732899083e-03
-1.5618642655638405e-03
-1.5244050610825376e-03
-1.4869332257154695e-03
-1.4494627944337997e-03
-1.4120063964502517e-03
-1.3745514013954025e-03
-1.3371056850411144e-03
-1.3370789788103897e-03
-1.3745429815245360e-03
-1.4120083878435647e-03
-1.4494751978707998e-03
-1.4869434117126016e-03
-1.5243966403534787e-03
-1.5618512717915792e-03
-1.5993234696257109e-03
-1.6367868842622616e-03
-1.6742517024580291e-03
-1.7117137135319973e-03
-1.7491771280606844e-03
-1.7866405428009840e-03
-1.8241039574350721e-03
-1.8615687756294032e-03
-1.8990307867024852e-03
-1.9364942012304392e-03
-1.9739590193186846e-03
-2.0114252410715237e-03
-2.0488928665950640e-03
-2.0863478598629292e-03
-2.1238042560593091e-03
-2.1612746891327911e-03
-2.1987465262930635e-03
-2.2362015183913695e-03
-2.2361485206141350e-03
-2.1987360021115893e-03
-2.1613248832540646e-03
-2.1239151639359938e-03
-2.0863478598841701e-03
-2.0488844452441384e-03
-2.0114224340584846e-03
-1.9739618262222553e-03
-1.9364942013342893e-03
-1.8990279802146733e-03
-1.8615673720681265e-03
-1.8241039574344612e-03
-1.7866405428011338e-03
-1.7491771281669052e-03
-1.7117151169877697e-03
-1.6742502988975781e-03
-1.6367868843671872e-03
-1.5993248732917159e-03
-1.5618642655666811e-03
-1.5244050610857245e-03
-1.4869332257141153e-03
-1.4494627944286866e-03
-1.4120063964476763e-03
-1.3745514013962499e-03
-1.3371056850387539e-03
-1.3370789788078132e-03
-1.3745429815225077e-03
-1.4120083878408399e-03
-1.4494751978685271e-03
-1.4869434117105269e-03
-1.5243966403516731e-03
-1.5618512717889953e-03
-1.5993234696229188e-03
-1.6367868842586072e-03
-1.6742517024544970e-03
-1.7117137135282004e-03
-1.7491771280565898e-03
-1.7866405427973712e-03
