0.0000000000000000e+00
0.0000000000000000e+00
0.0000000000000000e+00
0.0000000000000000e+00
0.0000000000000000e+00
0.0000000000000000e+00
0.0000000000000000e+00
0.0000000000000000e+00
1.5998308143501459e-04
1.0133333320985448e-03
1.8666666611705947e-03
2.7199999941935225e-03
3.5733333275270703e-03
3.5733333275270703e-03
3.5733333275270703e-03
3.5733333275270703e-03
3.5733333275270703e-03
3.5733333275270703e-03
3.5733333275270703e-03
3.5733333275270703e-03
3.5733333275270703e-03
3.5733333275270703e-03
3.5733333275270703e-03
3.5733333275270703e-03
3.5733333275270703e-03
3.5733333275270703e-03
3.5733333275270703e-03
3.5733333275270703e-03
3.5733333275270703e-03
3.5733333275270703e-03
3.5733333275270703e-03
3.5733333275270703e-03
3.5733333275270703e-03
3.5733333275270703e-03
3.5733333275270703e-03
3.5733333275270703e-03
3.5733333275270703e-03
3.5733333335875913e-03
3.5733855694503837e-03
3.5733855694503837e-03
3.5733855694503837e-03
3.5733855694503837e-03
3.5733855694503837e-03
3.5733855694503837e-03
3.5733855694503837e-03
3.5733855694503837e-03
3.5733855694503837e-03
3.5733855694503837e-03
3.5733855694503837e-03
3.5733855694503837e-03
3.5733855694503837e-03
3.5733855694503837e-03
3.5733855694503837e-03
3.5733855694503837e-03
3.5733855694503837e-03
3.5733855694503837e-03
3.5733855694503837e-03
3.5733855694503837e-03
3.5733855694503837e-03
3.5733855694503837e-03
3.5733855694503837e-03
3.5733855694503837e-03
3.5733855694503837e-03
3.5733855694503837e-03
3.5733855694503837e-03
3.5733855694503837e-03
3.5733855694503837e-03
3.5733855694503837e-03
3.5733855694503837e-03
3.5733855694503837e-03
3.5733855694503837e-03
3.5733855694503837e-03
3.5733855694503837e-03
3.5733855694503837e-03
3.5733855694503837e-03
3.5733855694503837e-03
3.5733855694503837e-03
3.5733855694503837e-03
3.5733855694503837e-03
3.5733855694503837e-03
3.5733855694503837e-03
3.5733855694503837e-03
3.5733855694503837e-03
3.5733855694503837e-03
3.5733855694503837e-03
3.5733855694503837e-03
3.5733855694503837e-03
3.5733855694503837e-03
3.5733855694503837e-03
3.5733855694503837e-03
3.5733855694503837e-03
3.5733855694503837e-03
3.5733855694503837e-03
3.5733855694503837e-03
3.5733855694503837e-03
3.5733855694503837e-03
3.5733855694503837e-03
3.5733855694503837e-03
3.5733855694503837e-03
3.5733855694503837e-03
3.5733855694503837e-03
3.5733855694503837e-03
3.5733855694503837e-03
3.5733855694503837e-03
3.5733855694503837e-03
3.5733855694503837e-03
3.5733855694503837e-03
3.5733855694503837e-03
3.5733855694503837e-03
3.5733855694503837e-03
3.5733855694503837e-03
3.5733855694503837e-03
3.5733855694503837e-03
3.5733855694503837e-03
3.5733855694503837e-03
3.5733855694503837e-03
3.5733855694503837e-03
3.5733855694503837e-03
3.5733855694503837e-03
3.5733855694503837e-03
3.5733855694503837e-03
3.5733855694503837e-03
3.5733855694503837e-03
3.5733855694503837e-03
3.5733855694503837e-03
3.5733855694503837e-03
3.5733855694503837e-03
3.5733855694503837e-03
3.5733855694503837e-03
3.5733855694503837e-03
3.5733855694503837e-03
3.5733855694503837e-03
3.5733855694503837e-03
3.5733855694503837e-03
3.5733855694503837e-03
3.5733855694503837e-03
3.5733855694503837e-03
3.5733855694503837e-03
3.5733855694503837e-03
3.5733855694503837e-03
3.5733855694503837e-03
3.5733855694503837e-03
3.5733855694503837e-03
3.5733855694503837e-03
3.5733855694503837e-03
3.5733855694503837e-03
3.5733855694503837e-03
3.5733855694503837e-03
3.5733855694503837e-03
3.5733855694503837e-03
3.5733855694503837e-03
