0.0000000000000000e+00
-1.1985799697103762e-03
1.2975097863532604e-12
-1.1994379113225001e-03
-4.7964743339116607e-03
-1.0790690448866271e-02
1.2530582794832373e-09
8.3924352148247016e-03
-3.3369329332994294e-03
6.7381190329623148e-09
1.8328276999074630e-07
1.8846597368668947e-07
1.8846178168731126e-07
-9.2262835596857168e-08
-1.1990794046607693e-03
-4.7965037991299928e-03
-1.0792784631162022e-02
1.2537701235304329e-09
8.3978830890681123e-03
2.7200690030257007e-10
-1.4835624456774952e-10
-2.3978684700549893e-03
-2.3814728820804956e-10
4.1920568350866993e-07
-7.1716164472761141e-10
-6.8391866941810876e-10
-5.9462361245261152e-10
-2.3978689398893422e-03
-3.0949894411324478e-10
4.1916527272397914e-07
-2.3970292381666350e-03
-7.1927651205494336e-03
-1.4387208044644991e-02
2.4312225897778838e-09
1.1991859689347959e-02
2.2625079747366328e-09
-1.4391821555806818e-02
5.3601385011469628e-09
-8.6694006676871194e-04
5.0409892816484325e-08
-1.5307011997398095e-03
-5.4587762453675165e-03
-1.1783755778723929e-02
1.4230496186466268e-09
9.3846751460166088e-03
8.5565565823259175e-10
1.7311193091404662e-10
-2.3974492310188129e-03
-1.8014799339304554e-10
-4.1906696789568564e-07
-4.6910686663416648e-10
-3.5120680435313324e-10
-2.3974492335697940e-03
-1.5226383458584067e-10
-4.1902116241411736e-07
-2.3982869914545572e-03
-7.1931845322334318e-03
-1.4384693010585994e-02
2.2391296129196883e-09
1.1984733499182569e-02
1.7766720580024714e-09
-1.4380084662386380e-02
4.3086205630867100e-09
7.3912856165386813e-03
-1.1928544244273053e-03
-1.2170493753286757e-02
-2.5542050682350992e-02
-7.9453199130470689e-09
-4.3291685532227389e-09
-2.3978689098759056e-03
-7.1940209809238393e-03
1.0690149199999311e-09
4.7974128169312623e-03
2.3630528364371793e-10
2.8531820512740145e-10
2.4729215165134289e-10
4.5329717983115153e-10
-2.3978675128304414e-03
1.2588504638825089e-09
4.2072114261922681e-07
-2.3970279299551324e-03
-7.1927639881919220e-03
-1.4387207301289624e-02
2.9357347981715123e-09
1.1991860220886033e-02
2.5767504139204752e-09
-1.4391821399452023e-02
-4.1185830189669715e-03
-8.6796971033565457e-04
5.1279897642730430e-08
-1.5296690511242728e-03
-5.4567111390988769e-03
-1.1780656147245683e-02
2.5377613578327148e-09
9.3815733193505640e-03
1.3750123419463302e-09
8.0802929176508999e-10
-2.3974489398502713e-03
9.6496802284733847e-11
-4.1891738453850308e-07
-8.4909900225802692e-11
4.5562263409594277e-11
-2.3974487574224459e-03
3.9605549523087254e-10
-4.1849524307357640e-07
-2.3982864399667097e-03
-7.1931839019624879e-03
-1.4384692714136876e-02
2.6223947136108483e-09
1.1984734002870380e-02
2.1216572496697695e-09
-1.4380084898952235e-02
4.3146498714650409e-09
7.3912854357592881e-03
-1.1928543507134330e-03
-1.2170493484836852e-02
-2.5542050066783579e-02
-7.3015167124773127e-09
-4.1105612324832895e-09
-2.3978689607519854e-03
-7.1940211263857596e-03
9.3345586575390987e-10
4.7974131448375330e-03
4.6274451136698873e-10
3.0581288182825280e-10
-8.2032303432933632e-11
-3.3872460396737645e-11
-2.3978682762971649e-03
2.5468518791794168e-10
4.2007640600422370e-07
-2.3970285331426822e-03
-7.1927642181742538e-03
-1.4387207093898204e-02
2.8913395403556526e-09
1.1991859521160220e-02
2.4234350671750519e-09
-1.4391820808607384e-02
-4.1185828849797154e-03
-8.6796937551418996e-04
5.1624765173775369e-08
-1.5296683743065182e-03
-5.4567103644794510e-03
-1.1780655412143870e-02
3.0538095690768571e-09
9.3815741491043488e-03
2.3907521897858159e-09
1.9410199317129565e-09
-2.3974474534368948e-03
1.5320499995787493e-09
-4.1722966531549345e-07
1.2199908144897078e-09
