0.0000000000000000e+00
-1.1985800053489577e-03
-8.7038001502813452e-11
-1.1994380343768574e-03
-4.7964744919198731e-03
-1.0790690704224629e-02
9.9484595880262993e-10
8.3924349976904032e-03
-3.3369331161313917e-03
6.6035881651636783e-09
1.8326162128433807e-07
1.8840595132749341e-07
1.8851942276000729e-07
-9.2110241444294585e-08
-1.1990792082520380e-03
-4.7965035875598685e-03
-1.0792784394731103e-02
1.2705973796539162e-09
8.3978829862540669e-03
2.7112368373462699e-10
-6.4033116173529593e-11
-2.3978682834082531e-03
-1.8074542204047987e-10
4.1904797696814881e-07
-6.3181617948336474e-10
-6.7829885094041085e-10
-4.1178437583318770e-10
-2.3978687473236331e-03
-1.5507777425464715e-10
4.1932230741080143e-07
-2.3970290432042550e-03
-7.1927649522408859e-03
-1.4387207783784243e-02
2.5899794301386904e-09
1.1991859691602781e-02
2.4453773750515326e-09
-1.4391821230296075e-02
5.5982564634673439e-09
-8.6693984893411696e-04
5.0687744778183106e-08
-1.5307009459953518e-03
-5.4587759694069617e-03
-1.1783755447651707e-02
1.6274044205800786e-09
9.3846752827591584e-03
1.0030533926326036e-09
4.3812278492359522e-10
-2.3974489271205972e-03
7.0385982036694736e-11
-4.1897845012443284e-07
-9.6181549522439669e-11
1.5827301579878431e-10
-2.3974486794920719e-03
3.0465359024188772e-10
-4.1866913373062723e-07
-2.3982867485659760e-03
-7.1931843526869795e-03
-1.4384693006423366e-02
2.5993335866803087e-09
1.1984734184494934e-02
1.9798719497309817e-09
-1.4380084899572466e-02
4.4658238525105066e-09
7.3912858024037693e-03
-1.1928543059057171e-03
-1.2170493628741287e-02
-2.5542050539931693e-02
-7.8631285237631787e-09
-4.2327440313096217e-09
-2.3978688327472818e-03
-7.1940208092406508e-03
1.2171823229719912e-09
4.7974128965743443e-03
4.6437609389381920e-10
5.8918575551687262e-10
4.7426480140373186e-10
5.3705040680883024e-10
-2.3978675808809936e-03
1.3339606284006038e-09
4.2093522831916372e-07
-2.3970275958817085e-03
-7.1927634927423578e-03
-1.4387206518033414e-02
3.0263545077209322e-09
1.1991859590261613e-02
2.4605949430599687e-09
-1.4391820923632566e-02
-4.1185829994131598e-03
-8.6796976649848243e-04
5.1242633019169848e-08
-1.5296690421930342e-03
-5.4567109706150944e-03
-1.1780655892139964e-02
2.5844095809602181e-09
9.3815731813994795e-03
1.5115862561057295e-09
8.3630625400879541e-10
-2.3974487922288471e-03
2.4971766270410441e-10
-4.1874529932423575e-07
9.0302285238792239e-11
2.1836244322338147e-10
-2.3974486794816263e-03
4.5523190506993977e-10
-4.1843570870356306e-07
-2.3982863132684588e-03
-7.1931838195828258e-03
-1.4384692568469455e-02
2.6586301208583410e-09
1.1984733903991057e-02
2.3212380540563270e-09
-1.4380084622781829e-02
4.4469823201285793e-09
7.3912855193970350e-03
-1.1928543091609489e-03
-1.2170493499005638e-02
-2.5542050224852064e-02
-7.3290981065817219e-09
-4.0414912923650178e-09
-2.3978687386923994e-03
-7.1940207698352274e-03
9.5461797876347630e-10
4.7974130508033576e-03
5.9647955892221530e-10
3.5623191538784764e-10
3.9792016118361093e-11
7.1724621532225866e-11
-2.3978680864103490e-03
3.3851758168108780e-10
4.2007435252647887e-07
-2.3970284394156847e-03
-7.1927643329343441e-03
-1.4387207251091098e-02
3.3172254645825411e-09
1.1991860458398888e-02
2.9412334355435188e-09
-1.4391820887658746e-02
-4.1185823894423785e-03
-8.6796898376288419e-04
5.1898312810228181e-08
-1.5296680686760029e-03
-5.4567099775747283e-03
-1.1780654963274084e-02
3.3176442994844041e-09
9.3815742492657818e-03
2.6946821828391711e-09
2.2992081246091085e-09
-2.3974471012143455e-03
1.9064214842953240e-09
-4.1692532851063938e-07
1.7099307681491743e-09
