0.0000000000000000e+00
2.5596963382328298e+01
5.1199999999481363e+01
7.6800798466774083e+01
1.0239935941502472e+02
1.2799568347477759e+02
1.5359999999866704e+02
1.7920207719067474e+02
2.0479949244305055e+02
2.3039999996295649e+02
2.5599999983511807e+02
2.8159999982580598e+02
3.0719999982581237e+02
3.0719999962612178e+02
2.8159696254958470e+02
2.5599168669201174e+02
2.3038417142221587e+02
2.0479999999484659e+02
1.7921359428231742e+02
1.5359999999556953e+02
1.2799999999824988e+02
1.0239776187064594e+02
7.6799999999748152e+01
5.1200000629672310e+01
2.5600000000144369e+01
-4.5280034681635610e-11
2.5599999999959913e+01
5.1202238130176966e+01
7.6800000000483607e+01
1.0239999936979383e+02
1.2800223686921422e+02
1.5360671312944621e+02
1.7921342878178899e+02
2.0480000000458045e+02
2.3038880557316770e+02
2.5600000000384489e+02
2.8161343572100799e+02
3.0720000000762781e+02
3.0720156708351152e+02
2.8160000013768405e+02
2.5600067105170427e+02
2.3040357919490020e+02
2.0480872393662131e+02
1.7920000000268632e+02
1.5359351627069853e+02
1.2800000000129558e+02
1.0240000000087821e+02
7.6802237499531998e+01
5.1200000000371432e+01
2.5600000631073122e+01
1.2613656533674630e-10
2.5600000000028906e+01
5.1197762500699618e+01
7.6799999999660315e+01
1.0239999936879585e+02
1.2799776123877116e+02
1.5359328624015518e+02
1.7918657500330374e+02
2.0479999999552385e+02
2.3041118370369844e+02
2.5599999999650450e+02
2.8158658194100275e+02
3.0719999999229685e+02
3.0717363988609293e+02
2.8159697338949064e+02
2.5601807198428781e+02
2.3043693504106125e+02
2.0479999999669027e+02
1.7919999999717766e+02
1.5359776186754698e+02
1.2799328497685303e+02
1.0239999999849040e+02
7.6804478782876117e+01
5.1199999999660307e+01
2.5599999999708420e+01
1.5500531350268080e-10
2.5600000000002126e+01
5.1202238130012034e+01
7.6800000000433101e+01
1.0239999936992720e+02
1.2800223686936408e+02
1.5360671312977348e+02
1.7921342878222796e+02
2.0480000000465037e+02
2.3038880557284210e+02
2.5600000000366953e+02
2.8161343572139265e+02
3.0718764424699111e+02
3.0720155935376283e+02
2.8160000013768564e+02
2.5600067878009065e+02
2.3040359465045566e+02
2.0480874711829540e+02
1.7920000000265961e+02
1.5359349309275783e+02
1.2800000000129890e+02
1.0240000000081434e+02
7.6802237499636419e+01
5.1200000000395278e+01
2.5600000631121755e+01
1.7057769419408133e-10
2.5599999999975992e+01
5.1197762500709480e+01
7.6799999999519613e+01
1.0239999936846640e+02
1.2799776123819093e+02
1.5359328623924918e+02
1.7918657500206672e+02
2.0479999999528491e+02
2.3041118370428762e+02
2.5599999999620181e+02
2.8158658193983962e+02
3.0719999999223535e+02
3.0717363988577267e+02
2.8159697338913202e+02
2.5601807198410290e+02
2.3043693504085203e+02
2.0479999999621398e+02
1.7919999999670745e+02
1.5359776186703212e+02
1.2799328497645604e+02
1.0239999999813735e+02
7.6804478782409532e+01
5.1199999999428613e+01
2.5599999999331065e+01
2.7198928099258822e-11
2.5600000000344455e+01
5.1202238130284933e+01
7.6800000000762054e+01
1.0239999937038301e+02
1.2800223686983614e+02
1.5360671313016755e+02
1.7921342878269496e+02
2.0480000000502869e+02
2.3038880557303239e+02
2.5600000000405657e+02
2.8161343572177168e+02
3.0718764424724174e+02
3.0720155935402721e+02
2.8160000013793479e+02
2.5600067878033127e+02
2.3040359465059515e+02
2.0480874711841204e+02
1.7920000000285711e+02
1.5359349309297346e+02
1.2800000000155126e+02
1.0240000000100736e+02
7.6802237499711566e+01
5.1200000000554880e+01
2.5600000631358363e+01
4.5614670578928238e-10
