2.0000000000000020e+02
2.0000000000000020e+02
2.0000000000000020e+02
2.0000000000000020e+02
2.0000000000000020e+02
2.0000000000000020e+02
2.0000000000000020e+02
2.0000000000000020e+02
2.0479949244305061e+02
2.3039999996295651e+02
2.5599999983511790e+02
2.8159999982580581e+02
3.0719999982581237e+02
3.0719999982581237e+02
3.0719999982581237e+02
3.0719999982581237e+02
3.0719999982581237e+02
3.0719999982581237e+02
3.0719999982581237e+02
3.0719999982581237e+02
3.0719999982581237e+02
3.0719999982581237e+02
3.0719999982581237e+02
3.0719999982581237e+02
3.0719999982581237e+02
3.0719999982581237e+02
3.0719999982581237e+02
3.0719999982581237e+02
3.0719999982581237e+02
3.0719999982581237e+02
3.0719999982581237e+02
3.0719999982581237e+02
3.0719999982581237e+02
3.0719999982581237e+02
3.0719999982581237e+02
3.0719999982581237e+02
3.0719999982581237e+02
3.0720000000762809e+02
3.0720156708351163e+02
3.0720156708351163e+02
3.0720156708351163e+02
3.0720156708351163e+02
3.0720156708351163e+02
3.0720156708351163e+02
3.0720156708351163e+02
3.0720156708351163e+02
3.0720156708351163e+02
3.0720156708351163e+02
3.0720156708351163e+02
3.0720156708351163e+02
3.0720156708351163e+02
3.0720156708351163e+02
3.0720156708351163e+02
3.0720156708351163e+02
3.0720156708351163e+02
3.0720156708351163e+02
3.0720156708351163e+02
3.0720156708351163e+02
3.0720156708351163e+02
3.0720156708351163e+02
3.0720156708351163e+02
3.0720156708351163e+02
3.0720156708351163e+02
3.0720156708351163e+02
3.0720156708351163e+02
3.0720156708351163e+02
3.0720156708351163e+02
3.0720156708351163e+02
3.0720156708351163e+02
3.0720156708351163e+02
3.0720156708351163e+02
3.0720156708351163e+02
3.0720156708351163e+02
3.0720156708351163e+02
3.0720156708351163e+02
3.0720156708351163e+02
3.0720156708351163e+02
3.0720156708351163e+02
3.0720156708351163e+02
3.0720156708351163e+02
3.0720156708351163e+02
3.0720156708351163e+02
3.0720156708351163e+02
3.0720156708351163e+02
3.0720156708351163e+02
3.0720156708351163e+02
3.0720156708351163e+02
3.0720156708351163e+02
3.0720156708351163e+02
3.0720156708351163e+02
3.0720156708351163e+02
3.0720156708351163e+02
3.0720156708351163e+02
3.0720156708351163e+02
3.0720156708351163e+02
3.0720156708351163e+02
3.0720156708351163e+02
3.0720156708351163e+02
3.0720156708351163e+02
3.0720156708351163e+02
3.0720156708351163e+02
3.0720156708351163e+02
3.0720156708351163e+02
3.0720156708351163e+02
3.0720156708351163e+02
3.0720156708351163e+02
3.0720156708351163e+02
3.0720156708351163e+02
3.0720156708351163e+02
3.0720156708351163e+02
3.0720156708351163e+02
3.0720156708351163e+02
3.0720156708351163e+02
3.0720156708351163e+02
3.0720156708351163e+02
3.0720156708351163e+02
3.0720156708351163e+02
3.0720156708351163e+02
3.0720156708351163e+02
3.0720156708351163e+02
3.0720156708351163e+02
3.0720156708351163e+02
3.0720156708351163e+02
3.0720156708351163e+02
3.0720156708351163e+02
3.0720156708351163e+02
3.0720156708351163e+02
3.0720156708351163e+02
3.0720156708351163e+02
3.0720156708351163e+02
3.0720156708351163e+02
3.0720156708351163e+02
3.0720156708351163e+02
3.0720156708351163e+02
3.0720156708351163e+02
3.0720156708351163e+02
3.0720156708351163e+02
3.0720156708351163e+02
3.0720156708351163e+02
3.0720156708351163e+02
3.0720156708351163e+02
3.0720156708351163e+02
3.0720156708351163e+02
3.0720156708351163e+02
3.0720156708351163e+02
3.0720156708351163e+02
3.0720156708351163e+02
3.0720156708351163e+02
3.0720156708351163e+02
3.0720156708351163e+02
3.0720156708351163e+02
