0.0000000000000000e+00
2.5595764802340767e+01
5.1199999999438461e+01
7.6799599028801225e+01
1.0239456294061178e+02
1.2798489278420109e+02
1.5359999999979109e+02
1.7921046962578095e+02
2.0479615551002598e+02
2.3039999996962732e+02
2.5600000001839027e+02
2.8160000001424191e+02
3.0720000001430276e+02
3.0719999953393517e+02
2.8159576347027809e+02
2.5598689018831831e+02
2.3037337863770293e+02
2.0479999999610891e+02
1.7922199216535506e+02
1.5359999999584107e+02
1.2799999999814369e+02
1.0239536400226922e+02
7.6799999999538684e+01
5.1200001048799152e+01
2.5599999999469873e+01
-6.2722664793101861e-10
-2.5600000000463123e+01
-5.1204635999020539e+01
-7.6800000000715869e+01
-1.0239999895055008e+02
-1.2800463389835497e+02
-1.5361390589448268e+02
-1.7922781598970320e+02
-2.0480000000206974e+02
-2.3037681371347719e+02
-2.5600000000149100e+02
-2.8162782754240095e+02
-3.0720000000214844e+02
-3.0720243402346955e+02
-2.8160000008713524e+02
-2.5600220175277735e+02
-2.3040903797100748e+02
-2.0482050769223460e+02
-1.7920000000116104e+02
-1.5358413159548411e+02
-1.2800000000036627e+02
-1.0240000000057256e+02
-7.6804634948611067e+01
-5.1200000000426272e+01
-2.5600001050095841e+01
-2.9550648965527948e-10
2.5599999999932436e+01
5.1195365051743053e+01
7.6799999999736542e+01
1.0239999894995060e+02
1.2799536295190117e+02
1.5358609305571267e+02
1.7917219031029521e+02
2.0479999999794305e+02
2.3042316843754028e+02
2.5599999999838275e+02
2.8157220185622180e+02
3.0719999999668408e+02
3.0718103117180249e+02
2.8159578053512553e+02
2.5600590149059678e+02
2.3041139299045014e+02
2.0479999998878611e+02
1.7919999999289666e+02
1.5359536399867565e+02
1.2798609095595798e+02
1.0239999999963354e+02
7.6809276195732849e+01
5.1200000000010625e+01
2.5600000000145670e+01
3.9255067959347907e-10
-2.5599999999506938e+01
-5.1204635997558860e+01
-7.6799999999136688e+01
-1.0239999894909907e+02
-1.2800463389712701e+02
-1.5361390589351396e+02
-1.7922781598913764e+02
-2.0480000000166933e+02
-2.3037681371293664e+02
-2.5600000000115074e+02
-2.8162782754255420e+02
-3.0719176283000036e+02
-3.0720242732350113e+02
-2.8160000008642453e+02
-2.5600220844913736e+02
-2.3040905136151042e+02
-2.0482052777431508e+02
-1.7920000000009847e+02
-1.5358411151950742e+02
-1.2799999999985556e+02
-1.0239999999999213e+02
-7.6804634948502553e+01
-5.1200000000222161e+01
-2.5600001049953114e+01
-1.0471546624282896e-10
2.5600000000107968e+01
5.1195365051991033e+01
7.6799999999945285e+01
1.0239999895000096e+02
1.2799536295181439e+02
1.5358609305538843e+02
1.7917219030942545e+02
2.0479999999792545e+02
2.3042316843824113e+02
2.5599999999842325e+02
2.8157220185507867e+02
3.0719999999661616e+02
3.0718103117125020e+02
2.8159578053480209e+02
2.5600590149061105e+02
2.3041139299070625e+02
2.0479999998889872e+02
1.7919999999263140e+02
1.5359536399818231e+02
1.2798609095550798e+02
1.0239999999908139e+02
7.6809276195507337e+01
5.1199999999958230e+01
2.5599999999662071e+01
-3.4750173112986372e-10
-2.5600000000325551e+01
-5.1204635998466280e+01
-7.6800000000465459e+01
-1.0239999895030765e+02
-1.2800463389832240e+02
-1.5361390589444318e+02
-1.7922781598986739e+02
-2.0480000000192456e+02
-2.3037681371304257e+02
-2.5600000000137413e+02
-2.8162782754261991e+02
-3.0719176282987905e+02
-3.0720242732320696e+02
-2.8160000008617340e+02
-2.5600220844855272e+02
-2.3040905136076626e+02
-2.0482052777359971e+02
-1.7919999999967132e+02
-1.5358411151877408e+02
-1.2799999999900859e+02
-1.0239999999888730e+02
-7.6804634946988870e+01
-5.1199999998835679e+01
-2.5600001048435871e+01
1.3452211660624696e-09
