0.0000000000000000e+00
0.0000000000000000e+00
0.0000000000000000e+00
0.0000000000000000e+00
0.0000000000000000e+00
0.0000000000000000e+00
0.0000000000000000e+00
0.0000000000000000e+00
-6.8545084374216315e-05
-8.3311642828173493e+00
-1.6662186758793489e+01
-1.6662186758793460e+01
-1.6662186758793474e+01
-1.6662186758793457e+01
-1.6662186758793442e+01
-1.6662186758793450e+01
-1.6662186758793446e+01
-1.6662186758793446e+01
-1.6662186758793450e+01
-1.6662186758793460e+01
-1.6662186758793467e+01
-1.6662186758793453e+01
-1.6662186758793450e+01
-1.6662186758793453e+01
-1.6662186758793432e+01
-1.6662186758793425e+01
-1.6662186758793407e+01
-8.3344781168113364e+00
-2.5117847182242509e-03
8.3300982096411111e+00
1.6662380844377871e+01
1.6662380844377857e+01
1.6662380844377843e+01
1.6662380844377847e+01
1.6662380844377839e+01
1.6662380844377868e+01
1.6662380844377861e+01
1.6662380844377836e+01
1.6662380844377825e+01
1.6662380844377818e+01
1.6662380844377793e+01
1.6662380844377793e+01
1.6662380844377815e+01
1.6662380844377836e+01
1.6662380844377857e+01
1.6662380844377822e+01
1.6662380844377807e+01
8.3345467503621045e+00
2.6238127490880976e-03
-8.3299494140943189e+00
-1.6662188111546598e+01
-1.6662188111546584e+01
-1.6662188111546584e+01
-1.6662188111546598e+01
-1.6662188111546598e+01
-1.6662188111546605e+01
-1.6662188111546602e+01
-1.6662188111546605e+01
-1.6662188111546588e+01
-1.6662188111546580e+01
-1.6662188111546605e+01
-1.6662188111546602e+01
-1.6662188111546573e+01
-1.6662188111546570e+01
-1.6662188111546559e+01
-1.6662188111546595e+01
-1.6662188111546566e+01
-8.3344781175288443e+00
-2.5117750196820450e-03
8.3300982098305116e+00
1.6662380844256159e+01
1.6662380844256152e+01
1.6662380844256152e+01
1.6662380844256134e+01
1.6662380844256134e+01
1.6662380844256134e+01
1.6662380844256141e+01
1.6662380844256155e+01
1.6662380844256148e+01
1.6662380844256155e+01
1.6662380844256155e+01
1.6662380844256134e+01
1.6662380844256141e+01
1.6662380844256109e+01
1.6662380844256099e+01
1.6662380844256123e+01
1.6662380844256091e+01
8.3345467503749440e+00
2.6238127611568195e-03
-8.3299494140907218e+00
-1.6662188111548556e+01
-1.6662188111548577e+01
-1.6662188111548591e+01
-1.6662188111548581e+01
-1.6662188111548559e+01
-1.6662188111548581e+01
-1.6662188111548570e+01
-1.6662188111548566e+01
-1.6662188111548588e+01
-1.6662188111548602e+01
-1.6662188111548613e+01
-1.6662188111548630e+01
-1.6662188111548659e+01
-1.6662188111548652e+01
-1.6662188111548669e+01
-1.6662188111548659e+01
-1.6662188111548655e+01
-8.3344781175348004e+00
-2.5117750265814275e-03
8.3300982098136096e+00
1.6662380844233162e+01
1.6662380844233166e+01
1.6662380844233184e+01
1.6662380844233176e+01
1.6662380844233176e+01
1.6662380844233169e+01
1.6662380844233155e+01
1.6662380844233152e+01
1.6662380844233134e+01
1.6662380844233155e+01
1.6662380844233159e+01
1.6662380844233130e+01
1.6662380844233127e+01
1.6662380844233134e+01
1.6662380844233127e+01
1.6662380844233134e+01
1.6662380844233130e+01
8.3345467503375286e+00
2.6238127266079970e-03
-8.3299494141144468e+00
-1.6662188111567382e+01
-1.6662188111567367e+01
-1.6662188111567382e+01
-1.6662188111567360e+01
-1.6662188111567342e+01
-1.6662188111567335e+01
-1.6662188111567360e+01
-1.6662188111567353e+01
-1.6662188111567367e+01
-1.6662188111567403e+01
-1.6662188111567374e+01
-1.6662188111567378e+01
-1.6662188111567360e+01
-1.6662188111567374e+01
-1.6662188111567342e+01
-1.6662188111567371e+01
-1.6662188111567360e+01
-8.3344781175409146e+00
-2.5117750329120914e-03
8.3300982098143059e+00
1.6662380844234271e+01
1.6662380844234285e+01
1.6662380844234278e+01
1.6662380844234264e+01
1.6662380844234264e+01
1.6662380844234249e+01
1.6662380844234249e+01
1.6662380844234246e+01
1.6662380844234239e+01
1.6662380844234264e+01
1.6662380844234278e+01
1.6662380844234317e+01
1.6662380844234313e+01
1.6662380844234320e+01
1.6662380844234296e+01
1.6662380844234296e+01
1.6662380844234328e+01
8.3345467503501389e+00
2.6238127478402265e-03
-8.3299494140956334e+00
-1.6662188111548836e+01
-1.6662188111548858e+01
-1.6662188111548858e+01
-1.6662188111548851e+01
-1.6662188111548883e+01
-1.6662188111548911e+01
-1.6662188111548929e+01
-1.6662188111548936e+01
-1.6662188111548925e+01
-1.6662188111548904e+01
-1.6662188111548907e+01
-1.6662188111548907e+01
-1.6662188111548936e+01
-1.6662188111548918e+01
-1.6662188111548925e+01
-1.6662188111548904e+01
-1.6662188111548907e+01
-8.3344781175329548e+00
-2.5117750312228290e-03
8.3300982098088383e+00
1.6662380844229659e+01
1.6662380844229663e+01
1.6662380844229649e+01
1.6662380844229649e+01
1.6662380844229666e+01
1.6662380844229645e+01
1.6662380844229641e+01
1.6662380844229624e+01
1.6662380844229620e+01
1.6662380844229627e+01
1.6662380844229627e+01
