0.0000000000000000e+00
1.2193486254756034e-04
2.4390243902188679e-04
3.6585514122065594e-04
4.8779297277175260e-04
6.0971593730062062e-04
7.3170731706953974e-04
8.5368381675749263e-04
9.7564543999260791e-04
2.0063646316621857e-03
3.1279542882771500e-03
3.0060620856159985e-03
2.8841550234344026e-03
2.7622330981090376e-03
2.6402084303904904e-03
2.5181688708346764e-03
2.3963059913306344e-03
2.2743547718547157e-03
2.1523886784653914e-03
2.0304523328353178e-03
1.9085011133249687e-03
1.7865498938121908e-03
1.6645838003862411e-03
1.5426474547863807e-03
1.4206962389013290e-03
1.2987301491036440e-03
1.1767491817639758e-03
2.8615318037155323e-04
-6.6895702887401025e-04
-1.6998794041827008e-03
-2.8216404384902413e-03
-2.6997414297934130e-03
-2.5778572786540077e-03
-2.4559879814499133e-03
-2.3338877681871096e-03
-2.2119365486278075e-03
-2.0900001993557713e-03
-1.9680341095849158e-03
-1.8460828937264294e-03
-1.7241316705587518e-03
-1.6021804510460477e-03
-1.4802292315345151e-03
-1.3582928823089669e-03
-1.2363267925116254e-03
-1.1143755766266751e-03
-9.9243923102736945e-04
-8.7051775208868876e-04
2.0176743013673304e-05
9.7527987809802768e-04
2.0061954678704621e-03
3.1279470553247776e-03
3.0060548352468675e-03
2.8841477556451026e-03
2.7622258128942468e-03
2.6402011800220814e-03
2.5181616553208233e-03
2.3962987409615914e-03
2.2743475214861632e-03
2.1523814280966411e-03
2.0304450824660978e-03
1.9084938629562659e-03
1.7865426434437134e-03
1.6645765500174221e-03
1.5426402044179913e-03
1.4206889885331323e-03
1.2987228987350423e-03
1.1767419313962098e-03
2.8614580521401566e-04
-6.6896440528072031e-04
-1.6998867794366609e-03
-2.8216478137011863e-03
-2.6997488050062297e-03
-2.5778646538688597e-03
-2.4559953566670074e-03
-2.3338951434019031e-03
-2.2119439238430438e-03
-2.0900075745712426e-03
-1.9680414847990393e-03
-1.8460902689400416e-03
-1.7241390457727488e-03
-1.6021878262614218e-03
-1.4802366067496607e-03
-1.3583002575239614e-03
-1.2363341677268400e-03
-1.1143829518424891e-03
-9.9244660624389506e-04
-8.7052512730485072e-04
2.0169367788660454e-05
9.7527250287323633e-04
2.0061880926461606e-03
3.1279396801012580e-03
3.0060474600235587e-03
2.8841403804209667e-03
2.7622184376709033e-03
2.6401938047983511e-03
2.5181542800982934e-03
2.3962913657397103e-03
2.2743401462638766e-03
2.1523740528744577e-03
2.0304377072434873e-03
1.9084864877331282e-03
1.7865352682204156e-03
1.6645691747945671e-03
1.5426328291949661e-03
1.4206816133101362e-03
1.2987155235120425e-03
1.1767345561731234e-03
2.8613842999013146e-04
-6.6897178050555133e-04
-1.6998941546611255e-03
-2.8216551889263834e-03
-2.6997561802319121e-03
-2.5778720290942831e-03
-2.4560027318922153e-03
-2.3339025186271864e-03
-2.2119512990684464e-03
-2.0900149497967511e-03
-1.9680488600254632e-03
-1.8460976441672197e-03
-1.7241464209996932e-03
-1.6021952014878458e-03
-1.4802439819752431e-03
-1.3583076327496209e-03
-1.2363415429517029e-03
-1.1143903270666715e-03
-9.9245398146702128e-04
-8.7053250252734269e-04
2.0161992563904550e-05
9.7526512764852023e-04
2.0061807174214501e-03
3.1279323048769001e-03
3.0060400847992689e-03
2.8841330051965239e-03
2.7622110624465788e-03
2.6401864295746542e-03
2.5181469048727819e-03
2.3962839905141823e-03
2.2743327710378187e-03
2.1523666776483924e-03
2.0304303320186163e-03
1.9084791125080192e-03
1.7865278929956301e-03
1.6645617995701728e-03
1.5426254539707670e-03
1.4206742380856912e-03
1.2987081482866854e-03
1.1767271809462717e-03
2.8613105476462905e-04
-6.6897915572975894e-04
-1.6999015298859801e-03
-2.8216625641502039e-03
-2.6997635554561182e-03
-2.5778794043178977e-03
-2.4560101071162245e-03
-2.3339098938514411e-03
-2.2119586742930211e-03
-2.0900223250205135e-03
-1.9680562352492655e-03
-1.8461050193901111e-03
-1.7241537962224447e-03
-1.6022025767101831e-03
-1.4802513571984732e-03
-1.3583150079730813e-03
-1.2363489181753918e-03
-1.1143977022916665e-03
-9.9246135669330297e-04
-8.7053987775459116e-04
2.0154617339443261e-05
9.7525775242338184e-04
2.0061733421962375e-03
3.1279249296520565e-03
3.0060327095742675e-03
2.8841256299719049e-03
2.7622036872215019e-03
2.6401790543499558e-03
2.5181395296498162e-03
2.3962766152895131e-03
2.2743253958134165e-03
2.1523593024238819e-03
2.0304229567934895e-03
1.9084717372834794e-03
1.7865205177709708e-03
1.6645544243450087e-03
1.5426180787453715e-03
1.4206668628603701e-03
1.2987007730617980e-03
1.1767198057222371e-03
2.8612367954074420e-04
-6.6898653095400298e-04
-1.6999089051102181e-03
-2.8216699393741060e-03
-2.6997709306796460e-03
-2.5778867795420049e-03
-2.4560174823402181e-03
-2.3339172690747837e-03
-2.2119660495163521e-03
-2.0900297002440019e-03
-1.9680636104725635e-03
-1.8461123946141790e-03
-1.7241611714459855e-03
-1.6022099519338797e-03
