0.0000000000000000e+00
0.0000000000000000e+00
0.0000000000000000e+00
0.0000000000000000e+00
0.0000000000000000e+00
0.0000000000000000e+00
0.0000000000000000e+00
0.0000000000000000e+00
6.8545131358500635e-09
9.0883215730559936e-04
1.9085011133248499e-03
1.9085011133248499e-03
1.9085011133248499e-03
1.9085011133248499e-03
1.9085011133248499e-03
1.9085011133248499e-03
1.9085011133248499e-03
1.9085011133248499e-03
1.9085011133248499e-03
1.9085011133248499e-03
1.9085011133248499e-03
1.9085011133248499e-03
1.9085011133248499e-03
1.9085011133248499e-03
1.9085011133248499e-03
1.9085011133248499e-03
1.9085011133248499e-03
2.6772045572092582e-03
3.5103802628387508e-03
4.4193601822690026e-03
5.4191826776986063e-03
5.4191826776986063e-03
5.4191826776986063e-03
5.4191826776986063e-03
5.4191826776986063e-03
5.4191826776986063e-03
5.4191826776986063e-03
5.4191826776986063e-03
5.4191826776986063e-03
5.4191826776986063e-03
5.4191826776986063e-03
5.4191826776986063e-03
5.4191826776986063e-03
5.4191826776986063e-03
5.4191826776986063e-03
5.4191826776986063e-03
5.4191826776986063e-03
6.1878972146415384e-03
7.0210676475705048e-03
7.9300420807235355e-03
8.9298569917035074e-03
8.9298569917035074e-03
8.9298569917035074e-03
8.9298569917035074e-03
8.9298569917035074e-03
8.9298569917035074e-03
8.9298569917035074e-03
8.9298569917035074e-03
8.9298569917035074e-03
8.9298569917035074e-03
8.9298569917035074e-03
8.9298569917035074e-03
8.9298569917035074e-03
8.9298569917035074e-03
8.9298569917035074e-03
8.9298569917035074e-03
8.9298569917035074e-03
9.6985605603842947e-03
1.0531736267135723e-02
1.1440716185530142e-02
1.2440538680921213e-02
1.2440538680921213e-02
1.2440538680921213e-02
1.2440538680921213e-02
1.2440538680921213e-02
1.2440538680921213e-02
1.2440538680921213e-02
1.2440538680921213e-02
1.2440538680921213e-02
1.2440538680921213e-02
1.2440538680921213e-02
1.2440538680921213e-02
1.2440538680921213e-02
1.2440538680921213e-02
1.2440538680921213e-02
1.2440538680921213e-02
1.2440538680921213e-02
1.3209253217852195e-02
1.4042423650781463e-02
1.4951398083934970e-02
1.5951212994915448e-02
1.5951212994915448e-02
1.5951212994915448e-02
1.5951212994915448e-02
1.5951212994915448e-02
1.5951212994915448e-02
1.5951212994915448e-02
1.5951212994915448e-02
1.5951212994915448e-02
1.5951212994915448e-02
1.5951212994915448e-02
1.5951212994915448e-02
1.5951212994915448e-02
1.5951212994915448e-02
1.5951212994915448e-02
1.5951212994915448e-02
1.5951212994915448e-02
1.6719916563597090e-02
1.7553092270349090e-02
1.8462072188743187e-02
1.9461894684134045e-02
1.9461894684134045e-02
1.9461894684134045e-02
1.9461894684134045e-02
1.9461894684134045e-02
1.9461894684134045e-02
1.9461894684134045e-02
1.9461894684134045e-02
1.9461894684134045e-02
1.9461894684134045e-02
1.9461894684134045e-02
1.9461894684134045e-02
1.9461894684134045e-02
1.9461894684134045e-02
1.9461894684134045e-02
1.9461894684134045e-02
1.9461894684134045e-02
2.0230609221066120e-02
2.1063779653995147e-02
2.1972754087148300e-02
2.2972568998128808e-02
2.2972568998128808e-02
2.2972568998128808e-02
2.2972568998128808e-02
2.2972568998128808e-02
2.2972568998128808e-02
2.2972568998128808e-02
2.2972568998128808e-02
2.2972568998128808e-02
2.2972568998128808e-02
2.2972568998128808e-02
2.2972568998128808e-02
2.2972568998128808e-02
2.2972568998128808e-02
2.2972568998128808e-02
2.2972568998128808e-02
2.2972568998128808e-02
2.3741272566811251e-02
2.4574448273562765e-02
2.5483428191957574e-02
2.6483250687347935e-02
2.6483250687347935e-02
2.6483250687347935e-02
2.6483250687347935e-02
2.6483250687347935e-02
2.6483250687347935e-02
2.6483250687347935e-02
2.6483250687347935e-02
2.6483250687347935e-02
2.6483250687347935e-02
2.6483250687347935e-02
2.6483250687347935e-02
2.6483250687347935e-02
2.6483250687347935e-02
2.6483250687347935e-02
2.6483250687347935e-02
2.6483250687347935e-02
2.7251965224279681e-02
2.8085135657208358e-02
2.8994110090361826e-02
2.9993925001342490e-02
2.9993925001342490e-02
2.9993925001342490e-02
2.9993925001342490e-02
2.9993925001342490e-02
2.9993925001342490e-02
2.9993925001342490e-02
2.9993925001342490e-02
2.9993925001342490e-02
2.9993925001342490e-02
2.9993925001342490e-02
2.9993925001342490e-02
2.9993925001342490e-02
2.9993925001342490e-02
2.9993925001342490e-02
2.9993925001342490e-02
2.9993925001342490e-02
3.0762628570024618e-02
3.1595804276775864e-02
3.2504784195170056e-02
3.3504606690560608e-02
3.3504606690560608e-02
3.3504606690560608e-02
3.3504606690560608e-02
3.3504606690560608e-02
3.3504606690560608e-02
3.3504606690560608e-02
3.3504606690560608e-02
3.3504606690560608e-02
3.3504606690560608e-02
3.3504606690560608e-02
