0.0000000000000000e+00
-1.1430604719258268e-03
-2.5454161377608815e-10
-1.1438599321742981e-03
-4.5742488397168355e-03
-1.0290777124827379e-02
1.1998426938415488e-09
8.0036359509488390e-03
1.4260970043347431e-02
1.6609865644367570e-03
3.3514720604835902e-03
2.8947088297615505e-07
-5.6352156056283832e-03
-1.3555433563817207e-02
-1.8020837787620873e-09
1.1264900681607553e-02
-5.7947043984370067e-09
-8.0512641400913373e-10
-2.2867764574076395e-03
5.9527782087951389e-10
4.0956052395032713e-10
3.4545972231167064e-10
-2.2867802522585513e-03
1.9978581918591415e-10
3.9090713429529800e-07
-2.2859987942841688e-03
-6.8595595120242072e-03
-1.3865236706354751e-03
-3.0721361994786697e-03
-4.0058162065233502e-03
-5.3872305798203174e-03
2.8102317767364514e-07
3.1037537055221870e-03
3.9235773440479630e-03
-4.2245851901037823e-09
-9.8792365163114140e-10
-2.2863882772258810e-03
1.1039179451951004e-09
-3.8994250765175167e-07
7.7083286986103457e-10
8.3911413895331279e-10
6.6406047872624665e-10
-2.2863897055369043e-03
6.5876747857743601e-10
-3.8926503224331384e-07
-2.2871694370655378e-03
-6.8599494493895557e-03
9.6240141205903879e-04
2.0502240537580026e-03
2.5937901401955113e-03
3.3502523959794152e-03
2.8983508370901836e-07
-5.6339961948048837e-03
-1.3552995612636174e-02
-1.9544261591314348e-09
1.1262464124267711e-02
-6.4712297535887844e-09
-1.4812931370607699e-09
-2.2867772624832238e-03
6.7076842202761383e-12
-7.2530116254733626e-11
-2.0002490516347698e-10
-2.2867809544133808e-03
-2.8355397955249065e-10
3.9058678150760617e-07
-2.2859994636844449e-03
-6.8595599818263428e-03
-1.3865255391664508e-03
-3.0721252468718105e-03
-4.0058166735506976e-03
-5.3872311677590577e-03
2.8044671851404371e-07
3.1037530753734379e-03
3.9235764356543136e-03
-5.3628363790780568e-09
-2.0597694978710187e-09
-2.2863894332076874e-03
5.5631613779969457e-10
-3.9034899783763677e-07
2.1380312670768254e-10
1.8917020585513535e-10
-2.4442134727918127e-10
-2.2863903295307492e-03
1.2008769863171825e-10
-3.9000586304215636e-07
-2.2871703536782384e-03
-6.8599502566560376e-03
9.6240097261854861e-04
2.0502234330279567e-03
2.5937895143920251e-03
3.3502517704012665e-03
2.8910654415598359e-07
-5.6339968918313410e-03
-1.3552996138591279e-02
-2.8654216038278861e-09
1.1262463215473428e-02
-6.9219753792678490e-09
-2.0472724774504250e-09
-2.2867774751265954e-03
-7.3426308555066426e-10
-6.5698885852702316e-10
-8.6153961013048446e-10
-2.2867813176965460e-03
-6.7067827892568056e-10
3.8982914919162207e-07
-2.2859999400382911e-03
-6.8595606705646444e-03
-1.3865259847245792e-03
-3.0721256986166196e-03
-4.0058171320859776e-03
-5.3872320795528604e-03
2.7926902703919587e-07
3.1037518657653757e-03
3.9235753163296685e-03
-6.5695887471930576e-09
-3.6881335981279038e-09
-2.2863909025210303e-03
-1.3408485386911812e-09
-3.9224177827381437e-07
-1.5151513155873779e-09
-1.6688387609818428e-09
-1.5314384105843468e-09
-2.2863915437827086e-03
-1.0910238118828618e-09
-3.9128314353551314e-07
-2.2871716405006518e-03
-6.8599517651561932e-03
9.6239959367755965e-04
2.0502222683092793e-03
2.5937885883790830e-03
3.3502510897897827e-03
2.8872335034966016e-07
-5.6339970840414578e-03
-1.3552996410486214e-02
-3.2163696849737361e-09
1.1262462451819772e-02
-7.3792291649237913e-09
-2.6657923015737178e-09
-2.2867783016911926e-03
-1.1639941240585370e-09
-1.3232117924334340e-09
-1.1323758734719458e-09
-2.2867815890377846e-03
-9.9919427314215344e-10
3.8968893760922876e-07
-2.2860001783752909e-03
-6.8595610401100317e-03
-1.3865263203058959e-03
-3.0721257737974976e-03
-4.0058171520163752e-03
-5.3872318513770662e-03
2.7939769807989208e-07
3.1037521425895361e-03
3.9235756357667902e-03
-6.3939824984190050e-09
-3.2721838804060862e-09
-2.2863902477182913e-03
-7.4245366598379283e-10
-3.9161135692061416e-07
-5.9968018564706838e-10
-5.2235261455067004e-10
-7.0412211445141781e-10
-2.2863909971901565e-03
-5.5494555456244625e-10
-3.9075874959675314e-07
-2.2871709999593842e-03
-6.8599513417962315e-03
9.6239981390105274e-04
2.0502224025367340e-03
2.5937884705114272e-03
3.3502509116931675e-03
2.8848891448135161e-07
-5.6339974292317508e-03
-1.3552996810954978e-02
-3.3638206944735467e-09
1.1262462530326232e-02
-7.7253728076600558e-09
-2.9857152717928392e-09
-2.2867787655293779e-03
-1.8575933234816668e-09
-1.8808974274353955e-09
-1.9518875689599487e-09
-2.2867825714274559e-03
-1.6960305042338770e-09
3.8926048272478966e-07
-2.2860006062819333e-03
-6.8595615493930112e-03
-1.3865264806407021e-03
-3.0721261412796218e-03
-4.0058178332297023e-03
-5.3872322295262023e-03
2.7932650076317299e-07
3.1037519750384724e-03
3.9235754506084658e-03
-6.2658907492136809e-09
-3.2039313486227159e-09
-2.2863905540541954e-03
-1.2408874367711629e-09
-3.9203214775088836e-07
-1.3350039783627196e-09
-1.2228427174266403e-09
