0.0000000000000000e+00
0.0000000000000000e+00
0.0000000000000000e+00
0.0000000000000000e+00
0.0000000000000000e+00
0.0000000000000000e+00
0.0000000000000000e+00
0.0000000000000000e+00
0.0000000000000000e+00
6.4846839267138696e+00
1.2754779390972308e+01
1.2754779390972306e+01
1.2754779390972320e+01
1.2754779390972320e+01
1.2754779390972317e+01
1.2754779390972306e+01
1.2754779390972313e+01
1.2754779390972320e+01
1.2754779390972312e+01
1.2754779390972315e+01
1.2754779390972301e+01
1.2754779390972292e+01
1.2754779390972292e+01
1.2754779390972312e+01
1.2754779390972306e+01
1.2754779390972303e+01
1.2754779390972299e+01
1.2327699280329240e+01
5.5330967950844734e+00
-1.1034475859040449e+00
-7.5562024705842834e+00
-7.5562024705842710e+00
-7.5562024705842692e+00
-7.5562024705842612e+00
-7.5562024705842390e+00
-7.5562024705842408e+00
-7.5562024705842346e+00
-7.5562024705842310e+00
-7.5562024705842559e+00
-7.5562024705842497e+00
-7.5562024705842425e+00
-7.5562024705842461e+00
-7.5562024705842434e+00
-7.5562024705842497e+00
-7.5562024705842514e+00
-7.5562024705842443e+00
-7.5562024705842639e+00
-7.5562024705842550e+00
-7.5562024705842514e+00
-2.0883258777558571e+00
4.4596524828849819e+00
4.4596524828849828e+00
4.4596524828849837e+00
4.4596524828849740e+00
4.4596524828849695e+00
4.4596524828849704e+00
4.4596524828849757e+00
4.4596524828849731e+00
4.4596524828849766e+00
4.4596524828849784e+00
4.4596524828849793e+00
4.4596524828849802e+00
4.4596524828849766e+00
4.4596524828849802e+00
4.4596524828849828e+00
4.4596524828849819e+00
4.4596524828849766e+00
4.4596524828849828e+00
4.4596524828849811e+00
3.9864289004858988e+00
-2.6127018643250550e+00
-2.6127018643250568e+00
-2.6127018643250617e+00
-2.6127018643250617e+00
-2.6127018643250590e+00
-2.6127018643250559e+00
-2.6127018643250608e+00
-2.6127018643250599e+00
-2.6127018643250626e+00
-2.6127018643250635e+00
-2.6127018643250661e+00
-2.6127018643250661e+00
-2.6127018643250661e+00
-2.6127018643250666e+00
-2.6127018643250710e+00
-2.6127018643250728e+00
-2.6127018643250803e+00
-2.6127018643250777e+00
-2.6127018643250786e+00
-2.6127018643250786e+00
1.5441668646824058e+00
1.5441668646824054e+00
1.5441668646824052e+00
1.5441668646824043e+00
1.5441668646824018e+00
1.5441668646824018e+00
1.5441668646824043e+00
1.5441668646824054e+00
1.5441668646824047e+00
1.5441668646824047e+00
1.5441668646824049e+00
1.5441668646824052e+00
1.5441668646824036e+00
1.5441668646824016e+00
1.5441668646824016e+00
1.5441668646824003e+00
1.5441668646824005e+00
1.5441668646823989e+00
1.5441668646824005e+00
1.5441668646824029e+00
-9.1818496904899760e-01
-9.1818496904899782e-01
-9.1818496904899738e-01
-9.1818496904899582e-01
-9.1818496904899460e-01
-9.1818496904899471e-01
-9.1818496904899605e-01
-9.1818496904899627e-01
-9.1818496904899671e-01
-9.1818496904899605e-01
-9.1818496904899605e-01
-9.1818496904899571e-01
-9.1818496904899516e-01
-9.1818496904899527e-01
-9.1818496904899372e-01
-9.1818496904899294e-01
-9.1818496904899161e-01
-9.1818496904899227e-01
-9.1818496904899027e-01
-9.1818496904899005e-01
5.4791100088484668e-01
5.4791100088484701e-01
5.4791100088484679e-01
5.4791100088484679e-01
5.4791100088484668e-01
5.4791100088484668e-01
5.4791100088484757e-01
5.4791100088484757e-01
5.4791100088484734e-01
5.4791100088484745e-01
5.4791100088484745e-01
5.4791100088484723e-01
5.4791100088484801e-01
5.4791100088484768e-01
5.4791100088484723e-01
5.4791100088484690e-01
5.4791100088484668e-01
5.4791100088484757e-01
5.4791100088484856e-01
5.4791100088484868e-01
-3.1975652438980545e-01
-3.1975652438980529e-01
-3.1975652438980501e-01
-3.1975652438980523e-01
-3.1975652438980456e-01
-3.1975652438980406e-01
-3.1975652438980395e-01
-3.1975652438980429e-01
-3.1975652438980429e-01
-3.1975652438980401e-01
-3.1975652438980412e-01
-3.1975652438980429e-01
-3.1975652438980440e-01
-3.1975652438980445e-01
-3.1975652438980451e-01
-3.1975652438980384e-01
-3.1975652438980373e-01
-3.1975652438980318e-01
-3.1975652438980279e-01
-3.1975652438980234e-01
1.9663987749459616e-01
1.9663987749459655e-01
1.9663987749459630e-01
1.9663987749459627e-01
1.9663987749459627e-01
1.9663987749459633e-01
1.9663987749459635e-01
1.9663987749459644e-01
1.9663987749459638e-01
1.9663987749459635e-01
1.9663987749459630e-01
1.9663987749459624e-01
1.9663987749459610e-01
1.9663987749459622e-01
1.9663987749459641e-01
1.9663987749459658e-01
1.9663987749459674e-01
1.9663987749459649e-01
1.9663987749459644e-01
1.9663987749459677e-01
-1.1957102240105699e-01
-1.1957102240105714e-01
-1.1957102240105730e-01
-1.1957102240105714e-01
-1.1957102240105720e-01
-1.1957102240105721e-01
-1.1957102240105702e-01
-1.1957102240105694e-01
-1.1957102240105687e-01
-1.1957102240105677e-01
-1.1957102240105663e-01
