0.0000000000000000e+00
0.0000000000000000e+00
0.0000000000000000e+00
0.0000000000000000e+00
0.0000000000000000e+00
0.0000000000000000e+00
0.0000000000000000e+00
0.0000000000000000e+00
0.0000000000000000e+00
6.4846839267301366e+00
1.2754779390990247e+01
1.2754779390990251e+01
1.2754779390990276e+01
1.2754779390990276e+01
1.2754779390990260e+01
1.2754779390990247e+01
1.2754779390990251e+01
1.2754779390990251e+01
1.2754779390990244e+01
1.2754779390990258e+01
1.2754779390990238e+01
1.2754779390990244e+01
1.2754779390990228e+01
1.2754779390990231e+01
1.2754779390990230e+01
1.2754779390990223e+01
1.2754779390990219e+01
1.2327699280347172e+01
5.5330967951038694e+00
-1.1034475858835264e+00
-7.5562024705686701e+00
-7.5562024705686586e+00
-7.5562024705686497e+00
-7.5562024705686452e+00
-7.5562024705686248e+00
-7.5562024705686257e+00
-7.5562024705686195e+00
-7.5562024705686159e+00
-7.5562024705686319e+00
-7.5562024705686230e+00
-7.5562024705686168e+00
-7.5562024705686177e+00
-7.5562024705686159e+00
-7.5562024705686319e+00
-7.5562024705686461e+00
-7.5562024705686408e+00
-7.5562024705686541e+00
-7.5562024705686515e+00
-7.5562024705686470e+00
-2.0883258777412474e+00
4.4596524828956525e+00
4.4596524828956534e+00
4.4596524828956579e+00
4.4596524828956490e+00
4.4596524828956454e+00
4.4596524828956445e+00
4.4596524828956570e+00
4.4596524828956587e+00
4.4596524828956623e+00
4.4596524828956632e+00
4.4596524828956632e+00
4.4596524828956650e+00
4.4596524828956614e+00
4.4596524828956650e+00
4.4596524828956667e+00
4.4596524828956667e+00
4.4596524828956641e+00
4.4596524828956694e+00
4.4596524828956721e+00
3.9864289004958358e+00
-2.6127018643248068e+00
-2.6127018643248121e+00
-2.6127018643248174e+00
-2.6127018643248183e+00
-2.6127018643248143e+00
-2.6127018643248103e+00
-2.6127018643248152e+00
-2.6127018643248134e+00
-2.6127018643248152e+00
-2.6127018643248143e+00
-2.6127018643248161e+00
-2.6127018643248157e+00
-2.6127018643248148e+00
-2.6127018643248143e+00
-2.6127018643248161e+00
-2.6127018643248179e+00
-2.6127018643248201e+00
-2.6127018643248174e+00
-2.6127018643248174e+00
-2.6127018643248223e+00
1.5441668646834565e+00
1.5441668646834559e+00
1.5441668646834543e+00
1.5441668646834539e+00
1.5441668646834525e+00
1.5441668646834539e+00
1.5441668646834572e+00
1.5441668646834597e+00
1.5441668646834590e+00
1.5441668646834590e+00
1.5441668646834590e+00
1.5441668646834577e+00
1.5441668646834565e+00
1.5441668646834552e+00
1.5441668646834552e+00
1.5441668646834539e+00
1.5441668646834550e+00
1.5441668646834512e+00
1.5441668646834534e+00
1.5441668646834539e+00
-9.1818496904582891e-01
-9.1818496904582902e-01
-9.1818496904582880e-01
-9.1818496904582703e-01
-9.1818496904582669e-01
-9.1818496904582592e-01
-9.1818496904582725e-01
-9.1818496904582769e-01
-9.1818496904582780e-01
-9.1818496904582636e-01
-9.1818496904582669e-01
-9.1818496904582636e-01
-9.1818496904582581e-01
-9.1818496904582592e-01
-9.1818496904582436e-01
-9.1818496904582381e-01
-9.1818496904582236e-01
-9.1818496904582247e-01
-9.1818496904582114e-01
-9.1818496904582159e-01
5.4791100089034639e-01
5.4791100089034628e-01
5.4791100089034583e-01
5.4791100089034583e-01
5.4791100089034661e-01
5.4791100089034628e-01
5.4791100089034683e-01
5.4791100089034661e-01
5.4791100089034672e-01
5.4791100089034639e-01
5.4791100089034672e-01
5.4791100089034650e-01
5.4791100089034717e-01
5.4791100089034628e-01
5.4791100089034561e-01
5.4791100089034572e-01
5.4791100089034528e-01
5.4791100089034595e-01
5.4791100089034683e-01
5.4791100089034694e-01
-3.1975652438349916e-01
-3.1975652438349905e-01
-3.1975652438349894e-01
-3.1975652438349872e-01
-3.1975652438349816e-01
-3.1975652438349750e-01
-3.1975652438349744e-01
-3.1975652438349800e-01
-3.1975652438349794e-01
-3.1975652438349744e-01
-3.1975652438349750e-01
-3.1975652438349772e-01
-3.1975652438349783e-01
-3.1975652438349800e-01
-3.1975652438349794e-01
-3.1975652438349733e-01
-3.1975652438349755e-01
-3.1975652438349694e-01
-3.1975652438349639e-01
-3.1975652438349589e-01
1.9663987750137843e-01
1.9663987750137857e-01
1.9663987750137846e-01
1.9663987750137851e-01
1.9663987750137835e-01
1.9663987750137876e-01
1.9663987750137893e-01
1.9663987750137901e-01
1.9663987750137904e-01
1.9663987750137901e-01
1.9663987750137896e-01
1.9663987750137890e-01
1.9663987750137901e-01
1.9663987750137890e-01
1.9663987750137910e-01
1.9663987750137946e-01
1.9663987750137973e-01
1.9663987750137940e-01
1.9663987750137940e-01
1.9663987750137979e-01
-1.1957102239360404e-01
-1.1957102239360418e-01
-1.1957102239360429e-01
-1.1957102239360413e-01
-1.1957102239360425e-01
-1.1957102239360420e-01
-1.1957102239360405e-01
-1.1957102239360401e-01
-1.1957102239360393e-01
-1.1957102239360380e-01
-1.1957102239360370e-01
