0.0000000000000000e+00
-1.2196758116783931e-04
-2.4390243902662042e-04
-3.6585216680751350e-04
-4.8781676813899639e-04
-6.0979624664784962e-04
-7.3170731707552280e-04
-8.5363325162501815e-04
-9.7557405392004225e-04
-2.0203081535204843e-03
-3.1723393852505430e-03
-3.0504623399698048e-03
-2.9286001468933416e-03
-2.8065598971296866e-03
-2.6845345393706763e-03
-2.5626574580825440e-03
-2.4407952290075893e-03
-2.3187550190800197e-03
-2.1968037995318676e-03
-2.0748525800136143e-03
-1.9529013605013887e-03
-1.8309501409886140e-03
-1.7090137917638330e-03
-1.5870477019660810e-03
-1.4650964860808127e-03
-1.3431601404817436e-03
-1.2212386615432272e-03
-1.0559045494430760e-03
-1.6445637543568165e-04
8.0455492138214730e-04
1.8662262669207059e-03
1.7443444539207006e-03
1.6224477839337484e-03
1.5005362533379806e-03
1.3784907980476683e-03
1.2564304458464706e-03
1.1345883589751161e-03
1.0126371395157332e-03
8.9067104614148668e-04
7.6873470049912201e-04
6.4678348098861119e-04
5.2483226147624856e-04
4.0286616804909286e-04
2.8092982244935712e-04
1.5897860656512565e-04
3.7012516767582838e-05
-8.4968450571439226e-05
-2.0696429908293417e-04
-3.2882627512605779e-04
-1.1084952653968804e-03
-2.1236429505666482e-03
-2.0016918922956010e-03
-1.8797557042716136e-03
-1.7578343828694961e-03
-1.6358382317527610e-03
-1.5138569618822970e-03
-1.3918905696271341e-03
-1.2699845732120167e-03
-1.1480333537012329e-03
-1.0260821341867355e-03
-9.0413091467389441e-04
-7.8217969516111794e-04
-6.6024334593626480e-04
-5.3827725613812556e-04
-4.1632604025366120e-04
-2.9438969465492250e-04
-1.7246821571549590e-04
-5.0561599810563122e-05
7.1478841407364338e-05
2.4843424832639473e-04
1.2377754099189299e-03
1.1158519197150569e-03
9.9391356236041097e-04
8.7196033422883967e-04
7.4999223169488983e-04
6.2804704351952898e-04
5.0609582400300810e-04
3.8412973057133485e-04
2.6219338497486457e-04
1.4024216909233581e-04
1.8290945951150736e-05
-1.0366027356092659e-04
-2.2562636698698313e-04
-3.4756271258687893e-04
-4.6951392847179984e-04
-5.9148001827023290e-04
-7.1346098560967066e-04
-8.3545683412053918e-04
-9.5731881016116545e-04
-1.0791956383531870e-03
-1.7363171371758441e-03
-1.6143714831090969e-03
-1.4924406979722827e-03
-1.3705247781389627e-03
-1.2485178234791718e-03
-1.1265257527014330e-03
-1.0045485621735688e-03
-8.8266416493978017e-04
-7.6071294542768880e-04
-6.3876172590931134e-04
-5.1681050639693223e-04
-3.9485928688431449e-04
-2.7292293765979599e-04
-1.5095684786172806e-04
-2.9005631977601606e-05
9.2930713621445702e-05
2.1485219256126134e-04
3.3675880846564972e-04
4.5879924968379618e-04
5.8082479885035248e-04
1.0158866523258701e-03
8.9393624392171466e-04
7.7197096180087904e-04
6.4999080233634258e-04
5.2808258622923923e-04
4.0615950669747717e-04
2.8422156011532660e-04
1.6222892769661215e-04
4.0277708182900533e-05
-8.1673511327605639e-05
-2.0362473083965714e-04
-3.2557595035211399e-04
-4.4754204377830118e-04
-5.6947838937665624e-04
-6.9142960526091953e-04
-8.1339569505859918e-04
-9.3537666239863716e-04
-1.0573725109097906e-03
-1.1792344869522148e-03
-1.3011113151458408e-03
-1.6083010796741099e-03
-1.4863499570741832e-03
-1.3644137047375032e-03
-1.2424923190375106e-03
-1.1204962978386035e-03
-9.9851515785322480e-04
-8.7654889545216662e-04
-7.5464263929711918e-04
-6.3269141978634902e-04
-5.1074020027055153e-04
-3.8878898075833619e-04
-2.6683776124650796e-04
-1.4490141202081586e-04
-2.2935322223111203e-05
9.9015893661011958e-05
2.2095223925983073e-04
3.4287371820022254e-04
4.6478033410428019e-04
5.8682077532373007e-04
7.0884632449070184e-04
9.3970663044974569e-04
8.1788461244752006e-04
6.9604775203360920e-04
5.7398217402671102e-04
4.5190169419600027e-04
3.3007973497008013e-04
2.0812851552889461e-04
8.6162422173617875e-05
-3.5773923481799309e-05
-1.5772513942335358e-04
-2.7967636250566023e-04
-4.0162758201751409e-04
-5.2359367544310427e-04
-6.4553002104232127e-04
-7.6748123692736703e-04
-8.8944732672516951e-04
-1.0114282940647675e-03
-1.1334241425762454e-03
-1.2552861186182081e-03
-1.3771629468111645e-03
-1.5639340097842655e-03
-1.4420257637352521e-03
-1.3201323774950282e-03
-1.1982538474425678e-03
-1.0761721046389078e-03
-9.5410526396740101e-04
-8.3226966561583628e-04
-7.1031844606949095e-04
-5.8838209680959412e-04
-4.6641600702758282e-04
-3.4446478751411951e-04
-2.2251356800265983e-04
-1.0057721877686113e-04
2.1388871020034218e-05
1.4334008690404632e-04
2.6527643250294703e-04
3.8719791144264682e-04
5.0910452734701753e-04
6.3114496856711381e-04
7.5317051773397023e-04
9.1464548588782255e-04
7.9271136548702810e-04
6.7076237534320756e-04
5.4879851182917786e-04
4.2685770755833484e-04
3.0490203191452751e-04
1.8293148126981391e-04
6.1004049018300446e-05
-6.0947170490196760e-05
-1.8289839000423095e-04
-3.0484960951636402e-04
