0.0000000000000000e+00
3.6587373701128602e-05
7.3170731707008425e-05
1.0975275142056136e-04
1.4633343293911770e-04
1.8291277636071907e-04
2.1951219512595722e-04
2.5611027442255720e-04
2.9270701435045947e-04
7.9063987451758204e-04
1.3422627542173395e-03
1.3057189749664509e-03
1.2691738602190904e-03
1.2325482412276420e-03
1.1959212807515118e-03
1.1593775095172293e-03
1.1228324027862844e-03
1.0862067778136619e-03
1.0496214119580551e-03
1.0130360461046669e-03
9.7645068025075635e-04
9.3986531439663613e-04
9.0327861000479351e-04
8.6669458269006145e-04
8.3010921693593307e-04
7.9352251264340934e-04
7.5693446971498242e-04
6.9868321896237901e-04
2.7734930432141060e-04
-1.8276769025363790e-04
-6.8921413510205926e-04
-6.5266003178004572e-04
-6.1610726461221394e-04
-5.7955583349933936e-04
-5.4290393561963566e-04
-5.0625338105187486e-04
-4.6973320391285764e-04
-4.3314783805634431e-04
-3.9656381064104984e-04
-3.5997710634736433e-04
-3.2339174049462582e-04
-2.8680637464014770e-04
-2.5022234722661446e-04
-2.1363564293180564e-04
-1.7705027717514958e-04
-1.4046624985843766e-04
-1.0388356088357471e-04
-6.7302210153931584e-05
-3.0708813653927008e-05
3.3473487716445213e-04
8.1791902800589238e-04
7.8133375107997116e-04
7.4474713562238770e-04
7.0815918153473026e-04
6.7157765246394097e-04
6.3499478513425367e-04
5.9841057945079904e-04
5.6182155489847797e-04
5.2523618904541072e-04
4.8865082319026149e-04
4.5206545733658145e-04
4.1548009148286390e-04
3.7889338709106568e-04
3.4230935977581819e-04
3.0572399402051275e-04
2.6913728972755306e-04
2.3254924679942370e-04
1.9595986513665120e-04
1.5938253051719296e-04
9.5293855261446690e-05
-3.7498653313406901e-04
-3.3841376469523528e-04
-3.0184233377475997e-04
-2.6527224027444302e-04
-2.2870348409722202e-04
-1.9207230224035159e-04
-1.5548693639064046e-04
-1.1890290898141425e-04
-8.2316204682635860e-05
-4.5730838921556583e-05
-9.1454729762898150e-06
2.7439892877424136e-05
6.4023920291214417e-05
1.0061062458549464e-04
1.3719599034240482e-04
1.7378001765798063e-04
2.1036270663274498e-04
2.4694405736343890e-04
2.8353745386422999e-04
3.2012951133699445e-04
6.2425587742100271e-04
5.8767354646198312e-04
5.5108987718691018e-04
5.1450486949801216e-04
4.7791744832629613e-04
4.4132868846599488e-04
4.0473858981858956e-04
3.6816135076222437e-04
3.3157598490958875e-04
2.9499061905315826e-04
2.5840525319967560e-04
2.2181988734613079e-04
1.8523318295429663e-04
1.4864915563891085e-04
1.1206378988409498e-04
7.5477085591248454e-05
3.8889042662262652e-05
2.2996609992105002e-06
-3.4277673619724173e-05
-7.0856346188699100e-05
-2.6404091937612910e-04
-2.2745592681906940e-04
-1.9087227267487153e-04
-1.5428995684600759e-04
-1.1769982969937363e-04
-8.1111041341427762e-05
-4.4523591673614875e-05
-7.9437321416030115e-06
2.8641633712947558e-05
6.5226999564316478e-05
1.0181236541824087e-04
1.3839773127178039e-04
1.7498175868593994e-04
2.1156846298040069e-04
2.4815382873698375e-04
2.8473785605292030e-04
3.2132054502769723e-04
3.5790189575724712e-04
3.9449529225772260e-04
4.3108734973121304e-04
5.6024809685439533e-04
5.2366278343183063e-04
4.8707613147498907e-04
4.5048814088671362e-04
4.1390668550405642e-04
3.7732389187066537e-04
3.4073975988612479e-04
3.0415058793947948e-04
2.6756522208706943e-04
2.3097985623245893e-04
1.9439449037914478e-04
1.5780912452544702e-04
1.2122242013389614e-04
8.4638392819330597e-05
4.8053027065001426e-05
1.1466322772000728e-05
-2.5121720156810147e-05
-6.1711101819581269e-05
-9.8288436438428263e-05
-1.3486710900803409e-04
-2.2595563344368326e-04
-1.8943011108521262e-04
-1.5290592279205065e-04
-1.1625937972486639e-04
-7.9614179576505847e-05
-4.3088648010827233e-05
-6.5032821596615635e-06
3.0080745251692579e-05
6.6667449549430996e-05
1.0325281530885631e-04
1.3983818125524292e-04
1.7642354710882619e-04
2.1300757452243373e-04
2.4959427881699842e-04
2.8617964457335927e-04
3.2276367189008957e-04
3.5934636086510405e-04
3.9592771159555453e-04
4.3252110809471921e-04
4.6911316556674429e-04
5.3806288057044822e-04
5.0150068676500543e-04
4.6493715611703495e-04
4.2837228852734730e-04
3.9174458888984544e-04
3.5511554761575356e-04
3.1857385717787290e-04
2.8198849132405105e-04
2.4540178693266060e-04
2.0881775961590260e-04
1.7223239376141158e-04
1.3564702790729545e-04
9.9060323515906207e-05
6.2476296200939498e-05
2.5890930445581691e-05
-1.0695773847340662e-05
-4.7283816777027843e-05
-8.3873198439816501e-05
-1.2045053305801006e-04
-1.5702920562662114e-04
-2.1342093015237691e-04
-1.7684348760502061e-04
-1.4026738291804972e-04
-1.0369261599323004e-04
-6.7087390359698277e-05
-3.0483504619100333e-05
6.1190413256911612e-06
4.2668707198815586e-05
7.9254073053164087e-05
1.1583943890701081e-04
1.5242480476042902e-04
