0.0000000000000000e+00
3.6587373701343939e-05
7.3170731708004156e-05
1.0975275142129264e-04
1.4633343294021648e-04
1.8291277636165446e-04
2.1951219512754031e-04
2.5611027442459593e-04
2.9270701435177624e-04
7.9063987452001423e-04
1.3422627542196684e-03
1.3057189749688307e-03
1.2691738602216703e-03
1.2325482412300468e-03
1.1959212807528406e-03
1.1593775095184071e-03
1.1228324027879387e-03
1.0862067778151085e-03
1.0496214119595276e-03
1.0130360461070222e-03
9.7645068025283509e-04
9.3986531439930413e-04
9.0327861000763412e-04
8.6669458269267676e-04
8.3010921693757868e-04
7.9352251264506557e-04
7.5693446971683044e-04
6.9868321896464065e-04
2.7734930432406121e-04
-1.8276769025076569e-04
-6.8921413509997142e-04
-6.5266003177828443e-04
-6.1610726461007177e-04
-5.7955583349735777e-04
-5.4290393561658157e-04
-5.0625338104825146e-04
-4.6973320390934867e-04
-4.3314783805320972e-04
-3.9656381063748406e-04
-3.5997710634373393e-04
-3.2339174049129932e-04
-2.8680637463755288e-04
-2.5022234722411516e-04
-2.1363564293005191e-04
-1.7705027717348533e-04
-1.4046624985652911e-04
-1.0388356088089710e-04
-6.7302210151356468e-05
-3.0708813651559192e-05
3.3473487716772008e-04
8.1791902800839005e-04
7.8133375108190896e-04
7.4474713562357956e-04
7.0815918153548552e-04
6.7157765246486406e-04
6.3499478513682334e-04
5.9841057945397966e-04
5.6182155490085443e-04
5.2523618904824895e-04
4.8865082319286606e-04
4.5206545733936557e-04
4.1548009148579146e-04
3.7889338709367075e-04
3.4230935977877785e-04
3.0572399402361216e-04
2.6913728973084351e-04
2.3254924680237197e-04
1.9595986513936824e-04
1.5938253052043600e-04
9.5293855263619675e-05
-3.7498653313246515e-04
-3.3841376469264945e-04
-3.0184233377107119e-04
-2.6527224027062663e-04
-2.2870348409257909e-04
-1.9207230223792135e-04
-1.5548693638773757e-04
-1.1890290897830290e-04
-8.2316204679048886e-05
-4.5730838918532784e-05
-9.1454729726021792e-06
2.7439892881107947e-05
6.4023920295166876e-05
1.0061062458877785e-04
1.3719599034501544e-04
1.7378001766140593e-04
2.1036270663543340e-04
2.4694405736547356e-04
2.8353745386725296e-04
3.2012951134080959e-04
6.2425587742388896e-04
5.8767354646463009e-04
5.5108987718955693e-04
5.1450486950121456e-04
4.7791744832870994e-04
4.4132868846767566e-04
4.0473858981967951e-04
3.6816135076444927e-04
3.3157598491199487e-04
2.9499061905638658e-04
2.5840525320225361e-04
2.2181988734855886e-04
1.8523318295615468e-04
1.4864915564161276e-04
1.1206378988690746e-04
7.5477085594185733e-05
3.8889042664756209e-05
2.2996610027309619e-06
-3.4277673617035128e-05
-7.0856346187699100e-05
-2.6404091937419515e-04
-2.2745592681768702e-04
-1.9087227267412883e-04
-1.5428995684512679e-04
-1.1769982969712704e-04
-8.1111041337715711e-05
-4.4523591669316081e-05
-7.9437321396733604e-06
2.8641633714931533e-05
6.5226999566643786e-05
1.0181236542051398e-04
1.3839773127423546e-04
1.7498175868799047e-04
2.1156846298224226e-04
2.4815382873867966e-04
2.8473785605518894e-04
3.2132054502951099e-04
3.5790189575969411e-04
3.9449529226025855e-04
4.3108734973310221e-04
5.6024809685690938e-04
5.2366278343381515e-04
4.8707613147701734e-04
4.5048814088733535e-04
4.1390668550625887e-04
3.7732389187249051e-04
3.4073975988958957e-04
3.0415058794216706e-04
2.6756522208945001e-04
2.3097985623457545e-04
1.9439449038079594e-04
1.5780912452715811e-04
1.2122242013618094e-04
8.4638392821945353e-05
4.8053027067051775e-05
1.1466322774421050e-05
-2.5121720154397750e-05
-6.1711101816835310e-05
-9.8288436436440107e-05
-1.3486710900696125e-04
-2.2595563344190032e-04
-1.8943011108358131e-04
-1.5290592278974279e-04
-1.1625937972244203e-04
-7.9614179576270467e-05
-4.3088648009220629e-05
-6.5032821579886878e-06
3.0080745253040774e-05
6.6667449551623091e-05
1.0325281531163459e-04
1.3983818125675422e-04
1.7642354711062188e-04
2.1300757452447110e-04
2.4959427881863979e-04
2.8617964457518263e-04
3.2276367189168828e-04
3.5934636086584488e-04
3.9592771159606839e-04
4.3252110809619427e-04
4.6911316556948396e-04
5.3806288057176759e-04
5.0150068676585717e-04
4.6493715611714217e-04
4.2837228852777464e-04
3.9174458889075563e-04
3.5511554761577313e-04
3.1857385717791258e-04
2.8198849132404091e-04
2.4540178693223575e-04
2.0881775961579228e-04
1.7223239376102940e-04
1.3564702790679832e-04
9.9060323515587356e-05
6.2476296200945935e-05
2.5890930446662715e-05
-1.0695773846058461e-05
-4.7283816774199857e-05
-8.3873198436975973e-05
-1.2045053305760069e-04
-1.5702920562884464e-04
-2.1342093015125094e-04
-1.7684348760491292e-04
-1.4026738291748054e-04
-1.0369261599345183e-04
-6.7087390360185951e-05
-3.0483504619948813e-05
6.1190413252321981e-06
4.2668707198290453e-05
7.9254073052619872e-05
1.1583943890652831e-04
1.5242480475979203e-04
