2.0000000000000020e+02
2.0000000000000020e+02
2.0000000000000020e+02
2.0000000000000020e+02
2.0000000000000020e+02
2.0000000000000020e+02
2.0000000000000020e+02
2.0000000000000020e+02
2.0000000000000020e+02
2.0553670938979690e+02
2.1171740816301286e+02
2.1171740816301286e+02
2.1171740816301286e+02
2.1171740816301286e+02
2.1171740816301286e+02
2.1171740816301286e+02
2.1171740816301286e+02
2.1171740816301286e+02
2.1171740816301286e+02
2.1171740816301286e+02
2.1171740816301286e+02
2.1171740816301286e+02
2.1171740816301286e+02
2.1171740816301286e+02
2.1171740816301286e+02
2.1171740816301286e+02
2.1171740816301286e+02
2.1197758080644707e+02
2.1659454328942451e+02
2.2167710802110270e+02
2.2731551721195265e+02
2.2731551721195265e+02
2.2731551721195265e+02
2.2731551721195265e+02
2.2731551721195265e+02
2.2731551721195265e+02
2.2731551721195265e+02
2.2731551721195265e+02
2.2731551721195265e+02
2.2731551721195265e+02
2.2731551721195265e+02
2.2731551721195265e+02
2.2731551721195265e+02
2.2731551721195265e+02
2.2731551721195265e+02
2.2731551721195265e+02
2.2731551721195265e+02
2.2731551721195265e+02
2.2731551721195265e+02
2.3126189967011953e+02
2.3662100358592750e+02
2.3662100358592750e+02
2.3662100358592750e+02
2.3662100358592750e+02
2.3662100358592750e+02
2.3662100358592750e+02
2.3662100358592750e+02
2.3662100358592750e+02
2.3662100358592750e+02
2.3662100358592750e+02
2.3662100358592750e+02
2.3662100358592750e+02
2.3662100358592750e+02
2.3662100358592750e+02
2.3662100358592750e+02
2.3662100358592750e+02
2.3662100358592750e+02
2.3662100358592750e+02
2.3662100358592750e+02
2.3695123774179788e+02
2.4215553474969133e+02
2.4215553474969133e+02
2.4215553474969133e+02
2.4215553474969133e+02
2.4215553474969133e+02
2.4215553474969133e+02
2.4215553474969133e+02
2.4215553474969133e+02
2.4215553474969133e+02
2.4215553474969133e+02
2.4215553474969133e+02
2.4215553474969133e+02
2.4215553474969133e+02
2.4215553474969133e+02
2.4215553474969133e+02
2.4215553474969133e+02
2.4215553474969133e+02
2.4215553474969133e+02
2.4215553474969133e+02
2.4215553474969133e+02
2.4536614346379301e+02
2.4536614346379301e+02
2.4536614346379301e+02
2.4536614346379301e+02
2.4536614346379301e+02
2.4536614346379301e+02
2.4536614346379301e+02
2.4536614346379301e+02
2.4536614346379301e+02
2.4536614346379301e+02
2.4536614346379301e+02
2.4536614346379301e+02
2.4536614346379301e+02
2.4536614346379301e+02
2.4536614346379301e+02
2.4536614346379301e+02
2.4536614346379301e+02
2.4536614346379301e+02
2.4536614346379301e+02
2.4536614346379301e+02
2.4724525811715012e+02
2.4724525811715012e+02
2.4724525811715012e+02
2.4724525811715012e+02
2.4724525811715012e+02
2.4724525811715012e+02
2.4724525811715012e+02
2.4724525811715012e+02
2.4724525811715012e+02
2.4724525811715012e+02
2.4724525811715012e+02
2.4724525811715012e+02
2.4724525811715012e+02
2.4724525811715012e+02
2.4724525811715012e+02
2.4724525811715012e+02
2.4724525811715012e+02
2.4724525811715012e+02
2.4724525811715012e+02
2.4724525811715012e+02
2.4835624361667033e+02
2.4835624361667033e+02
2.4835624361667033e+02
2.4835624361667033e+02
2.4835624361667033e+02
2.4835624361667033e+02
2.4835624361667033e+02
2.4835624361667033e+02
2.4835624361667033e+02
2.4835624361667033e+02
2.4835624361667033e+02
2.4835624361667033e+02
2.4835624361667033e+02
2.4835624361667033e+02
2.4835624361667033e+02
2.4835624361667033e+02
2.4835624361667033e+02
2.4835624361667033e+02
2.4835624361667033e+02
2.4835624361667033e+02
2.4901091932617871e+02
2.4901091932617871e+02
2.4901091932617871e+02
2.4901091932617871e+02
2.4901091932617871e+02
2.4901091932617871e+02
2.4901091932617871e+02
2.4901091932617871e+02
2.4901091932617871e+02
2.4901091932617871e+02
2.4901091932617871e+02
2.4901091932617871e+02
2.4901091932617871e+02
2.4901091932617871e+02
2.4901091932617871e+02
2.4901091932617871e+02
2.4901091932617871e+02
2.4901091932617871e+02
2.4901091932617871e+02
2.4901091932617871e+02
2.4939964987623736e+02
2.4939964987623736e+02
2.4939964987623736e+02
2.4939964987623736e+02
2.4939964987623736e+02
2.4939964987623736e+02
2.4939964987623736e+02
2.4939964987623736e+02
2.4939964987623736e+02
2.4939964987623736e+02
2.4939964987623736e+02
2.4939964987623736e+02
2.4939964987623736e+02
2.4939964987623736e+02
2.4939964987623736e+02
2.4939964987623736e+02
2.4939964987623736e+02
2.4939964987623736e+02
2.4939964987623736e+02
2.4939964987623736e+02
2.4963734094423413e+02
2.4963734094423413e+02
2.4963734094423413e+02
2.4963734094423413e+02
2.4963734094423413e+02
2.4963734094423413e+02
2.4963734094423413e+02
2.4963734094423413e+02
2.4963734094423413e+02
2.4963734094423413e+02
2.4963734094423413e+02
