0.0000000000000000e+00
-1.1435251490559345e-03
-2.8432682771993189e-10
-1.1427257784964796e-03
-4.5720922838406010e-03
-1.0288490104847770e-02
1.4267533232796497e-09
8.0024650404145591e-03
1.3718511226194413e-02
-3.7653758846402791e-03
-7.6218436562273681e-03
3.4543143215286361e-07
5.3394819440601444e-03
-4.1752822038012382e-09
-7.6296109570830111e-03
-2.9228942527921661e-09
5.3465514556381008e-03
-3.9550127176204389e-09
-4.4942467770684829e-10
4.9290236632790366e-10
4.3224844319827544e-10
3.5309794449563985e-10
-2.2863900704032823e-03
3.6941307999259848e-10
-3.8940474325903017e-07
-2.2871694997558117e-03
-6.8599495770903015e-03
1.5782941073894060e-03
1.2972051648521170e-03
3.3546402308588744e-03
4.1162314389121008e-03
2.3431986376969966e-07
-6.3996402259477577e-03
-1.5083781640530853e-02
-2.6852031270497366e-09
1.2792355112150227e-02
-8.4938486213539797e-09
-1.2131628364698531e-09
-2.2867749467568544e-03
4.4038481057846173e-10
2.6014842568477598e-10
4.7125308182299385e-10
-2.2867802860813183e-03
5.3147182530162385e-10
3.9137072998023585e-07
-2.2859982730590454e-03
-6.8595588026102664e-03
-1.3720681628315100e-02
2.6784658130488478e-09
-1.2174612997011443e-03
-1.5807875980994955e-05
1.8013623719371117e-07
-2.2702147612318549e-03
-6.8266027501622147e-03
1.4133450448498763e-09
4.5390294034671911e-03
6.7908729090002985e-03
3.3824786349894812e-10
5.2622035142139395e-10
2.1495005866713793e-10
2.1495466947842037e-10
2.5188943816705083e-10
-2.2863901197298859e-03
3.0930869060017376e-10
-3.8999494423684211e-07
-2.2871703162716363e-03
-6.8599501500187857e-03
-1.3718340026486753e-02
2.1712790132960504e-09
2.2676235417492521e-03
1.6869262374744180e-03
1.6171801938330894e-07
-3.9722200703866395e-03
-1.0230609548868987e-02
-1.8775396950722164e-02
2.5434684644047908e-09
5.3455725124398226e-10
-2.2867824088376012e-03
4.8795842206716026e-10
3.9319854411977211e-07
1.7595997573821883e-10
2.2472290214368774e-10
-2.2867802429533592e-03
2.4705340410290728e-10
3.9102899407252019e-07
-2.2859991076071774e-03
-6.8595598445150936e-03
-1.3720682329088508e-02
2.7511090300870546e-09
1.1436249288980913e-02
-5.3812916013641632e-04
9.8739713714999583e-08
-1.7478156465457724e-03
-5.7814819285950643e-03
1.4381155172883819e-09
3.4934271748870726e-03
4.6991862120504260e-03
4.0044587288761427e-10
7.9249747571422261e-10
5.1066649723235363e-10
5.4288773978620197e-10
6.2718481749723815e-10
-2.2863898435372810e-03
4.8998993950488569e-10
-3.8957232545533593e-07
-2.2871697224251812e-03
-6.8599498648516848e-03
-1.3718339823736932e-02
2.4628316667028035e-09
1.1429612041637465e-02
5.1310749952355400e-05
7.4768644180274676e-08
-2.3379077379812336e-03
-6.9630272387598072e-03
7.4081070716436748e-10
4.6773512238410982e-03
7.0686342152094387e-03
-9.4653796937681678e-11
1.4442875391987621e-11
-6.6137012125512103e-10
-4.8543866575526923e-10
-5.6161402575485228e-10
-2.2867809839090089e-03
-1.1555436718290346e-10
3.9065513058582587e-07
-2.2859992633218668e-03
-6.8595600751512340e-03
-1.3720682790355144e-02
1.8933585142674748e-09
1.1436248237512887e-02
-9.1458303673408930e-06
6.2277220779316845e-08
-2.2771155568402559e-03
-6.8402888628460515e-03
3.2206168904402272e-10
4.5527199398038010e-03
6.8182603354853127e-03
-3.4357412178426062e-10
-3.0071521488941392e-11
2.5500213134617857e-11
3.2395623670626626e-12
-9.3787547389090773e-11
-2.2863902777467910e-03
2.2183811159910366e-10
-3.8991616875734831e-07
-2.2871701529693922e-03
-6.8599500600397623e-03
-1.3718339965820838e-02
2.5004567693364628e-09
1.1429612043006644e-02
8.3116418987813859e-03
5.7963259688372130e-08
-1.0592856104376306e-02
-7.3653386210001327e-09
8.3009939401091897e-03
-8.6564603894886547e-09
-1.2565575549151671e-09
-2.2867743926316903e-03
1.1077181176652944e-09
3.8641177891535756e-07
5.9323118017057334e-10
6.1787956106574648e-10
-2.2867798647273579e-03
9.4886437613452817e-10
3.9159680460852873e-07
-2.2859980931301729e-03
-6.8595587620053373e-03
-1.3720681275661603e-02
2.9452892992931341e-09
1.1436249001481382e-02
-4.0526405265837884e-03
5.5294745442632956e-08
1.7682685398443228e-03
1.2523884466683153e-03
-2.3944707064666918e-09
-3.5437715468252815e-03
-4.5745009318251911e-09
-6.0106872831507197e-10
-2.2863867844563294e-03
1.1194384049954307e-09
8.9066882671058379e-10
5.9086389412808385e-10
-2.2863895570539427e-03
7.4437847958888640e-10
-3.8947648477112415e-07
-2.2871697278365336e-03
-6.8599499439463783e-03
-1.3718339792004892e-02
2.7916061155462761e-09
1.1429612488752846e-02
1.1013660865129820e-03
5.3565726227603308e-08
-3.3873175767242455e-03
-9.0611378939188508e-03
9.6850591100535116e-10
6.7740869379912614e-03
1.1260729288838464e-02
-4.7521736565202417e-10
2.4551255308225239e-10
1.2055567306975534e-10
2.7183342686450831e-11
