0.0000000000000000e+00
2.5002896729354219e+01
5.0000000000370058e+01
7.4999237105251126e+01
1.0000060863161639e+02
1.2500411516678693e+02
1.5000000000108355e+02
1.7499801756918384e+02
1.9999816845812080e+02
2.2499076116996525e+02
2.4998174633595858e+02
2.2500000092906521e+02
2.0002038700300051e+02
1.7500000000700439e+02
1.4998174982368408e+02
1.2500000000282020e+02
1.0002038166420901e+02
7.5000000006873449e+01
5.0000000000920842e+01
2.5000000000060332e+01
9.1492703960316678e-11
2.5000000000096890e+01
4.9997866147342798e+01
7.4999999999702894e+01
9.9999999412125561e+01
1.2499786497196251e+02
1.4999359726639261e+02
1.7499448296543238e+02
1.9999525290414437e+02
2.2498745077878652e+02
2.4998412462368407e+02
2.2499999935755676e+02
2.0001374196005531e+02
1.7502535184443354e+02
1.4999999999832596e+02
1.2497251085392899e+02
9.9999999990807822e+01
7.4999999998671512e+01
4.9997865566488287e+01
2.4999999999624151e+01
2.0045415282984145e-10
2.5000000000019561e+01
5.0002134440256711e+01
7.5000000000477783e+01
9.9999999413026728e+01
1.2500213326568880e+02
1.5000640214600708e+02
1.7501280664173865e+02
2.0000000000429881e+02
2.2499692203687437e+02
2.4999996103460074e+02
2.2500000048425096e+02
2.0000217378134531e+02
1.7500648033871326e+02
1.5000000000147165e+02
1.2499565528927027e+02
9.9993445614370174e+01
7.5000000000194248e+01
5.0000000000560817e+01
2.4999999999957961e+01
5.3495196559505291e-11
2.5000000000255490e+01
4.9997866147490825e+01
7.4999999999917549e+01
9.9999999412331945e+01
1.2499786497218646e+02
1.4999359726672651e+02
1.7498719688317664e+02
1.9999999999600766e+02
2.2499195104032509e+02
2.4999364034266856e+02
2.2499999955659288e+02
2.0000422525160053e+02
1.7500631684040681e+02
1.5000627373585058e+02
1.2500000000017995e+02
1.0000000000007975e+02
7.4997865559815494e+01
4.9999999999393992e+01
2.5000000586422388e+01
2.2724139267848976e-10
2.5000000000331568e+01
5.0002134440482685e+01
7.5000000000670113e+01
9.9999999413367163e+01
1.2500213326601987e+02
1.5000640214630621e+02
1.7501280664203591e+02
2.0000000000441656e+02
2.2498932428242264e+02
2.4999864405784203e+02
2.2500000026531103e+02
2.0000349014652664e+02
1.7500911311420319e+02
1.5000000000227323e+02
1.2499302286311271e+02
9.9988181108500982e+01
7.5000000001287390e+01
5.0000000001477225e+01
2.5000000000129610e+01
8.4341157029283375e-11
2.4999999999940805e+01
4.9997866147161858e+01
7.4999999999600831e+01
9.9999999411876630e+01
1.2499786497175167e+02
1.4999359726645568e+02
1.7498719688283148e+02
1.9999999999564443e+02
2.2501066573101321e+02
2.4999981302429245e+02
2.2499999979583521e+02
1.9999805215413846e+02
1.7499396951173443e+02
1.4999999999856885e+02
1.2500389775427132e+02
1.0000566219173604e+02
7.4999999999706546e+01
4.9999999999378765e+01
2.4999999999988745e+01
1.7350999097912114e-10
2.5000000000063473e+01
5.0002134440251027e+01
7.5000000000252896e+01
9.9999999412836857e+01
1.2500213326541771e+02
1.5000640214576987e+02
1.7501280664148248e+02
2.0000000000404543e+02
2.2498932428225879e+02
2.4999997661933313e+02
2.2500000016957367e+02
2.0000215756941162e+02
1.7500644823156023e+02
1.5000000000149589e+02
1.2499568739234708e+02
9.9993509816329976e+01
7.5000000000269452e+01
5.0000000000672344e+01
2.4999999999959261e+01
2.0709545640035294e-10
2.4999999999999535e+01
4.9997866147307462e+01
7.4999999999616890e+01
9.9999999411874086e+01
1.2499786497169936e+02
1.4999359726644360e+02
1.7498719688273971e+02
1.9999999999576636e+02
2.2501066573123268e+02
2.4997018889933872e+02
2.2499999984249018e+02
2.0002768062326314e+02
1.7499999999231039e+02
1.4997018122651036e+02
1.2499999998615375e+02
9.9999999997741185e+01
7.4997865569164333e+01
4.9999999999574776e+01
2.5000000577435756e+01
2.3698774895949895e-10
2.5000000000027654e+01
5.0002134440086294e+01
7.5000000000240846e+01
9.9999999412940952e+01
1.2500213326560123e+02
1.5000640214590962e+02
1.7501280664173652e+02
2.0000000000407798e+02
2.2498932428210625e+02
2.4998956950873139e+02
2.2500000014702104e+02
2.0001256325303285e+02
1.7502725824024367e+02
1.5000000000917393e+02
1.2497488016382007e+02
1.0000000000853387e+02
7.5000000003128108e+01
5.0002133850372758e+01
2.5000000000237218e+01
2.6960121891529525e-10
2.5000000000075833e+01
4.9997866147400799e+01
7.4999999999620115e+01
9.9999999411892816e+01
1.2499786497173292e+02
1.4999359726639139e+02
1.7498719688274338e+02
1.9999999999590267e+02
2.2501066573132150e+02
2.4999605401142594e+02
2.2499999985426570e+02
2.0000181182326639e+02
1.7500148933100891e+02
1.4999999999996493e+02
1.2499637685857761e+02
9.9990619319432767e+01
7.4999999999830237e+01
5.0000000000304709e+01
2.4999999999986457e+01
4.2577587959120972e-10
