0.0000000000000000e+00
-1.1435251150976292e-03
-1.3928898656282293e-10
-1.1427256811894057e-03
-4.5720921221352670e-03
-1.0288490004282107e-02
1.6567686330585617e-09
8.0024653238992983e-03
1.3718511418469885e-02
-3.7653756965445239e-03
-7.6218435984014340e-03
3.4558163644123906e-07
5.3394821158492343e-03
-4.0382215551062420e-09
-7.6296109184527221e-03
-2.9098645972269646e-09
5.3465515437252312e-03
-3.9344534304808483e-09
-4.1256157449750076e-10
5.8183533050045783e-10
4.6108668662752131e-10
4.6801165517548694e-10
-2.2863899270658987e-03
4.8061090399787157e-10
-3.8944825703824974e-07
-2.2871695494108917e-03
-6.8599496181102875e-03
1.5782941513785178e-03
1.2972052301184534e-03
3.3546402946120716e-03
4.1162314297866348e-03
2.3425618569003395e-07
-6.3996402248264143e-03
-1.5083781670656882e-02
-2.5544987121299980e-09
1.2792355337069884e-02
-8.2980653822482130e-09
-1.0614859412191827e-09
-2.2867747205114648e-03
6.9139165579950145e-10
4.7029337912497433e-10
5.7571973949464955e-10
-2.2867802095005935e-03
4.7640687697931608e-10
3.9128037422983765e-07
-2.2859983290586055e-03
-6.8595587486965500e-03
-1.3720681596303547e-02
2.6749746562451914e-09
-1.2174612771144861e-03
-1.5807891415236117e-05
1.8008635085605534e-07
-2.2702149352426294e-03
-6.8266029244056746e-03
1.2635595240521066e-09
4.5390294792890399e-03
6.7908730432755570e-03
3.1109554579564373e-10
5.0861496447106324e-10
1.3494708454812656e-10
1.9381012054034766e-10
2.0425090102423416e-10
-2.2863901676132940e-03
2.8138600726261989e-10
-3.9000848439873027e-07
-2.2871702712070931e-03
-6.8599502423183616e-03
-1.3718340101279564e-02
2.1668379754637320e-09
2.2676234313270885e-03
1.6869261258720533e-03
1.6175291508680056e-07
-3.9722198844331100e-03
-1.0230609340743118e-02
-1.8775396621637085e-02
2.4915372565553189e-09
5.4981476028145668e-10
-2.2867823626423213e-03
5.7948280510454574e-10
3.9323263253077975e-07
3.1133334098640677e-10
3.5674848639146018e-10
-2.2867801018383069e-03
3.6233011577791050e-10
3.9104335396391955e-07
-2.2859989594344677e-03
-6.8595597915555471e-03
-1.3720682371179641e-02
2.8544032250862077e-09
1.1436249481410823e-02
-5.3812914222271736e-04
9.8762406198294342e-08
-1.7478156238366353e-03
-5.7814818229389043e-03
1.4361681450968493e-09
3.4934270976376735e-03
4.6991860474506712e-03
4.8992531074129691e-10
9.1506974081423059e-10
7.6999228079315699e-10
6.7871933775334847e-10
7.3950899836887196e-10
-2.2863897726270446e-03
6.2675210069592078e-10
-3.8940864475281408e-07
-2.2871694903904031e-03
-6.8599496721170597e-03
-1.3718339461383974e-02
2.6759359137657608e-09
1.1429612009595165e-02
5.1310827808726808e-05
7.4760643341486142e-08
-2.3379078419813069e-03
-6.9630273166435552e-03
8.7910332317758020e-10
4.6773516068589560e-03
7.0686346642629665e-03
-2.3338467699695970e-11
1.5759421968612309e-10
-4.6034595509201897e-10
-3.5277265090004978e-10
-3.5705507870454253e-10
-2.2867808436551830e-03
-1.3097308559135083e-11
3.9075546182043541e-07
-2.2859990998881662e-03
-6.8595599731552563e-03
-1.3720682601402389e-02
2.0321001194754196e-09
1.1436248312949190e-02
-9.1456858861966694e-06
6.2361889923382043e-08
-2.2771154827757969e-03
-6.8402889723388838e-03
3.9243441460439599e-10
4.5527200559823643e-03
6.8182606701925035e-03
-6.7391662170267894e-11
1.1395393368964460e-10
1.2659748168825281e-10
3.0880430742142507e-11
-2.0182063922230926e-11
-2.2863901239025095e-03
4.0500905655650727e-10
-3.8978424079971580e-07
-2.2871699242652693e-03
-6.8599498601296721e-03
-1.3718339697224208e-02
2.6650133502088519e-09
1.1429612046233642e-02
8.3116419917727488e-03
5.8052601852849210e-08
-1.0592855922313613e-02
-7.1548133214814961e-09
8.3009938216349992e-03
-8.5581394055901571e-09
-1.1519178385434913e-09
-2.2867743478564287e-03
1.2811605697781454e-09
3.8661695774265628e-07
6.0512049946171163e-10
7.1897878158253173e-10
-2.2867797413752052e-03
1.0328264020952350e-09
3.9172204822233951e-07
-2.2859980050517741e-03
-6.8595588096545500e-03
-1.3720681408993763e-02
3.0498302912376184e-09
1.1436249338231808e-02
-4.0526404327807805e-03
5.5441022861422992e-08
1.7682685719006752e-03
1.2523885250506947e-03
-2.2675788662296866e-09
-3.5437715937145478e-03
-4.5507890800373958e-09
-6.4391945778634573e-10
-2.2863868831213170e-03
1.0582847705639591e-09
7.8117630298974325e-10
5.2057352141805781e-10
-2.2863895602441282e-03
8.2949859314164231e-10
-3.8921017612524402e-07
-2.2871694399296187e-03
-6.8599494149594112e-03
-1.3718339289820457e-02
2.9250154515108881e-09
1.1429612173356505e-02
1.1013662815718519e-03
5.3608385265117950e-08
-3.3873174454309447e-03
-9.0611378885174544e-03
9.4612576917710532e-10
6.7740868265874343e-03
1.1260729230113758e-02
-5.3530038463033594e-10
1.9585552885318964e-10
4.5131254721193719e-11
-3.2321735255634014e-11
