0.0000000000000000e+00
-2.5004040254486299e+01
-5.0000000000581849e+01
-7.5000379830981032e+01
-1.0000518072381935e+02
-1.2501440365684152e+02
-1.4999999999954173e+02
-1.7499001510400183e+02
-1.9998444994679846e+02
-2.2499452654575583e+02
-2.4998936817958585e+02
-2.2500000058355872e+02
-2.0001504752097048e+02
-1.7500000001111101e+02
-1.4998937943462190e+02
-1.2500000000573657e+02
-1.0001503511270936e+02
-7.5000000010818169e+01
-5.0000000001351808e+01
-2.4999999999522970e+01
4.2508083504311414e-10
2.5000000000507459e+01
4.9995579757344089e+01
7.5000000000127898e+01
9.9999999022699086e+01
1.2499557780243788e+02
1.4998673731679497e+02
1.7499606125956177e+02
1.9999655010934177e+02
2.2499080541904908e+02
2.4998824085511845e+02
2.2499999959184467e+02
2.0000734231982986e+02
1.7501026806277793e+02
1.4999999999570610e+02
1.2498530320915363e+02
9.9999999982411893e+01
7.4999999997534132e+01
4.9995578791654651e+01
2.5000000000190042e+01
4.4587637252055470e-10
-2.4999999999496055e+01
-5.0004421220504490e+01
-7.4999999999973809e+01
-9.9999999021701143e+01
-1.2500441926398989e+02
-1.5001326170478274e+02
-1.7502652732335093e+02
-2.0000000000162214e+02
-2.2499813949816291e+02
-2.4999997684248444e+02
-2.2500000030413946e+02
-2.0000444399619352e+02
-1.7501330694155041e+02
-1.5000000000013321e+02
-1.2499111625982893e+02
-9.9986654741394020e+01
-7.4999999999869530e+01
-5.0000000000043386e+01
-2.4999999999783007e+01
3.5697546261407771e-10
2.5000000000483560e+01
4.9995579757347159e+01
7.5000000000212921e+01
9.9999999022330215e+01
1.2499557780189271e+02
1.4998673731653034e+02
1.7497347854311272e+02
1.9999999999817675e+02
2.2499421866381169e+02
2.4999532726885010e+02
2.2499999971832830e+02
2.0000025303162317e+02
1.7499608623096202e+02
1.4998749833906436e+02
1.2500000000269736e+02
1.0000000000062197e+02
7.4995578777429770e+01
4.9999999999927724e+01
2.5000000979637989e+01
-9.8560813005074718e-11
-2.5000000000040838e+01
-5.0004421220655082e+01
-7.5000000000365475e+01
-9.9999999022330968e+01
-1.2500441926505324e+02
-1.5001326170612421e+02
-1.7502652732438605e+02
-2.0000000000161384e+02
-2.2497788803303754e+02
-2.4999918218699315e+02
-2.2500000016656008e+02
-2.0000523796216186e+02
-1.7501489459607899e+02
-1.5000000000083594e+02
-1.2498952943597651e+02
-9.9983481922371226e+01
-7.5000000000842221e+01
-5.0000000000623466e+01
-2.4999999999489280e+01
5.1821039724011988e-10
2.5000000000624141e+01
4.9995579757353752e+01
7.5000000000159318e+01
9.9999999022386078e+01
1.2499557780214529e+02
1.4998673731668714e+02
1.7497347854318900e+02
1.9999999999821378e+02
2.2502209534303859e+02
2.4999986433508121e+02
2.2499999987059994e+02
1.9999571424634840e+02
1.7498700648445680e+02
1.4999999999937873e+02
1.2500857510568669e+02
1.0001273082617581e+02
7.4999999999647599e+01
4.9999999999464791e+01
2.4999999999427875e+01
-4.4621908339190117e-10
-2.5000000000522792e+01
-5.0004421221164819e+01
-7.5000000000317272e+01
-9.9999999022131547e+01
-1.2500441926459926e+02
-1.5001326170579401e+02
-1.7502652732417832e+02
-2.0000000000208274e+02
-2.2497788803398365e+02
-2.4999998576509128e+02
-2.2500000010725404e+02
-2.0000443468493143e+02
-1.7501328852047777e+02
-1.5000000000113863e+02
-1.2499113467234916e+02
-9.9986691555827150e+01
-7.5000000000474913e+01
-5.0000000000630401e+01
-2.4999999999883212e+01
6.9431600626726192e-11
2.4999999999942531e+01
4.9995579757106654e+01
7.4999999999930296e+01
9.9999999022023928e+01
1.2499557780166074e+02
1.4998673731648344e+02
1.7497347854290817e+02
1.9999999999834921e+02
2.2502209534327744e+02
2.4997850054128392e+02
2.2499999990049807e+02
2.0001708776724976e+02
1.7499999998505035e+02
1.4997848222039121e+02
1.2499999997754642e+02
9.9999999996536943e+01
7.4995578794794056e+01
5.0000000000769205e+01
2.5000000963950129e+01
5.2117764998681208e-10
-2.4999999999359225e+01
-5.0004421219889359e+01
-7.4999999999250008e+01
-9.9999999021281525e+01
-1.2500441926365022e+02
-1.5001326170469542e+02
-1.7502652732307877e+02
-2.0000000000108034e+02
-2.2497788803293633e+02
-2.4999362214921095e+02
-2.2500000009165302e+02
-2.0001079498447689e+02
-1.7502600585175770e+02
-1.5000000001150494e+02
-1.2497842393539035e+02
-1.0000000001309650e+02
-7.5000000003750628e+01
-5.0004420237206574e+01
-2.4999999999148365e+01
9.4429825936674965e-10
2.5000000000631559e+01
4.9995579757842179e+01
7.5000000000406999e+01
9.9999999022549503e+01
1.2499557780214911e+02
1.4998673731671192e+02
1.7497347854320245e+02
1.9999999999876090e+02
2.2502209534365250e+02
2.4999715537761006e+02
2.2499999990785284e+02
1.9999842450575525e+02
1.7499242819311777e+02
1.5000000000092217e+02
1.2500315094545994e+02
1.0000188004869227e+02
7.4999999999324984e+01
5.0000000000525404e+01
2.5000000000069310e+01
2.1408416106584158e-11
