0.0000000000000000e+00
0.0000000000000000e+00
0.0000000000000000e+00
0.0000000000000000e+00
0.0000000000000000e+00
0.0000000000000000e+00
0.0000000000000000e+00
0.0000000000000000e+00
1.1680987701597230e+01
2.4528697710380129e+01
3.7564143259770468e+01
3.7564143259770468e+01
3.7564143259770439e+01
3.7564143259770439e+01
3.7564143259770425e+01
3.7564143259770425e+01
3.7564143259770432e+01
3.7564143259770404e+01
3.7564143259770404e+01
3.7564143259770404e+01
3.7564143259770418e+01
3.7564143259770418e+01
3.7564143259770418e+01
3.7564143259770418e+01
3.7564143259770390e+01
3.7071249298387791e+01
2.7460770971003118e+01
1.5650597806136330e+01
2.9029509136094713e+00
-1.0109958156692558e+01
-2.3161035895100383e+01
-2.3161035895100383e+01
-2.3161035895100383e+01
-2.3161035895100383e+01
-2.3161035895100383e+01
-2.3161035895100383e+01
-2.3161035895100383e+01
-2.3161035895100383e+01
-2.3161035895100383e+01
-2.3161035895100383e+01
-2.3161035895100383e+01
-2.3161035895100383e+01
-2.3161035895100383e+01
-2.3161035895100383e+01
-2.3161035895100383e+01
-2.3161035895100383e+01
-2.3161035895100383e+01
-2.0276716552824457e+01
-1.0225106540453188e+01
1.7157566333083283e+00
1.4470051283212710e+01
1.4470051283212710e+01
1.4470051283212710e+01
1.4470051283212710e+01
1.4470051283212706e+01
1.4470051283212706e+01
1.4470051283212703e+01
1.4470051283212703e+01
1.4470051283212703e+01
1.4470051283212706e+01
1.4470051283212708e+01
1.4470051283212708e+01
1.4470051283212708e+01
1.4470051283212708e+01
1.4470051283212706e+01
1.4470051283212706e+01
1.4470051283212706e+01
1.4470051283212705e+01
1.2881485061412310e+01
2.6123452719031226e+00
-9.4000349897452864e+00
-9.4000349897452864e+00
-9.4000349897452864e+00
-9.4000349897452864e+00
-9.4000349897452864e+00
-9.4000349897452864e+00
-9.4000349897452864e+00
-9.4000349897452864e+00
-9.4000349897452864e+00
-9.4000349897452864e+00
-9.4000349897452864e+00
-9.4000349897452864e+00
-9.4000349897452864e+00
-9.4000349897452864e+00
-9.4000349897452864e+00
-9.4000349897452864e+00
-9.4000349897452864e+00
-9.4000349897452864e+00
-9.4000349897452864e+00
-5.2127801021651310e+00
6.2330451780410119e+00
6.2330451780410119e+00
6.2330451780410137e+00
6.2330451780410137e+00
6.2330451780410154e+00
6.2330451780410154e+00
6.2330451780410154e+00
6.2330451780410154e+00
6.2330451780410154e+00
6.2330451780410154e+00
6.2330451780410154e+00
6.2330451780410154e+00
6.2330451780410154e+00
6.2330451780410154e+00
6.2330451780410110e+00
6.2330451780410110e+00
6.2330451780410145e+00
6.2330451780410154e+00
6.2330451780410154e+00
6.2330451780410154e+00
-4.2638114895054180e+00
-4.2638114895054180e+00
-4.2638114895054180e+00
-4.2638114895054180e+00
-4.2638114895054180e+00
-4.2638114895054180e+00
-4.2638114895054180e+00
-4.2638114895054180e+00
-4.2638114895054180e+00
-4.2638114895054180e+00
-4.2638114895054180e+00
-4.2638114895054180e+00
-4.2638114895054180e+00
-4.2638114895054180e+00
-4.2638114895054180e+00
-4.2638114895054180e+00
-4.2638114895054180e+00
-4.2638114895054180e+00
-4.2638114895054180e+00
-4.2638114895054180e+00
2.8023629610975664e+00
2.8023629610975664e+00
2.8023629610975664e+00
2.8023629610975647e+00
2.8023629610975647e+00
2.8023629610975647e+00
2.8023629610975647e+00
2.8023629610975647e+00
2.8023629610975647e+00
2.8023629610975647e+00
2.8023629610975638e+00
2.8023629610975638e+00
2.8023629610975638e+00
2.8023629610975638e+00
2.8023629610975647e+00
2.8023629610975656e+00
2.8023629610975656e+00
2.8023629610975647e+00
2.8023629610975647e+00
2.8023629610975647e+00
-1.9923940991437075e+00
-1.9923940991437075e+00
-1.9923940991437075e+00
-1.9923940991437075e+00
-1.9923940991437075e+00
-1.9923940991437075e+00
-1.9923940991437075e+00
-1.9923940991437075e+00
-1.9923940991437075e+00
-1.9923940991437075e+00
-1.9923940991437075e+00
-1.9923940991437075e+00
-1.9923940991437075e+00
-1.9923940991437075e+00
-1.9923940991437075e+00
-1.9923940991437075e+00
-1.9923940991437075e+00
-1.9923940991437075e+00
-1.9923940991437075e+00
-1.9923940991437075e+00
1.3129699376540405e+00
1.3129699376540405e+00
1.3129699376540396e+00
1.3129699376540400e+00
1.3129699376540396e+00
1.3129699376540396e+00
1.3129699376540387e+00
1.3129699376540382e+00
1.3129699376540382e+00
1.3129699376540385e+00
1.3129699376540387e+00
1.3129699376540387e+00
1.3129699376540387e+00
1.3129699376540387e+00
1.3129699376540387e+00
1.3129699376540387e+00
1.3129699376540387e+00
1.3129699376540380e+00
1.3129699376540380e+00
1.3129699376540376e+00
-9.6961872292481344e-01
-9.6961872292481344e-01
-9.6961872292481344e-01
-9.6961872292481344e-01
-9.6961872292481344e-01
-9.6961872292481344e-01
-9.6961872292481344e-01
-9.6961872292481344e-01
-9.6961872292481344e-01
-9.6961872292481344e-01
-9.6961872292481344e-01
