0.0000000000000000e+00
0.0000000000000000e+00
0.0000000000000000e+00
0.0000000000000000e+00
0.0000000000000000e+00
0.0000000000000000e+00
0.0000000000000000e+00
0.0000000000000000e+00
0.0000000000000000e+00
8.3333333591310605e+00
1.6666666723896064e+01
1.6666666723896064e+01
1.6666666723896110e+01
1.6666666723896117e+01
1.6666666723896142e+01
1.6666666723896132e+01
1.6666666723896125e+01
1.6666666723896114e+01
1.6666666723896089e+01
1.6666666723896100e+01
1.6666666723896068e+01
1.6666666723896086e+01
1.6666666723896082e+01
1.6666666723896057e+01
1.6666666723896039e+01
1.6666666723896057e+01
1.6666666723896078e+01
8.3333333590483409e+00
4.7778983664975919e-08
-8.3333332805177029e+00
-1.6666666613853913e+01
-1.6666666613853941e+01
-1.6666666613853934e+01
-1.6666666613853948e+01
-1.6666666613853913e+01
-1.6666666613853920e+01
-1.6666666613853941e+01
-1.6666666613853941e+01
-1.6666666613853948e+01
-1.6666666613853941e+01
-1.6666666613853941e+01
-1.6666666613853941e+01
-1.6666666613853966e+01
-1.6666666613853970e+01
-1.6666666613853991e+01
-1.6666666613853984e+01
-1.6666426423831979e+01
-8.3333333076448852e+00
4.7928243316612497e-08
8.3333333863240924e+00
1.6666666719656369e+01
1.6666666719656369e+01
1.6666666719656369e+01
1.6666666719656373e+01
1.6666666719656369e+01
1.6666666719656376e+01
1.6666666719656359e+01
1.6666666719656330e+01
1.6666666719656352e+01
1.6666666719656348e+01
1.6666666719656341e+01
1.6666666719656344e+01
1.6666666719656341e+01
1.6666666719656334e+01
1.6666666719656334e+01
1.6666666719656327e+01
1.6666666719656348e+01
8.3333333590188428e+00
4.7751272748438930e-08
-8.3333332805478424e+00
-1.6666666613886672e+01
-1.6666666613886697e+01
-1.6666666613886687e+01
-1.6666666613886679e+01
-1.6666666613886651e+01
-1.6666666613886644e+01
-1.6666666613886658e+01
-1.6666666613886669e+01
-1.6666666613886640e+01
-1.6666666613886623e+01
-1.6666666613886626e+01
-1.6666666613886612e+01
-1.6666666613886587e+01
-1.6666666613886598e+01
-1.6666666613886576e+01
-1.6666666613886569e+01
-1.6666426423881283e+01
-8.3333333076477203e+00
4.7928233583910608e-08
8.3333333863230017e+00
1.6666666719658217e+01
1.6666666719658217e+01
1.6666666719658242e+01
1.6666666719658227e+01
1.6666666719658227e+01
1.6666666719658227e+01
1.6666666719658213e+01
1.6666666719658220e+01
1.6666666719658195e+01
1.6666666719658217e+01
1.6666666719658206e+01
1.6666666719658213e+01
1.6666666719658199e+01
1.6666666719658213e+01
1.6666666719658238e+01
1.6666666719658213e+01
1.6666666719658192e+01
8.3333333590185266e+00
4.7745412660578292e-08
-8.3333332805649434e+00
-1.6666666613905338e+01
-1.6666666613905331e+01
-1.6666666613905321e+01
-1.6666666613905342e+01
-1.6666666613905345e+01
-1.6666666613905338e+01
-1.6666666613905335e+01
-1.6666666613905310e+01
-1.6666666613905331e+01
-1.6666666613905342e+01
-1.6666666613905342e+01
-1.6666666613905356e+01
-1.6666666613905345e+01
-1.6666666613905349e+01
-1.6666666613905360e+01
-1.6666666613905353e+01
-1.6666426423879841e+01
-8.3333333076706957e+00
4.7903550507168057e-08
8.3333333862957275e+00
1.6666666719628122e+01
1.6666666719628147e+01
1.6666666719628150e+01
1.6666666719628147e+01
1.6666666719628164e+01
1.6666666719628143e+01
1.6666666719628111e+01
1.6666666719628083e+01
1.6666666719628083e+01
1.6666666719628058e+01
1.6666666719628079e+01
1.6666666719628093e+01
1.6666666719628118e+01
1.6666666719628100e+01
1.6666666719628118e+01
1.6666666719628118e+01
1.6666666719628090e+01
8.3333333589826317e+00
4.7704703094093764e-08
-8.3333332805964488e+00
-1.6666666613926594e+01
-1.6666666613926598e+01
-1.6666666613926608e+01
-1.6666666613926580e+01
-1.6666666613926601e+01
-1.6666666613926587e+01
-1.6666666613926591e+01
-1.6666666613926584e+01
-1.6666666613926566e+01
-1.6666666613926566e+01
-1.6666666613926566e+01
-1.6666666613926559e+01
-1.6666666613926548e+01
-1.6666666613926548e+01
-1.6666666613926520e+01
-1.6666666613926495e+01
-1.6666426423921273e+01
-8.3333333077143994e+00
4.7855592661640481e-08
8.3333333862440515e+00
1.6666666719578075e+01
1.6666666719578117e+01
1.6666666719578096e+01
1.6666666719578092e+01
1.6666666719578110e+01
1.6666666719578121e+01
1.6666666719578121e+01
1.6666666719578146e+01
1.6666666719578167e+01
1.6666666719578206e+01
1.6666666719578210e+01
1.6666666719578210e+01
1.6666666719578203e+01
1.6666666719578192e+01
1.6666666719578174e+01
1.6666666719578188e+01
1.6666666719578167e+01
8.3333333589579102e+00
4.7688983847710576e-08
-8.3333332806125942e+00
-1.6666666613941750e+01
-1.6666666613941750e+01
-1.6666666613941736e+01
-1.6666666613941761e+01
-1.6666666613941729e+01
-1.6666666613941725e+01
-1.6666666613941736e+01
-1.6666666613941718e+01
-1.6666666613941715e+01
-1.6666666613941718e+01
-1.6666666613941736e+01
