0.0000000000000000e+00
3.6587373701128602e-05
7.3170731707008425e-05
1.0975275142056136e-04
1.4633343293911770e-04
1.8291277636071907e-04
2.1951219512595722e-04
2.5611027442255720e-04
2.9270701435045947e-04
7.4593496078185822e-04
1.1991869953633324e-03
1.1626016291466186e-03
1.1260149243930728e-03
1.0894268810009711e-03
1.0528455313214386e-03
1.0162628433971399e-03
9.7967881713145158e-04
9.4308943375773940e-04
9.0650406790563492e-04
8.6991870204982476e-04
8.3333333619591433e-04
7.9674797034163896e-04
7.6016126595025517e-04
7.2357723863586984e-04
6.8699187288031173e-04
6.5040516858764217e-04
6.1381712565921091e-04
1.6056910712019778e-04
-2.9268292391976670e-04
-7.4593495614017373e-04
-1.1991869886613662e-03
-1.1626016230955455e-03
-1.1260175959690703e-03
-1.0894349071856185e-03
-1.0528455258114089e-03
-1.0162574831707508e-03
-9.7967077916568768e-04
-9.4308942825180515e-04
-9.0650406239701099e-04
-8.6991869654497937e-04
-8.3333333069179460e-04
-7.9674796483882482e-04
-7.6016393742548089e-04
-7.2357723313104061e-04
-6.8699186737437813e-04
-6.5040784005791102e-04
-6.1382515108355260e-04
-1.6056910426358670e-04
2.9268292974659661e-04
7.4593496256863988e-04
1.1991869950885104e-03
1.1626016289337912e-03
1.1260149242424064e-03
1.0894268809149917e-03
1.0528455311085772e-03
1.0162628430582872e-03
9.7967881666591512e-04
9.4308943354532305e-04
9.0650406769184934e-04
8.6991870183706417e-04
8.3333333598347359e-04
7.9674797013006547e-04
7.6016126573835014e-04
7.2357723842428584e-04
6.8699187266973917e-04
6.5040516837751988e-04
6.1381712544904818e-04
1.6056910711842299e-04
-2.9268292392151476e-04
-7.4593495614221766e-04
-1.1991869886629396e-03
-1.1626016230960425e-03
-1.1260175959696493e-03
-1.0894349071852282e-03
-1.0528455258120534e-03
-1.0162574831724788e-03
-9.7967077916890776e-04
-9.4308942825370684e-04
-9.0650406239881445e-04
-8.6991869654628312e-04
-8.3333333069229268e-04
-7.9674796483873440e-04
-7.6016393742533192e-04
-7.2357723312984636e-04
-6.8699186737319429e-04
-6.5040784005664153e-04
-6.1382515108159832e-04
-1.6056910426127225e-04
2.9268292974906268e-04
7.4593496257050699e-04
1.1991869950903921e-03
1.1626016289359230e-03
1.1260149242436381e-03
1.0894268809158712e-03
1.0528455311099726e-03
1.0162628430594226e-03
9.7967881666767348e-04
9.4308943354581625e-04
9.0650406769211475e-04
8.6991870183645572e-04
8.3333333598351294e-04
7.9674797013001581e-04
7.6016126573741675e-04
7.2357723842300789e-04
6.8699187266800142e-04
6.5040516837569951e-04
6.1381712544638463e-04
1.6056910711575461e-04
-2.9268292392399092e-04
-7.4593495614491765e-04
-1.1991869886650781e-03
-1.1626016230983380e-03
-1.1260175959720651e-03
-1.0894349071871854e-03
-1.0528455258136402e-03
-1.0162574831736931e-03
-9.7967077916967364e-04
-9.4308942825626762e-04
-9.0650406240180218e-04
-8.6991869654985091e-04
-8.3333333069585884e-04
-7.9674796484332285e-04
-7.6016393742930053e-04
-7.2357723313439036e-04
-6.8699186737811787e-04
-6.5040784006110052e-04
-6.1382515108676368e-04
-1.6056910426644471e-04
2.9268292974412072e-04
7.4593496256568923e-04
1.1991869950860152e-03
1.1626016289320016e-03
1.1260149242403317e-03
1.0894268809121218e-03
1.0528455311064049e-03
1.0162628430570755e-03
9.7967881666499983e-04
9.4308943354259130e-04
9.0650406768909145e-04
8.6991870183393354e-04
8.3333333598013272e-04
7.9674797012644033e-04
7.6016126573526732e-04
7.2357723842008932e-04
6.8699187266420552e-04
6.5040516837074546e-04
6.1381712544155819e-04
1.6056910711398099e-04
-2.9268292392639627e-04
-7.4593495614658635e-04
-1.1991869886663362e-03
-1.1626016231007436e-03
-1.1260175959747244e-03
-1.0894349071908348e-03
-1.0528455258160760e-03
-1.0162574831757345e-03
-9.7967077917138060e-04
-9.4308942825772337e-04
-9.0650406240390890e-04
-8.6991869655182491e-04
-8.3333333069824094e-04
-7.9674796484475671e-04
-7.6016393743141744e-04
-7.2357723313672573e-04
-6.8699186738006347e-04
-6.5040784006378848e-04
-6.1382515108941043e-04
-1.6056910426878268e-04
2.9268292974214140e-04
7.4593496256327189e-04
1.1991869950840296e-03
1.1626016289298421e-03
1.1260149242379213e-03
1.0894268809100757e-03
1.0528455311037933e-03
1.0162628430534087e-03
9.7967881666122529e-04
9.4308943354046246e-04
9.0650406768718629e-04
8.6991870183189687e-04
8.3333333597856269e-04
7.9674797012377482e-04
7.6016126573269309e-04
7.2357723841785142e-04
6.8699187266245496e-04
6.5040516837027568e-04
6.1381712544233513e-04
1.6056910711400102e-04
-2.9268292392626552e-04
-7.4593495614743441e-04
-1.1991869886673332e-03
-1.1626016231015650e-03
-1.1260175959749257e-03
-1.0894349071911818e-03
-1.0528455258167406e-03
-1.0162574831766797e-03
-9.7967077917289697e-04
-9.4308942825856233e-04
-9.0650406240410394e-04
-8.6991869655252151e-04
-8.3333333069940049e-04
