0.0000000000000000e+00
3.6587373701343939e-05
7.3170731708004156e-05
1.0975275142129264e-04
1.4633343294021648e-04
1.8291277636165446e-04
2.1951219512754031e-04
2.5611027442459593e-04
2.9270701435177624e-04
7.4593496078443960e-04
1.1991869953663272e-03
1.1626016291487796e-03
1.1260149243941696e-03
1.0894268810025961e-03
1.0528455313235554e-03
1.0162628433998048e-03
9.7967881713422627e-04
9.4308943376019826e-04
9.0650406790709036e-04
8.6991870205177372e-04
8.3333333619824298e-04
7.9674797034419019e-04
7.6016126595298563e-04
7.2357723863811490e-04
6.8699187288341645e-04
6.5040516859015871e-04
6.1381712566195307e-04
1.6056910712194906e-04
-2.9268292391824887e-04
-7.4593495613889621e-04
-1.1991869886595987e-03
-1.1626016230929484e-03
-1.1260175959665881e-03
-1.0894349071825793e-03
-1.0528455258084683e-03
-1.0162574831687641e-03
-9.7967077916472013e-04
-9.4308942825079489e-04
-9.0650406239657145e-04
-8.6991869654483018e-04
-8.3333333069102774e-04
-7.9674796483720925e-04
-7.6016393742323030e-04
-7.2357723312832902e-04
-6.8699186737084710e-04
-6.5040784005368675e-04
-6.1382515107837759e-04
-1.6056910426004927e-04
2.9268292975011864e-04
7.4593496257094219e-04
1.1991869950909622e-03
1.1626016289368502e-03
1.1260149242451698e-03
1.0894268809172830e-03
1.0528455311108087e-03
1.0162628430611885e-03
9.7967881666895327e-04
9.4308943354704520e-04
9.0650406769377575e-04
8.6991870183888206e-04
8.3333333598543610e-04
7.9674797013167778e-04
7.6016126574068215e-04
7.2357723842526801e-04
6.8699187267033624e-04
6.5040516837816856e-04
6.1381712544932823e-04
1.6056910712117115e-04
-2.9268292391911710e-04
-7.4593495613932913e-04
-1.1991869886593589e-03
-1.1626016230934801e-03
-1.1260175959668258e-03
-1.0894349071825797e-03
-1.0528455258093372e-03
-1.0162574831696306e-03
-9.7967077916613654e-04
-9.4308942825101357e-04
-9.0650406239601330e-04
-8.6991869654394374e-04
-8.3333333069069663e-04
-7.9674796483728287e-04
-7.6016393742380710e-04
-7.2357723312920256e-04
-6.8699186737252978e-04
-6.5040784005587825e-04
-6.1382515108141520e-04
-1.6056910426027441e-04
2.9268292974965010e-04
7.4593496257153568e-04
1.1991869950919488e-03
1.1626016289378186e-03
1.1260149242472424e-03
1.0894268809195291e-03
1.0528455311129804e-03
1.0162628430622257e-03
9.7967881666966971e-04
9.4308943354872842e-04
9.0650406769586826e-04
8.6991870184004226e-04
8.3333333598665594e-04
7.9674797013296115e-04
7.6016126574052852e-04
7.2357723842579299e-04
6.8699187267044022e-04
6.5040516837790293e-04
6.1381712544901631e-04
1.6056910711938603e-04
-2.9268292391992077e-04
-7.4593495613983361e-04
-1.1991869886600844e-03
-1.1626016230930143e-03
-1.1260175959668193e-03
-1.0894349071827549e-03
-1.0528455258096408e-03
-1.0162574831695144e-03
-9.7967077916568984e-04
-9.4308942825212336e-04
-9.0650406239751742e-04
-8.6991869654592902e-04
-8.3333333069218567e-04
-7.9674796483855019e-04
-7.6016393742406774e-04
-7.2357723313015059e-04
-6.8699186737337925e-04
-6.5040784005665421e-04
-6.1382515108197096e-04
-1.6056910426161993e-04
2.9268292974920606e-04
7.4593496257131472e-04
1.1991869950919972e-03
1.1626016289384602e-03
1.1260149242464531e-03
1.0894268809179309e-03
1.0528455311116349e-03
1.0162628430617562e-03
9.7967881666977900e-04
9.4308943354832770e-04
9.0650406769493151e-04
8.6991870183945495e-04
8.3333333598601615e-04
7.9674797013126730e-04
7.6016126573937763e-04
7.2357723842479476e-04
6.8699187267008753e-04
6.5040516837751902e-04
6.1381712544824186e-04
1.6056910711941097e-04
-2.9268292392065667e-04
-7.4593495614079909e-04
-1.1991869886617155e-03
-1.1626016230949074e-03
-1.1260175959679308e-03
-1.0894349071832548e-03
-1.0528455258100740e-03
-1.0162574831701536e-03
-9.7967077916706873e-04
-9.4308942825182195e-04
-9.0650406239742277e-04
-8.6991869654455111e-04
-8.3333333069063407e-04
-7.9674796483687250e-04
-7.6016393742344725e-04
-7.2357723312975746e-04
-6.8699186737262497e-04
-6.5040784005661420e-04
-6.1382515108231140e-04
-1.6056910426075319e-04
2.9268292974972187e-04
7.4593496257098664e-04
1.1991869950915227e-03
1.1626016289378589e-03
1.1260149242459077e-03
1.0894268809183427e-03
1.0528455311120269e-03
1.0162628430620850e-03
9.7967881666977141e-04
9.4308943354820844e-04
9.0650406769536486e-04
8.6991870184057406e-04
8.3333333598658676e-04
7.9674797013303336e-04
7.6016126574114955e-04
7.2357723842690050e-04
6.8699187267163501e-04
6.5040516837904514e-04
6.1381712545106578e-04
1.6056910712227679e-04
-2.9268292391800975e-04
-7.4593495613841038e-04
-1.1991869886589534e-03
-1.1626016230921765e-03
-1.1260175959659296e-03
-1.0894349071818060e-03
-1.0528455258074416e-03
-1.0162574831677391e-03
-9.7967077916361707e-04
-9.4308942824932645e-04
-9.0650406239558277e-04
-8.6991869654366597e-04
-8.3333333068970024e-04
