0.0000000000000000e+00
-2.5004040254486299e+01
-5.0000000000581849e+01
-7.5000379830981032e+01
-1.0000518072381935e+02
-1.2501440365684152e+02
-1.4999999999954173e+02
-1.7499001510400183e+02
-1.9998444994679846e+02
-2.2500000006220949e+02
-2.4999999997637735e+02
-2.2500000007709838e+02
-2.0000442042034106e+02
-1.7501326002943844e+02
-1.5000000000050198e+02
-1.2499116314746290e+02
-9.9986748491537284e+01
-7.5000000000079524e+01
-5.0000000000170864e+01
-2.5000000000043435e+01
9.7363208406434700e-12
2.4999999999865476e+01
4.9995579757363132e+01
7.5000000000023732e+01
9.9999999022069460e+01
1.2499557780172762e+02
1.4998673731634955e+02
1.7499999993821771e+02
2.0000000001563922e+02
2.2500000001382804e+02
2.5000000001355406e+02
2.2499999991804913e+02
1.9999557860180465e+02
1.7498673508648514e+02
1.4999999999915175e+02
1.2500884662540859e+02
1.0001327398808955e+02
7.4999999999953516e+01
4.9999999999951555e+01
2.5000000000140822e+01
1.7453353913207763e-10
-2.5000000000074145e+01
-5.0004421220704472e+01
-7.5000000000150720e+01
-9.9999999022036519e+01
-1.2500441926481346e+02
-1.5000947409401576e+02
-1.7500000006180775e+02
-1.9999999998491336e+02
-2.2499999998682119e+02
-2.4999999998695660e+02
-2.2500000007756196e+02
-2.0000442041062803e+02
-1.7501326000902600e+02
-1.5000000000082917e+02
-1.2499116316817012e+02
-9.9986748532700275e+01
-7.5000000000171781e+01
-5.0000000000293518e+01
-2.5000000000034500e+01
1.4766140602275138e-10
2.5000000000212168e+01
4.9995579757545272e+01
7.5000000000326082e+01
9.9999999022573718e+01
1.2499557780234890e+02
1.4998673731689925e+02
1.7499999993837972e+02
2.0000000001575077e+02
2.2500000001394449e+02
2.5000000001394579e+02
2.2499999991868233e+02
1.9999557860263843e+02
1.7498673508770000e+02
1.4999999999957805e+02
1.2500884662509927e+02
1.0001327398703076e+02
7.5000000000247070e+01
5.0000000000109466e+01
2.5000000000665885e+01
6.5837452500152642e-10
-2.4999999999434650e+01
-5.0004421220184412e+01
-7.4999999999453365e+01
-9.9999999021256031e+01
-1.2500441926366730e+02
-1.5000947409304354e+02
-1.7500000006090136e+02
-1.9999999998395063e+02
-2.2499999998576769e+02
-2.4999999998597582e+02
-2.2500000007660907e+02
-2.0000442040989367e+02
-1.7501326000865566e+02
-1.5000000000018133e+02
-1.2499116316761767e+02
-9.9986748532161101e+01
-7.5000000000017522e+01
-5.0000000000097501e+01
-2.5000000000014559e+01
1.0607848211799469e-10
2.5000000000017153e+01
4.9995579756839810e+01
7.4999999999521080e+01
9.9999999021706998e+01
1.2499557780139892e+02
1.4998673731567067e+02
1.7499999993710668e+02
2.0000000001466844e+02
2.2500000001301959e+02
2.5000000001318389e+02
2.2499999991793078e+02
1.9999557860159945e+02
1.7498673508668912e+02
1.4999999999886981e+02
1.2500884662477279e+02
1.0001327398703121e+02
7.4999999999046565e+01
4.9999999999035424e+01
2.4999999999062922e+01
-9.2522270340537237e-10
-2.5000000001167322e+01
-5.0004421221674832e+01
-7.5000000001116575e+01
-9.9999999023278434e+01
-1.2500441926577538e+02
-1.5000947409516201e+02
-1.7500000006278432e+02
-1.9999999998567179e+02
-2.2499999998740486e+02
-2.4999999998734336e+02
-2.2500000007790425e+02
-2.0000442041125319e+02
-1.7501326001004969e+02
-1.5000000000131053e+02
-1.2499116316836358e+02
-9.9986748532603528e+01
-7.5000000000941981e+01
-5.0000000001158682e+01
-2.5000000000865672e+01
-7.8736274106020108e-10
2.4999999998827580e+01
4.9995579756108292e+01
7.4999999998895234e+01
9.9999999021201418e+01
1.2499557780079303e+02
1.4998673731542777e+02
1.7499999993670738e+02
2.0000000001416868e+02
2.2500000001258149e+02
2.5000000001262305e+02
2.2499999991708205e+02
1.9999557860113629e+02
1.7498673508620234e+02
1.4999999999877789e+02
1.2500884662459235e+02
1.0001327398669693e+02
7.4999999999199275e+01
4.9999999998829836e+01
2.4999999999497287e+01
-6.0472829051489881e-10
-2.5000000000549552e+01
-5.0004421221377065e+01
-7.5000000000875772e+01
-9.9999999022855988e+01
-1.2500441926555447e+02
-1.5000947409512264e+02
-1.7500000006259248e+02
-1.9999999998551772e+02
-2.2499999998747302e+02
-2.4999999998732142e+02
-2.2500000007779295e+02
-2.0000442041110307e+02
-1.7501326000962757e+02
-1.5000000000119203e+02
-1.2499116316831126e+02
-9.9986748532557755e+01
-7.5000000000851728e+01
-5.0000000001002441e+01
-2.5000000000641339e+01
-6.9855708235049847e-10
2.4999999998976072e+01
4.9995579756217793e+01
7.4999999998833715e+01
9.9999999021096116e+01
1.2499557780083873e+02
1.4998673731581150e+02
1.7499999993714511e+02
2.0000000001445747e+02
2.2500000001252977e+02
2.5000000001249219e+02
2.2499999991703328e+02
1.9999557860081580e+02
1.7498673508552599e+02
1.4999999999817146e+02
1.2500884662406487e+02
1.0001327398628659e+02
7.4999999998585196e+01
4.9999999998372168e+01
2.4999999998559723e+01
-1.5228942706299101e-09
