0.0000000000000000e+00
-1.1435251490559345e-03
-2.8432682771993189e-10
-1.1427257784964796e-03
-4.5720922838406010e-03
-1.0288490104847770e-02
1.4267533232796497e-09
8.0024650404145591e-03
1.3718511226194413e-02
1.5110632106533783e-08
1.9530067939464735e-07
4.5752641792247565e-08
-2.2864935389092611e-03
-6.8590336009563459e-03
1.2526617640824323e-09
4.5714747559400032e-03
6.8557780137394556e-03
5.6325313377154808e-10
8.9026929015129041e-10
3.6011852116016689e-10
3.5017984874058006e-10
1.3376862454626654e-10
-2.2863898649662521e-03
5.9564439242792144e-10
-3.8974512943991817e-07
-2.2871699390706723e-03
-6.8599498388984843e-03
1.5398310591960615e-08
1.5901664743907437e-07
1.7231771326493760e-07
1.7201514001680257e-07
4.6867342334191458e-08
-2.2868587731492023e-03
-6.8609358512829628e-03
5.7917723705378105e-10
4.5753279419530170e-03
6.8646562283271682e-03
3.6526997186404085e-10
6.3160531841464279e-10
2.0598492767845504e-10
1.0072216598907988e-10
-1.4471328237513830e-10
-2.2867807649004099e-03
1.2178859813093149e-11
3.9085201671969186e-07
-2.2859990631566773e-03
-8.7533657651347203e-03
1.5232989109657777e-08
1.5890050865230221e-07
1.7222953944713072e-07
1.7207449858452112e-07
4.5194334782611580e-08
-2.2864715230979395e-03
-6.8589881484776485e-03
6.6549250486782195e-10
4.5714285536092164e-03
6.8556860245061685e-03
2.7324671241803715e-10
2.7107014900794603e-10
3.6758243593095535e-11
1.4459994542993450e-10
2.0193663277549968e-10
-2.2863898891553555e-03
6.9043032143586347e-10
-3.8930890346129925e-07
-2.2871692204616996e-03
-6.8599491977943778e-03
1.5477491517851950e-08
1.5907555552222142e-07
1.7234816204097221e-07
1.7232225639139728e-07
4.7450339621760045e-08
-2.2868581096672945e-03
-6.8609347839455621e-03
1.0053748629026805e-09
4.5753278155981035e-03
6.8646554065571637e-03
5.0418920093620596e-10
7.9246892848170000e-10
6.5568065629670888e-10
6.8504037229628754e-10
6.1107404222742714e-10
-2.2867800657603355e-03
9.8507540267666780e-10
3.9180421396984313e-07
-2.2859979634671226e-03
-8.7533644164633859e-03
1.6276873850210148e-08
1.5992214077978562e-07
1.7325109929791981e-07
1.7303017551576949e-07
4.6149378953074987e-08
-2.2864707004130558e-03
-6.8589876066045526e-03
1.4238385572422819e-09
4.5714291175663439e-03
6.8556866568452940e-03
5.0470470068092668e-10
5.4975651301257632e-10
-7.0772546355915514e-11
2.4422165869097010e-10
1.9601758498707055e-10
-2.2863904350369762e-03
1.4001109882382615e-11
-3.9017162617992295e-07
-2.2871701596574169e-03
-6.8599504345305063e-03
1.4136753919799463e-08
1.5793340804262036e-07
1.7136144305313362e-07
1.7155388847705043e-07
4.6740106452303743e-08
-2.2868589858320754e-03
-6.8609355686470004e-03
4.2592869460122106e-10
4.5753275128388657e-03
6.8646553764535366e-03
-5.4991048686250138e-10
-3.5452180373198404e-10
-8.8662358301048828e-10
-8.0635028085578361e-10
-1.1531944562795946e-09
-2.2867815184397290e-03
-7.1287315621754227e-10
3.8988040767459471e-07
-2.2859998085648673e-03
-8.7533667035489347e-03
1.4307433243814296e-08
1.5815130519944046e-07
1.7159175520237002e-07
1.7165470922146864e-07
4.4929559721692719e-08
-2.2864719913769172e-03
-6.8589890400522708e-03
1.5618212694316232e-10
4.5714283447666863e-03
6.8556859674026131e-03
-4.7351850884771312e-10
-4.5611895689973657e-10
-8.3648979016495581e-10
-7.8940523315484330e-10
-1.1020379753501290e-09
-2.2863911535433564e-03
-8.1039226165514484e-10
-3.9108962247705287e-07
-2.2871714660324892e-03
-6.8599515738113495e-03
1.3762423552094944e-08
1.5739705600908949e-07
1.7092860655817818e-07
1.7102346827604329e-07
4.5819727452634738e-08
-2.2868597424760191e-03
-6.8609365136280322e-03
-6.0599997081823382e-11
4.5753270656674790e-03
6.8646548763161720e-03
-6.6648316596490949e-10
-7.5228204167696001e-10
-8.8282202424424362e-10
-9.4443082871415807e-10
-9.4859368239805924e-10
-2.2867816756229151e-03
-9.6193367127759619e-10
3.8982404616653615e-07
-2.2860001653628916e-03
-8.7533668666698768e-03
1.4335997798840544e-08
1.5819429828253267e-07
1.7141879762136710e-07
1.7159197641745051e-07
4.4891099627333502e-08
-2.2864719937259166e-03
-6.8589888196278108e-03
4.8063402051576391e-11
4.5714279569590514e-03
6.8556855266529186e-03
-6.2489052127994334e-10
-5.2900550313042215e-10
-8.0496579502166794e-10
-7.3475423045539715e-10
-1.0960467285529092e-09
-2.2863911077769345e-03
-7.6097065366929297e-10
-3.9100646466543839e-07
-2.2871709649424595e-03
-6.8599506615384673e-03
1.4208867120316207e-08
1.5770428116384064e-07
1.7084695568816733e-07
1.7085403408159822e-07
4.5718377255812815e-08
-2.2868598687562553e-03
-6.8609368620768940e-03
-3.7579018352610637e-10
4.5753266979802146e-03
6.8646544963710532e-03
-1.0429886415476112e-09
-9.7751082354365291e-10
-1.4840660858232309e-09
-1.6336922373733308e-09
