0.0000000000000000e+00
0.0000000000000000e+00
0.0000000000000000e+00
0.0000000000000000e+00
0.0000000000000000e+00
0.0000000000000000e+00
0.0000000000000000e+00
2.6540396420477745e+00
1.0511461428441052e+01
1.8284494004710375e+01
2.5967910744154096e+01
2.5967910744154086e+01
2.5967910744154103e+01
2.5967910744154054e+01
2.5967910744154040e+01
2.5967910744154054e+01
2.5967910744154050e+01
2.5967910744154018e+01
2.5967910744154040e+01
2.5967910744154068e+01
2.5967910744154047e+01
2.5967910744154047e+01
2.5967910744154036e+01
2.5967910744154086e+01
2.5967910744154096e+01
2.5967910744154132e+01
2.5967910744154125e+01
2.5967910744154167e+01
2.4274332080528850e+01
1.5632737070039507e+01
7.0378124773879920e+00
-1.5084321918820720e+00
-9.9968945331370573e+00
-1.8418213857852393e+01
-1.8418213857852376e+01
-1.8418213857852365e+01
-1.8418213857852358e+01
-1.8418213857852411e+01
-1.8418213857852393e+01
-1.8418213857852383e+01
-1.8418213857852368e+01
-1.8418213857852354e+01
-1.8418213857852351e+01
-1.8418213857852326e+01
-1.8418213857852326e+01
-1.8418213857852329e+01
-1.8418213857852368e+01
-1.8418213857852340e+01
-1.8418213857852333e+01
-1.8418213857852358e+01
-1.2291757815224337e+01
-3.3899699994615635e+00
5.4610899406875779e+00
1.4263968088263699e+01
1.4263968088263697e+01
1.4263968088263693e+01
1.4263968088263734e+01
1.4263968088263725e+01
1.4263968088263715e+01
1.4263968088263740e+01
1.4263968088263759e+01
1.4263968088263740e+01
1.4263968088263749e+01
1.4263968088263738e+01
1.4263968088263754e+01
1.4263968088263759e+01
1.4263968088263770e+01
1.4263968088263745e+01
1.4263968088263727e+01
1.4263968088263724e+01
1.4263968088263709e+01
6.4786520213806904e+00
-2.6037022201402342e+00
-1.1633609553927471e+01
-1.1633609553927462e+01
-1.1633609553927453e+01
-1.1633609553927460e+01
-1.1633609553927453e+01
-1.1633609553927435e+01
-1.1633609553927428e+01
-1.1633609553927426e+01
-1.1633609553927430e+01
-1.1633609553927434e+01
-1.1633609553927435e+01
-1.1633609553927419e+01
-1.1633609553927405e+01
-1.1633609553927387e+01
-1.1633609553927400e+01
-1.1633609553927400e+01
-1.1633609553927393e+01
-1.1633609553927378e+01
-8.5938523078915008e+00
6.3633161205224009e-01
9.8242867200132160e+00
9.8242867200132213e+00
9.8242867200132444e+00
9.8242867200132409e+00
9.8242867200132462e+00
9.8242867200132196e+00
9.8242867200132231e+00
9.8242867200132338e+00
9.8242867200132373e+00
9.8242867200132267e+00
9.8242867200132125e+00
9.8242867200132089e+00
9.8242867200132107e+00
9.8242867200132196e+00
9.8242867200132000e+00
9.8242867200131858e+00
9.8242867200131805e+00
9.8242867200131698e+00
9.8242867200131663e+00
8.0708570102796928e-01
-8.4907281066945597e+00
-8.4907281066945544e+00
-8.4907281066945632e+00
-8.4907281066945650e+00
-8.4907281066945721e+00
-8.4907281066945668e+00
-8.4907281066945632e+00
-8.4907281066945597e+00
-8.4907281066945650e+00
-8.4907281066945721e+00
-8.4907281066945774e+00
-8.4907281066945792e+00
-8.4907281066945597e+00
-8.4907281066945508e+00
-8.4907281066945330e+00
-8.4907281066945384e+00
-8.4907281066945384e+00
-8.4907281066945348e+00
-8.4907281066945544e+00
-1.8957218536029807e+00
7.4989879869622653e+00
7.4989879869622618e+00
7.4989879869622733e+00
7.4989879869622698e+00
7.4989879869622591e+00
7.4989879869622600e+00
7.4989879869622644e+00
7.4989879869622609e+00
7.4989879869622573e+00
7.4989879869622555e+00
7.4989879869622555e+00
7.4989879869622547e+00
7.4989879869622582e+00
7.4989879869622555e+00
7.4989879869622582e+00
7.4989879869622609e+00
7.4989879869622627e+00
7.4989879869622680e+00
7.4989879869622600e+00
2.7547862163663659e+00
-6.7050044757329008e+00
-6.7050044757328946e+00
-6.7050044757328946e+00
-6.7050044757328928e+00
-6.7050044757328813e+00
-6.7050044757328822e+00
-6.7050044757328831e+00
-6.7050044757328768e+00
-6.7050044757328733e+00
-6.7050044757328715e+00
-6.7050044757328635e+00
-6.7050044757328591e+00
-6.7050044757328546e+00
-6.7050044757328635e+00
-6.7050044757328520e+00
-6.7050044757328608e+00
-6.7050044757328777e+00
-6.7050044757328893e+00
-6.7050044757329079e+00
-3.4495642229769201e+00
6.0624218280146014e+00
6.0624218280145978e+00
6.0624218280145907e+00
6.0624218280145961e+00
6.0624218280146032e+00
6.0624218280145996e+00
6.0624218280146120e+00
6.0624218280146192e+00
6.0624218280146085e+00
6.0624218280146120e+00
6.0624218280145969e+00
6.0624218280145952e+00
6.0624218280145907e+00
6.0624218280145907e+00
6.0624218280145907e+00
6.0624218280145774e+00
6.0624218280145792e+00
6.0624218280145774e+00
6.0624218280145898e+00
4.0237474516993759e+00
-5.5306064345199157e+00
-5.5306064345199193e+00
-5.5306064345199282e+00
-5.5306064345199317e+00
-5.5306064345199299e+00
-5.5306064345199406e+00
-5.5306064345199379e+00
-5.5306064345199388e+00
-5.5306064345199317e+00
-5.5306064345199308e+00
-5.5306064345199246e+00
