0.0000000000000000e+00
0.0000000000000000e+00
0.0000000000000000e+00
0.0000000000000000e+00
0.0000000000000000e+00
0.0000000000000000e+00
0.0000000000000000e+00
2.6540396420506998e+00
1.0511461428445891e+01
1.8284494004718141e+01
2.5967910744155375e+01
2.5967910744155365e+01
2.5967910744155347e+01
2.5967910744155322e+01
2.5967910744155322e+01
2.5967910744155333e+01
2.5967910744155319e+01
2.5967910744155290e+01
2.5967910744155319e+01
2.5967910744155326e+01
2.5967910744155311e+01
2.5967910744155322e+01
2.5967910744155311e+01
2.5967910744155358e+01
2.5967910744155382e+01
2.5967910744155400e+01
2.5967910744155400e+01
2.5967910744155422e+01
2.4274332080533497e+01
1.5632737070053881e+01
7.0378124774096475e+00
-1.5084321918529098e+00
-9.9968945331059000e+00
-1.8418213857824711e+01
-1.8418213857824693e+01
-1.8418213857824689e+01
-1.8418213857824679e+01
-1.8418213857824728e+01
-1.8418213857824703e+01
-1.8418213857824686e+01
-1.8418213857824679e+01
-1.8418213857824661e+01
-1.8418213857824647e+01
-1.8418213857824622e+01
-1.8418213857824632e+01
-1.8418213857824643e+01
-1.8418213857824671e+01
-1.8418213857824650e+01
-1.8418213857824639e+01
-1.8418213857824668e+01
-1.2291757815205328e+01
-3.3899699994487253e+00
5.4610899406991340e+00
1.4263968088272865e+01
1.4263968088272867e+01
1.4263968088272859e+01
1.4263968088272897e+01
1.4263968088272883e+01
1.4263968088272879e+01
1.4263968088272925e+01
1.4263968088272938e+01
1.4263968088272922e+01
1.4263968088272934e+01
1.4263968088272925e+01
1.4263968088272964e+01
1.4263968088272977e+01
1.4263968088272968e+01
1.4263968088272975e+01
1.4263968088272961e+01
1.4263968088272957e+01
1.4263968088272946e+01
6.4786520213865124e+00
-2.6037022201344553e+00
-1.1633609553923174e+01
-1.1633609553923165e+01
-1.1633609553923161e+01
-1.1633609553923165e+01
-1.1633609553923177e+01
-1.1633609553923163e+01
-1.1633609553923151e+01
-1.1633609553923156e+01
-1.1633609553923158e+01
-1.1633609553923158e+01
-1.1633609553923156e+01
-1.1633609553923140e+01
-1.1633609553923126e+01
-1.1633609553923108e+01
-1.1633609553923122e+01
-1.1633609553923119e+01
-1.1633609553923117e+01
-1.1633609553923092e+01
-8.5938523078883300e+00
6.3633161205746691e-01
9.8242867200162785e+00
9.8242867200162873e+00
9.8242867200163069e+00
9.8242867200162980e+00
9.8242867200163069e+00
9.8242867200162873e+00
9.8242867200162873e+00
9.8242867200162927e+00
9.8242867200162944e+00
9.8242867200162944e+00
9.8242867200162785e+00
9.8242867200162785e+00
9.8242867200162856e+00
9.8242867200162962e+00
9.8242867200162820e+00
9.8242867200162678e+00
9.8242867200162589e+00
9.8242867200162429e+00
9.8242867200162465e+00
8.0708570100912980e-01
-8.4907281067204305e+00
-8.4907281067204252e+00
-8.4907281067204359e+00
-8.4907281067204394e+00
-8.4907281067204412e+00
-8.4907281067204359e+00
-8.4907281067204341e+00
-8.4907281067204359e+00
-8.4907281067204377e+00
-8.4907281067204448e+00
-8.4907281067204572e+00
-8.4907281067204536e+00
-8.4907281067204359e+00
-8.4907281067204217e+00
-8.4907281067204057e+00
-8.4907281067204110e+00
-8.4907281067204110e+00
-8.4907281067204092e+00
-8.4907281067204181e+00
-1.8957218536116507e+00
7.4989879869650604e+00
7.4989879869650569e+00
7.4989879869650666e+00
7.4989879869650666e+00
7.4989879869650489e+00
7.4989879869650506e+00
7.4989879869650631e+00
7.4989879869650693e+00
7.4989879869650675e+00
7.4989879869650569e+00
7.4989879869650613e+00
7.4989879869650711e+00
7.4989879869650764e+00
7.4989879869650835e+00
7.4989879869650800e+00
7.4989879869650951e+00
7.4989879869650968e+00
7.4989879869650977e+00
7.4989879869650853e+00
2.7547862163820627e+00
-6.7050044757125091e+00
-6.7050044757125065e+00
-6.7050044757125065e+00
-6.7050044757125047e+00
-6.7050044757124940e+00
-6.7050044757124976e+00
-6.7050044757124994e+00
-6.7050044757124931e+00
-6.7050044757124896e+00
-6.7050044757124851e+00
-6.7050044757124798e+00
-6.7050044757124745e+00
-6.7050044757124745e+00
-6.7050044757124825e+00
-6.7050044757124772e+00
-6.7050044757124789e+00
-6.7050044757124958e+00
-6.7050044757125011e+00
-6.7050044757125153e+00
-3.4495642229597889e+00
6.0624218280276185e+00
6.0624218280276168e+00
6.0624218280276150e+00
6.0624218280276212e+00
6.0624218280276292e+00
6.0624218280276274e+00
6.0624218280276398e+00
6.0624218280276461e+00
6.0624218280276381e+00
6.0624218280276327e+00
6.0624218280276194e+00
6.0624218280276159e+00
6.0624218280276114e+00
6.0624218280276141e+00
6.0624218280276123e+00
6.0624218280276052e+00
6.0624218280276132e+00
6.0624218280276061e+00
6.0624218280276212e+00
4.0237474517096121e+00
-5.5306064345100516e+00
-5.5306064345100543e+00
-5.5306064345100721e+00
-5.5306064345100756e+00
-5.5306064345100738e+00
-5.5306064345100792e+00
-5.5306064345100783e+00
-5.5306064345100783e+00
-5.5306064345100703e+00
-5.5306064345100694e+00
-5.5306064345100658e+00
