0.0000000000000000e+00
4.3902439024113607e-05
8.7802950709303909e-05
1.3170731707518754e-04
1.7560975593118927e-04
2.1951026744867558e-04
2.6340885179541770e-04
4.7888622741017097e-04
1.0881595973926414e-03
1.7617662869116677e-03
2.5166530327417136e-03
2.5020870971981836e-03
2.4875209494847278e-03
2.4667571425735415e-03
2.4373919492193179e-03
2.3960972334194372e-03
2.3522957094326206e-03
2.3082923553844497e-03
2.2643899163610828e-03
2.2204855498295321e-03
2.1765850383181169e-03
2.1326825994673966e-03
2.0887801602672991e-03
2.0776968532486132e-03
2.0337932071789544e-03
1.9898919751999838e-03
1.9459888158187505e-03
1.9020837288655479e-03
1.7769768313390126e-03
1.2812673397596297e-03
7.4363717322499859e-04
1.5533725663034964e-04
-4.9484639857974458e-04
-1.2224837216939081e-03
-1.1786389990067791e-03
-1.1347961985948933e-03
-1.0908341285796482e-03
-1.0468739911428751e-03
-1.0030292505213362e-03
-9.5918643217669233e-04
-9.1522437248119386e-04
-8.7132193345172714e-04
-8.2741949442756923e-04
-7.8351705540317235e-04
-7.3961461637845043e-04
-6.9571410469301907e-04
-6.5180973832792131e-04
-6.0790729947123577e-04
-5.6400678795417612e-04
-5.2010820360765377e-04
-1.4429654232235703e-04
4.3335354837376966e-04
1.0709305525017799e-03
1.7843747880623656e-03
1.7405398279272634e-03
1.6967029462040966e-03
1.6527349432462098e-03
1.6087650070182910e-03
1.5649300651887897e-03
1.5210276261705862e-03
1.4771232596442238e-03
1.4332227481248575e-03
1.3893203092659860e-03
1.3454178700745287e-03
1.3015154310496149e-03
1.2576110645170537e-03
1.2137105530034996e-03
1.1698081141499155e-03
1.1259037477867604e-03
1.0819974537471405e-03
1.0381007969107283e-03
5.4407939993430447e-04
-8.6576818281749020e-05
-7.9082818900617056e-04
-7.4698233793631542e-04
-7.0313840924037755e-04
-6.5917746659715864e-04
-6.1521845643346248e-04
-5.7137258853960757e-04
-5.2752864302215091e-04
-4.8356771049924512e-04
-4.3966527147057920e-04
-3.9576283244652276e-04
-3.5186039342222580e-04
-3.0795795439716555e-04
-2.6405744271242471e-04
-2.2015307634766000e-04
-1.7625063749154851e-04
-1.3235012597414574e-04
-8.8451541627541561e-05
-4.4543320244029723e-05
1.7091458733080688e-04
7.9632199070297735e-04
1.4948055126782693e-03
1.4509684945817536e-03
1.4071295547161036e-03
1.3631636104261976e-03
1.3191957330474613e-03
1.2753587323702889e-03
1.2314562933514325e-03
1.1875519268242619e-03
1.1436514153051647e-03
1.0997489764460341e-03
1.0558465372541668e-03
1.0119440982302131e-03
9.6803973169740391e-04
9.2413922018278567e-04
8.8023678133043444e-04
8.3633241496845691e-04
7.9242612092893705e-04
7.4852946409332058e-04
7.0463088025597329e-04
1.0280154403981008e-04
-5.9114436979543965e-04
-5.4733405675753348e-04
-5.0352566297873040e-04
-4.5952918502148866e-04
-4.1562674598895577e-04
-3.7172623429625195e-04
-3.2782764977398851e-04
-2.8391942890885357e-04
-2.4001698989243366e-04
-1.9611455086951399e-04
-1.5221211184509868e-04
-1.0830967282093813e-04
-6.4409161137223871e-05
-2.0504794771507296e-05
2.3397644085306434e-05
6.7298155603071096e-05
1.1119673995025231e-04
1.5510496133203905e-04
1.9901125486564164e-04
6.4554856661964142e-04
1.3373599292271273e-03
1.2934583919213787e-03
1.2495549271860991e-03
1.2056495348522207e-03
1.1617510689718878e-03
1.1178506759313193e-03
1.0739483555619897e-03
1.0300437518919760e-03
9.8614131286943723e-04
9.4223887384154315e-04
8.9833643481669612e-04
8.5443399579234489e-04
8.1052962925897928e-04
7.6662911774520921e-04
7.2272667889161342e-04
6.7882231252882925e-04
6.3491601848854654e-04
5.9101936165345450e-04
5.4712077781714696e-04
2.1657435412570397e-04
-4.7264949800433233e-04
-4.2875074465370067e-04
-3.8485391831899116e-04
-3.4095901883102425e-04
-2.9704343372359250e-04
-2.5312977711038900e-04
-2.0921804882195513e-04
-1.6533611665644224e-04
-1.2143367763093428e-04
-7.7531238607677724e-05
-3.3628799582887474e-05
1.0273639441253075e-05
5.4174151125873222e-05
9.8078517491368040e-05
1.4198095634861363e-04
1.8588146786629819e-04
2.2978005221341947e-04
2.7368827359597374e-04
3.1759456713085870e-04
5.5654700280371192e-04
1.2436840714005841e-03
1.1997918778302512e-03
1.1558977576505585e-03
1.1120017106939395e-03
1.0680845550418989e-03
1.0241654705884346e-03
9.8027967698692911e-04
9.3637723796195728e-04
8.9247287142839380e-04
8.4857235991273787e-04
8.0466992088582857e-04
7.6076748186166556e-04
7.1686311532856591e-04
6.7296260381452826e-04
6.2906016496084335e-04
5.8515579859842889e-04
5.4124950455730332e-04
4.9735284772368590e-04
4.5345426388819103e-04
2.8823267533839423e-04
-3.9714857579674313e-04
-3.5326273931526354e-04
-3.0937882871674542e-04
-2.6549684383103927e-04
-2.2155542824900943e-04
-1.7761594343059195e-04
-1.3375055020440081e-04
-8.9848111178578833e-05
-4.5947599492215702e-05
-2.0432331272467824e-06
4.1859205895393583e-05
