0.0000000000000000e+00
4.3902439023827479e-05
8.7802950709171148e-05
1.3170731707541747e-04
1.7560975593188170e-04
2.1951026744898978e-04
2.6340885179599146e-04
4.7888622741078647e-04
1.0881595973930942e-03
1.7617662869124401e-03
2.5166530327417041e-03
2.5020870971985618e-03
2.4875209494850553e-03
2.4667571425740615e-03
2.4373919492201098e-03
2.3960972334199256e-03
2.3522957094339065e-03
2.3082923553849103e-03
2.2643899163615443e-03
2.2204855498295867e-03
2.1765850383176698e-03
2.1326825994665388e-03
2.0887801602671855e-03
2.0776968532490942e-03
2.0337932071802494e-03
1.9898919752010594e-03
1.9459888158193976e-03
1.9020837288656861e-03
1.7769768313403345e-03
1.2812673397613202e-03
7.4363717322677007e-04
1.5533725663291050e-04
-4.9484639857709848e-04
-1.2224837216916189e-03
-1.1786389990045901e-03
-1.1347961985927713e-03
-1.0908341285773900e-03
-1.0468739911410523e-03
-1.0030292505188434e-03
-9.5918643217441334e-04
-9.1522437247978515e-04
-8.7132193345049104e-04
-8.2741949442663508e-04
-7.8351705540193712e-04
-7.3961461637788719e-04
-6.9571410469303999e-04
-6.5180973832696027e-04
-6.0790729946974867e-04
-5.6400678795135296e-04
-5.2010820360429426e-04
-1.4429654232094160e-04
4.3335354837554884e-04
1.0709305525038750e-03
1.7843747880643918e-03
1.7405398279289434e-03
1.6967029462058624e-03
1.6527349432481123e-03
1.6087650070204028e-03
1.5649300651907057e-03
1.5210276261724597e-03
1.4771232596453661e-03
1.4332227481257715e-03
1.3893203092672315e-03
1.3454178700756001e-03
1.3015154310513028e-03
1.2576110645180340e-03
1.2137105530043654e-03
1.1698081141498671e-03
1.1259037477871602e-03
1.0819974537467131e-03
1.0381007969116518e-03
5.4407939993589836e-04
-8.6576818279613169e-05
-7.9082818900433110e-04
-7.4698233793459251e-04
-7.0313840923835887e-04
-6.5917746659519938e-04
-6.1521845643116419e-04
-5.7137258853747863e-04
-5.2752864301979765e-04
-4.8356771049749522e-04
-4.3966527146795147e-04
-3.9576283244411415e-04
-3.5186039341980667e-04
-3.0795795439527351e-04
-2.6405744271051478e-04
-2.2015307634544007e-04
-1.7625063748845450e-04
-1.3235012597156469e-04
-8.8451541625101347e-05
-4.4543320242088839e-05
1.7091458733189008e-04
7.9632199070472107e-04
1.4948055126794912e-03
1.4509684945821979e-03
1.4071295547160715e-03
1.3631636104264153e-03
1.3191957330476016e-03
1.2753587323703402e-03
1.2314562933512651e-03
1.1875519268243425e-03
1.1436514153051690e-03
1.0997489764474990e-03
1.0558465372553995e-03
1.0119440982304540e-03
9.6803973169753814e-04
9.2413922018347988e-04
8.8023678133078757e-04
8.3633241496861097e-04
7.9242612092865570e-04
7.4852946409230902e-04
7.0463088025472104e-04
1.0280154403799710e-04
-5.9114436979698485e-04
-5.4733405675861822e-04
-5.0352566297914478e-04
-4.5952918502245615e-04
-4.1562674599027107e-04
-3.7172623429713401e-04
-3.2782764977438349e-04
-2.8391942890893044e-04
-2.4001698989178203e-04
-1.9611455086841585e-04
-1.5221211184436335e-04
-1.0830967281947328e-04
-6.4409161135415950e-05
-2.0504794769765908e-05
2.3397644087254529e-05
6.7298155603943879e-05
1.1119673995077846e-04
1.5510496133346952e-04
1.9901125486889795e-04
6.4554856662179909e-04
1.3373599292294397e-03
1.2934583919241628e-03
1.2495549271894051e-03
1.2056495348553914e-03
1.1617510689742652e-03
1.1178506759333964e-03
1.0739483555635922e-03
1.0300437518954977e-03
9.8614131287268333e-04
9.4223887384496327e-04
8.9833643482059512e-04
8.5443399579599301e-04
8.1052962926225899e-04
7.6662911774875661e-04
7.2272667889599555e-04
6.7882231253405412e-04
6.3491601849436437e-04
5.9101936165722449e-04
5.4712077782010596e-04
2.1657435413063901e-04
-4.7264949800045859e-04
-4.2875074464912083e-04
-3.8485391831457114e-04
-3.4095901882698755e-04
-2.9704343371944706e-04
-2.5312977710493405e-04
-2.0921804881553823e-04
-1.6533611665204008e-04
-1.2143367762610719e-04
-7.7531238603937430e-05
-3.3628799579081701e-05
1.0273639445682260e-05
5.4174151130289869e-05
9.8078517496104784e-05
1.4198095635312711e-04
1.8588146787004072e-04
2.2978005221708245e-04
2.7368827359951475e-04
3.1759456713417874e-04
5.5654700280731038e-04
1.2436840714041661e-03
1.1997918778339359e-03
1.1558977576554218e-03
1.1120017106979010e-03
1.0680845550455219e-03
1.0241654705920790e-03
9.8027967699005486e-04
9.3637723796438817e-04
8.9247287143105671e-04
8.4857235991590374e-04
8.0466992088924414e-04
7.6076748186509760e-04
7.1686311533218649e-04
6.7296260381777577e-04
6.2906016496414171e-04
5.8515579860165504e-04
5.4124950456165011e-04
4.9735284772656836e-04
4.5345426389037618e-04
2.8823267534140132e-04
-3.9714857579312574e-04
-3.5326273931221683e-04
-3.0937882871301923e-04
-2.6549684382640100e-04
-2.2155542824550193e-04
-1.7761594342823313e-04
-1.3375055020050955e-04
-8.9848111174003364e-05
-4.5947599487254528e-05
-2.0432331237162381e-06
4.1859205898498223e-05
