0.0000000000000000e+00
-1.8340564644258472e-10
-3.2930203535822336e-03
4.5392811636290846e-10
6.7533783615857425e-07
-3.2916693905807436e-03
-9.8777093169620592e-03
-4.0665401773316667e-05
-8.7520286206331239e-04
-9.0235321038397188e-03
-1.3177834272562364e-02
8.0451025161887698e-09
1.2814130355129554e-02
-1.4035085877726123e-08
-1.9376171806825326e-02
-2.5328624426910099e-08
1.7362400339222941e-02
-2.3688169131189645e-08
-5.1940348375661631e-09
-3.2923322854623684e-03
4.3530826799444794e-10
-6.8688098189611139e-07
2.3949386582252142e-11
-2.3453449072002439e-10
-2.0618073996162166e-03
-2.8275051865388471e-10
-1.2309610809343591e-03
-5.7540152390302083e-03
1.8358080094277063e-06
5.8973648447892811e-04
3.0120269102040646e-03
3.9365540740473525e-03
5.1399761777234333e-03
6.8449516616703853e-03
1.2716092841586398e-06
-1.0128776872872140e-02
-7.6748304853545503e-09
6.8297573871560881e-03
-9.5438012228010157e-09
-1.0116143595882327e-02
-7.3378543434163454e-09
-2.0977572668285937e-09
2.3179132844078061e-10
2.7083091064922382e-10
3.6642165136505426e-10
-3.2930197307454888e-03
8.9544677951718168e-10
6.7612618788794474e-07
-3.2916686706459717e-03
-9.8777086807300164e-03
-6.4478344160879620e-04
-7.7456881487369478e-05
-8.6808442429483091e-03
-1.2755576218194264e-02
1.1290167337843637e-06
9.4718725796098541e-03
-1.1028198283911234e-08
-1.2771305562530781e-02
-8.3501728024221213e-09
-2.4873486640692905e-09
-3.2923421096660113e-03
8.2245121347328569e-10
-6.7618423641481403e-07
5.8987745395613381e-10
4.6811421250244271e-10
-3.2923449646239276e-03
1.2224804172268974e-09
-6.7289516015609088e-07
-3.2936927150335202e-03
-9.8783833052184002e-03
2.1216884634966506e-09
1.3418969097061515e-03
9.8707063597554349e-06
6.8838512162692775e-03
1.1200636641670247e-06
-1.0168159923517951e-02
-6.9639944480004243e-09
6.8693229319613837e-03
-8.8957367343610292e-09
-1.0155888552624575e-02
-6.7403347890210653e-09
-2.1053460162166140e-09
-2.6664617384523245e-11
-2.1555816269391768e-12
1.1762382127871081e-10
-3.2930202301462764e-03
8.2691232198228626e-11
6.7514295023750089e-07
-3.2916698473855295e-03
-9.8777099530534245e-03
1.4274140320654382e-09
-5.3834347628222818e-05
-1.3447840506777100e-03
-1.2280398557926066e-02
1.0392021813351395e-06
8.9963456884057397e-03
-1.0763421339104754e-08
-1.2295608247188578e-02
-7.8055294255331856e-09
-2.4026793284647403e-09
-3.2923424850428151e-03
7.6638904455179349e-10
-6.7609885254212506e-07
4.4929654101059502e-10
5.2907002445761563e-10
-3.2923450548806399e-03
8.8001437779528947e-10
-6.7265086031303371e-07
-3.2936921397997386e-03
-9.8783826204278495e-03
2.8314643173033774e-09
6.5840184121377637e-03
2.9300616925284637e-03
1.1337209721476517e-02
1.0539426483982909e-06
-1.4617628336518886e-02
-1.9760011510991779e-08
-5.1134181201118776e-09
-3.2930107451339206e-03
-9.8797117079764806e-03
2.4784515654168011e-09
6.3939233046784399e-10
2.5980212937001971e-10
1.8480817044156958e-10
1.9695584910906582e-10
-3.2930205004959813e-03
1.7115950747726138e-10
6.7547080893438102e-07
-3.2916694461345309e-03
-9.8777093451827558e-03
1.5167664559902499e-09
6.5867153405623751e-03
-1.4379660622658305e-03
-1.6803017503235873e-04
1.0006435613835837e-06
-3.1222285429560758e-03
-9.5370434094687317e-03
1.0821837507374109e-09
6.2425044738070746e-03
9.1911421407335960e-03
-3.8484355697686116e-10
4.5404575595950884e-11
-5.1043291205708558e-10
-5.5304191983679464e-10
-6.5095438223998450e-10
-3.2923464424127399e-03
-2.5349718758370968e-10
-6.7412968210845804e-07
-3.2936936235543239e-03
-9.8783841865926307e-03
1.2071719118596097e-09
6.5840170839382680e-03
2.6011335365372200e-04
4.5403376473027250e-04
1.0272292171105601e-06
-3.7445795332230790e-03
-1.0783461062372404e-02
1.5279815106659489e-09
7.4916281980065740e-03
1.1690744476036262e-02
4.4323387875519728e-11
3.3113890601604992e-10
-2.5617058158033363e-10
-1.3297676074124599e-10
-8.8156874265011172e-12
-3.2930204895824868e-03
1.1348981471295460e-10
6.7537692936911608e-07
-3.2916694437985939e-03
-9.8777093948269681e-03
1.6958060199248136e-09
6.5867159328210703e-03
-9.2299212670630840e-05
-1.9152063055937201e-03
9.7379577005299335e-07
-1.3742160621585849e-03
-6.0401014777236740e-03
2.0903647826259074e-10
2.7437804625059597e-03
-8.7624661551637429e-10
-7.2781377222359997e-11
-3.2923447701695271e-03
5.6220843699482134e-10
-1.1510175656345643e-10
-9.5832137156657894e-11
-3.2923458826655217e-03
1.8668444969357608e-10
-6.7377066874471467e-07
-3.2936934189995637e-03
-9.8783841853094367e-03
1.6202402021678667e-09
6.5840174831921453e-03
9.7298962222901332e-06
2.0531419562250532e-03
1.0034245041941441e-06
-5.3422658127553002e-03
-1.3977339790230608e-02
9.8453726491789127e-10
1.0682565077658109e-02
-2.2356805850385755e-09
-5.0642437677403848e-10
-3.2930190353442908e-03
-1.3766858477053116e-10
-4.7158314715565738e-10
