0.0000000000000000e+00
2.9999999999987818e+01
6.0003073678470926e+01
9.0000000000806153e+01
1.1999999898594511e+02
1.5000307164916887e+02
1.8000921900603146e+02
2.0999990219381110e+02
2.3999797442268249e+02
2.6997953671136412e+02
2.9997095976552015e+02
2.9000000002112830e+02
2.8002938025385987e+02
2.6585786439043528e+02
2.4581748380882743e+02
2.1757359315017123e+02
1.8761940185849659e+02
1.5757359315732100e+02
1.2757359313335608e+02
9.7576665772695122e+01
6.7573593129522081e+01
3.7573594164549533e+01
7.5735931288274116e+00
2.1914741195227341e-11
2.9998075737804271e+01
5.9999999999653795e+01
8.9998850962510161e+01
1.1999462964172700e+02
1.4999999314124452e+02
1.7999770456878389e+02
2.0998804608751320e+02
2.3998395238724896e+02
2.6997829649392844e+02
2.9996968190028667e+02
2.6999999649066115e+02
2.4002724281122880e+02
2.0999999999300579e+02
1.7996967909810130e+02
1.4999999998402859e+02
1.2002725260321907e+02
8.9999999993157942e+01
5.9999999996730224e+01
3.0000000000031548e+01
3.5657175487175040e-11
2.9999999999975458e+01
6.0003073678371265e+01
9.0000000000614364e+01
1.1999999898583035e+02
1.5000307164925908e+02
1.8000921900614219e+02
2.0999842882024348e+02
2.3999981589552559e+02
2.6997970799984085e+02
2.9997090139405873e+02
2.7000000302810986e+02
2.4003217285934264e+02
2.1000000001641388e+02
1.7997090532034611e+02
1.5000000000705779e+02
1.2000000000350479e+02
9.0003072663045245e+01
6.0000000000786464e+01
3.0000001016572565e+01
1.1118557238778985e-10
2.9999999999910177e+01
5.9996927336740626e+01
8.9999999999297941e+01
1.1999999898379187e+02
1.4999692530535106e+02
1.7999077997856949e+02
2.0999999999704653e+02
2.3999468075733506e+02
2.6999995919770913e+02
2.9997050545074069e+02
2.6999999691145837e+02
2.4002641992917017e+02
2.0999999999366619e+02
1.7997050215489199e+02
1.4999999998507988e+02
1.2002642937520223e+02
8.9999999993830812e+01
5.9999999996858215e+01
2.9999999999875900e+01
1.2723403253175227e-10
3.0000000000270539e+01
6.0003073678640895e+01
9.0000000000874550e+01
1.1999999898607636e+02
1.5000307164950678e+02
1.8000921900644568e+02
2.1000000000327799e+02
2.3999986825995262e+02
2.6999683290525513e+02
2.9997167373892307e+02
2.7000000278894720e+02
2.4003140013866627e+02
2.1000000001591621e+02
1.7997167793714667e+02
1.5000000000692270e+02
1.2000000000344011e+02
9.0003072663368343e+01
6.0000000001041442e+01
3.0000001016861518e+01
3.7266277306980148e-10
2.9999999999602757e+01
5.9996927336241718e+01
8.9999999998896442e+01
1.1999999898331437e+02
1.4999692530482184e+02
1.7999077997812716e+02
2.0999999999644976e+02
2.4000614430610761e+02
2.6998809314725185e+02
2.9995215921267356e+02
2.6999999709556658e+02
2.4004476977015466e+02
2.0999999997759443e+02
1.7999999999163845e+02
1.4999692632727550e+02
1.1999077796899940e+02
8.9999999996671178e+01
5.9999999999473644e+01
2.9999999999851859e+01
1.4962574971341303e-10
3.0000000000182915e+01
6.0003073678464055e+01
9.0000000000777234e+01
1.1999999898612128e+02
1.5000307164954052e+02
1.8000921900651679e+02
2.1000000000322026e+02
2.3999385163308401e+02
2.6999656004687569e+02
2.9999961188631460e+02
2.7000000268640065e+02
2.4000346608960180e+02
2.1001000108118185e+02
1.8000000000347009e+02
1.4999307475455603e+02
1.1998922431850157e+02
9.0000000001121407e+01
6.0000000001664105e+01
3.0000000000148535e+01
1.0446830543085234e-10
2.9999999999937227e+01
5.9996927336760336e+01
8.9999999999350251e+01
1.1999999898393091e+02
1.4999692530550365e+02
1.7999077997878678e+02
2.0999999999705025e+02
2.4000614430660863e+02
2.6999897430576408e+02
2.9999808263282881e+02
2.6999999716767934e+02
2.3999883836337102e+02
2.0999460520464754e+02
1.7999999999800659e+02
1.5000232348084543e+02
1.2000157463852555e+02
8.9999999999988773e+01
5.9999999999539163e+01
2.9999999999761208e+01
1.9746794132042977e-10
3.0000000000382652e+01
6.0003073678824613e+01
9.0000000001124477e+01
1.1999999898654693e+02
1.5000307164997835e+02
1.8000921900696761e+02
2.1000000000363363e+02
2.3999385163336530e+02
2.6999977600235223e+02
2.9999555646062942e+02
2.7000000261422667e+02
2.4000752074481215e+02
2.1001810983811342e+02
1.8000000000680339e+02
1.4998496725654934e+02
1.2000000000381466e+02
9.0000000002137440e+01
6.0003072663842794e+01
3.0000000001074262e+01
3.6491370703256262e-11
2.9999999999684157e+01
5.9996927336217439e+01
8.9999999999008836e+01
1.1999999898372330e+02
1.4999692530526065e+02
1.7999077997872939e+02
2.0999999999654335e+02
2.4000614430549982e+02
2.6999996231584430e+02
2.9999138834593526e+02
2.6999999723238278e+02
2.4000553396425934e+02
2.1000799752678699e+02
1.8000000000045804e+02
1.4998892879361136e+02
1.1999999999890366e+02
9.0000000000086956e+01
5.9996926322886935e+01
2.9999999999010697e+01
5.3049217557230763e-11
