0.0000000000000000e+00
0.0000000000000000e+00
0.0000000000000000e+00
0.0000000000000000e+00
0.0000000000000000e+00
0.0000000000000000e+00
0.0000000000000000e+00
-7.9999999781112807e+00
-1.8666164949181244e+01
-2.9333333161851240e+01
-3.9999999872252118e+01
-3.9999999872252154e+01
-3.9999999872252182e+01
-3.9999999872252225e+01
-3.9999999872252232e+01
-3.9999999872252275e+01
-3.9999999872252360e+01
-3.9999999872252289e+01
-3.9999999872252310e+01
-3.9999999872252324e+01
-3.9999999872252261e+01
-3.9999999872252218e+01
-3.9999999872252161e+01
-3.4666666662350011e+01
-2.3999999995744641e+01
-1.3333333190900136e+01
-2.6666665242338929e+00
8.0000001424310554e+00
1.8666666809098352e+01
2.9333333475763993e+01
4.0000000142423488e+01
4.0000000142423573e+01
4.0000000142423588e+01
4.0000000142423588e+01
4.0000000142423559e+01
4.0000000142423488e+01
4.0000000142423396e+01
4.0000000142423417e+01
4.0000000142423403e+01
4.0000000142423410e+01
4.0000000142423403e+01
4.0000000142423453e+01
4.0000000142423438e+01
3.4666666670978088e+01
2.4000000004363017e+01
1.3333333475021183e+01
2.6666668083599592e+00
-7.9999998583165262e+00
-1.8666666524982549e+01
-2.9333333191652770e+01
-3.9999999858316585e+01
-3.9999999858316649e+01
-3.9999999858316649e+01
-3.9999999858316649e+01
-3.9999999858316642e+01
-3.9999999858316620e+01
-3.9999999858316663e+01
-3.9999999858316670e+01
-3.9999999858316684e+01
-3.9999999858316642e+01
-3.9999999858316713e+01
-3.9999999858316727e+01
-3.9999999858316748e+01
-3.4666666662380109e+01
-2.3999999995768000e+01
-1.3333333190929501e+01
-2.6666665242617920e+00
8.0000001423992675e+00
1.8666666809068744e+01
2.9333333475742982e+01
4.0000000142409746e+01
4.0000000142409711e+01
4.0000000142409775e+01
4.0000000142409725e+01
4.0000000142409718e+01
4.0000000142409689e+01
4.0000000142409654e+01
4.0000000142409633e+01
4.0000000142409661e+01
4.0000000142409647e+01
4.0000000142409668e+01
4.0000000142409668e+01
4.0000000142409661e+01
3.4666666670989500e+01
2.4000000004393875e+01
1.3333333475060664e+01
2.6666668084039817e+00
-7.9999998582609431e+00
-1.8666666524936257e+01
-2.9333333191606883e+01
-3.9999999858275430e+01
-3.9999999858275380e+01
-3.9999999858275402e+01
-3.9999999858275444e+01
-3.9999999858275423e+01
-3.9999999858275430e+01
-3.9999999858275416e+01
-3.9999999858275366e+01
-3.9999999858275345e+01
-3.9999999858275416e+01
-3.9999999858275444e+01
-3.9999999858275501e+01
-3.9999999858275473e+01
-3.4666666662345612e+01
-2.3999999995749434e+01
-1.3333333190920090e+01
-2.6666665242485683e+00
8.0000001424182265e+00
1.8666666809081018e+01
2.9333333475745988e+01
4.0000000142409696e+01
4.0000000142409739e+01
4.0000000142409704e+01
4.0000000142409675e+01
4.0000000142409718e+01
4.0000000142409647e+01
4.0000000142409668e+01
4.0000000142409725e+01
4.0000000142409760e+01
4.0000000142409760e+01
4.0000000142409775e+01
4.0000000142409768e+01
4.0000000142409732e+01
3.4666666670988512e+01
2.4000000004389790e+01
1.3333333475057335e+01
2.6666668084028959e+00
-7.9999998582683460e+00
-1.8666666524929148e+01
-2.9333333191598399e+01
-3.9999999858264061e+01
-3.9999999858264047e+01
-3.9999999858264125e+01
-3.9999999858264097e+01
-3.9999999858264019e+01
-3.9999999858264012e+01
-3.9999999858263983e+01
-3.9999999858264005e+01
-3.9999999858263998e+01
-3.9999999858263990e+01
-3.9999999858263969e+01
-3.9999999858264012e+01
-3.9999999858263983e+01
-3.4666666662359987e+01
-2.3999999995772029e+01
-1.3333333190938436e+01
-2.6666665242664953e+00
8.0000001423935565e+00
1.8666666809062239e+01
2.9333333475730591e+01
4.0000000142390782e+01
4.0000000142390874e+01
4.0000000142390846e+01
4.0000000142390860e+01
4.0000000142390803e+01
4.0000000142390888e+01
4.0000000142390846e+01
4.0000000142390874e+01
4.0000000142390881e+01
4.0000000142390931e+01
4.0000000142390917e+01
4.0000000142391002e+01
4.0000000142391023e+01
3.4666666670961689e+01
2.4000000004356096e+01
1.3333333475023831e+01
2.6666668083551555e+00
-7.9999998583165652e+00
-1.8666666524988585e+01
-2.9333333191654454e+01
-3.9999999858316990e+01
-3.9999999858316968e+01
-3.9999999858316940e+01
-3.9999999858316940e+01
-3.9999999858316940e+01
-3.9999999858316883e+01
-3.9999999858316819e+01
-3.9999999858316862e+01
-3.9999999858316855e+01
-3.9999999858316848e+01
-3.9999999858316983e+01
-3.9999999858316954e+01
-3.9999999858316954e+01
-3.4666666662394633e+01
-2.3999999995795378e+01
-1.3333333190956974e+01
-2.6666665242800209e+00
8.0000001423849323e+00
1.8666666809054952e+01
2.9333333475723421e+01
4.0000000142385360e+01
4.0000000142385304e+01
4.0000000142385282e+01
4.0000000142385247e+01
4.0000000142385161e+01
4.0000000142385119e+01
4.0000000142385083e+01
4.0000000142385069e+01
4.0000000142384977e+01
4.0000000142385105e+01
4.0000000142385133e+01
