0.0000000000000000e+00
0.0000000000000000e+00
0.0000000000000000e+00
0.0000000000000000e+00
0.0000000000000000e+00
0.0000000000000000e+00
0.0000000000000000e+00
-7.9999999781205720e+00
-1.8666164949195505e+01
-2.9333333161877530e+01
-3.9999999872284249e+01
-3.9999999872284278e+01
-3.9999999872284327e+01
-3.9999999872284413e+01
-3.9999999872284413e+01
-3.9999999872284469e+01
-3.9999999872284562e+01
-3.9999999872284519e+01
-3.9999999872284533e+01
-3.9999999872284533e+01
-3.9999999872284477e+01
-3.9999999872284455e+01
-3.9999999872284434e+01
-3.4666666662384948e+01
-2.3999999995788034e+01
-1.3333333190953500e+01
-2.6666665242856196e+00
8.0000001423786440e+00
1.8666666809049421e+01
2.9333333475714625e+01
4.0000000142377552e+01
4.0000000142377665e+01
4.0000000142377694e+01
4.0000000142377665e+01
4.0000000142377651e+01
4.0000000142377623e+01
4.0000000142377608e+01
4.0000000142377608e+01
4.0000000142377601e+01
4.0000000142377608e+01
4.0000000142377594e+01
4.0000000142377665e+01
4.0000000142377687e+01
3.4666666670954093e+01
2.4000000004371874e+01
1.3333333475049217e+01
2.6666668083949943e+00
-7.9999998582753591e+00
-1.8666666524935049e+01
-2.9333333191604254e+01
-3.9999999858262782e+01
-3.9999999858262846e+01
-3.9999999858262875e+01
-3.9999999858262875e+01
-3.9999999858262868e+01
-3.9999999858262846e+01
-3.9999999858262903e+01
-3.9999999858262903e+01
-3.9999999858262903e+01
-3.9999999858262889e+01
-3.9999999858262960e+01
-3.9999999858262953e+01
-3.9999999858262996e+01
-3.4666666662341989e+01
-2.3999999995753356e+01
-1.3333333190913686e+01
-2.6666665242422782e+00
8.0000001424203013e+00
1.8666666809079484e+01
2.9333333475745974e+01
4.0000000142409228e+01
4.0000000142409185e+01
4.0000000142409277e+01
4.0000000142409228e+01
4.0000000142409228e+01
4.0000000142409242e+01
4.0000000142409156e+01
4.0000000142409142e+01
4.0000000142409156e+01
4.0000000142409156e+01
4.0000000142409142e+01
4.0000000142409135e+01
4.0000000142409107e+01
3.4666666670979716e+01
2.4000000004375330e+01
1.3333333475039439e+01
2.6666668083769407e+00
-7.9999998582887404e+00
-1.8666666524959446e+01
-2.9333333191627254e+01
-3.9999999858294473e+01
-3.9999999858294444e+01
-3.9999999858294473e+01
-3.9999999858294530e+01
-3.9999999858294466e+01
-3.9999999858294480e+01
-3.9999999858294444e+01
-3.9999999858294402e+01
-3.9999999858294380e+01
-3.9999999858294451e+01
-3.9999999858294487e+01
-3.9999999858294544e+01
-3.9999999858294487e+01
-3.4666666662363468e+01
-2.3999999995762117e+01
-1.3333333190929039e+01
-2.6666665242537162e+00
8.0000001424085063e+00
1.8666666809075291e+01
2.9333333475734996e+01
4.0000000142406556e+01
4.0000000142406570e+01
4.0000000142406478e+01
4.0000000142406449e+01
4.0000000142406456e+01
4.0000000142406421e+01
4.0000000142406492e+01
4.0000000142406563e+01
4.0000000142406606e+01
4.0000000142406627e+01
4.0000000142406570e+01
4.0000000142406570e+01
4.0000000142406535e+01
3.4666666670976653e+01
2.4000000004371060e+01
1.3333333475032918e+01
2.6666668083760046e+00
-7.9999998582980698e+00
-1.8666666524973103e+01
-2.9333333191647775e+01
-3.9999999858313714e+01
-3.9999999858313707e+01
-3.9999999858313736e+01
-3.9999999858313714e+01
-3.9999999858313629e+01
-3.9999999858313650e+01
-3.9999999858313622e+01
-3.9999999858313629e+01
-3.9999999858313636e+01
-3.9999999858313622e+01
-3.9999999858313643e+01
-3.9999999858313664e+01
-3.9999999858313643e+01
-3.4666666662393467e+01
-2.3999999995787853e+01
-1.3333333190943929e+01
-2.6666665242720895e+00
8.0000001423957237e+00
1.8666666809064083e+01
2.9333333475730115e+01
4.0000000142392572e+01
4.0000000142392643e+01
4.0000000142392636e+01
4.0000000142392643e+01
4.0000000142392551e+01
4.0000000142392615e+01
4.0000000142392615e+01
4.0000000142392658e+01
4.0000000142392651e+01
4.0000000142392679e+01
4.0000000142392665e+01
4.0000000142392679e+01
4.0000000142392700e+01
3.4666666670970727e+01
2.4000000004373870e+01
1.3333333475043210e+01
2.6666668083810050e+00
-7.9999998582937959e+00
-1.8666666524959904e+01
-2.9333333191623147e+01
-3.9999999858292696e+01
-3.9999999858292668e+01
-3.9999999858292654e+01
-3.9999999858292675e+01
-3.9999999858292668e+01
-3.9999999858292597e+01
-3.9999999858292526e+01
-3.9999999858292540e+01
-3.9999999858292540e+01
-3.9999999858292512e+01
-3.9999999858292639e+01
-3.9999999858292618e+01
-3.9999999858292625e+01
-3.4666666662379868e+01
-2.3999999995786343e+01
-1.3333333190947036e+01
-2.6666665242704024e+00
8.0000001423967575e+00
1.8666666809061585e+01
2.9333333475729233e+01
4.0000000142392402e+01
4.0000000142392395e+01
4.0000000142392317e+01
4.0000000142392260e+01
4.0000000142392153e+01
4.0000000142392132e+01
4.0000000142392054e+01
4.0000000142392096e+01
4.0000000142392018e+01
4.0000000142392118e+01
4.0000000142392118e+01
