0.0000000000000000e+00
1.5609756097462781e-04
3.1217075930369399e-04
4.6829268292201162e-04
6.2439023629096829e-04
7.8046342701669122e-04
9.3651226270246126e-04
1.8926829243457103e-03
3.1153715559669387e-03
4.3382113634509705e-03
5.5609755959687528e-03
5.4048780345553700e-03
5.2487561028889051e-03
5.0926097933593891e-03
4.9365853530659084e-03
4.7805365653470220e-03
4.6243902311257036e-03
4.4682926701497781e-03
4.3121707389211670e-03
4.1560975481988258e-03
3.9999999872268408e-03
3.8439024262515126e-03
3.6877804950222991e-03
2.9983739832516775e-03
1.7756097556174094e-03
5.5284551303355070e-04
-6.6991871460911172e-04
-1.8926829422511080e-03
-3.1154471698935809e-03
-4.3382113975362104e-03
-5.5609756251781125e-03
-5.4048780643799581e-03
-5.2488048662284242e-03
-5.0927560231191840e-03
-4.9365853801098918e-03
-4.7804391225617741e-03
-4.6243902581471685e-03
-4.4682926971718970e-03
-4.3122194988413787e-03
-4.1560975752191797e-03
-4.0000000142399843e-03
-3.8439024532650216e-03
-3.6878292549347817e-03
-2.9983739842284977e-03
-1.7756097565940487e-03
-5.5284554380004823e-04
6.6991868384159178e-04
1.8926829114844924e-03
3.1154471391262278e-03
4.3382113667688252e-03
5.5609755944102356e-03
5.4048780331563632e-03
5.2487561016490306e-03
5.0926097922785055e-03
4.9365853516658868e-03
4.7805365636280394e-03
4.6243902297261807e-03
4.4682926687511755e-03
4.3121707375225688e-03
4.1560975467995077e-03
3.9999999858270040e-03
3.8439024248512884e-03
3.6877804936218581e-03
2.9983739832495572e-03
1.7756097556150510e-03
5.5284551303050984e-04
-6.6991871461223563e-04
-1.8926829422539057e-03
-3.1154471698960993e-03
-4.3382113975392435e-03
-5.5609756251814822e-03
-5.4048780643838829e-03
-5.2488048662326474e-03
-5.0927560231225216e-03
-4.9365853801125164e-03
-4.7804391225638983e-03
-4.6243902581500178e-03
-4.4682926971741834e-03
-4.3122194988451934e-03
-4.1560975752236579e-03
-4.0000000142438779e-03
-3.8439024532694551e-03
-3.6878292549409057e-03
-2.9983739842336541e-03
-1.7756097565990417e-03
-5.5284554380370297e-04
6.6991868383769462e-04
1.8926829114798488e-03
3.1154471391228295e-03
4.3382113667654772e-03
5.5609755944079249e-03
5.4048780331539103e-03
5.2487561016469689e-03
5.0926097922763354e-03
4.9365853516634729e-03
4.7805365636256359e-03
4.6243902297238770e-03
4.4682926687487903e-03
4.3121707375208089e-03
4.1560975467976758e-03
3.9999999858265148e-03
3.8439024248496699e-03
3.6877804936214027e-03
2.9983739832485099e-03
1.7756097556139014e-03
5.5284551303052913e-04
-6.6991871461237397e-04
-1.8926829422548832e-03
-3.1154471698969827e-03
-4.3382113975379312e-03
-5.5609756251807701e-03
-5.4048780643832974e-03
-5.2488048662311642e-03
-5.0927560231207305e-03
-4.9365853801117375e-03
-4.7804391225639339e-03
-4.6243902581495355e-03
-4.4682926971738547e-03
-4.3122194988440580e-03
-4.1560975752231045e-03
-4.0000000142438224e-03
-3.8439024532690665e-03
-3.6878292549395266e-03
-2.9983739842333254e-03
-1.7756097565985022e-03
-5.5284554380341630e-04
6.6991868383718071e-04
1.8926829114800921e-03
3.1154471391225953e-03
4.3382113667653965e-03
5.5609755944074444e-03
5.4048780331528885e-03
5.2487561016459454e-03
5.0926097922757811e-03
4.9365853516628623e-03
4.7805365636249516e-03
4.6243902297240956e-03
4.4682926687486003e-03
4.3121707375203310e-03
4.1560975467969247e-03
3.9999999858259545e-03
3.8439024248491105e-03
3.6877804936208181e-03
2.9983739832482479e-03
1.7756097556141626e-03
5.5284551302989325e-04
-6.6991871461307751e-04
-1.8926829422548940e-03
-3.1154471698974524e-03
-4.3382113975395974e-03
-5.5609756251816808e-03
-5.4048780643846132e-03
-5.2488048662324158e-03
-5.0927560231220645e-03
-4.9365853801120203e-03
-4.7804391225644196e-03
-4.6243902581501921e-03
-4.4682926971744696e-03
-4.3122194988445195e-03
-4.1560975752234454e-03
-4.0000000142434815e-03
-3.8439024532686316e-03
-3.6878292549394499e-03
-2.9983739842326372e-03
-1.7756097565980982e-03
-5.5284554380359108e-04
6.6991868383878739e-04
1.8926829114818669e-03
3.1154471391247203e-03
4.3382113667669239e-03
5.5609755944092580e-03
5.4048780331549867e-03
5.2487561016478111e-03
5.0926097922771394e-03
4.9365853516652189e-03
4.7805365636281408e-03
4.6243902297258156e-03
4.4682926687493853e-03
4.3121707375220353e-03
4.1560975467984642e-03
3.9999999858264801e-03
3.8439024248512811e-03
3.6877804936219943e-03
2.9983739832501002e-03
1.7756097556158273e-03
5.5284551303173282e-04
-6.6991871461183025e-04
-1.8926829422543047e-03
-3.1154471698971401e-03
-4.3382113975389824e-03
-5.5609756251806617e-03
-5.4048780643837857e-03
-5.2488048662315163e-03
-5.0927560231212908e-03
-4.9365853801120619e-03
-4.7804391225633241e-03
-4.6243902581474816e-03
-4.4682926971706489e-03
-4.3122194988400760e-03
-4.1560975752195708e-03
-4.0000000142395176e-03
