0.0000000000000000e+00
1.5121951219441315e-04
3.0241616050564606e-04
4.5365853658257439e-04
6.0487804186173369e-04
7.5607468325923340e-04
9.0724846768815203e-04
1.6252032514074530e-03
2.8097560972696585e-03
3.9943089295742997e-03
5.1788617751021872e-03
5.0276422626635148e-03
4.8763998794249079e-03
4.7251346184678826e-03
4.5739837273415969e-03
4.4228099861696275e-03
4.2715447029611367e-03
4.1203251907660924e-03
3.9690828077716010e-03
3.8178861663757035e-03
3.6666666541834902e-03
3.5154471419876349e-03
3.3642047589925749e-03
3.2130081175942011e-03
3.0617886123149940e-03
2.9105462362376692e-03
2.7592809824445392e-03
2.6081300688041605e-03
2.4569563051107654e-03
2.3057596844553159e-03
2.1545401999241839e-03
2.3056910432029685e-03
2.4568190433563201e-03
2.6081300687852849e-03
2.7594182026521646e-03
2.9105690931977451e-03
3.0617886053961405e-03
3.2129852537107900e-03
3.3642276297886878e-03
3.5154471350692523e-03
3.6666666541817412e-03
3.8178861663772899e-03
3.9690828146890789e-03
4.1203251907651348e-03
4.2715446960442313e-03
4.4227413374412442e-03
4.5739151218701056e-03
4.7252032395351329e-03
4.8764684725678201e-03
5.0277108278901196e-03
5.1789303124213874e-03
5.0276791583660149e-03
4.8764051239383720e-03
4.7252401352249609e-03
4.5740522922042464e-03
4.4228011108409940e-03
4.2715815986419346e-03
4.1203392156443450e-03
3.9691425742480642e-03
3.8179230689705940e-03
3.6667035498613608e-03
3.5154840376659668e-03
3.3642416546714390e-03
3.2130450132729321e-03
3.0618255079933295e-03
2.9105831319151429e-03
2.7593178781217635e-03
2.6081669644826702e-03
2.4569932007910441e-03
2.3057965801359264e-03
2.1545770956065738e-03
2.3057279388815871e-03
2.4568559390309732e-03
2.6081669644650589e-03
2.7594550983369428e-03
2.9106059888775486e-03
3.0618255010762424e-03
3.2130221493905488e-03
3.3642645254677202e-03
3.5154840307483485e-03
3.6667035498621032e-03
3.8179230620560894e-03
3.9691197103678593e-03
4.1203620864432985e-03
4.2715815917211278e-03
4.4227782331179508e-03
4.5739520175466751e-03
4.7252401352132307e-03
4.8765053682479605e-03
5.0277477235725898e-03
5.1789672081060702e-03
5.0277119012873597e-03
4.8764337128398517e-03
4.7252728781441034e-03
4.5740891903952542e-03
4.4228338537613647e-03
4.2716143415624458e-03
4.1203719585643827e-03
3.9691753171687792e-03
3.8179558118923663e-03
3.6667362927828530e-03
3.5155167805882587e-03
3.3642743975935310e-03
3.2130777561947296e-03
3.0618582509143628e-03
2.9106158748370579e-03
2.7593506210437744e-03
2.6081997074048268e-03
2.4570259437131448e-03
2.3058293230595809e-03
2.1546098385305571e-03
2.3057606818048396e-03
2.4568886819540995e-03
2.6081997073894468e-03
2.7594878412613840e-03
2.9106387318004407e-03
3.0618582440003145e-03
3.2130548923154849e-03
3.3642972683932959e-03
3.5155167736740621e-03
3.6667362927866099e-03
3.8179558049825390e-03
3.9691524532941627e-03
4.1203948293693071e-03
4.2716143346477001e-03
4.4228109760447876e-03
4.5739847604732327e-03
4.7252728781402896e-03
4.8765381111745857e-03
5.0277804664993000e-03
5.1789999510326416e-03
5.0277409588630490e-03
4.8764590839500601e-03
4.7253019357172488e-03
4.5741219355475513e-03
4.4228629113370046e-03
4.2716433991392463e-03
4.1204010161418007e-03
3.9692043747459474e-03
3.8179848694682491e-03
3.6667653503586087e-03
3.5155458381627971e-03
3.3643034551682684e-03
3.2131068137692628e-03
3.0618873084893284e-03
2.9106449324125660e-03
2.7593796786183288e-03
2.6082287649794172e-03
2.4570550012875275e-03
2.3058583806337004e-03
2.1546388961040264e-03
2.3057897393783315e-03
2.4569177395288360e-03
2.6082287649627075e-03
2.7595168988335701e-03
2.9106677893746546e-03
3.0618873015733016e-03
3.2130839498886242e-03
3.3643263259663693e-03
3.5155458312475427e-03
3.6667653503605051e-03
3.8179848625546032e-03
3.9691815108661814e-03
4.1204238869409528e-03
4.2716433922187500e-03
4.4228400336167638e-03
4.5740138180451646e-03
4.7253019357115086e-03
4.8765671687455679e-03
5.0278095240680791e-03
5.1790290085997857e-03
5.0277667458828454e-03
4.8764815994328629e-03
4.7253277227352038e-03
4.5741509950897215e-03
4.4228886983553499e-03
4.2716691861581961e-03
4.1204268031612883e-03
3.9692301617657967e-03
3.8180106564887177e-03
3.6667911373788335e-03
3.5155716251837493e-03
3.3643292421887327e-03
3.2131326007903359e-03
3.0619130955106886e-03
2.9106707194328594e-03
2.7594054656388295e-03
2.6082545520002293e-03
2.4570807883083686e-03
2.3058841676538880e-03
2.1546646831242565e-03
2.3058155263975515e-03
2.4569435265464749e-03
2.6082545519815824e-03
2.7595426858545054e-03
2.9106935763942134e-03
3.0619130885921790e-03
3.2131097369072492e-03
3.3643521129852706e-03
3.5155716182652835e-03
3.6667911373772615e-03
