0.0000000000000000e+00
-4.5365853658268081e-05
-9.0733765470475946e-05
-1.3609756097298259e-04
-1.8146341444393643e-04
-2.2683132606843238e-04
-2.7220129603309779e-04
-6.0089430863669946e-04
-1.1629268291246375e-03
-1.7249593420106139e-03
-2.2869918623352439e-03
-2.2416260093513843e-03
-2.1962622143350805e-03
-2.1509004770993044e-03
-2.1055284490327625e-03
-2.0601584794943785e-03
-2.0147967417234935e-03
-1.9694308880647544e-03
-1.9240670923735092e-03
-1.8786991807476052e-03
-1.8333333270914417e-03
-1.7879674734329557e-03
-1.7426036777410975e-03
-1.6972357661141314e-03
-1.6518699126407709e-03
-1.6065061171354996e-03
-1.5611443794100546e-03
-1.5157723514735279e-03
-1.4704023820648559e-03
-1.4250344709968289e-03
-1.3796686180826876e-03
-1.4250406435229045e-03
-1.4704147276774944e-03
-1.5157723514626438e-03
-1.5611320326548860e-03
-1.6065040587938829e-03
-1.6518699124546832e-03
-1.6972378242701420e-03
-1.7426016197741295e-03
-1.7879674732460098e-03
-1.8333333270939948e-03
-1.8786991807519637e-03
-1.9240670925647799e-03
-1.9694308880670733e-03
-2.0147967415366963e-03
-2.0601646531603632e-03
-2.1055346231249757e-03
-2.1508943026942460e-03
-2.1962560398579964e-03
-2.2416198348032246e-03
-2.2869856877147090e-03
-2.2416444572055279e-03
-2.1963052824298815e-03
-2.1509127505284866e-03
-2.1055222790150640e-03
-2.0601810432226992e-03
-2.0148151895642663e-03
-1.9694513938731881e-03
-1.9240834822471049e-03
-1.8787176287755390e-03
-1.8333517749316629e-03
-1.7879859212727876e-03
-1.7426221255811265e-03
-1.6972542139538855e-03
-1.6518883604801000e-03
-1.6065245649742074e-03
-1.5611628272479906e-03
-1.5157907993116129e-03
-1.4704208299029351e-03
-1.4250529188356315e-03
-1.3796870659219271e-03
-1.4250590913615271e-03
-1.4704331755153453e-03
-1.5157907993006699e-03
-1.5611504804931872e-03
-1.6065225066316602e-03
-1.6518883602925664e-03
-1.6972562721080473e-03
-1.7426200676116472e-03
-1.7879859210828760e-03
-1.8333517749304182e-03
-1.8787176285891994e-03
-1.9240855404014695e-03
-1.9694493359034100e-03
-2.0148151893732234e-03
-2.0601831009973690e-03
-2.1055530709618974e-03
-2.1509127505312938e-03
-2.1962744876945790e-03
-2.2416382826375139e-03
-2.2870041355484956e-03
-2.2416608286627603e-03
-2.1963195776989589e-03
-2.1509291219854272e-03
-2.1055407264719403e-03
-2.0601974146803432e-03
-2.0148315610218868e-03
-1.9694677653316335e-03
-1.9240998537058212e-03
-1.8787340002341980e-03
-1.8333681463907946e-03
-1.7880022927318697e-03
-1.7426384970400839e-03
-1.6972705854126078e-03
-1.6519047319392484e-03
-1.6065409364331500e-03
-1.5611791987065328e-03
-1.5158071707714956e-03
-1.4704372013648950e-03
-1.4250692902978259e-03
-1.3797034373846590e-03
-1.4250754628205914e-03
-1.4704495469702761e-03
-1.5158071707595073e-03
-1.5611668519565332e-03
-1.6065388780913557e-03
-1.6519047317518152e-03
-1.6972726435660671e-03
-1.7426364390702713e-03
-1.7880022925413229e-03
-1.8333681463892756e-03
-1.8787340000472391e-03
-1.9241019118593980e-03
-1.9694657073623988e-03
-2.0148315608325847e-03
-2.0601994724564212e-03
-2.1055694424213425e-03
-2.1509291219884256e-03
-2.1962908591500996e-03
-2.2416546540919673e-03
-2.2870205070014901e-03
-2.2416753574449055e-03
-2.1963322639774506e-03
-2.1509436507676839e-03
-2.1055570975899588e-03
-2.0602119434625175e-03
-2.0148460898040156e-03
-1.9694822941132171e-03
-1.9241143824883025e-03
-1.8787485290161377e-03
-1.8333826751735153e-03
-1.7880168215150029e-03
-1.7426530258244409e-03
-1.6972851141965589e-03
-1.6519192607222974e-03
-1.6065554652151732e-03
-1.5611937274892628e-03
-1.5158216995549085e-03
-1.4704517301483569e-03
-1.4250838190820827e-03
-1.3797179661704548e-03
-1.4250899916035469e-03
-1.4704640757505221e-03
-1.5158216995430442e-03
-1.5611813807423398e-03
-1.6065534068738028e-03
-1.6519192605350375e-03
-1.6972871723502014e-03
-1.7426509678537200e-03
-1.7880168213244142e-03
-1.8333826751729091e-03
-1.8787485288314452e-03
-1.9241164406443058e-03
-1.9694802361472736e-03
-2.0148460896173763e-03
-2.0602140012412522e-03
-2.1055839712057888e-03
-2.1509436507744111e-03
-2.1963053879370379e-03
-2.2416691828805852e-03
-2.2870350357908882e-03
-2.2416882509557171e-03
-2.1963435223588826e-03
-2.1509565442772403e-03
-2.1055716260802893e-03
-2.0602248369731803e-03
-2.0148589833158897e-03
-1.9694951876249350e-03
-1.9241272759988816e-03
-1.8787614225275297e-03
-1.8333955686839272e-03
-1.7880297150258192e-03
-1.7426659193344033e-03
-1.6972980077064256e-03
-1.6519321542329221e-03
-1.6065683587267912e-03
-1.5612066210011172e-03
-1.5158345930649886e-03
-1.4704646236570419e-03
-1.4250967125899482e-03
-1.3797308596774657e-03
-1.4251028851152299e-03
-1.4704769692671909e-03
-1.5158345930553813e-03
-1.5611942742506208e-03
-1.6065663003866758e-03
-1.6519321540477514e-03
-1.6973000658630534e-03
-1.7426638613673496e-03
-1.7880297148387776e-03
-1.8333955686862546e-03
