0.0000000000000000e+00
-4.5365853659165800e-05
-9.0733765471347373e-05
-1.3609756097325974e-04
-1.8146341444330927e-04
-2.2683132606649144e-04
-2.7220129603127042e-04
-6.0089430863736635e-04
-1.1629268291258252e-03
-1.7249593420115335e-03
-2.2869918623368152e-03
-2.2416260093532066e-03
-2.1962622143367342e-03
-2.1509004771009545e-03
-2.1055284490349557e-03
-2.0601584794960590e-03
-2.0147967417244641e-03
-1.9694308880657818e-03
-1.9240670923742209e-03
-1.8786991807488989e-03
-1.8333333270927005e-03
-1.7879674734336839e-03
-1.7426036777420993e-03
-1.6972357661141934e-03
-1.6518699126400452e-03
-1.6065061171336623e-03
-1.5611443794083957e-03
-1.5157723514732302e-03
-1.4704023820653299e-03
-1.4250344709983618e-03
-1.3796686180855035e-03
-1.4250406435215243e-03
-1.4704147276724448e-03
-1.5157723514610628e-03
-1.5611320326570847e-03
-1.6065040587913647e-03
-1.6518699124528759e-03
-1.6972378242680879e-03
-1.7426016197728009e-03
-1.7879674732439502e-03
-1.8333333270915096e-03
-1.8786991807500048e-03
-1.9240670925623120e-03
-1.9694308880649270e-03
-2.0147967415354898e-03
-2.0601646531589850e-03
-2.1055346231240468e-03
-2.1508943026920984e-03
-2.1962560398541223e-03
-2.2416198347967194e-03
-2.2869856877064418e-03
-2.2416444572023364e-03
-2.1963052824319706e-03
-2.1509127505260710e-03
-2.1055222790082569e-03
-2.0601810432204536e-03
-2.0148151895625138e-03
-1.9694513938710019e-03
-1.9240834822453288e-03
-1.8787176287729098e-03
-1.8333517749297707e-03
-1.7879859212711722e-03
-1.7426221255801896e-03
-1.6972542139526950e-03
-1.6518883604789215e-03
-1.6065245649729970e-03
-1.5611628272471506e-03
-1.5157907993121275e-03
-1.4704208299042456e-03
-1.4250529188370193e-03
-1.3796870659240142e-03
-1.4250590913617530e-03
-1.4704331755144196e-03
-1.5157907993013750e-03
-1.5611504804954744e-03
-1.6065225066319113e-03
-1.6518883602930077e-03
-1.6972562721086319e-03
-1.7426200676125434e-03
-1.7879859210832003e-03
-1.8333517749314051e-03
-1.8787176285892703e-03
-1.9240855404018728e-03
-1.9694493359036836e-03
-2.0148151893738630e-03
-2.0601831009979758e-03
-2.1055530709631763e-03
-2.1509127505318897e-03
-2.1962744876940559e-03
-2.2416382826367033e-03
-2.2870041355461629e-03
-2.2416608286637651e-03
-2.1963195777034861e-03
-2.1509291219856445e-03
-2.1055407264686777e-03
-2.0601974146804329e-03
-2.0148315610221579e-03
-1.9694677653313937e-03
-1.9240998537057984e-03
-1.8787340002343451e-03
-1.8333681463909115e-03
-1.7880022927326739e-03
-1.7426384970411983e-03
-1.6972705854132297e-03
-1.6519047319390689e-03
-1.6065409364317816e-03
-1.5611791987048622e-03
-1.5158071707714578e-03
-1.4704372013661659e-03
-1.4250692903011069e-03
-1.3797034373896593e-03
-1.4250754628199903e-03
-1.4704495469633687e-03
-1.5158071707590693e-03
-1.5611668519618100e-03
-1.6065388780901091e-03
-1.6519047317507620e-03
-1.6972726435653138e-03
-1.7426364390701475e-03
-1.7880022925411379e-03
-1.8333681463891878e-03
-1.8787340000476918e-03
-1.9241019118605512e-03
-1.9694657073622019e-03
-2.0148315608314901e-03
-2.0601994724544388e-03
-2.1055694424183132e-03
-2.1509291219895940e-03
-2.1962908591551290e-03
-2.2416546541010160e-03
-2.2870205070140140e-03
-2.2416753574462755e-03
-2.1963322639679140e-03
-2.1509436507682221e-03
-2.1055570976010012e-03
-2.0602119434631871e-03
-2.0148460898053622e-03
-1.9694822941152875e-03
-1.9241143824893009e-03
-1.8787485290169773e-03
-1.8333826751746407e-03
-1.7880168215165014e-03
-1.7426530258253614e-03
-1.6972851141977151e-03
-1.6519192607243349e-03
-1.6065554652173917e-03
-1.5611937274916075e-03
-1.5158216995569452e-03
-1.4704517301494797e-03
-1.4250838190829557e-03
-1.3797179661704149e-03
-1.4250899916058066e-03
-1.4704640757557774e-03
-1.5158216995455422e-03
-1.5611813807425547e-03
-1.6065534068762306e-03
-1.6519192605373436e-03
-1.6972871723524483e-03
-1.7426509678567890e-03
-1.7880168213278206e-03
-1.8333826751758505e-03
-1.8787485288343075e-03
-1.9241164406474595e-03
-1.9694802361500023e-03
-2.0148460896201956e-03
-2.0602140012440603e-03
-2.1055839712086910e-03
-2.1509436507772687e-03
-2.1963053879403222e-03
-2.2416691828834709e-03
-2.2870350357945281e-03
-2.2416882509585217e-03
-2.1963435223596693e-03
-2.1509565442798424e-03
-2.1055716260848347e-03
-2.0602248369757476e-03
-2.0148589833180628e-03
-1.9694951876277240e-03
-1.9241272760017918e-03
-1.8787614225296741e-03
-1.8333955686870816e-03
-1.7880297150284874e-03
-1.7426659193378203e-03
-1.6972980077102086e-03
-1.6519321542364331e-03
-1.6065683587301966e-03
-1.5612066210038463e-03
-1.5158345930689461e-03
-1.4704646236614299e-03
-1.4250967125949347e-03
-1.3797308596824997e-03
-1.4251028851177108e-03
-1.4704769692670319e-03
-1.5158345930571789e-03
-1.5611942742547620e-03
-1.6065663003880322e-03
-1.6519321540489963e-03
-1.6973000658642120e-03
-1.7426638613678813e-03
-1.7880297148383279e-03
-1.8333955686873865e-03
