0.0000000000000000e+00
-2.2570502484548975e-10
-3.5154816738695352e-03
6.8467990709591732e-10
-7.4307285873615881e-07
-3.5169678756969761e-03
-1.0547930177914054e-02
3.3033939507557715e-09
1.6927516176113848e-09
4.0667733883966748e-07
4.0661370568928313e-07
1.1176654402113549e-07
-3.5164090102606333e-03
-1.0549900364462704e-02
2.0749415324339896e-09
7.0359124297944822e-03
5.0509432837093749e-10
5.9451501178763174e-10
-3.5162251878536853e-03
5.4115264501272466e-10
-1.9817364552791662e-11
7.0620354044002857e-12
-3.5162257570256995e-03
5.6214553880784781e-10
7.4571336828771360e-07
-3.5147350877218625e-03
-1.0547186200261703e-02
2.0907380998209013e-09
7.0331973755167407e-03
1.0551655970666138e-02
1.0554633940568627e-02
1.0889924599043018e-07
-1.4067663630977586e-02
4.5162011731283903e-09
1.0549211901356499e-02
1.7592826522779799e-09
1.0411351860066370e-09
-3.5154811909355382e-03
2.9355664453630262e-10
-7.4370176198983011e-07
-1.7763239398734358e-10
1.3032760346699493e-11
-3.5154814906488484e-03
5.6638616453565226e-10
-7.4318845303542257e-07
-3.5169680116406451e-03
-1.0547930337794090e-02
2.1337162606273084e-09
7.0302197658815863e-03
1.0543467701779361e-02
1.3449573263216212e-02
1.1026308997281434e-07
-1.6965830217190496e-02
5.5243216119331634e-09
1.3450611536398304e-02
1.8007118103865467e-09
1.1847309118763197e-09
-3.5162249470313601e-03
8.6417079985572871e-10
7.4554600875966767e-07
6.9569795175084807e-10
7.4849467801809255e-10
-3.5162251279964338e-03
1.0571650719644617e-09
7.4615278791598057e-07
-3.5147347919007371e-03
-1.0547185695763898e-02
2.6955256362346198e-09
7.0331981336260218e-03
1.0551656794698451e-02
1.0554634962627103e-02
1.0910305479644973e-07
-1.4067664317615587e-02
4.8377108636235916e-09
1.0549213380488406e-02
2.1019962596871688e-09
1.5100513994390245e-09
-3.5154809054777250e-03
7.4413487039582565e-10
-7.4302635359690137e-07
5.7013967420298869e-10
5.9805421849742052e-10
-3.5154809068163391e-03
1.3390332709325076e-09
-7.4248351098623253e-07
-3.5169675304618890e-03
-1.0547929986863101e-02
2.4653123472506373e-09
7.0302203971337454e-03
1.0543468850877102e-02
1.3122145877922708e-02
1.1074854216794076e-07
-1.6638624682921155e-02
6.2710921119875237e-09
1.3123629772118443e-02
2.4581200959137557e-09
1.9610738622283716e-09
-3.5162245545420885e-03
1.2688863120883976e-09
7.4580785567076860e-07
9.5660410008820852e-10
1.0432659719619569e-09
-3.5162247408778418e-03
1.6058617267183135e-09
7.4664112497237293e-07
-3.5147337845564618e-03
-1.0547184323038134e-02
3.4574017405905631e-09
7.0331978956910844e-03
1.0551656123137555e-02
1.0554633836162661e-02
1.1037367234858429e-07
-1.4067660036719562e-02
6.4421691115127370e-09
1.0549212030874958e-02
3.2529658816257503e-09
3.0484932332021173e-09
-3.5154788222449230e-03
2.6137161129058770e-09
-7.4125029940322392e-07
2.1519753146776036e-09
2.3414908290522046e-09
-3.5154792028551092e-03
2.9186871709127946e-09
-7.4059678323005344e-07
-3.5169653006176167e-03
-1.0547927368379888e-02
4.6540822074161072e-09
7.0302217912623817e-03
1.0543469472446434e-02
1.2831570210323521e-02
1.1303239670523866e-07
-1.6348242299756018e-02
8.1719809920747156e-09
1.2833449485214123e-02
4.5980121375791608e-09
4.1212272270260509e-09
-3.5162224348238933e-03
3.3733291513063569e-09
7.4808070078638948e-07
2.7760382021679226e-09
2.6207479741801009e-09
-3.5162233337286759e-03
2.8941555588780010e-09
7.4789541047502300e-07
-3.5147324838613698e-03
-1.0547183511844471e-02
4.5648171478334679e-09
7.0331996277301339e-03
1.0551658134151098e-02
1.0554635903732795e-02
1.1136765734333199e-07
-1.4067660334991952e-02
7.1677191765278385e-09
1.0549213972421692e-02
4.3413098701575728e-09
3.7483866743945852e-09
-3.5154783633386420e-03
3.2675080698077205e-09
-7.4048821997138573e-07
2.9450609624498446e-09
2.8466673661739709e-09
-3.5154788864868343e-03
2.9733533671128437e-09
-7.4087782814449483e-07
-3.5169656871108924e-03
-1.0547927989489819e-02
4.5516302980142897e-09
7.0302222754511359e-03
1.0543470255264744e-02
1.2573700555346172e-02
1.1255848513430154e-07
-1.6090549070799078e-02
7.7905165443437429e-09
1.2575930673102797e-02
3.8755122151146919e-09
3.2555588255826887e-09
-3.5162231796393361e-03
2.7386665726861125e-09
7.4739573023224352e-07
2.2451872595920192e-09
2.2226844178793635e-09
-3.5162238481593030e-03
2.4363831294161001e-09
7.4750900509597920e-07
-3.5147332981124214e-03
-1.0547184192017670e-02
4.1611302432262132e-09
7.0331993940815230e-03
1.0551657896317288e-02
1.0554635741385215e-02
1.1059757194465172e-07
-1.4067661721044731e-02
6.3431369990623634e-09
1.0549213684970221e-02
3.4963702784276513e-09
2.8729357138467914e-09
-3.5154793242828252e-03
2.4457902755088383e-09
-7.4135379280987752e-07
1.7965249630415142e-09
