0.0000000000000000e+00
0.0000000000000000e+00
0.0000000000000000e+00
0.0000000000000000e+00
0.0000000000000000e+00
0.0000000000000000e+00
0.0000000000000000e+00
0.0000000000000000e+00
0.0000000000000000e+00
-1.3332221967277405e+01
-2.6663331889127534e+01
-2.6663331889127534e+01
-2.6663331889127534e+01
-2.6663331889127534e+01
-2.6663331889127534e+01
-2.6663331889127534e+01
-2.6663331889127534e+01
-2.6663331889127534e+01
-2.6663331889127534e+01
-2.6663331889127534e+01
-2.6663331889127534e+01
-2.6663331889127534e+01
-2.6663331889127534e+01
-2.6663331889127534e+01
-2.6663331889127534e+01
-2.6663331889127534e+01
-2.6663331889127534e+01
-2.4002022553386123e+01
-1.0667379926513346e+01
2.6657311423503272e+00
1.5997730789983285e+01
1.5997730789983290e+01
1.5997730789983294e+01
1.5997730789983294e+01
1.5997730789983292e+01
1.5997730789983292e+01
1.5997730789983292e+01
1.5997730789983292e+01
1.5997730789983292e+01
1.5997730789983294e+01
1.5997730789983288e+01
1.5997730789983290e+01
1.5997730789983290e+01
1.5997730789983290e+01
1.5997730789983297e+01
1.5997730789983297e+01
1.5997730789983285e+01
1.5997730789983285e+01
1.5997730789983285e+01
3.7344085106254328e+00
-9.5981422283463580e+00
-9.5981422283463580e+00
-9.5981422283463580e+00
-9.5981422283463580e+00
-9.5981422283463580e+00
-9.5981422283463580e+00
-9.5981422283463580e+00
-9.5981422283463580e+00
-9.5981422283463580e+00
-9.5981422283463580e+00
-9.5981422283463580e+00
-9.5981422283463580e+00
-9.5981422283463580e+00
-9.5981422283463580e+00
-9.5981422283463580e+00
-9.5981422283463580e+00
-9.5981422283463580e+00
-9.5981422283463580e+00
-9.5981422283463580e+00
-7.5746098633256045e+00
5.7584836670020900e+00
5.7584836670020900e+00
5.7584836670020900e+00
5.7584836670020900e+00
5.7584836670020865e+00
5.7584836670020865e+00
5.7584836670020865e+00
5.7584836670020865e+00
5.7584836670020856e+00
5.7584836670020856e+00
5.7584836670020865e+00
5.7584836670020865e+00
5.7584836670020874e+00
5.7584836670020874e+00
5.7584836670020838e+00
5.7584836670020829e+00
5.7584836670020803e+00
5.7584836670020803e+00
5.7584836670020803e+00
5.7584836670020803e+00
-3.4548912713309541e+00
-3.4548912713309541e+00
-3.4548912713309541e+00
-3.4548912713309541e+00
-3.4548912713309541e+00
-3.4548912713309541e+00
-3.4548912713309541e+00
-3.4548912713309541e+00
-3.4548912713309541e+00
-3.4548912713309541e+00
-3.4548912713309541e+00
-3.4548912713309541e+00
-3.4548912713309541e+00
-3.4548912713309541e+00
-3.4548912713309541e+00
-3.4548912713309541e+00
-3.4548912713309541e+00
-3.4548912713309541e+00
-3.4548912713309541e+00
-3.4548912713309541e+00
2.0710671055172378e+00
2.0710671055172378e+00
2.0710671055172378e+00
2.0710671055172378e+00
2.0710671055172369e+00
2.0710671055172369e+00
2.0710671055172374e+00
2.0710671055172356e+00
2.0710671055172356e+00
2.0710671055172365e+00
2.0710671055172369e+00
2.0710671055172356e+00
2.0710671055172361e+00
2.0710671055172361e+00
2.0710671055172361e+00
2.0710671055172361e+00
2.0710671055172361e+00
2.0710671055172361e+00
2.0710671055172361e+00
2.0710671055172365e+00
-1.2446803639702084e+00
-1.2446803639702084e+00
-1.2446803639702084e+00
-1.2446803639702084e+00
-1.2446803639702084e+00
-1.2446803639702084e+00
-1.2446803639702084e+00
-1.2446803639702084e+00
-1.2446803639702084e+00
-1.2446803639702084e+00
-1.2446803639702084e+00
-1.2446803639702084e+00
-1.2446803639702084e+00
-1.2446803639702084e+00
-1.2446803639702084e+00
-1.2446803639702084e+00
-1.2446803639702084e+00
-1.2446803639702084e+00
-1.2446803639702084e+00
-1.2446803639702084e+00
7.4629787374039902e-01
7.4629787374039902e-01
7.4629787374039902e-01
7.4629787374039902e-01
7.4629787374039924e-01
7.4629787374039935e-01
7.4629787374039935e-01
7.4629787374039935e-01
7.4629787374039902e-01
7.4629787374039869e-01
7.4629787374039869e-01
7.4629787374039858e-01
7.4629787374039880e-01
7.4629787374039880e-01
7.4629787374039880e-01
7.4629787374039880e-01
7.4629787374039858e-01
7.4629787374039858e-01
7.4629787374039858e-01
7.4629787374039858e-01
-4.4804270782876859e-01
-4.4804270782876859e-01
-4.4804270782876859e-01
-4.4804270782876859e-01
-4.4804270782876859e-01
-4.4804270782876859e-01
-4.4804270782876859e-01
-4.4804270782876859e-01
-4.4804270782876859e-01
-4.4804270782876859e-01
-4.4804270782876859e-01
-4.4804270782876859e-01
-4.4804270782876859e-01
-4.4804270782876859e-01
-4.4804270782876859e-01
-4.4804270782876859e-01
-4.4804270782876859e-01
-4.4804270782876859e-01
-4.4804270782876859e-01
-4.4804270782876859e-01
2.6875906217251500e-01
2.6875906217251500e-01
2.6875906217251500e-01
2.6875906217251500e-01
2.6875906217251500e-01
2.6875906217251505e-01
2.6875906217251505e-01
2.6875906217251483e-01
2.6875906217251483e-01
2.6875906217251483e-01
2.6875906217251483e-01
