0.0000000000000000e+00
0.0000000000000000e+00
0.0000000000000000e+00
0.0000000000000000e+00
0.0000000000000000e+00
0.0000000000000000e+00
0.0000000000000000e+00
0.0000000000000000e+00
0.0000000000000000e+00
6.6661109836277097e+00
1.3331665944552503e+01
1.3331665944552496e+01
1.3331665944552491e+01
1.3331665944552508e+01
1.3331665944552508e+01
1.3331665944552510e+01
1.3331665944552512e+01
1.3331665944552537e+01
1.3331665944552551e+01
1.3331665944552542e+01
1.3331665944552560e+01
1.3331665944552569e+01
1.3331665944552556e+01
1.3331665944552562e+01
1.3331665944552558e+01
1.3331665944552554e+01
1.3331665944552565e+01
1.2001011276679298e+01
5.3336899632325343e+00
-1.3328655712026753e+00
-7.9988653950208501e+00
-7.9988653950208626e+00
-7.9988653950208635e+00
-7.9988653950208608e+00
-7.9988653950208688e+00
-7.9988653950208706e+00
-7.9988653950208706e+00
-7.9988653950208564e+00
-7.9988653950208519e+00
-7.9988653950208475e+00
-7.9988653950208439e+00
-7.9988653950208377e+00
-7.9988653950208484e+00
-7.9988653950208413e+00
-7.9988653950208430e+00
-7.9988653950208377e+00
-7.9988653950208271e+00
-7.9988653950208111e+00
-7.9988653950208075e+00
-1.8672042553544133e+00
4.7990711141270035e+00
4.7990711141270053e+00
4.7990711141269973e+00
4.7990711141269937e+00
4.7990711141269982e+00
4.7990711141269973e+00
4.7990711141269937e+00
4.7990711141269937e+00
4.7990711141269928e+00
4.7990711141269866e+00
4.7990711141269857e+00
4.7990711141269813e+00
4.7990711141269777e+00
4.7990711141269813e+00
4.7990711141269831e+00
4.7990711141269831e+00
4.7990711141269840e+00
4.7990711141269857e+00
4.7990711141269866e+00
3.7873049316162080e+00
-2.8792418335514447e+00
-2.8792418335514451e+00
-2.8792418335514447e+00
-2.8792418335514460e+00
-2.8792418335514469e+00
-2.8792418335514496e+00
-2.8792418335514474e+00
-2.8792418335514491e+00
-2.8792418335514482e+00
-2.8792418335514482e+00
-2.8792418335514460e+00
-2.8792418335514425e+00
-2.8792418335514434e+00
-2.8792418335514389e+00
-2.8792418335514434e+00
-2.8792418335514389e+00
-2.8792418335514354e+00
-2.8792418335514327e+00
-2.8792418335514327e+00
-2.8792418335514247e+00
1.7274456356115653e+00
1.7274456356115637e+00
1.7274456356115659e+00
1.7274456356115662e+00
1.7274456356115675e+00
1.7274456356115644e+00
1.7274456356115671e+00
1.7274456356115653e+00
1.7274456356115659e+00
1.7274456356115655e+00
1.7274456356115666e+00
1.7274456356115666e+00
1.7274456356115664e+00
1.7274456356115684e+00
1.7274456356115691e+00
1.7274456356115688e+00
1.7274456356115695e+00
1.7274456356115717e+00
1.7274456356115711e+00
1.7274456356115695e+00
-1.0355335528156790e+00
-1.0355335528156799e+00
-1.0355335528156822e+00
-1.0355335528156835e+00
-1.0355335528156835e+00
-1.0355335528156830e+00
-1.0355335528156830e+00
-1.0355335528156826e+00
-1.0355335528156824e+00
-1.0355335528156828e+00
-1.0355335528156819e+00
-1.0355335528156817e+00
-1.0355335528156815e+00
-1.0355335528156819e+00
-1.0355335528156822e+00
-1.0355335528156817e+00
-1.0355335528156815e+00
-1.0355335528156815e+00
-1.0355335528156830e+00
-1.0355335528156822e+00
6.2234018192394136e-01
6.2234018192394125e-01
6.2234018192394203e-01
6.2234018192394203e-01
6.2234018192394225e-01
6.2234018192394247e-01
6.2234018192394214e-01
6.2234018192394158e-01
6.2234018192394114e-01
6.2234018192394192e-01
6.2234018192394225e-01
6.2234018192394214e-01
6.2234018192394180e-01
6.2234018192394258e-01
6.2234018192394336e-01
6.2234018192394325e-01
6.2234018192394425e-01
6.2234018192394325e-01
6.2234018192394325e-01
6.2234018192394458e-01
-3.7314893693021139e-01
-3.7314893693021173e-01
-3.7314893693021195e-01
-3.7314893693021173e-01
-3.7314893693021178e-01
-3.7314893693021178e-01
-3.7314893693021189e-01
-3.7314893693021134e-01
-3.7314893693021145e-01
-3.7314893693021134e-01
-3.7314893693021134e-01
-3.7314893693021089e-01
-3.7314893693021078e-01
-3.7314893693021073e-01
-3.7314893693021073e-01
-3.7314893693021067e-01
-3.7314893693021073e-01
-3.7314893693021089e-01
-3.7314893693021128e-01
-3.7314893693021134e-01
2.2402135385677172e-01
2.2402135385677138e-01
2.2402135385677141e-01
2.2402135385677147e-01
2.2402135385677152e-01
2.2402135385677163e-01
2.2402135385677169e-01
2.2402135385677169e-01
2.2402135385677152e-01
2.2402135385677135e-01
2.2402135385677149e-01
2.2402135385677169e-01
2.2402135385677133e-01
2.2402135385677119e-01
2.2402135385677113e-01
2.2402135385677122e-01
2.2402135385677124e-01
2.2402135385677097e-01
2.2402135385677097e-01
2.2402135385677097e-01
-1.3437953114278045e-01
-1.3437953114278034e-01
-1.3437953114278031e-01
-1.3437953114278037e-01
-1.3437953114278040e-01
-1.3437953114278040e-01
-1.3437953114278034e-01
-1.3437953114278037e-01
-1.3437953114278037e-01
-1.3437953114278070e-01
-1.3437953114278040e-01
