0.0000000000000000e+00
0.0000000000000000e+00
0.0000000000000000e+00
0.0000000000000000e+00
0.0000000000000000e+00
0.0000000000000000e+00
0.0000000000000000e+00
0.0000000000000000e+00
0.0000000000000000e+00
6.6661109836496806e+00
1.3331665944574999e+01
1.3331665944574985e+01
1.3331665944574986e+01
1.3331665944575004e+01
1.3331665944575024e+01
1.3331665944575022e+01
1.3331665944575018e+01
1.3331665944575025e+01
1.3331665944575036e+01
1.3331665944575043e+01
1.3331665944575050e+01
1.3331665944575045e+01
1.3331665944575041e+01
1.3331665944575047e+01
1.3331665944575048e+01
1.3331665944575068e+01
1.3331665944575086e+01
1.2001011276706874e+01
5.3336899632808468e+00
-1.3328655711476101e+00
-7.9988653949624187e+00
-7.9988653949624249e+00
-7.9988653949624267e+00
-7.9988653949624222e+00
-7.9988653949624258e+00
-7.9988653949624240e+00
-7.9988653949624240e+00
-7.9988653949624116e+00
-7.9988653949624045e+00
-7.9988653949624045e+00
-7.9988653949623991e+00
-7.9988653949623929e+00
-7.9988653949623991e+00
-7.9988653949623956e+00
-7.9988653949623973e+00
-7.9988653949623965e+00
-7.9988653949623885e+00
-7.9988653949623743e+00
-7.9988653949623698e+00
-1.8672042552709425e+00
4.7990711142194096e+00
4.7990711142194149e+00
4.7990711142194051e+00
4.7990711142194016e+00
4.7990711142194096e+00
4.7990711142194087e+00
4.7990711142194051e+00
4.7990711142194007e+00
4.7990711142194016e+00
4.7990711142193945e+00
4.7990711142193918e+00
4.7990711142193900e+00
4.7990711142193856e+00
4.7990711142193909e+00
4.7990711142193856e+00
4.7990711142193891e+00
4.7990711142193891e+00
4.7990711142193812e+00
4.7990711142193838e+00
3.7873049317093956e+00
-2.8792418334506502e+00
-2.8792418334506511e+00
-2.8792418334506507e+00
-2.8792418334506520e+00
-2.8792418334506529e+00
-2.8792418334506564e+00
-2.8792418334506547e+00
-2.8792418334506547e+00
-2.8792418334506529e+00
-2.8792418334506529e+00
-2.8792418334506515e+00
-2.8792418334506475e+00
-2.8792418334506493e+00
-2.8792418334506449e+00
-2.8792418334506449e+00
-2.8792418334506404e+00
-2.8792418334506409e+00
-2.8792418334506373e+00
-2.8792418334506356e+00
-2.8792418334506285e+00
1.7274456357193875e+00
1.7274456357193870e+00
1.7274456357193873e+00
1.7274456357193870e+00
1.7274456357193884e+00
1.7274456357193857e+00
1.7274456357193866e+00
1.7274456357193857e+00
1.7274456357193855e+00
1.7274456357193855e+00
1.7274456357193868e+00
1.7274456357193868e+00
1.7274456357193870e+00
1.7274456357193868e+00
1.7274456357193875e+00
1.7274456357193881e+00
1.7274456357193877e+00
1.7274456357193895e+00
1.7274456357193897e+00
1.7274456357193892e+00
-1.0355335527015710e+00
-1.0355335527015712e+00
-1.0355335527015721e+00
-1.0355335527015730e+00
-1.0355335527015721e+00
-1.0355335527015719e+00
-1.0355335527015721e+00
-1.0355335527015719e+00
-1.0355335527015719e+00
-1.0355335527015725e+00
-1.0355335527015714e+00
-1.0355335527015712e+00
-1.0355335527015712e+00
-1.0355335527015723e+00
-1.0355335527015717e+00
-1.0355335527015717e+00
-1.0355335527015721e+00
-1.0355335527015721e+00
-1.0355335527015734e+00
-1.0355335527015730e+00
6.2234018204622965e-01
6.2234018204622898e-01
6.2234018204622921e-01
6.2234018204622898e-01
6.2234018204622887e-01
6.2234018204622887e-01
6.2234018204622865e-01
6.2234018204622843e-01
6.2234018204622821e-01
6.2234018204622910e-01
6.2234018204622910e-01
6.2234018204622865e-01
6.2234018204622843e-01
6.2234018204622898e-01
6.2234018204622943e-01
6.2234018204622943e-01
6.2234018204622987e-01
6.2234018204622965e-01
6.2234018204622921e-01
6.2234018204622987e-01
-3.7314893681023320e-01
-3.7314893681023298e-01
-3.7314893681023320e-01
-3.7314893681023331e-01
-3.7314893681023353e-01
-3.7314893681023348e-01
-3.7314893681023348e-01
-3.7314893681023314e-01
-3.7314893681023314e-01
-3.7314893681023314e-01
-3.7314893681023309e-01
-3.7314893681023242e-01
-3.7314893681023259e-01
-3.7314893681023265e-01
-3.7314893681023298e-01
-3.7314893681023292e-01
-3.7314893681023292e-01
-3.7314893681023314e-01
-3.7314893681023326e-01
-3.7314893681023326e-01
2.2402135397194559e-01
2.2402135397194556e-01
2.2402135397194559e-01
2.2402135397194547e-01
2.2402135397194553e-01
2.2402135397194567e-01
2.2402135397194611e-01
2.2402135397194606e-01
2.2402135397194581e-01
2.2402135397194614e-01
2.2402135397194622e-01
2.2402135397194631e-01
2.2402135397194611e-01
2.2402135397194597e-01
2.2402135397194578e-01
2.2402135397194570e-01
2.2402135397194592e-01
2.2402135397194572e-01
2.2402135397194556e-01
2.2402135397194523e-01
-1.3437953102978931e-01
-1.3437953102978920e-01
-1.3437953102978900e-01
-1.3437953102978917e-01
-1.3437953102978917e-01
-1.3437953102978911e-01
-1.3437953102978914e-01
-1.3437953102978917e-01
-1.3437953102978911e-01
-1.3437953102978945e-01
-1.3437953102978925e-01
