0.0000000000000000e+00
-1.2196758116783931e-04
-2.4390243902662042e-04
-3.6585216680751350e-04
-4.8781676813899639e-04
-6.0979624664784962e-04
-7.3170731707552280e-04
-8.5363325162501815e-04
-9.7557405392004225e-04
-1.9311721577595857e-03
-2.8870125679709411e-03
-2.7650613489927731e-03
-2.6431250003006342e-03
-2.5212035182692310e-03
-2.3992076899478154e-03
-2.2772267427927624e-03
-2.1552606731752915e-03
-2.0333540314073331e-03
-1.9114028118956423e-03
-1.7894515923806834e-03
-1.6675003728688883e-03
-1.5455491533567542e-03
-1.4236128041314332e-03
-1.3016467143340011e-03
-1.1796954984492954e-03
-1.0577591528507741e-03
-9.3583767391125050e-04
-6.4764539216350390e-04
3.0745398372065735e-04
1.2627940690920199e-03
2.2184120407738252e-03
2.0964608216820957e-03
1.9744947286780409e-03
1.8525137581308997e-03
1.7306071636798892e-03
1.6086857061999088e-03
1.4867493820652420e-03
1.3647535051478201e-03
1.2428022856347896e-03
1.1208510661242931e-03
9.9889984661167956e-04
8.7694862709860157e-04
7.5498253367284850e-04
6.3304618807276879e-04
5.1109497218790637e-04
3.8912888239031037e-04
2.6714791505031788e-04
1.4515206653844618e-04
2.3290090495982905e-05
-8.6502933619509923e-04
-1.8205163181567951e-03
-1.6985637697217769e-03
-1.5766260918977644e-03
-1.4547032810583109e-03
-1.3327953335787212e-03
-1.2107588911758598e-03
-1.0888076716519641e-03
-9.6687132241407396e-04
-8.4490523262423505e-04
-7.2295401674809449e-04
-6.0100279359778070e-04
-4.7905157408573384e-04
-3.5711522485988665e-04
-2.3514913506284555e-04
-1.1319791917885179e-04
8.7384264184829468e-06
1.3065990535736971e-04
2.5256652126206798e-04
3.7460696248297774e-04
6.2299285091995467e-04
1.5784185751041811e-03
1.4564673553579088e-03
1.3345012616985564e-03
1.2125202904962888e-03
1.0906136973551450e-03
9.6869224118501592e-04
8.4675591836097064e-04
7.2476003882298765e-04
6.0280881930930468e-04
4.8085759979995727e-04
3.5890638028752612e-04
2.3695516077559288e-04
1.1498906734894778e-04
-6.9472782504314151e-06
-1.2889849413490984e-04
-2.5086458393273713e-04
-3.7284555127230456e-04
-4.9484139978314776e-04
-6.1670337582597572e-04
-7.3858020401978432e-04
-1.4365039255578350e-03
-1.3145527065243734e-03
-1.1926163577781767e-03
-1.0706948756926077e-03
-9.4869904747973163e-04
-8.2671810043394019e-04
-7.0475203092469304e-04
-5.8284538893909558e-04
-4.6089416942805882e-04
-3.3894294991267240e-04
-2.1699173040150901e-04
-9.5040510889032222e-05
2.6895838337528265e-05
1.4886192813422388e-04
2.7081314401868940e-04
3.9274948961656828e-04
5.1467096855529115e-04
6.3657758445948335e-04
7.5861802568026908e-04
8.8064357484850936e-04
1.3478691049380979e-03
1.2259639974698112e-03
1.1040440273344806e-03
9.8206155898041751e-04
8.6006420908941550e-04
7.3815911995393248e-04
6.1620790044234419e-04
4.9424180701666983e-04
3.7230546141549085e-04
2.5035424552881711e-04
1.2840302239317284e-04
6.4518028805585988e-06
-1.1551429054533580e-04
-2.3745063614477940e-04
-3.5940185203027389e-04
-4.8136794182824665e-04
-6.0334890916818971e-04
-7.2534475767928840e-04
-8.4720673372097751e-04
-9.6908356191301929e-04
-1.2983650787836973e-03
-1.1764002315261925e-03
-1.0544502578789317e-03
-9.3251515421451255e-04
-8.1059491690718211e-04
-6.8868954233108253e-04
-5.6664413347341791e-04
-4.4469291394304538e-04
-3.2275656469896001e-04
-2.0079047491365664e-04
-7.8839255399834008e-05
4.3111964112405539e-05
1.6504831333897718e-04
2.8701440313585926e-04
4.0896561901991731e-04
5.3090196461826023e-04
6.5282344355723442e-04
7.7473005946118527e-04
8.9677050068104564e-04
1.0187960498492855e-03
1.2651060143989694e-03
1.1431607616812283e-03
1.0212006365064275e-03
8.9922563524391609e-04
7.7723575426548040e-04
6.5535588414963723e-04
5.3346115752054201e-04
4.1145344512967373e-04
2.8950222562082868e-04
1.6755100611375173e-04
4.5599786600941726e-05
-7.6351432910739986e-05
-1.9831752633703607e-04
-3.2025387193802325e-04
-4.4220508782309996e-04
-5.6417117762119675e-04
-6.8615214496041573e-04
-8.0814799347235543e-04
-9.3000996951368839e-04
-1.0518867977055285e-03
-1.2485615185468110e-03
-1.1266085210384104e-03
-1.0046703942506816e-03
-8.8274713455674934e-04
-7.6083873833137511e-04
-6.3880364248739181e-04
-5.1685242296383078e-04
-3.9491607372649825e-04
-2.7294998393776897e-04
-1.5099876806145719e-04
-2.9047544911548855e-05
9.2903674600637573e-05
2.1484002382557871e-04
3.3680611362394103e-04
4.5875732950942562e-04
5.8069367510876801e-04
7.0261515404857790e-04
8.2452176995321072e-04
9.4656221117074525e-04
1.0685877603368150e-03
1.2352643701818221e-03
1.1133139170627112e-03
9.9134859021611033e-04
8.6936838601428437e-04
7.4746025905025491e-04
6.2553726868266369e-04
5.0359941128667906e-04
3.8164668323615111e-04
2.5967908090333055e-04
1.3769660065974645e-04
1.5752941981221884e-05
