0.0000000000000000e+00
3.6587373701128602e-05
7.3170731707008425e-05
1.0975275142056136e-04
1.4633343293911770e-04
1.8291277636071907e-04
2.1951219512595722e-04
2.5611027442255720e-04
2.9270701435045947e-04
7.4607388379740623e-04
1.1996038454406813e-03
1.1630184793877296e-03
1.1264317747959312e-03
1.0898437315689758e-03
1.0532623815598411e-03
1.0166796933069005e-03
9.8009566671079318e-04
9.4350628399548250e-04
9.0692091814319046e-04
8.7033555228794939e-04
8.3375018643392208e-04
7.9716482058020486e-04
7.6057811618894977e-04
7.2399408887355949e-04
6.8740872311829813e-04
6.5082201882498509e-04
6.1423397589600913e-04
4.9454331896982046e-04
4.1394959298435498e-05
-4.1188483921067182e-04
-8.6530358115195609e-04
-8.2871821571071556e-04
-7.9213418870789643e-04
-7.5555150004741757e-04
-7.1896211842638336e-04
-6.8237407553865511e-04
-6.4578737128726253e-04
-6.0920602086749430e-04
-5.7262065501316060e-04
-5.3603528916108573e-04
-4.9944992330796601e-04
-4.6286455745480861e-04
-4.2628053004125407e-04
-3.8969382574708105e-04
-3.5310845999035715e-04
-3.1652443267372600e-04
-2.7994174369962870e-04
-2.4336039297001208e-04
-2.0676699646943178e-04
2.1300247299957457e-04
6.6635393350245010e-04
6.2976968974903205e-04
5.9318410753858857e-04
5.5659718677495394e-04
5.2000892735903654e-04
4.8342822607293440e-04
4.4684286021153810e-04
4.1025615581255980e-04
3.7367212850307122e-04
3.3708676275335625e-04
3.0050139679443623e-04
2.6391603094098149e-04
2.2732932654968908e-04
1.9074529923477607e-04
1.5415993347939078e-04
1.1757322918643562e-04
8.0985186257180724e-05
4.4395804594639135e-05
7.8184699770804669e-06
-9.1990636325315036e-05
-5.4530684860613920e-04
-5.0872148255036030e-04
-4.7213745493520195e-04
-4.3555476566140754e-04
-3.9896538526690983e-04
-3.6237734360616402e-04
-3.2579064058157190e-04
-2.8920928770885675e-04
-2.5262392185483780e-04
-2.1603855600329624e-04
-1.7945319014899341e-04
-1.4286782429514299e-04
-1.0628379688162483e-04
-6.9697092586946390e-05
-3.3111726829559879e-05
3.4723004879998914e-06
4.0054989462706809e-05
7.6636340194101746e-05
1.1322973669239309e-04
1.4982179416269935e-04
4.7434952375886792e-04
4.3776415814930067e-04
4.0117745400145542e-04
3.6458941121754760e-04
3.2800806032034130e-04
2.9142537117925204e-04
2.5484134369595994e-04
2.1825196275504643e-04
1.8166659690319146e-04
1.4508123104787121e-04
1.0849586519486509e-04
7.1910499340980654e-05
3.5323794949838602e-05
-1.2602323648751804e-06
-3.7845598120200985e-05
-7.4432302412884050e-05
-1.1102034534155561e-04
-1.4760972700346659e-04
-1.8418706162343004e-04
-2.2076573419276983e-04
-4.3007992602885677e-04
-3.9346980360678194e-04
-3.5686102143585622e-04
-3.2029907217389437e-04
-2.8373845963869512e-04
-2.4712834045906328e-04
-2.1054297461507964e-04
-1.7395894721080701e-04
-1.3737224290728944e-04
-1.0078687714215468e-04
-6.4201511201380195e-05
-2.7616145347964117e-05
8.9678820656843965e-06
4.5554586360650455e-05
8.2139952117695524e-05
1.1872397943455037e-04
1.5530666840882611e-04
1.9188801913957887e-04
2.2848141563846250e-04
2.6507347310948562e-04
4.0526286568471915e-04
3.6868792064997176e-04
3.3211163783984746e-04
2.9553401715592536e-04
2.5895505850069941e-04
2.2237476177692275e-04
1.8576109111590028e-04
1.4917572525764922e-04
1.1258902086128803e-04
7.6004993550821991e-05
3.9419627695450165e-05
2.8342618425188127e-06
-3.3752442548587157e-05
-7.0336469862714016e-05
-1.0692183561716882e-04
-1.4350853990955357e-04
-1.8009658283736393e-04
-2.1668596449945975e-04
-2.5326329912078418e-04
-2.8984197169269380e-04
-3.8865676918254852e-04
-3.5206818570839899e-04
-3.1548094091033639e-04
-2.7889503468961758e-04
-2.4231046694819780e-04
-2.0572672256500044e-04
-1.6914431650208225e-04
-1.3255599086001122e-04
-9.5970625007850600e-05
-5.9385259155705252e-05
-2.2799893301461482e-05
1.3785472552768953e-05
5.0369499966009191e-05
8.6956204260019637e-05
1.2354157001624055e-04
1.6012559733231656e-04
1.9670828630706616e-04
2.3328963703596065e-04
2.6988303353843739e-04
3.0647509101251177e-04
3.8037608108774869e-04
3.4379206540795064e-04
3.0720671128851254e-04
2.7062001863184141e-04
2.3403198734105705e-04
1.9745060172839804e-04
1.6086523586784977e-04
1.2427853146919994e-04
8.7694504159478330e-05
5.1109138409014042e-05
1.4523772450836440e-05
-2.2061593403646361e-05
-5.8648297794603577e-05
-9.5232325109353920e-05
-1.3181769086405471e-04
-1.6840439515751314e-04
-2.0499243808610280e-04
-2.4158181974906064e-04
-2.7815915436817806e-04
-3.1473782693719943e-04
-3.7373054793995753e-04
-3.3714476340121014e-04
-3.0056031733298542e-04
-2.6397720963828745e-04
-2.2738866611393728e-04
-1.9080146126208933e-04
-1.5421559498512999e-04
-1.1763106718450870e-04
-8.1047877763269267e-05
-4.4466026622794969e-05
-7.8764709922197878e-06
