0.0000000000000000e+00
3.6587373701343939e-05
7.3170731708004156e-05
1.0975275142129264e-04
1.4633343294021648e-04
1.8291277636165446e-04
2.1951219512754031e-04
2.5611027442459593e-04
2.9270701435177624e-04
7.4607388380069201e-04
1.1996038454425242e-03
1.1630184793902096e-03
1.1264317747989626e-03
1.0898437315725428e-03
1.0532623815624818e-03
1.0166796933086897e-03
9.8009566671216795e-04
9.4350628399872221e-04
9.0692091814537903e-04
8.7033555229096954e-04
8.3375018643706974e-04
7.9716482058368677e-04
7.6057811619201264e-04
7.2399408887692204e-04
6.8740872312250917e-04
6.5082201882979819e-04
6.1423397590122902e-04
4.9454331897438712e-04
4.1394959303941050e-05
-4.1188483920555997e-04
-8.6530358114681578e-04
-8.2871821570460380e-04
-7.9213418870130415e-04
-7.5555150004152265e-04
-7.1896211842172215e-04
-6.8237407553490680e-04
-6.4578737128396070e-04
-6.0920602086212946e-04
-5.7262065500775748e-04
-5.3603528915589500e-04
-4.9944992330212541e-04
-4.6286455744839214e-04
-4.2628053003415417e-04
-3.8969382573987674e-04
-3.5310845998366583e-04
-3.1652443266677014e-04
-2.7994174369277037e-04
-2.4336039296236978e-04
-2.0676699646155611e-04
2.1300247300763420e-04
6.6635393350986225e-04
6.2976968975626596e-04
5.9318410754615988e-04
5.5659718678236305e-04
5.2000892736658074e-04
4.8342822608019780e-04
4.4684286021902397e-04
4.1025615581988392e-04
3.7367212850997097e-04
3.3708676276044639e-04
3.0050139680248036e-04
2.6391603094875322e-04
2.2732932655733840e-04
1.9074529924331137e-04
1.5415993348885760e-04
1.1757322919611282e-04
8.0985186267429186e-05
4.4395804605123072e-05
7.8184699839090551e-06
-9.1990636317999491e-05
-5.4530684859805648e-04
-5.0872148254236984e-04
-4.7213745492644208e-04
-4.3555476565270790e-04
-3.9896538525938682e-04
-3.6237734359948024e-04
-3.2579064057586482e-04
-2.8920928770063921e-04
-2.5262392184595731e-04
-2.1603855599488779e-04
-1.7945319014140763e-04
-1.4286782428764639e-04
-1.0628379687312795e-04
-6.9697092578741094e-05
-3.3111726822540645e-05
3.4723004942867250e-06
4.0054989468580136e-05
7.6636340199414608e-05
1.1322973669946187e-04
1.4982179417296097e-04
4.7434952376728366e-04
4.3776415815793384e-04
4.0117745401091638e-04
3.6458941122650225e-04
3.2800806033035439e-04
2.9142537118942842e-04
2.5484134370681259e-04
2.1825196276531889e-04
1.8166659691228474e-04
1.4508123105743615e-04
1.0849586520416651e-04
7.1910499350587553e-05
3.5323794959561267e-05
-1.2602323553103531e-06
-3.7845598110705583e-05
-7.4432302404123940e-05
-1.1102034533328283e-04
-1.4760972699605577e-04
-1.8418706161447046e-04
-2.2076573418231931e-04
-4.3007992601957606e-04
-3.9346980359730737e-04
-3.5686102142720944e-04
-3.2029907216470636e-04
-2.8373845962968377e-04
-2.4712834045054573e-04
-2.1054297460581709e-04
-1.7395894720096446e-04
-1.3737224289786249e-04
-1.0078687713355103e-04
-6.4201511192642731e-05
-2.7616145338345767e-05
8.9678820758777028e-06
4.5554586370035383e-05
8.2139952125952646e-05
1.1872397944215667e-04
1.5530666841634955e-04
1.9188801914629799e-04
2.2848141564793862e-04
2.6507347312304118e-04
4.0526286569594520e-04
3.6868792065938036e-04
3.3211163784812345e-04
2.9553401716237712e-04
2.5895505850606951e-04
2.2237476177996659e-04
1.8576109112414176e-04
1.4917572526563469e-04
1.1258902086888445e-04
7.6004993558425609e-05
3.9419627704063766e-05
2.8342618500705206e-06
-3.3752442541350731e-05
-7.0336469856028270e-05
-1.0692183561166764e-04
-1.4350853990419889e-04
-1.8009658283319748e-04
-2.1668596449571324e-04
-2.5326329911516508e-04
-2.8984197168494311e-04
-3.8865676917633810e-04
-3.5206818570318311e-04
-3.1548094090531556e-04
-2.7889503468475347e-04
-2.4231046694417360e-04
-2.0572672255972347e-04
-1.6914431649580640e-04
-1.3255599085362587e-04
-9.5970625002058372e-05
-5.9385259150253829e-05
-2.2799893295949991e-05
1.3785472556862098e-05
5.0369499970198711e-05
8.6956204265113747e-05
1.2354157002246680e-04
1.6012559733891488e-04
1.9670828631382405e-04
2.3328963704368096e-04
2.6988303354224836e-04
3.0647509101294312e-04
3.8037608109139188e-04
3.4379206541164934e-04
3.0720671129286648e-04
2.7062001863638866e-04
2.3403198734599424e-04
1.9745060173298018e-04
1.6086523587209228e-04
1.2427853147252603e-04
8.7694504163497074e-05
5.1109138414402500e-05
1.4523772455191049e-05
-2.2061593398875716e-05
-5.8648297790392543e-05
-9.5232325105510979e-05
-1.3181769086000554e-04
-1.6840439515375836e-04
-2.0499243808216731e-04
-2.4158181974485296e-04
-2.7815915436315956e-04
-3.1473782693221687e-04
-3.7373054793560847e-04
-3.3714476339650909e-04
-3.0056031732804509e-04
-2.6397720963266684e-04
-2.2738866610818020e-04
-1.9080146125661181e-04
-1.5421559497950574e-04
-1.1763106717848479e-04
-8.1047877756584740e-05
-4.4466026615995572e-05
-7.8764709893839622e-06
