0.0000000000000000e+00
0.0000000000000000e+00
0.0000000000000000e+00
0.0000000000000000e+00
0.0000000000000000e+00
0.0000000000000000e+00
0.0000000000000000e+00
0.0000000000000000e+00
0.0000000000000000e+00
8.3361118199586125e-04
1.6675003728694627e-03
1.6675003728694627e-03
1.6675003728694627e-03
1.6675003728694627e-03
1.6675003728694627e-03
1.6675003728694627e-03
1.6675003728694627e-03
1.6675003728694627e-03
1.6675003728694627e-03
1.6675003728694627e-03
1.6675003728694627e-03
1.6675003728694627e-03
1.6675003728694627e-03
1.6675003728694627e-03
1.6675003728694627e-03
1.6675003728694627e-03
1.6675003728694627e-03
1.8337075404725105e-03
2.6668449736042383e-03
3.5002338401161921e-03
4.3339005923517127e-03
4.3339005923517127e-03
4.3339005923517127e-03
4.3339005923517127e-03
4.3339005923517127e-03
4.3339005923517127e-03
4.3339005923517127e-03
4.3339005923517127e-03
4.3339005923517127e-03
4.3339005923517127e-03
4.3339005923517127e-03
4.3339005923517127e-03
4.3339005923517127e-03
4.3339005923517127e-03
4.3339005923517127e-03
4.3339005923517127e-03
4.3339005923517127e-03
4.3339005923517127e-03
4.3339005923517127e-03
5.1002687994379870e-03
5.9338032325625158e-03
5.9338032325625158e-03
5.9338032325625158e-03
5.9338032325625158e-03
5.9338032325625158e-03
5.9338032325625158e-03
5.9338032325625158e-03
5.9338032325625158e-03
5.9338032325625158e-03
5.9338032325625158e-03
5.9338032325625158e-03
5.9338032325625158e-03
5.9338032325625158e-03
5.9338032325625158e-03
5.9338032325625158e-03
5.9338032325625158e-03
5.9338032325625158e-03
5.9338032325625158e-03
5.9338032325625158e-03
6.0602440759994465e-03
6.8937124064501719e-03
6.8937124064501719e-03
6.8937124064501719e-03
6.8937124064501719e-03
6.8937124064501719e-03
6.8937124064501719e-03
6.8937124064501719e-03
6.8937124064501719e-03
6.8937124064501719e-03
6.8937124064501719e-03
6.8937124064501719e-03
6.8937124064501719e-03
6.8937124064501719e-03
6.8937124064501719e-03
6.8937124064501719e-03
6.8937124064501719e-03
6.8937124064501719e-03
6.8937124064501719e-03
6.8937124064501719e-03
6.8937124064501719e-03
7.4696105171383545e-03
7.4696105171383545e-03
7.4696105171383545e-03
7.4696105171383545e-03
7.4696105171383545e-03
7.4696105171383545e-03
7.4696105171383545e-03
7.4696105171383545e-03
7.4696105171383545e-03
7.4696105171383545e-03
7.4696105171383545e-03
7.4696105171383545e-03
7.4696105171383545e-03
7.4696105171383545e-03
7.4696105171383545e-03
7.4696105171383545e-03
7.4696105171383545e-03
7.4696105171383545e-03
7.4696105171383545e-03
7.4696105171383545e-03
7.8150052699323333e-03
7.8150052699323333e-03
7.8150052699323333e-03
7.8150052699323333e-03
7.8150052699323333e-03
7.8150052699323333e-03
7.8150052699323333e-03
7.8150052699323333e-03
7.8150052699323333e-03
7.8150052699323333e-03
7.8150052699323333e-03
7.8150052699323333e-03
7.8150052699323333e-03
7.8150052699323333e-03
7.8150052699323333e-03
7.8150052699323333e-03
7.8150052699323333e-03
7.8150052699323333e-03
7.8150052699323333e-03
7.8150052699323333e-03
8.0222475477251046e-03
8.0222475477251046e-03
8.0222475477251046e-03
8.0222475477251046e-03
8.0222475477251046e-03
8.0222475477251046e-03
8.0222475477251046e-03
8.0222475477251046e-03
8.0222475477251046e-03
8.0222475477251046e-03
8.0222475477251046e-03
8.0222475477251046e-03
8.0222475477251046e-03
8.0222475477251046e-03
8.0222475477251046e-03
8.0222475477251046e-03
8.0222475477251046e-03
8.0222475477251046e-03
8.0222475477251046e-03
8.0222475477251046e-03
8.1466865897255290e-03
8.1466865897255290e-03
8.1466865897255290e-03
8.1466865897255290e-03
8.1466865897255290e-03
8.1466865897255290e-03
8.1466865897255290e-03
8.1466865897255290e-03
8.1466865897255290e-03
8.1466865897255290e-03
8.1466865897255290e-03
8.1466865897255290e-03
8.1466865897255290e-03
8.1466865897255290e-03
8.1466865897255290e-03
8.1466865897255290e-03
8.1466865897255290e-03
8.1466865897255290e-03
8.1466865897255290e-03
8.1466865897255290e-03
8.2213339212358696e-03
8.2213339212358696e-03
8.2213339212358696e-03
8.2213339212358696e-03
8.2213339212358696e-03
8.2213339212358696e-03
8.2213339212358696e-03
8.2213339212358696e-03
8.2213339212358696e-03
8.2213339212358696e-03
8.2213339212358696e-03
8.2213339212358696e-03
8.2213339212358696e-03
8.2213339212358696e-03
8.2213339212358696e-03
8.2213339212358696e-03
8.2213339212358696e-03
8.2213339212358696e-03
8.2213339212358696e-03
8.2213339212358696e-03
8.2661344081277274e-03
8.2661344081277274e-03
8.2661344081277274e-03
8.2661344081277274e-03
8.2661344081277274e-03
8.2661344081277274e-03
8.2661344081277274e-03
8.2661344081277274e-03
8.2661344081277274e-03
8.2661344081277274e-03
8.2661344081277274e-03
