2.0000000000000020e+02
2.0000000000000020e+02
2.0000000000000020e+02
2.0000000000000020e+02
2.0000000000000020e+02
2.0000000000000020e+02
2.0000000000000020e+02
2.0000000000000020e+02
2.0000000000000020e+02
2.0500166709197546e+02
2.1000500223721687e+02
2.1000500223721687e+02
2.1000500223721687e+02
2.1000500223721687e+02
2.1000500223721687e+02
2.1000500223721687e+02
2.1000500223721687e+02
2.1000500223721687e+02
2.1000500223721687e+02
2.1000500223721687e+02
2.1000500223721687e+02
2.1000500223721687e+02
2.1000500223721687e+02
2.1000500223721687e+02
2.1000500223721687e+02
2.1000500223721687e+02
2.1000500223721687e+02
2.1100224524283527e+02
2.1600106984162562e+02
2.2100140304069731e+02
2.2600340355411049e+02
2.2600340355411049e+02
2.2600340355411049e+02
2.2600340355411049e+02
2.2600340355411049e+02
2.2600340355411049e+02
2.2600340355411049e+02
2.2600340355411049e+02
2.2600340355411049e+02
2.2600340355411049e+02
2.2600340355411049e+02
2.2600340355411049e+02
2.2600340355411049e+02
2.2600340355411049e+02
2.2600340355411049e+02
2.2600340355411049e+02
2.2600340355411049e+02
2.2600340355411049e+02
2.2600340355411049e+02
2.3060161279662816e+02
2.3560281939537521e+02
2.3560281939537521e+02
2.3560281939537521e+02
2.3560281939537521e+02
2.3560281939537521e+02
2.3560281939537521e+02
2.3560281939537521e+02
2.3560281939537521e+02
2.3560281939537521e+02
2.3560281939537521e+02
2.3560281939537521e+02
2.3560281939537521e+02
2.3560281939537521e+02
2.3560281939537521e+02
2.3560281939537521e+02
2.3560281939537521e+02
2.3560281939537521e+02
2.3560281939537521e+02
2.3560281939537521e+02
2.3636146445599690e+02
2.4136227443870123e+02
2.4136227443870123e+02
2.4136227443870123e+02
2.4136227443870123e+02
2.4136227443870123e+02
2.4136227443870123e+02
2.4136227443870123e+02
2.4136227443870123e+02
2.4136227443870123e+02
2.4136227443870123e+02
2.4136227443870123e+02
2.4136227443870123e+02
2.4136227443870123e+02
2.4136227443870123e+02
2.4136227443870123e+02
2.4136227443870123e+02
2.4136227443870123e+02
2.4136227443870123e+02
2.4136227443870123e+02
2.4136227443870123e+02
2.4481766310283029e+02
2.4481766310283029e+02
2.4481766310283029e+02
2.4481766310283029e+02
2.4481766310283029e+02
2.4481766310283029e+02
2.4481766310283029e+02
2.4481766310283029e+02
2.4481766310283029e+02
2.4481766310283029e+02
2.4481766310283029e+02
2.4481766310283029e+02
2.4481766310283029e+02
2.4481766310283029e+02
2.4481766310283029e+02
2.4481766310283029e+02
2.4481766310283029e+02
2.4481766310283029e+02
2.4481766310283029e+02
2.4481766310283029e+02
2.4689003161959414e+02
2.4689003161959414e+02
2.4689003161959414e+02
2.4689003161959414e+02
2.4689003161959414e+02
2.4689003161959414e+02
2.4689003161959414e+02
2.4689003161959414e+02
2.4689003161959414e+02
2.4689003161959414e+02
2.4689003161959414e+02
2.4689003161959414e+02
2.4689003161959414e+02
2.4689003161959414e+02
2.4689003161959414e+02
2.4689003161959414e+02
2.4689003161959414e+02
2.4689003161959414e+02
2.4689003161959414e+02
2.4689003161959414e+02
2.4813348528635083e+02
2.4813348528635083e+02
2.4813348528635083e+02
2.4813348528635083e+02
2.4813348528635083e+02
2.4813348528635083e+02
2.4813348528635083e+02
2.4813348528635083e+02
2.4813348528635083e+02
2.4813348528635083e+02
2.4813348528635083e+02
2.4813348528635083e+02
2.4813348528635083e+02
2.4813348528635083e+02
2.4813348528635083e+02
2.4813348528635083e+02
2.4813348528635083e+02
2.4813348528635083e+02
2.4813348528635083e+02
2.4813348528635083e+02
2.4888011953835348e+02
2.4888011953835348e+02
2.4888011953835348e+02
2.4888011953835348e+02
2.4888011953835348e+02
2.4888011953835348e+02
2.4888011953835348e+02
2.4888011953835348e+02
2.4888011953835348e+02
2.4888011953835348e+02
2.4888011953835348e+02
2.4888011953835348e+02
2.4888011953835348e+02
2.4888011953835348e+02
2.4888011953835348e+02
2.4888011953835348e+02
2.4888011953835348e+02
2.4888011953835348e+02
2.4888011953835348e+02
2.4888011953835348e+02
2.4932800352741543e+02
2.4932800352741543e+02
2.4932800352741543e+02
2.4932800352741543e+02
2.4932800352741543e+02
2.4932800352741543e+02
2.4932800352741543e+02
2.4932800352741543e+02
2.4932800352741543e+02
2.4932800352741543e+02
2.4932800352741543e+02
2.4932800352741543e+02
2.4932800352741543e+02
2.4932800352741543e+02
2.4932800352741543e+02
2.4932800352741543e+02
2.4932800352741543e+02
2.4932800352741543e+02
2.4932800352741543e+02
2.4932800352741543e+02
2.4959680644876659e+02
2.4959680644876659e+02
2.4959680644876659e+02
2.4959680644876659e+02
2.4959680644876659e+02
2.4959680644876659e+02
2.4959680644876659e+02
2.4959680644876659e+02
2.4959680644876659e+02
2.4959680644876659e+02
2.4959680644876659e+02
