0.0000000000000000e+00
-1.1435251150976292e-03
-1.3928898656282293e-10
-1.1427256811894057e-03
-4.5720921221352670e-03
-1.0288490004282107e-02
1.6567686330585617e-09
8.0024653238992983e-03
1.3718511418469885e-02
2.8497433304427105e-08
1.8784820918805184e-07
4.6226002073059696e-08
-2.2864857719441371e-03
-6.8590175097228267e-03
1.2402383188385334e-09
4.5714590998797962e-03
6.8557459909237327e-03
5.2258916416054884e-10
7.5192086283365022e-10
6.1995897650596159e-10
4.8561622761333121e-10
5.9215515128924180e-10
-2.2863897060470366e-03
6.0082713380762043e-10
-3.8947301958005526e-07
-2.2871697755275679e-03
-6.8599498189957867e-03
-3.5243166325602451e-03
-3.6832332873386468e-09
1.5572645104967165e-07
1.5980376221985188e-07
4.7262727149469624e-08
-2.2868452119731261e-03
-6.8609093336420126e-03
1.0744746905450656e-09
4.5753026270552244e-03
6.8646049178883919e-03
9.2981970666026970e-10
1.0809386919412595e-09
6.1534706115128929e-10
5.1079607311070245e-10
3.9925021508883327e-10
-2.2867800311236392e-03
5.8368486820477568e-10
3.9121409352672039e-07
-2.2859984050663169e-03
-6.8595594172909859e-03
-1.3720682109277437e-02
2.5881579205952583e-09
2.0048122860638799e-08
-5.9949107669695202e-04
4.5978995853636753e-08
-1.6868134828356644e-03
-5.6596788130483669e-03
-1.1918160011945015e-02
1.6501944010594002e-09
1.2551840907937783e-10
-2.2863915951120543e-03
-1.4246714770048636e-10
-3.8918517907090093e-07
-1.6448833291996599e-10
-2.2796427617945143e-10
-2.2863903771427872e-03
1.9336476231329524e-10
-3.8994115732949563e-07
-2.2871702963458726e-03
-6.8599504487614101e-03
-1.3718340217156143e-02
2.0661806888908732e-09
-2.0385982334587324e-03
-5.3098655613003859e-09
4.6651988490587794e-08
-2.2866819045005882e-03
-6.8605815662630487e-03
2.4856732978927506e-10
4.5749730519266630e-03
6.8639465884336856e-03
-1.3814049048898938e-10
4.1274026331149248e-11
-5.8518498614477187e-10
-5.9302771689427951e-10
-5.0964262500959035e-10
-2.2867809161589937e-03
-1.5227222460585453e-10
3.9064424090314844e-07
-2.2859989439355465e-03
-6.8595597357898842e-03
-1.3720682025125346e-02
2.1309411252610876e-09
1.1436248216895543e-02
6.0930564657562134e-09
4.5702341313706673e-08
-2.2863049374508160e-03
-6.8586558931558591e-03
4.7171664458070313e-10
4.5710955906539778e-03
6.8550202605916497e-03
-5.7906150326686114e-10
-2.9949353481969024e-10
-4.8022299582459673e-10
-5.3448914498920157e-10
-4.9253686762067396e-10
-2.2863903599890639e-03
-8.4343332239944184e-11
-3.9041435149253422e-07
-2.2871709015545505e-03
-6.8599511334717037e-03
-1.3718340926411511e-02
1.7876464932777915e-09
1.1429612056289182e-02
-1.5213390884415139e-02
4.6149941188776510e-08
1.2927318450077933e-02
1.2061543147691084e-09
-1.5214323047325919e-02
3.6786613405545997e-09
1.8495515974714301e-10
-2.2867839236740328e-03
7.6717547594013100e-11
3.9379561332305647e-07
-3.7463238890453419e-10
-2.5719038874225296e-10
-2.2867806344076627e-03
1.5948689210688479e-10
3.9069935209519269e-07
-2.2859991003391662e-03
-6.8595600787792694e-03
-1.3720682630658442e-02
2.1732797495847525e-09
1.1436248953787111e-02
-5.7199038974128508e-03
4.5934352053817230e-08
3.4335133554070857e-03
4.5808880848360427e-03
3.4425610643601134e-03
1.8922143602871510e-05
-9.7110085365795619e-10
-6.8031917773718100e-10
-2.2863906643504524e-03
5.7392813778088778e-11
-2.5769798117807657e-10
-2.4300236073184531e-10
-2.2863902714766967e-03
2.0051260004796579e-10
-3.9012204573012028e-07
-2.2871702457275427e-03
-6.8599503128144845e-03
-1.3718340107277288e-02
2.0221844877341042e-09
1.1429611481282102e-02
-1.9741266099813121e-03
4.6258674155607708e-08
-3.1248194619443989e-04
-2.9121019912842078e-03
-7.7992045156811364e-03
5.3883257276393919e-10
5.5145300731162875e-03
4.6523855575290394e-10
1.2608151247758442e-10
4.3479093615170681e-12
1.9993259600857107e-10
1.7599961918136171e-10
-2.2867805591825887e-03
1.1737626184887693e-10
3.9095729793634303e-07
-2.2859988956770438e-03
-6.8595595175885236e-03
-1.3720682434024061e-02
1.9986181221943904e-09
1.1436247952843962e-02
-7.4251698291390666e-04
4.5350880892031376e-08
-1.5437949316583315e-03
-5.3736476603832486e-03
-1.1489122053006819e-02
6.1014130973198270e-10
-8.5033365993431790e-10
-2.2863925913306896e-03
-1.0109779184811657e-09
-3.8993734774049682e-07
-1.2066588442958137e-09
-1.4536414566592204e-09
-2.2863916553364149e-03
-1.2442785204002191e-09
-3.9111171140971023e-07
-2.2871716030451851e-03
-6.8599515015010217e-03
-1.3718341329341974e-02
1.1083403139061006e-09
1.1429610848673454e-02
-2.5565378319691753e-04
4.5564866169168747e-08
-2.0310257074335077e-03
-6.3492582660110621e-03
-1.4699249317851758e-10
4.0636286599824746e-03
5.8412381897870735e-03
5.3324383161559297e-03
2.5368383085801255e-03
-2.5459523277814628e-03
-4.3894676460009817e-10
