0.0000000000000000e+00
2.5002896729354219e+01
5.0000000000370058e+01
7.4999237105251126e+01
1.0000060863161639e+02
1.2500411516678693e+02
1.5000000000108355e+02
1.7499801756918384e+02
1.9999816845812080e+02
2.2500000004289132e+02
2.5000000007090833e+02
2.2500000012372072e+02
2.0000213402900067e+02
1.7500640119983780e+02
1.5000000000149211e+02
1.2499573441788803e+02
9.9993603861102685e+01
7.5000000000438916e+01
5.0000000000641705e+01
2.5000000000005123e+01
-3.9663070583824151e-11
2.4999999999933888e+01
4.9997866147219391e+01
7.4999999999569340e+01
9.9999999411962136e+01
1.2499786497178238e+02
1.4999359726640765e+02
1.7499921141275607e+02
1.9999999995185550e+02
2.2499999975422261e+02
2.4999999973908541e+02
2.2499999987038802e+02
1.9999786556159484e+02
1.7499359622504954e+02
1.4999999999840074e+02
1.2500427109433559e+02
1.0000640892581478e+02
7.4999999999383618e+01
4.9999999999110031e+01
2.4999999999681584e+01
2.4583232294532181e-10
2.5000000000409720e+01
5.0002134440505102e+01
7.5000000000717961e+01
9.9999999413383165e+01
1.2500213326602180e+02
1.5000640214630550e+02
1.7501280664210441e+02
2.0000000000468910e+02
2.2500000003069007e+02
2.5000003273789508e+02
2.2500000012355392e+02
2.0000210142581795e+02
1.7500633605760166e+02
1.5001270343179831e+02
1.2500000000389987e+02
1.0000000000089690e+02
7.5002133850460879e+01
5.0000000000152312e+01
2.5000000589933197e+01
1.8017215576478025e-10
2.5000000000248672e+01
4.9997866147603091e+01
7.4999999999789111e+01
9.9999999412072498e+01
1.2499786497172362e+02
1.4999359726626227e+02
1.7498719688261878e+02
1.9999999999586998e+02
2.2499954966100853e+02
2.4999999993920443e+02
2.2499999987044902e+02
1.9999786536169199e+02
1.7499359582506608e+02
1.4999999999840924e+02
1.2500427149440917e+02
1.0000640972604904e+02
7.4999999999565887e+01
4.9999999999249141e+01
2.5000000000030383e+01
2.5307900488762255e-12
2.5000000000004285e+01
5.0002134440242955e+01
7.5000000000432706e+01
9.9999999413099431e+01
1.2500213326582883e+02
1.5000640214614066e+02
1.7501280664196017e+02
2.0000000000433835e+02
2.2498932428239490e+02
2.5000000000982948e+02
2.2500000012381207e+02
2.0000213409056684e+02
1.7500640132264144e+02
1.5000000000151257e+02
1.2499573429516397e+02
9.9993603615632452e+01
7.5000000000239723e+01
5.0000000000622656e+01
2.4999999999883592e+01
3.5050213084790423e-10
2.4999999999950273e+01
4.9997866147379739e+01
7.4999999999573689e+01
9.9999999411995930e+01
1.2499786497171215e+02
1.4999359726623328e+02
1.7498719688248539e+02
1.9999999999570841e+02
2.2501066573116302e+02
2.4999663227787019e+02
2.2499999987209029e+02
2.0000123508539741e+02
1.7499999999975222e+02
1.4999662900175591e+02
1.2499999999823878e+02
9.9999999999834387e+01
7.4997865561183872e+01
4.9999999999313161e+01
2.5000000585074101e+01
2.0255060984780240e-10
2.5000000000126462e+01
5.0002134440279285e+01
7.5000000000514561e+01
9.9999999413278616e+01
1.2500213326595811e+02
1.5000640214627245e+02
1.7501280664205785e+02
2.0000000000442225e+02
2.2498932428238660e+02
2.5000050583230609e+02
2.2500000012450639e+02
2.0000162891381279e+02
1.7500539161256370e+02
1.5001128763377901e+02
1.2501931639016244e+02
1.0000000000492690e+02
7.5000000001342485e+01
5.0002133850331205e+01
2.5000000000624311e+01
1.4217821560774152e-10
2.4999999999816538e+01
4.9997866147227775e+01
7.4999999999396678e+01
9.9999999411707932e+01
1.2499786497141068e+02
1.4999359726587591e+02
1.7498719688209900e+02
1.9999999999539062e+02
2.2501066573117191e+02
2.4999956634896424e+02
2.2499999987262154e+02
1.9999829922305793e+02
1.7499446381228984e+02
1.4998849305270227e+02
1.2499999999697287e+02
1.0000937522626567e+02
7.4999999997977383e+01
4.9999999998817138e+01
2.4999999999876639e+01
2.5594919697093312e-11
2.5000000000179597e+01
5.0002134440294213e+01
7.5000000000745430e+01
9.9999999413486222e+01
1.2500213326613478e+02
1.5000640214642658e+02
1.7501280664219456e+02
2.0000000000456882e+02
2.2498932428238581e+02
2.5000006758915856e+02
2.2500000012488118e+02
2.0000206659725487e+02
1.7500626641889227e+02
1.5001259900292342e+02
1.2500000000399237e+02
1.0000000000109929e+02
7.5002133850779742e+01
5.0000000000704155e+01
2.5000000590464428e+01
2.3925586303914995e-10
2.4999999999775380e+01
4.9997866146933397e+01
7.4999999999422116e+01
9.9999999411897349e+01
1.2499786497192969e+02
1.4999359726653967e+02
1.7498719688293994e+02
1.9999999999559691e+02
2.2501066573075741e+02
2.4999994504202533e+02
2.2499999987284920e+02
1.9999792029778331e+02
1.7499370572940060e+02
1.4999999999852287e+02
1.2500416152163484e+02
1.0000618971169476e+02
7.5006083981313594e+01
5.0003843743122253e+01
2.4999468409505901e+01
4.3612495462677185e-10
