0.0000000000000000e+00
-2.5004040254486299e+01
-5.0000000000581849e+01
-7.5000379830981032e+01
-1.0000518072381935e+02
-1.2501440365684152e+02
-1.4999999999954173e+02
-1.7499001510400183e+02
-1.9998444994679846e+02
-2.2500000001451752e+02
-2.4999999988307417e+02
-2.2500000007754409e+02
-2.0000442051489370e+02
-1.7501326021750296e+02
-1.5000000000028751e+02
-1.2499116295876196e+02
-9.9986748115031745e+01
-7.4999999999979963e+01
-4.9999999999876231e+01
-2.4999999999438902e+01
3.7979798637426540e-10
2.5000000000405343e+01
4.9995579757421254e+01
7.5000000000055167e+01
9.9999999022329973e+01
1.2499557780182056e+02
1.4998673731638178e+02
1.7499568709597611e+02
1.9999999994803602e+02
2.2499999990988425e+02
2.4999999989884066e+02
2.2499999991752281e+02
1.9999557871620772e+02
1.7498673531558327e+02
1.4999999999942366e+02
1.2500884639698285e+02
1.0001327353079525e+02
7.5000000000206981e+01
5.0000000000080234e+01
2.5000000000201638e+01
4.4585647846179070e-11
-2.5000000000206096e+01
-5.0004421220769274e+01
-7.5000000000387473e+01
-9.9999999022373729e+01
-1.2500441926465260e+02
-1.5001326170595016e+02
-1.7502652732450014e+02
-2.0000000000241693e+02
-2.2500000001084078e+02
-2.5000063222907079e+02
-2.2500000007765880e+02
-2.0000378823942827e+02
-1.7501199573652426e+02
-1.5002462159196958e+02
-1.2500000000237608e+02
-1.0000000000090697e+02
-7.5004420242152776e+01
-5.0000000000355385e+01
-2.5000000979190609e+01
-1.3740691165891724e-11
2.4999999999920441e+01
4.9995579757128510e+01
7.4999999999805809e+01
9.9999999021876846e+01
1.2499557780114361e+02
1.4998673731550468e+02
1.7497347854206211e+02
1.9999999999786672e+02
2.2499751106269744e+02
2.4999999993379814e+02
2.2499999991701168e+02
1.9999557867964171e+02
1.7498673524334697e+02
1.4999999999859773e+02
1.2500884646746995e+02
1.0001327367272636e+02
7.4999999999320124e+01
4.9999999999133927e+01
2.4999999999319023e+01
-6.7379479291669213e-10
-2.5000000000585736e+01
-5.0004421221306728e+01
-7.5000000000715886e+01
-9.9999999022497192e+01
-1.2500441926479300e+02
-1.5001326170583627e+02
-1.7502652732389598e+02
-2.0000000000227271e+02
-2.2497788803448432e+02
-2.5000000000385285e+02
-2.2500000007824858e+02
-2.0000442039568247e+02
-1.7501325997867568e+02
-1.5000000000128526e+02
-1.2499116319983779e+02
-9.9986748595659122e+01
-7.5000000001104425e+01
-5.0000000001155215e+01
-2.5000000000632895e+01
-8.3389714310486292e-10
2.4999999999198430e+01
4.9995579756785133e+01
7.4999999999270173e+01
9.9999999021360594e+01
1.2499557780064907e+02
1.4998673731497385e+02
1.7497347854149680e+02
1.9999999999731853e+02
2.2502209534292467e+02
2.4998141888683477e+02
2.2499999991807030e+02
2.0001416240372421e+02
1.7500000000079621e+02
1.4998141467855055e+02
1.2500000000181383e+02
9.9999999999845244e+01
7.4995578777039015e+01
4.9999999999209393e+01
2.5000000978734569e+01
-5.7105897950897959e-10
-2.5000000000582112e+01
-5.0004421221142451e+01
-7.5000000000535422e+01
-9.9999999022680811e+01
-1.2500441926511432e+02
-1.5001326170636128e+02
-1.7502652732464571e+02
-2.0000000000244202e+02
-2.2497788803395741e+02
-2.5000622573646905e+02
-2.2500000007869778e+02
-1.9999819540048782e+02
-1.7500081072435330e+02
-1.5000784507251876e+02
-1.2501929746766358e+02
-1.0000000000594616e+02
-7.5000000002044374e+01
-5.0004420241013129e+01
-2.5000000000622226e+01
-5.0338393014167785e-10
2.4999999999500332e+01
4.9995579756922922e+01
7.4999999999605009e+01
9.9999999021680168e+01
1.2499557780127333e+02
1.4998673731576406e+02
1.7497347854223554e+02
1.9999999999751191e+02
2.2502209534258981e+02
2.4999759222238990e+02
2.2499999991898014e+02
1.9999798674121715e+02
1.7499155171043367e+02
1.4998069384840750e+02
1.2499999999761968e+02
1.0001488975638658e+02
7.4999999998496349e+01
4.9999999999037875e+01
2.4999999999992362e+01
5.1355344414102420e-11
-2.4999999999805105e+01
-5.0004421220632338e+01
-7.5000000000494154e+01
-9.9999999022456507e+01
-1.2500441926501910e+02
-1.5001326170594226e+02
-1.7502652732469087e+02
-2.0000000000233877e+02
-2.2497788803390102e+02
-2.5000081010586524e+02
-2.2500000007924626e+02
-2.0000361039194601e+02
-1.7501164006633496e+02
-1.5002408812479388e+02
-1.2500000000316290e+02
-1.0000000000173026e+02
-7.5004420243080205e+01
-5.0000000001498080e+01
-2.5000000980267274e+01
-1.2457988996672584e-09
2.4999999998514134e+01
4.9995579755508949e+01
7.4999999998452139e+01
9.9999999021037482e+01
1.2499557780060253e+02
1.4998673731530039e+02
1.7497347854183801e+02
1.9999999999686474e+02
2.2502209534177013e+02
2.4999968938843875e+02
2.2499999991857851e+02
1.9999588927221873e+02
1.7498735647123289e+02
1.4999999999846673e+02
1.2500822515039602e+02
1.0001203094997548e+02
7.5011416419692466e+01
5.0006380581446408e+01
2.4996922457183974e+01
-5.6237262759202691e-10
