0.0000000000000000e+00
-1.1435251490559345e-03
-2.8432682771993189e-10
-1.1427257784964796e-03
-4.5720922838406010e-03
-1.0288490104847770e-02
1.4267533232796497e-09
8.0024650404145591e-03
1.3718511226194413e-02
2.8250270532572841e-08
1.8782010444421052e-07
4.6127387800690320e-08
-2.2864860143615956e-03
-6.8590178209568566e-03
1.1688502861418555e-09
4.5714591522800123e-03
6.8557461510098342e-03
3.9522528689369345e-10
7.7896913520813831e-10
5.1252452697232304e-10
3.2482056256596465e-10
3.5075504261170317e-10
-2.2863898902311915e-03
3.7081591119649401e-10
-3.8979126255682445e-07
-2.2871701480290181e-03
-6.8599502329313661e-03
-3.5243169272868961e-03
-3.9559480085751158e-09
1.5559651675205054e-07
1.5970691526004126e-07
4.7006860509673595e-08
-2.2868455622672671e-03
-6.8609095988240521e-03
9.7160212255596283e-10
4.5753026675564995e-03
6.8646050429128878e-03
7.1689854909988163e-10
8.5948311774067884e-10
4.2475548819349830e-10
2.3241209985361142e-10
8.0185711419872913e-12
-2.2867804971870645e-03
7.7374452325338896e-11
3.9080473369050882e-07
-2.2859988565084727e-03
-6.8595598720491563e-03
-1.3720682681712624e-02
1.9562875481362683e-09
1.9650437402521347e-08
-5.9949127474374008e-04
4.5811089916865941e-08
-1.6868137380766819e-03
-5.6596790319151146e-03
-1.1918160330658992e-02
1.3975022767660683e-09
-1.4577398409549242e-10
-2.2863917887042456e-03
-2.6372242697062214e-10
-3.8932965255960398e-07
-4.4385061423438036e-10
-4.2850652386211740e-10
-2.2863905720778058e-03
-1.5995193690707709e-10
-3.9045021462839854e-07
-2.2871708636175649e-03
-6.8599510665675444e-03
-1.3718340895906296e-02
1.9272751090036753e-09
-2.0385983886674289e-03
-5.5029372603443183e-09
4.6473223287642288e-08
-2.2866821957697246e-03
-6.8605818719577917e-03
1.2873053701985657e-10
4.5749730696472389e-03
6.8639467662052964e-03
-3.5330593886902314e-10
-2.7173915413266204e-10
-8.3755429865567309e-10
-7.1702266249696972e-10
-6.5326081124964240e-10
-2.2867812113563364e-03
-4.1399762384187718e-10
3.9056009480159989e-07
-2.2859989842133051e-03
-6.8595596555177211e-03
-1.3720681846390958e-02
2.0005942635164395e-09
1.1436247604306593e-02
5.8602032537683597e-09
4.5424321301602959e-08
-2.2863052937985421e-03
-6.8586561753906511e-03
-1.6997870772091538e-11
4.5710950615703762e-03
6.8550196861398363e-03
-1.1503782646743724e-09
-7.6568944928554105e-10
-1.0183789223785621e-09
-9.3739402386813180e-10
-1.0111761399191919e-09
-2.2863908291652565e-03
-5.2257287344504704e-10
-3.9085624888228560e-07
-2.2871712245797200e-03
-6.8599513854055013e-03
-1.3718341050460417e-02
1.4327000237591040e-09
1.1429611466909276e-02
-1.5213391186381526e-02
4.5810109562644563e-08
1.2927318203532826e-02
8.8185510902953426e-10
-1.5214323363418521e-02
3.4713296894221845e-09
-1.6328511765021794e-10
-2.2867843660216783e-03
-2.8425831066071825e-10
3.9352533562028251e-07
-6.6070604223097914e-10
-6.5410027761167620e-10
-2.2867810919271056e-03
-2.0123713318727719e-10
3.9049620125956159e-07
-2.2859992122843962e-03
-6.8595600990308345e-03
-1.3720682544998777e-02
1.7871851941491253e-09
1.1436247904669558e-02
-5.7199044283987683e-03
4.5682815598126066e-08
3.4335132945212676e-03
4.5808883360868111e-03
3.4425614562375688e-03
1.8922854133428159e-05
-1.0674427159187116e-09
-7.2341555071432836e-10
-2.2863906994996129e-03
-5.3238416457291000e-11
-4.7502849361762349e-10
-3.8942626383644161e-10
-2.2863903381590434e-03
2.1615677892291818e-10
-3.8993347970830252e-07
-2.2871700289719345e-03
-6.8599499107555723e-03
-1.3718339619697144e-02
2.2204427491370520e-09
1.1429611354596452e-02
-1.9741265383450514e-03
4.6458185528923279e-08
-3.1248173529275928e-04
-2.9121017210876252e-03
-7.7992040739282321e-03
7.5477792208508057e-10
5.5145301687969522e-03
5.7276386893688449e-10
3.1537536284710150e-10
2.2709568522801565e-10
4.3446329381594659e-10
5.7297170190935243e-10
-2.2867801170751278e-03
3.8519542443575913e-10
3.9110204539965562e-07
-2.2859988730401688e-03
-6.8595595137396137e-03
-1.3720682558418153e-02
2.4615534162324806e-09
1.1436249016620752e-02
-7.4251643013504697e-04
4.5919112275873137e-08
-1.5437944506554986e-03
-5.3736472249621891e-03
-1.1489121688126110e-02
1.0488957976613628e-09
-4.1159562787646522e-10
-2.2863920096522997e-03
-5.7682398566950753e-10
-3.8966838791872904e-07
-7.4236132671880327e-10
-1.0688506147355791e-09
-2.2863911935863557e-03
-6.9582347432965072e-10
-3.9060807706229720e-07
-2.2871710512457877e-03
-6.8599509771129566e-03
-1.3718340874338247e-02
1.4273598009133197e-09
1.1429611176665841e-02
-2.5565338993698201e-04
4.5893814557885123e-08
-2.0310254217735693e-03
-6.3492580694267144e-03
3.4689169932730116e-11
4.0636288623814507e-03
5.8412383715595786e-03
5.3324384414086034e-03
2.5368383397403036e-03
-2.5459523160581963e-03
2.0767074919545387e-10
