0.0000000000000000e+00
1.4203004661689626e-04
2.8409756097322672e-04
4.2614489501775700e-04
5.6817205448289501e-04
7.1017904509875450e-04
8.5229268292083343e-04
9.9438612732607383e-04
1.8349982691768963e-03
2.7569958863576122e-03
3.6972434323638745e-03
3.5551929100934307e-03
3.4131222066060255e-03
3.2710313161649651e-03
3.1290465684774872e-03
2.9870416582584249e-03
2.8450165797815545e-03
2.7029002270210134e-03
2.5608514465306274e-03
2.4187824853170821e-03
2.2767538855548888e-03
2.1347051108040710e-03
1.9926361553326923e-03
1.8506075440923738e-03
1.7085587578602019e-03
1.5664897909034628e-03
1.4244006374875373e-03
1.2822912918747107e-03
1.1403636416311177e-03
9.9841584507080056e-04
4.8494806635892814e-04
6.2691759171174747e-04
7.6886696457970896e-04
9.1101515263961822e-04
1.0530639331439975e-03
1.1950925386583627e-03
1.3371009749118365e-03
1.4792102745917978e-03
1.6212590550873948e-03
1.7633078355768880e-03
1.9053566160647047e-03
2.0473852215622127e-03
2.1894541770389178e-03
2.3315029517936496e-03
2.4735315515602178e-03
2.6155399820681231e-03
2.7576492989832735e-03
2.8997384237096895e-03
3.0418073619853589e-03
3.1838561195441182e-03
3.3258847021192719e-03
3.1837956406106293e-03
3.0416863869320429e-03
2.8996980794679036e-03
2.7576896084607005e-03
2.6156609681844030e-03
2.4736121529074285e-03
2.3315431568973147e-03
2.1894539744198574e-03
2.0474053965498220e-03
1.9053566160642413e-03
1.7633078355770580e-03
1.6212388743671073e-03
1.4792102745998486e-03
1.3371614998444338e-03
1.1950925443675780e-03
1.0530034024351452e-03
9.1089406830938461e-04
7.6896637213900402e-04
6.2701852963938543e-04
4.8422694112020215e-04
6.2627571120330732e-04
7.6830430629903804e-04
9.1031273213749823e-04
1.0524220526562276e-03
1.1945111809858648e-03
1.3365801228629544e-03
1.4785683941268891e-03
1.6206171746136020e-03
1.7626659551050743e-03
1.9047147355928089e-03
2.0467433410905648e-03
2.1888122965666380e-03
2.3308610713225898e-03
2.4728896710883644e-03
2.6148981015962562e-03
2.7570074185109708e-03
2.8990965432376409e-03
3.0411654815137718e-03
3.1832142390731300e-03
3.3252428216485608e-03
3.1831537601370234e-03
3.0410445064552503e-03
2.8990561989936806e-03
2.7570477279898588e-03
2.6150190877156330e-03
2.4729702724412715e-03
2.3309012764345014e-03
2.1888120939595490e-03
2.0467635160765466e-03
1.9047147355907503e-03
1.7626659551028042e-03
1.6205969938920674e-03
1.4785683941260092e-03
1.3365196193702302e-03
1.1944506638932599e-03
1.0523615219607499e-03
9.1025218783532256e-04
7.6832449166431259e-04
6.2637664916250380e-04
4.8440865461116104e-04
6.2627571120149475e-04
7.6832449166413933e-04
9.1035309713648324e-04
1.0523615333488461e-03
1.1944708331423661e-03
1.3365599407528727e-03
1.4785683941252721e-03
1.6206171746127695e-03
1.7626659551016250e-03
1.9047147355898139e-03
2.0467433410875815e-03
2.1888122965633135e-03
2.3308610713181485e-03
2.4728896710848429e-03
2.6148981015914462e-03
2.7570074185078908e-03
2.8990965432349751e-03
3.0411654815115301e-03
3.1832142390720236e-03
3.3252428216488132e-03
3.1831537601353082e-03
3.0410445064513931e-03
2.8990561989920447e-03
2.7570477279908402e-03
2.6150190877187412e-03
2.4729702724467654e-03
2.3309012764424169e-03
2.1888120939706004e-03
2.0467635160744948e-03
1.9047147355888295e-03
1.7626659551004883e-03
1.6205969938895715e-03
1.4785683941224825e-03
1.3365196193671455e-03
1.1944506638910408e-03
1.0523615219581984e-03
9.1025218783220580e-04
7.6832449166368841e-04
6.2637664916423235e-04
4.8440865461350704e-04
6.2627571120022613e-04
7.6832449166301187e-04
9.1035309713606159e-04
1.0523615333485950e-03
1.1944708331416425e-03
1.3365599407518627e-03
1.4785683941237514e-03
1.6206171746118686e-03
1.7626659551013956e-03
1.9047147355896444e-03
2.0467433410884285e-03
2.1888122965637055e-03
2.3308610713183805e-03
2.4728896710844708e-03
2.6148981015914055e-03
2.7570074185080526e-03
2.8990965432361933e-03
3.0411654815125757e-03
3.1832142390734930e-03
3.3252428216500418e-03
3.1831537601334902e-03
3.0410445064474965e-03
2.8990561989903460e-03
2.7570477279910254e-03
2.6150190877212622e-03
2.4729702724521538e-03
2.3309012764502072e-03
2.1888120939804251e-03
2.0467635160738937e-03
1.9047147355884789e-03
1.7626659551005918e-03
1.6205969938894017e-03
1.4785683941228177e-03
1.3365196193669674e-03
1.1944506638900366e-03
1.0523615219573744e-03
9.1025218783120031e-04
7.6832449166136085e-04
6.2637664916078090e-04
4.8440865461007342e-04
6.2627571119799766e-04
7.6832449166155264e-04
9.1035309713447226e-04
1.0523615333478550e-03
1.1944708331397807e-03
1.3365599407484776e-03
1.4785683941223161e-03
1.6206171746095152e-03
1.7626659550997869e-03
1.9047147355868090e-03
