0.0000000000000000e+00
-1.7197777709440238e-16
4.4408920984994488e-16
5.6454135705509433e-16
2.8289534228083048e-17
2.9641544564174867e-16
7.2164496600637552e-16
1.3025192932641373e-15
1.2930894485211637e-15
1.5612153599347543e-15
1.6072966664232547e-15
1.9810005568986698e-15
2.5266822244685230e-15
2.5524450394130666e-15
2.4914895647814045e-15
1.8848524225798120e-15
2.0474003549315987e-15
1.9770150355568179e-15
1.6533779729119720e-15
1.1334591202867050e-15
1.3257553889250312e-15
1.2296072546057342e-15
1.7956074137194331e-15
1.6697109431138055e-15
1.5180516575634078e-15
1.5586886406512289e-15
1.4883033212764771e-15
1.8471330436080833e-15
1.7009180814593301e-15
1.8768813798929421e-15
2.0637333251339445e-15
1.4219035232448127e-15
1.4774146744760343e-15
1.8768813798956688e-15
2.5241555051849571e-15
2.3873703877776805e-15
2.8314595976276919e-15
2.8517780891719279e-15
3.0941411856409700e-15
3.2051634881032411e-15
3.7711636472171485e-15
3.8524376133931688e-15
3.8970601178229090e-15
4.0080824202851967e-15
3.9728897605976511e-15
3.8009119835032288e-15
3.8063563069046665e-15
3.2497859925352919e-15
3.0629340473000434e-15
2.3140674642937188e-15
2.3140674642972332e-15
2.2883046493416862e-15
2.1921565150254127e-15
2.1921565150223653e-15
1.7723713180711840e-15
2.3938826284486550e-15
2.2516531876932694e-15
1.9240306037859152e-15
2.5361120694998371e-15
2.6728971866183728e-15
2.2382378215111355e-15
2.9613415895760616e-15
2.8746232999995515e-15
2.8746232999996564e-15
3.5868384212633544e-15
4.2747495296409929e-15
4.9666461593605835e-15
5.3497798945789099e-15
5.8751430706069012e-15
5.5827131463114369e-15
5.6937354487711473e-15
5.8453947343211592e-15
6.4520318765229619e-15
5.9266687004967985e-15
5.4513723523003701e-15
5.8900172387488697e-15
5.4662465204417738e-15
4.9463276678176184e-15
5.7601352468008005e-15
6.3410095740577981e-15
6.4520318765202017e-15
6.3910764018883062e-15
6.4465875531195577e-15
7.0680988634644886e-15
7.0884173550083909e-15
7.2807136236466413e-15
7.1290543380963368e-15
6.4574761999203772e-15
6.4074093720890495e-15
5.8007722298865494e-15
5.7046240955660156e-15
4.9666461593603658e-15
4.8353053653492383e-15
5.0573499702790840e-15
4.9612018359558185e-15
5.0424758021175289e-15
4.9720904827183956e-15
4.9720904826816859e-15
4.7242830627647561e-15
4.6281349285724170e-15
4.5874979454844735e-15
4.9815203275038868e-15
5.0112686637907505e-15
5.6937354487679019e-15
5.0722241384228567e-15
5.4513723522987419e-15
5.9821798517243858e-15
6.5536243342379787e-15
6.5333058426972776e-15
6.3410095740583740e-15
5.9266687004889565e-15
6.5888169939282995e-15
6.5576098555832685e-15
6.7092691411334003e-15
7.1900098127293644e-15
7.8115211230738416e-15
8.4939879080504914e-15
8.4627807697055566e-15
9.0897364034511394e-15
9.0694179119076236e-15
8.8676917985261444e-15
8.5643732274249152e-15
8.6198843786568451e-15
8.4533509249636191e-15
8.6104545339153700e-15
7.9686247320267837e-15
8.2015579837509400e-15
8.4290469120748838e-15
9.0505582224188625e-15
9.5853512431868237e-15
9.5893367645281589e-15
9.4634402939264326e-15
9.3727364830162302e-15
9.4688846173271816e-15
9.5298400919552141e-15
9.0396695756177527e-15
8.9286472731641402e-15
9.1967731845958011e-15
9.8792399696056886e-15
9.3132398104347372e-15
9.3429881467214210e-15
8.7864178323503126e-15
8.2962473160117231e-15
8.1797806901486557e-15
8.3463141438426533e-15
9.0639735885070545e-15
9.1398032312825996e-15
9.6354180710221857e-15
1.0332759024141864e-14
1.0691588746473750e-14
1.0110714419216334e-14
9.7925216799738908e-15
9.3469736680647316e-15
9.7464403734845120e-15
9.6760550541096653e-15
9.7464403734842391e-15
1.0125588587360142e-14
9.8073958481152456e-15
1.0358521839085681e-14
1.0171669893848218e-14
1.0303010687854278e-14
1.1040988624062315e-14
1.1076181283750066e-14
1.0889329338512649e-14
1.1131692434982206e-14
1.1111373943438741e-14
1.1111373943437120e-14
1.0353077515684230e-14
1.0388270175371694e-14
9.7722031884281614e-15
9.0748622353093129e-15
8.7011583448318439e-15
9.4797732641369325e-15
9.1818990164279106e-15
9.2170916761168312e-15
9.0247954074923818e-15
9.3633066383085987e-15
9.7573290203738196e-15
9.7018178692087204e-15
1.0084951604271871e-14
1.0660381608128050e-14
1.1145107801066258e-14
1.0427448356402501e-14
1.0503277999177451e-14
1.0468085339489892e-14
9.7152332351380957e-15
9.7206775585381442e-15
9.6909292222507567e-15
1.0353077515686689e-14
1.0145907078907424e-14
1.0297566364459729e-14
1.0676714578332580e-14
1.0040329099842439e-14
1.0242055213222901e-14
9.9996921167528452e-15
9.5962398899925310e-15
9.7181508392575101e-15
1.0339662149600744e-14
9.8386029864611444e-15
9.8737956461480881e-15
9.3281139785782077e-15
