0.0000000000000000e+00
0.0000000000000000e+00
0.0000000000000000e+00
0.0000000000000000e+00
0.0000000000000000e+00
0.0000000000000000e+00
0.0000000000000000e+00
0.0000000000000000e+00
7.6570288641077218e-03
5.6128641057813317e-02
1.4529276095334925e-01
2.7502767611301893e-01
4.4521203819587313e-01
6.1488259053034966e-01
7.4320797633027280e-01
8.3031702347339720e-01
8.7632803752760013e-01
8.8136394390322581e-01
8.8136394390322581e-01
8.8136394390322548e-01
8.8136394390322570e-01
8.8136394390322570e-01
8.8136394390322570e-01
8.8136394390322581e-01
8.8136394390322625e-01
8.8136394390322637e-01
8.8136394390322659e-01
8.8136394390322681e-01
8.8136394390322681e-01
8.8136394390322681e-01
8.8136394390322681e-01
8.8136394390322681e-01
8.8136394390322659e-01
8.7212520498235069e-01
8.2207660994560139e-01
7.3134022424073042e-01
6.0003774598248283e-01
4.2829050944558905e-01
2.5705218802098245e-01
1.2716334030579421e-01
3.8505458767032458e-02
-9.0497570548229850e-03
-1.5625246427342431e-02
-1.5625246427342431e-02
-1.5625246427342431e-02
-1.5625246427342431e-02
-1.5625246427342431e-02
-1.5625246427342431e-02
-1.5625246427342431e-02
-1.5625246427342431e-02
-1.5625246427342431e-02
-1.5625246427342431e-02
-1.5625246427342431e-02
-1.5625246427342431e-02
-1.5625246427342431e-02
-1.5625246427342431e-02
-1.5625246427342431e-02
-1.5625246427342431e-02
-8.9946496051308642e-03
3.8453600891557541e-02
1.2659741978210298e-01
2.5531508568448275e-01
4.2448524113012620e-01
5.9314462035964566e-01
7.2046185750194247e-01
8.0656577137353791e-01
8.5157465853672254e-01
8.5561143540992479e-01
8.5561143540992479e-01
8.5561143540992479e-01
8.5561143540992401e-01
8.5561143540992401e-01
8.5561143540992401e-01
8.5561143540992357e-01
8.5561143540992379e-01
8.5561143540992346e-01
8.5561143540992357e-01
8.5561143540992290e-01
8.5561143540992290e-01
8.5561143540992290e-01
8.5561143540992290e-01
8.5561143540992290e-01
8.5561143540992290e-01
8.4749207989581010e-01
7.9855952014621234e-01
7.0893583163695095e-01
5.7874272246710334e-01
4.0810153686572337e-01
2.3796595816574045e-01
1.0917655484080634e-01
2.1614829209026243e-02
-2.4847509337734750e-02
-3.0333390260438981e-02
-3.0333390260438981e-02
-3.0333390260438981e-02
-3.0333390260438981e-02
-3.0333390260438981e-02
-3.0333390260438981e-02
-3.0333390260438981e-02
-3.0333390260438981e-02
-3.0333390260438981e-02
-3.0333390260438981e-02
-3.0333390260438981e-02
-3.0333390260438981e-02
-3.0333390260438981e-02
-3.0333390260438981e-02
-3.0333390260438981e-02
-3.0333390260438981e-02
-2.4718754893558719e-02
2.1716572895469216e-02
1.0885049875745019e-01
2.3656129224850908e-01
4.0472758686533722e-01
5.7238610785351829e-01
6.9870548034991775e-01
7.8381451420146830e-01
8.2783149705770143e-01
8.3087933643650391e-01
8.3087933643650391e-01
8.3087933643650391e-01
8.3087933643650358e-01
8.3087933643650391e-01
8.3087933643650391e-01
8.3087933643650391e-01
8.3087933643650391e-01
8.3087933643650369e-01
8.3087933643650413e-01
8.3087933643650325e-01
8.3087933643650325e-01
8.3087933643650325e-01
8.3087933643650325e-01
8.3087933643650325e-01
8.3087933643650369e-01
8.2386431948644834e-01
7.7603279518324697e-01
6.8750684889365188e-01
5.5840819856679347e-01
3.8885819825265261e-01
2.1981054109239578e-01
9.2105805303370508e-02
5.6255029227384300e-03
-3.9758646938958100e-02
-4.4169564067944589e-02
-4.4169564067944589e-02
-4.4169564067944589e-02
-4.4169564067944589e-02
-4.4169564067944589e-02
-4.4169564067944589e-02
-4.4169564067944589e-02
-4.4169564067944589e-02
-4.4169564067944589e-02
