0.0000000000000000e+00
0.0000000000000000e+00
0.0000000000000000e+00
0.0000000000000000e+00
0.0000000000000000e+00
0.0000000000000000e+00
0.0000000000000000e+00
0.0000000000000000e+00
-3.8285144320490917e-03
-2.8064320528869015e-02
-7.2646380476593414e-02
-1.3751383805633632e-01
-2.2260601909767064e-01
-3.0744129526482572e-01
-3.7160398816474027e-01
-4.1515851173627777e-01
-4.3816401876336231e-01
-4.4068197195117265e-01
-4.4068197195117359e-01
-4.4068197195117309e-01
-4.4068197195117309e-01
-4.4068197195117265e-01
-4.4068197195117320e-01
-4.4068197195117342e-01
-4.4068197195117348e-01
-4.4068197195117281e-01
-4.4068197195117298e-01
-4.4068197195117242e-01
-4.4068197195117198e-01
-4.4068197195117176e-01
-4.4068197195117143e-01
-4.4068197195117137e-01
-4.4068197195117215e-01
-4.3606260249073298e-01
-4.1103830497235910e-01
-3.6567011211994860e-01
-3.0001887299082586e-01
-2.1414525472240498e-01
-1.2852609401008647e-01
-6.3581670152484226e-02
-1.9252729383105179e-02
4.5248785278037638e-03
7.8126232140618927e-03
7.8126232140618840e-03
7.8126232140618736e-03
7.8126232140618632e-03
7.8126232140618649e-03
7.8126232140618632e-03
7.8126232140618597e-03
7.8126232140618597e-03
7.8126232140618528e-03
7.8126232140618545e-03
7.8126232140618510e-03
7.8126232140618701e-03
7.8126232140618562e-03
7.8126232140618666e-03
7.8126232140618632e-03
7.8126232140618632e-03
4.4973248029602560e-03
-1.9226800445355550e-02
-6.3298709890566365e-02
-1.2765754284167705e-01
-2.1224262056444143e-01
-2.9657231017912644e-01
-3.6023092875027368e-01
-4.0328288568610671e-01
-4.2578732926771456e-01
-4.2780571770431725e-01
-4.2780571770431725e-01
-4.2780571770431680e-01
-4.2780571770431669e-01
-4.2780571770431652e-01
-4.2780571770431675e-01
-4.2780571770431630e-01
-4.2780571770431691e-01
-4.2780571770431697e-01
-4.2780571770431658e-01
-4.2780571770431636e-01
-4.2780571770431652e-01
-4.2780571770431619e-01
-4.2780571770431569e-01
-4.2780571770431564e-01
-4.2780571770431497e-01
-4.2374603994725951e-01
-3.9927976007245086e-01
-3.5446791581780224e-01
-2.8937136123286700e-01
-2.0405076843221848e-01
-1.1898297908223233e-01
-5.4588277419771340e-02
-1.0807414603881401e-02
1.2423754669495276e-02
1.5166695130848801e-02
1.5166695130848793e-02
1.5166695130848807e-02
1.5166695130848812e-02
1.5166695130848834e-02
1.5166695130848843e-02
1.5166695130848815e-02
1.5166695130848822e-02
1.5166695130848829e-02
1.5166695130848829e-02
1.5166695130848857e-02
1.5166695130848874e-02
1.5166695130848902e-02
1.5166695130848871e-02
1.5166695130848859e-02
1.5166695130848881e-02
1.2359377447409128e-02
-1.0858286447104706e-02
-5.4425249378090824e-02
-1.1828064612355546e-01
-2.0236379343191616e-01
-2.8619305392591343e-01
-3.4935274017403417e-01
-3.9190725709974328e-01
-4.1391574852784169e-01
-4.1543966821724171e-01
-4.1543966821724126e-01
-4.1543966821724160e-01
-4.1543966821724182e-01
-4.1543966821724249e-01
-4.1543966821724249e-01
-4.1543966821724232e-01
-4.1543966821724276e-01
-4.1543966821724254e-01
-4.1543966821724232e-01
-4.1543966821724199e-01
-4.1543966821724149e-01
-4.1543966821724232e-01
-4.1543966821724265e-01
-4.1543966821724310e-01
-4.1543966821724315e-01
-4.1193215974222208e-01
-3.8801639759064133e-01
-3.4375342444586848e-01
-2.7920409928243783e-01
-1.9442909912541814e-01
-1.0990527054532767e-01
-4.6052902650873861e-02
-2.8127514606285466e-03
1.9879323470187400e-02
2.2084782034675836e-02
2.2084782034675839e-02
2.2084782034675805e-02
2.2084782034675853e-02
2.2084782034675864e-02
2.2084782034675898e-02
2.2084782034675940e-02
2.2084782034675898e-02
2.2084782034675898e-02
