0.0000000000000000e+00
0.0000000000000000e+00
0.0000000000000000e+00
0.0000000000000000e+00
0.0000000000000000e+00
0.0000000000000000e+00
0.0000000000000000e+00
0.0000000000000000e+00
-3.8285144320586127e-03
-2.8064320528944250e-02
-7.2646380476755770e-02
-1.3751383805668232e-01
-2.2260601909820218e-01
-3.0744129526552277e-01
-3.7160398816553197e-01
-4.1515851173711876e-01
-4.3816401876423672e-01
-4.4068197195205189e-01
-4.4068197195205266e-01
-4.4068197195205205e-01
-4.4068197195205283e-01
-4.4068197195205239e-01
-4.4068197195205300e-01
-4.4068197195205339e-01
-4.4068197195205333e-01
-4.4068197195205289e-01
-4.4068197195205305e-01
-4.4068197195205239e-01
-4.4068197195205205e-01
-4.4068197195205244e-01
-4.4068197195205183e-01
-4.4068197195205183e-01
-4.4068197195205266e-01
-4.3606260249161560e-01
-4.1103830497324023e-01
-3.6567011212078016e-01
-3.0001887299165575e-01
-2.1414525472318161e-01
-1.2852609401089338e-01
-6.3581670153307096e-02
-1.9252729383924073e-02
4.5248785270226048e-03
7.8126232132839472e-03
7.8126232132839351e-03
7.8126232132839264e-03
7.8126232132839247e-03
7.8126232132839368e-03
7.8126232132839334e-03
7.8126232132839264e-03
7.8126232132839195e-03
7.8126232132839125e-03
7.8126232132839108e-03
7.8126232132839004e-03
7.8126232132839160e-03
7.8126232132839056e-03
7.8126232132839125e-03
7.8126232132839004e-03
7.8126232132838935e-03
4.4973248021739371e-03
-1.9226800446198535e-02
-6.3298709891532814e-02
-1.2765754284280159e-01
-2.1224262056568041e-01
-2.9657231018051350e-01
-3.6023092875166307e-01
-4.0328288568742710e-01
-4.2578732926900259e-01
-4.2780571770560349e-01
-4.2780571770560338e-01
-4.2780571770560327e-01
-4.2780571770560305e-01
-4.2780571770560277e-01
-4.2780571770560244e-01
-4.2780571770560200e-01
-4.2780571770560216e-01
-4.2780571770560200e-01
-4.2780571770560211e-01
-4.2780571770560222e-01
-4.2780571770560205e-01
-4.2780571770560161e-01
-4.2780571770560127e-01
-4.2780571770560083e-01
-4.2780571770560039e-01
-4.2374603994854221e-01
-3.9927976007375393e-01
-3.5446791581914061e-01
-2.8937136123422813e-01
-2.0405076843349740e-01
-1.1898297908350051e-01
-5.4588277421027322e-02
-1.0807414605137244e-02
1.2423754668246934e-02
1.5166695129597610e-02
1.5166695129597604e-02
1.5166695129597616e-02
1.5166695129597613e-02
1.5166695129597606e-02
1.5166695129597623e-02
1.5166695129597622e-02
1.5166695129597618e-02
1.5166695129597629e-02
1.5166695129597625e-02
1.5166695129597656e-02
1.5166695129597672e-02
1.5166695129597688e-02
1.5166695129597677e-02
1.5166695129597663e-02
1.5166695129597665e-02
1.2359377446157109e-02
-1.0858286448357119e-02
-5.4425249379352149e-02
-1.1828064612494624e-01
-2.0236379343341371e-01
-2.8619305392759631e-01
-3.4935274017587459e-01
-3.9190725710171520e-01
-4.1391574852985047e-01
-4.1543966821925282e-01
-4.1543966821925282e-01
-4.1543966821925266e-01
-4.1543966821925271e-01
-4.1543966821925338e-01
-4.1543966821925382e-01
-4.1543966821925360e-01
-4.1543966821925399e-01
-4.1543966821925399e-01
-4.1543966821925360e-01
-4.1543966821925327e-01
-4.1543966821925316e-01
-4.1543966821925382e-01
-4.1543966821925427e-01
-4.1543966821925477e-01
-4.1543966821925443e-01
-4.1193215974422043e-01
-3.8801639759259893e-01
-3.4375342444777629e-01
-2.7920409928434708e-01
-1.9442909912722511e-01
-1.0990527054705879e-01
-4.6052902652486946e-02
-2.8127514620999443e-03
1.9879323468780824e-02
2.2084782033278943e-02
2.2084782033278964e-02
2.2084782033278953e-02
2.2084782033279009e-02
2.2084782033279009e-02
2.2084782033279016e-02
2.2084782033279030e-02
2.2084782033278988e-02
2.2084782033278991e-02
