0.0000000000000000e+00
1.2486089731869897e-04
2.4975609755835523e-04
3.7463570093467099e-04
4.9949971134296319e-04
6.2434813267618172e-04
7.4926829267894411e-04
8.7417284958439187e-04
9.9950295433027430e-04
1.1274104714731467e-03
1.2578612779415542e-03
1.3908477589596737e-03
1.5263623304100711e-03
1.5369497887263127e-03
1.4200913509251039e-03
1.3006752944403426e-03
1.1786729338751749e-03
1.0541096293937265e-03
9.2923158785452513e-04
8.0433794984225088e-04
6.7942871146074583e-04
5.5459744161015317e-04
4.2975058696860107e-04
3.0484134405363896e-04
1.7996329527365917e-04
5.5085246494505449e-05
-6.9792802286121772e-05
-1.9468644754123165e-04
-3.1954889984892986e-04
-4.4442694473519344e-04
-5.6932058609520915e-04
-6.9422982782489987e-04
-8.1915467382268721e-04
-9.4451656512283390e-04
-1.0725226587287376e-03
-1.2030717310224915e-03
-1.3361561846466550e-03
-1.4717684356636328e-03
-1.4824877863258159e-03
-1.3657285250804013e-03
-1.2463739043448913e-03
-1.1244680562991494e-03
-1.0000009756659313e-03
-8.7512291957529307e-04
-7.5026045606732333e-04
-6.2541358124800720e-04
-5.0048877303181044e-04
-3.7557956907411429e-04
-2.5073267546539405e-04
-1.2585462668543006e-04
-9.7657790388247904e-07
1.2390147087674441e-04
2.4876392707696049e-04
3.7365756843583600e-04
4.9853561332151124e-04
6.2339806562835903e-04
7.4824492924844470e-04
8.7307620807595477e-04
9.9846222428405409e-04
1.1263057821514011e-03
1.2566928191162967e-03
1.3896157220556185e-03
1.5250669055910015e-03
1.5355911656389195e-03
1.4186697185504952e-03
1.2991908411840382e-03
1.1771258476872190e-03
1.0525000976121194e-03
9.2762205611057757e-04
8.0272841813640045e-04
6.7781917979258563e-04
5.5298790982771600e-04
4.2814105507112609e-04
3.0323181227100734e-04
1.7835376349068969e-04
5.3475714710973813e-05
-7.1402334068893688e-05
-1.9629597932413007e-04
-3.2115843163203832e-04
-4.4603647651840104e-04
-5.7093011787877953e-04
-6.9583935960898003e-04
-8.2076420560780918e-04
-9.4605613538241103e-04
-1.0739924768446208e-03
-1.2044720055636893e-03
-1.3374871236199529e-03
-1.4730302464540294e-03
-1.4836806756315774e-03
-1.3668526991149419e-03
-1.2474295686937110e-03
-1.1254554158178461e-03
-1.0009202346561372e-03
-8.7604217850613202e-04
-7.5117971493774403e-04
-6.2633284005761836e-04
-5.0140803202352181e-04
-3.7649882824780071e-04
-2.5165193445794622e-04
-1.2677388567736722e-04
-1.8958368957121032e-06
1.2298221188394585e-04
2.4784466808517816e-04
3.7273830944380436e-04
4.9761635432916029e-04
6.2247880663521618e-04
7.4732567025624999e-04
8.7215694908343480e-04
9.9747946777606128e-04
1.1252597178952888e-03
1.2555836365456467e-03
1.3884436099594164e-03
1.5238320521938197e-03
1.5342937586509853e-03
1.4173099450276918e-03
1.2977688876063219e-03
1.1756419000912063e-03
1.0509543414228073e-03
9.2625123382866282e-04
8.0119825107611078e-04
6.7632020238143843e-04
5.5142655721300787e-04
4.2656410486103987e-04
3.0168605992993223e-04
1.7680800730080751e-04
5.1929958520661101e-05
-7.2948090260101294e-05
-1.9784173551456541e-04
-3.2270418782239912e-04
-4.4758223270852625e-04
-5.7247587406898106e-04
-6.9738511579914286e-04
-8.2230996179721893e-04
-9.4753287036243019e-04
-1.0754003971602047e-03
-1.2058113169902795e-03
-1.3387580313688932e-03
-1.4742329551221739e-03
-1.4848153891393761e-03
-1.3679196209049110e-03
-1.2484289015886273e-03
-1.1263873619202071e-03
-1.0017849955216603e-03
-8.7690693932205579e-04
-7.5204447570372619e-04
-6.2719760077383098e-04
-5.0227279288919777e-04
-3.7736358926267199e-04
-2.5251669532405267e-04
-1.2763864654387295e-04
-2.7605977625790220e-06
