0.0000000000000000e+00
-3.7461309495952866e-05
-7.4926829267280869e-05
-1.1239375275685219e-04
-1.4986208006915311e-04
-1.8733181130975018e-04
-2.2478048780000427e-04
-2.6223056674654533e-04
-2.9994659924750100e-04
-3.3892475189406946e-04
-3.7917454532427253e-04
-4.2069217605514108e-04
-4.6347385200225179e-04
-4.6877399114185616e-04
-4.3532071590340719e-04
-4.0058155357631842e-04
-3.6455598310889813e-04
-3.2724994055860431e-04
-2.8978652569190553e-04
-2.5232451427984202e-04
-2.1486390621691995e-04
-1.7739628178086269e-04
-1.3993006111448142e-04
-1.0246945251545039e-04
-6.5006037881103494e-05
-2.7542623248600618e-05
9.9207913851831441e-06
4.7382802564562694e-05
8.4847620654565634e-05
1.2231103518438872e-04
1.5977304625940087e-04
1.9723365398460689e-04
2.3469285846577237e-04
2.7245340438087539e-04
3.1148083750862776e-04
3.5177976409622589e-04
3.9334638117657439e-04
4.3617689695297032e-04
4.4153016272839758e-04
4.0812580431227478e-04
3.7343085055391485e-04
3.3745353639278217e-04
3.0019560581450756e-04
2.6273219138521362e-04
2.2526737339565394e-04
1.8780115174027749e-04
1.5034194748905961e-04
1.1288133999304715e-04
7.5415118217835229e-05
3.7951703583314097e-05
4.8828894893191823e-07
-3.6975125685374181e-05
-7.4439943879582739e-05
-1.1190195495341154e-04
-1.4936536948161196e-04
-1.8683018756972098e-04
-2.2429640932284059e-04
-2.6176403484629094e-04
-2.9942623424264155e-04
-3.3837240703538649e-04
-3.7859031591325524e-04
-4.2007615760492512e-04
-4.6282613959557084e-04
-4.6809467957600106e-04
-4.3460989969427950e-04
-3.9983932695085412e-04
-3.6378244001825186e-04
-3.2644517467169412e-04
-2.8898175980322929e-04
-2.5151974838938650e-04
-2.1405914032466834e-04
-1.7659151589179692e-04
-1.3912529523026090e-04
-1.0166468662693549e-04
-6.4201271992443871e-05
-2.6737857359327462e-05
1.0725557275178094e-05
4.8187568454343287e-05
8.5652386544582745e-05
1.2311580107473582e-04
1.6057781215025231e-04
1.9803841987569879e-04
2.3549762435616587e-04
2.7322318954587401e-04
3.1221574656418506e-04
3.5247990136450202e-04
3.9401185066024981e-04
4.3680780234426155e-04
4.4212660740526924e-04
4.0868789135366630e-04
3.7395868272636977e-04
3.3794721615156936e-04
3.0065523530936822e-04
2.6319182088113609e-04
2.2572700289259502e-04
1.8826078123906201e-04
1.5080157698304478e-04
1.1334096948232479e-04
7.5874747710983690e-05
3.8411333077602061e-05
9.4791844187227171e-07
-3.6515496192792107e-05
-7.3980314387155299e-05
-1.1144232545978112e-04
-1.4890573998765252e-04
-1.8637055807593984e-04
-2.2383677982872269e-04
-2.6130440535224576e-04
-2.9893485595675176e-04
-3.3784937491291678e-04
-3.7803572463413794e-04
-4.1949010156205159e-04
-4.6220871290106081e-04
-4.6744597606232334e-04
-4.3393001291016536e-04
-3.9912835016259613e-04
-3.6304046622082320e-04
-3.2567229657774673e-04
-2.8830552326200045e-04
-2.5074546708240815e-04
-2.1328205243951919e-04
-1.7582004125043626e-04
-1.3835522316952713e-04
-1.0089180864910443e-04
-6.3428393902727510e-05
-2.5964979268922182e-05
1.1498435365987785e-05
4.8960446545266725e-05
8.6425264634642284e-05
1.2388867916354149e-04
1.6135069023761272e-04
1.9881129796278063e-04
2.3627050244321232e-04
2.7396155706155663e-04
3.1291970671584301e-04
3.5314955707259202e-04
3.9464730453024957e-04
4.3740915667417411e-04
4.4269396418305634e-04
4.0922135227246595e-04
3.7445834916972778e-04
3.3841318919862126e-04
3.0108761573731521e-04
2.6362420131010846e-04
2.2615938332339570e-04
1.8869316167101710e-04
1.5123395741252995e-04
1.1377334991019233e-04
7.6307128140867044e-05
3.8843713506670665e-05
1.3802988713442179e-06
