0.0000000000000000e+00
-3.7461309496178868e-05
-7.4926829267813117e-05
-1.1239375275749789e-04
-1.4986208007002443e-04
-1.8733181131124797e-04
-2.2478048780142572e-04
-2.6223056674774239e-04
-2.9994659924838506e-04
-3.3892475189531060e-04
-3.7917454532529596e-04
-4.2069217605661630e-04
-4.6347385200340354e-04
-4.6877399114278082e-04
-4.3532071590424089e-04
-4.0058155357686529e-04
-3.6455598310951721e-04
-3.2724994055966081e-04
-2.8978652569183711e-04
-2.5232451427956490e-04
-2.1486390621620066e-04
-1.7739628177996554e-04
-1.3993006111407593e-04
-1.0246945251533571e-04
-6.5006037881678121e-05
-2.7542623248193162e-05
9.9207913851523155e-06
4.7382802564803868e-05
8.4847620654794820e-05
1.2231103518529232e-04
1.5977304626025690e-04
1.9723365398620438e-04
2.3469285846771049e-04
2.7245340438065545e-04
3.1148083750852867e-04
3.5177976409686264e-04
3.9334638117668151e-04
4.3617689695341153e-04
4.4153016272813493e-04
4.0812580431232167e-04
3.7343085055416996e-04
3.3745353639371789e-04
3.0019560581507460e-04
2.6273219138567554e-04
2.2526737339632707e-04
1.8780115174176135e-04
1.5034194748943664e-04
1.1288133999334251e-04
7.5415118218985730e-05
3.7951703584026052e-05
4.8828894998349280e-07
-3.6975125684186397e-05
-7.4439943878844628e-05
-1.1190195495226060e-04
-1.4936536947941011e-04
-1.8683018756643756e-04
-2.2429640931934130e-04
-2.6176403484291913e-04
-2.9942623424285362e-04
-3.3837240703550478e-04
-3.7859031591392560e-04
-4.2007615760539664e-04
-4.6282613959553419e-04
-4.6809467957607673e-04
-4.3460989969333434e-04
-3.9983932694883501e-04
-3.6378244001651400e-04
-3.2644517467004858e-04
-2.8898175980165411e-04
-2.5151974838809446e-04
-2.1405914032415979e-04
-1.7659151589108718e-04
-1.3912529522847308e-04
-1.0166468662555547e-04
-6.4201271991408838e-05
-2.6737857358216372e-05
1.0725557276421249e-05
4.8187568456073925e-05
8.5652386546304662e-05
1.2311580107653706e-04
1.6057781215227834e-04
1.9803841987788402e-04
2.3549762435823334e-04
2.7322318954744220e-04
3.1221574656510712e-04
3.5247990136548111e-04
3.9401185066151312e-04
4.3680780234651306e-04
4.4212660740678236e-04
4.0868789135516310e-04
3.7395868272801364e-04
3.3794721615318786e-04
3.0065523531097767e-04
2.6319182088266948e-04
2.2572700289463736e-04
1.8826078124165906e-04
1.5080157698512130e-04
1.1334096948401910e-04
7.5874747713696269e-05
3.8411333079298912e-05
9.4791844308738156e-07
-3.6515496190878382e-05
-7.3980314384208858e-05
-1.1144232545825234e-04
-1.4890573998679245e-04
-1.8637055807566074e-04
-2.2383677982959645e-04
-2.6130440535386535e-04
-2.9893485595509271e-04
-3.3784937491116232e-04
-3.7803572463253983e-04
-4.1949010156156521e-04
-4.6220871290020255e-04
-4.6744597606227059e-04
-4.3393001291010833e-04
-3.9912835016275215e-04
-3.6304046622010622e-04
-3.2567229657689395e-04
-2.8830552326088393e-04
-2.5074546708148099e-04
-2.1328205243789007e-04
-1.7582004124939255e-04
-1.3835522316808110e-04
-1.0089180864653322e-04
-6.3428393900482371e-05
-2.5964979266713316e-05
1.1498435367343169e-05
4.8960446546710096e-05
8.6425264637280731e-05
1.2388867916765653e-04
1.6135069024232905e-04
1.9881129796770036e-04
2.3627050244895621e-04
2.7396155706418328e-04
3.1291970671779457e-04
3.5314955707443387e-04
3.9464730453186455e-04
4.3740915667636973e-04
4.4269396418522930e-04
4.0922135227509617e-04
3.7445834917252822e-04
3.3841318920086198e-04
3.0108761573986964e-04
2.6362420131263042e-04
2.2615938332525590e-04
1.8869316167276174e-04
1.5123395741522161e-04
1.1377334991256845e-04
7.6307128143264391e-05
3.8843713509488472e-05
1.3802988739231712e-06
