0.0000000000000000e+00
0.0000000000000000e+00
0.0000000000000000e+00
0.0000000000000000e+00
0.0000000000000000e+00
0.0000000000000000e+00
0.0000000000000000e+00
0.0000000000000000e+00
4.7856430400673239e-07
3.5080400661133317e-06
9.0807975595843203e-06
1.7189229757063680e-05
2.7825752387242070e-05
3.8430161908146845e-05
4.6450498520642048e-05
5.1894813967087351e-05
5.4770502345475038e-05
5.5085246493951666e-05
5.5085246493951666e-05
5.5085246493951666e-05
5.5085246493951666e-05
5.5085246493951666e-05
5.5085246493951666e-05
5.5085246493951666e-05
5.5085246493951666e-05
5.5085246493951666e-05
5.5085246493951666e-05
5.5085246493951666e-05
5.5085246493951666e-05
5.5085246493951666e-05
5.5085246493951666e-05
5.5085246493951666e-05
5.5085246493951666e-05
5.5662667676506405e-05
5.8790704866303222e-05
6.4461728972857669e-05
7.2668133863998177e-05
8.3402336147554059e-05
9.4104731236591913e-05
1.0222278421879122e-04
1.0776390181496384e-04
1.1073610280382983e-04
1.1114707088961223e-04
1.1114707088961223e-04
1.1114707088961223e-04
1.1114707088961223e-04
1.1114707088961223e-04
1.1114707088961223e-04
1.1114707088961223e-04
1.1114707088961223e-04
1.1114707088961223e-04
1.1114707088961223e-04
1.1114707088961223e-04
1.1114707088961223e-04
1.1114707088961223e-04
1.1114707088961223e-04
1.1114707088961223e-04
1.1114707088961223e-04
1.1156148319100045e-04
1.1452699884704351e-04
1.2003598752770261e-04
1.2808084164660132e-04
1.3865397636195396e-04
1.4919518756379893e-04
1.5715251488519248e-04
1.6253400950216716e-04
1.6534706494986622e-04
1.6559936350444131e-04
1.6559936350444131e-04
1.6559936350444131e-04
1.6559936350444131e-04
1.6559936350444131e-04
1.6559936350444131e-04
1.6559936350444131e-04
1.6559936350444131e-04
1.6559936350444131e-04
1.6559936350444131e-04
1.6559936350444131e-04
1.6559936350444131e-04
1.6559936350444131e-04
1.6559936350444131e-04
1.6559936350444131e-04
1.6559936350444131e-04
1.6610682322407334e-04
1.6916510820842319e-04
1.7476658874025194e-04
1.8290365806336749e-04
1.9356873216345378e-04
2.0420220583220274e-04
2.1225154354001098e-04
2.1772415139199733e-04
2.2062804755116987e-04
2.2097091510883899e-04
2.2097091510883899e-04
2.2097091510883899e-04
2.2097091510883899e-04
2.2097091510883899e-04
2.2097091510883899e-04
2.2097091510883899e-04
2.2097091510883899e-04
2.2097091510883899e-04
2.2097091510883899e-04
2.2097091510883899e-04
2.2097091510883899e-04
2.2097091510883899e-04
2.2097091510883899e-04
2.2097091510883899e-04
2.2097091510883899e-04
2.2132182981926895e-04
2.2422403780608322e-04
2.2966990817245702e-04
2.3765183276564815e-04
2.4816222617919995e-04
2.5864088374096119e-04
2.6653584452198623e-04
2.7185515913770810e-04
2.7460622056622272e-04
2.7479671052739804e-04
2.7479671052739804e-04
2.7479671052739804e-04
2.7479671052739804e-04
2.7479671052739804e-04
2.7479671052739804e-04
2.7479671052739804e-04
2.7479671052739804e-04
2.7479671052739804e-04
2.7479671052739804e-04
2.7479671052739804e-04
2.7479671052739804e-04
2.7479671052739804e-04
2.7479671052739804e-04
2.7479671052739804e-04
2.7479671052739804e-04
2.7523514908677643e-04
2.7822461935572641e-04
2.8375749099882611e-04
2.9182615664425488e-04
3.0242303166388859e-04
3.1298851023640471e-04
3.2097005622321858e-04
3.2637507512200845e-04
3.2921158448836433e-04
3.2948726680892608e-04
3.2948726680892608e-04
3.2948726680892608e-04
3.2948726680892608e-04
3.2948726680892608e-04
3.2948726680892608e-04
3.2948726680892608e-04
3.2948726680892608e-04
3.2948726680892608e-04
