0.0000000000000000e+00
-1.1985800053489577e-03
-8.7038001502813452e-11
-1.1994380343768574e-03
-4.7964744919198731e-03
-1.0790690704224629e-02
9.9484595880262993e-10
8.3924349976904032e-03
-3.4838830962064340e-08
-9.6190443146297713e-07
-9.5828403586454218e-07
-9.5286316061000263e-07
-9.4726572651924146e-07
-1.1914218638515981e-03
-1.2658444535736109e-03
-9.6640181119330719e-07
-9.7684467985807284e-07
-9.6291809176514985e-07
-1.4576537423367816e-08
-2.3969342695300956e-03
-7.1921410172590874e-03
5.1671556418321616e-10
4.7955314784168396e-03
-3.0469686532278768e-10
-3.8972032303391754e-10
-6.0972567179199557e-10
-8.5667416512104180e-10
-2.3978689149595218e-03
-6.0318310709741897e-10
4.1893349530412854e-07
-2.3970296175339092e-03
-7.1927653868546224e-03
-1.4387208061416863e-02
-3.7209664574694152e-08
-9.8016982861284949e-07
-9.4914925037216381e-07
-9.4340977332104552e-07
-9.3759303389150319e-07
-1.1909001564221705e-03
-1.2660558302458080e-03
-9.9172971183547715e-07
-9.6990744809603378e-07
-9.7210775747621617e-07
-2.6787719073662261e-08
-2.3965307853249891e-03
-7.1900650850674781e-03
-3.8521134966288737e-10
4.7913585738308673e-03
-8.1512801490328077e-10
-1.0538393655581965e-09
-9.1821032042212345e-10
-9.1446492740295966e-10
-2.3974500778297480e-03
-1.0511705671922808e-09
-4.1964292695132525e-07
-2.3982870215277321e-03
-7.1931845605373171e-03
-1.4384693090997287e-02
-3.0779848630650777e-08
-9.3801805165049441e-07
-9.5878216885905292e-07
-9.5328012333200012e-07
-9.4798075124654368e-07
-1.1914167938392734e-03
-1.2658396205612124e-03
-9.6688539786534948e-07
-9.7754443901489943e-07
-9.6379032767315799e-07
-1.0608599286502441e-08
-2.3969252361532587e-03
-7.1921271366886148e-03
-3.5151531357621005e-10
4.7955155123022139e-03
-1.0256691918265535e-09
-9.5481569093911847e-10
-1.2537470286126305e-09
-1.0350008196188622e-09
-2.3978690758035279e-03
-7.0801465796930881e-10
4.1888077723388164e-07
-2.3970295140718981e-03
-7.1927654958485500e-03
-1.4387208607942919e-02
-2.7521659195720496e-08
-9.8065979442495393e-07
-9.4979212796459172e-07
-9.4412196745555873e-07
-9.3845237362480731e-07
-1.1908950215292356e-03
-1.2660504040517347e-03
-9.9204404897686182e-07
-9.6997479687460946e-07
-9.7210423753074809e-07
-1.9332914614924831e-08
-2.3965156074943548e-03
-7.1900420920945757e-03
-6.9298608967097429e-10
4.7913348690727317e-03
-1.5209700232029416e-09
-1.4423309834042820e-09
-1.9825382246454141e-09
-2.0717505056498869e-09
-2.3974507566400186e-03
-1.7853359892364946e-09
-4.2077285633163803e-07
-2.3982887564638592e-03
-7.1931864311463598e-03
-1.4384695254408374e-02
-2.3579173827194477e-08
-9.3936652844394689e-07
-9.6024050663617565e-07
-9.5469544764490997e-07
-9.4906867907796868e-07
-1.1914125474797750e-03
-1.2658348757378292e-03
-9.6745447465104951e-07
-9.7787214902984083e-07
-9.6407363444550299e-07
-1.7409785712723971e-02
-2.1279511114075422e-08
-7.5343426331143939e-09
-2.3978617110989929e-03
-2.0932921719705087e-09
4.0859958854981886e-07
-2.4250798155869828e-09
-2.5625640448745147e-09
-2.5110928319725696e-09
-2.3978704994803489e-03
-2.1502017672789618e-09
4.1734522590371449e-07
-2.3970314494454401e-03
-7.1927674020956320e-03
-1.4387210249839449e-02
-2.0619417771876900e-08
-9.8221080121427414e-07
-9.5107350281763000e-07
-9.4525773860338994e-07
-9.3957499484428708e-07
-1.1908900144095038e-03
-1.2660450881835240e-03
-9.9301617128998783e-07
-9.7108716753758729e-07
-9.7328555633302495e-07
-1.4265749436010964e-08
-2.3965044244518507e-03
-7.1900246480749294e-03
-1.4927894993434616e-09
4.7913157572770163e-03
-2.4181469599819059e-09
-2.3716924736827625e-09
-2.7966381090606434e-09
