2.0000000000000020e+02
2.0000000000000020e+02
2.0000000000000020e+02
2.0000000000000020e+02
2.0000000000000020e+02
2.0000000000000020e+02
2.0000000000000020e+02
2.0000000000000020e+02
2.0478851442589155e+02
2.3031580586146285e+02
2.5578205972006759e+02
2.8118745735333619e+02
3.0653218081610737e+02
3.0627467618049684e+02
2.8048206911607627e+02
2.5475452334825570e+02
2.2908550679795005e+02
2.0347795296373013e+02
2.0033051147896384e+02
2.0033051147896384e+02
2.0033051147896384e+02
2.0033051147896384e+02
2.0033051147896384e+02
2.0033051147896384e+02
2.0033051147896384e+02
2.0033051147896384e+02
2.0033051147896384e+02
2.0033051147896384e+02
2.0033051147896384e+02
2.0033051147896384e+02
2.0033051147896384e+02
2.0033051147896384e+02
2.0033051147896384e+02
2.0610818783160653e+02
2.3163311612716632e+02
2.5709701143938173e+02
2.8250005771458893e+02
3.0784243685244428e+02
3.0758857927779871e+02
2.8179386652730568e+02
2.5605775937261649e+02
2.3038642650548286e+02
2.0477656328316246e+02
2.0066688242533792e+02
2.0066688242533792e+02
2.0066688242533792e+02
2.0066688242533792e+02
2.0066688242533792e+02
2.0066688242533792e+02
2.0066688242533792e+02
2.0066688242533792e+02
2.0066688242533792e+02
2.0066688242533792e+02
2.0066688242533792e+02
2.0066688242533792e+02
2.0066688242533792e+02
2.0066688242533792e+02
2.0066688242533792e+02
2.0481349191302840e+02
2.3034231855351263e+02
2.5581010273175559e+02
2.8121702623886722e+02
3.0656327101169887e+02
3.0630728314383248e+02
2.8051618830324651e+02
2.5479015022676020e+02
2.2912263686668928e+02
2.0351658172677838e+02
2.0099359618102670e+02
2.0099359618102670e+02
2.0099359618102670e+02
2.0099359618102670e+02
2.0099359618102670e+02
2.0099359618102670e+02
2.0099359618102670e+02
2.0099359618102670e+02
2.0099359618102670e+02
2.0099359618102670e+02
2.0099359618102670e+02
2.0099359618102670e+02
2.0099359618102670e+02
2.0099359618102670e+02
2.0099359618102670e+02
2.0607123813566488e+02
2.3159784049274938e+02
2.5706340485073025e+02
2.8246811517953518e+02
3.0781215339384318e+02
3.0755994992248276e+02
2.8176688633932400e+02
2.5603242342821284e+02
2.3036272987703276e+02
2.0475450106734331e+02
2.0132582549065319e+02
2.0132582549065319e+02
2.0132582549065319e+02
2.0132582549065319e+02
2.0132582549065319e+02
2.0132582549065319e+02
2.0132582549065319e+02
2.0132582549065319e+02
2.0132582549065319e+02
2.0132582549065319e+02
2.0132582549065319e+02
2.0132582549065319e+02
2.0132582549065319e+02
2.0132582549065319e+02
2.0132582549065319e+02
2.0483707808321594e+02
2.3036742409497921e+02
2.5583672311277130e+02
2.8124515692850582e+02
3.0659290749259304e+02
3.0633842092005898e+02
2.8054882287738189e+02
2.5482427711204554e+02
2.2915825160854340e+02
2.0355367987491630e+02
2.0164878026316461e+02
2.0164878026316461e+02
2.0164878026316461e+02
2.0164878026316461e+02
2.0164878026316461e+02
2.0164878026316461e+02
2.0164878026316461e+02
2.0164878026316461e+02
2.0164878026316461e+02
2.0164878026316461e+02
2.0164878026316461e+02
2.0164878026316461e+02
2.0164878026316461e+02
2.0164878026316461e+02
2.0164878026316461e+02
2.0603579648830515e+02
2.3156405040563561e+02
2.5703126137698979e+02
2.8243761339415238e+02
3.0778328838632160e+02
3.0753271678657933e+02
2.8174128020548039e+02
2.5600843943862554e+02
2.3034036317049078e+02
2.0473374680647021e+02
2.0197692360085367e+02
2.0197692360085367e+02
2.0197692360085367e+02
2.0197692360085367e+02
2.0197692360085367e+02
2.0197692360085367e+02
2.0197692360085367e+02
2.0197692360085367e+02
