0.0000000000000000e+00
2.5595764802340767e+01
5.1199999999438461e+01
7.6799599028801225e+01
1.0239456294061178e+02
1.2798489278420109e+02
1.5359999999979109e+02
1.7921046962578095e+02
2.0479999993443380e+02
2.3039999786124915e+02
2.5599999790329684e+02
2.8159999791477537e+02
3.0719999792624742e+02
3.0719580864452843e+02
2.8159561523618760e+02
2.5599999791711244e+02
2.3039999787745225e+02
2.0479999791673694e+02
1.7919999997013215e+02
1.5359536602580985e+02
1.2798609503349866e+02
1.0239999999906370e+02
7.6809272116207239e+01
5.1199999999556653e+01
2.5599999999604115e+01
-2.6974479004159062e-10
-2.5600000000452024e+01
-5.1204635998595101e+01
-7.6800000000684946e+01
-1.0239999895067633e+02
-1.2800463389859985e+02
-1.5361390589467905e+02
-1.7922781598984483e+02
-2.0480000006132718e+02
-2.3040000219242009e+02
-2.5600000205221636e+02
-2.8160000203902564e+02
-3.0720000202590040e+02
-3.0720419189590524e+02
-2.8160438757266519e+02
-2.5600000217619936e+02
-2.3040000211103310e+02
-2.0480000212494423e+02
-1.7920000005916211e+02
-1.5360463294241899e+02
-1.2801389972503443e+02
-1.0240000000185054e+02
-7.6790738375128143e+01
-5.1200000000988666e+01
-2.5600000001214280e+01
-9.5039107088742342e-10
2.5599999999108825e+01
5.1195365050700552e+01
7.6799999998684129e+01
1.0239999894900892e+02
1.2799536295142921e+02
1.5358609305498467e+02
1.7917219030949917e+02
2.0479999990792723e+02
2.3039999801692392e+02
2.5599999790276638e+02
2.8159999791422939e+02
3.0719999792548333e+02
3.0719580865766807e+02
2.8159561524988158e+02
2.5599999791686776e+02
2.3039999787689635e+02
2.0479999791606937e+02
1.7919999998013242e+02
1.5359536604668202e+02
1.2798609506511107e+02
1.0239999999842468e+02
7.6809272082791765e+01
5.1199999998908375e+01
2.5599999999046069e+01
-9.5209703979334412e-10
-2.5600000000689349e+01
-5.1204635998851522e+01
-7.6800000000960793e+01
-1.0239999895092224e+02
-1.2800463389884996e+02
-1.5361390589514866e+02
-1.7922781599076822e+02
-2.0480000004336233e+02
-2.3040000219315760e+02
-2.5600000205303252e+02
-2.8160000203993974e+02
-3.0720000202704568e+02
-3.0720419188026153e+02
-2.8160438755747509e+02
-2.5600000217644288e+02
-2.3040000211102586e+02
-2.0480000212480212e+02
-1.7920000004237787e+02
-1.5360463290864666e+02
-1.2801389967413274e+02
-1.0240000000228829e+02
-7.6790738426937139e+01
-5.1200000001879175e+01
-2.5600000001775474e+01
-1.8449629621775405e-09
2.5599999997959660e+01
5.1195365049964224e+01
7.6799999997926989e+01
1.0239999894807265e+02
1.2799536295007174e+02
1.5358609305383200e+02
1.7917219030809247e+02
2.0479999992730723e+02
2.3039999801495708e+02
2.5599999790067631e+02
2.8159999791227875e+02
3.0719999792388768e+02
3.0719580866940561e+02
2.8159561526314872e+02
2.5599999791602545e+02
2.3039999787632280e+02
2.0479999791555548e+02
1.7922541556582817e+02
1.5359999996019562e+02
1.2799999998597744e+02
1.0239536401399771e+02
7.6799999997558103e+01
5.1200001033045439e+01
2.5599999997475539e+01
-2.5783770971114004e-09
-2.5600000002566357e+01
-5.1204636000537839e+01
-7.6800000002678601e+01
-1.0239999895268218e+02
-1.2800463390087066e+02
-1.5361390589717791e+02
-1.7922781599253341e+02
-2.0480000002981774e+02
-2.3040000219513652e+02
-2.5600000205476977e+02
-2.8160000204155847e+02
-3.0720000202857830e+02
-3.0720419186500021e+02
-2.8160438754269950e+02
-2.5600000217739665e+02
-2.3040000211209534e+02
-2.0480000212600686e+02
-1.7920000002967254e+02
-1.5360463288195882e+02
-1.2801389963346429e+02
-1.0240000000325252e+02
-7.6790738469456969e+01
-5.1200000002967684e+01
-2.5600000003028740e+01
-3.1085891678231739e-09
