0.0000000000000000e+00
-1.1985799697103762e-03
1.2975097863532604e-12
-1.1994379113225001e-03
-4.7964743339116607e-03
-1.0790690448866271e-02
1.2530582794832373e-09
8.3924352148247016e-03
-3.4669078138696208e-08
-9.6169619731454623e-07
-9.5811744009593658e-07
-9.5259731809837124e-07
-9.4704263582472873e-07
-1.1914216640583112e-03
-1.2658443142972290e-03
-9.6630492524162074e-07
-9.7673362521001103e-07
-9.6277794553541276e-07
-1.4594696745836470e-08
-2.3969343239433616e-03
-7.1921411314028998e-03
3.7625847326660749e-10
4.7955314140090671e-03
-3.1794671475625786e-10
-3.2052432097610425e-10
-6.8846184144373048e-10
-9.3852182729385326e-10
-2.3978690108600259e-03
-6.9037045344574244e-10
4.1874978628468172e-07
-2.3970297952834560e-03
-7.1927656489621595e-03
-1.4387208393630439e-02
-3.7178555213229869e-08
-9.8017451196037625e-07
-9.4924173032378737e-07
-9.4341108022005164e-07
-9.3765600604130705e-07
-1.1909001193676301e-03
-1.2660558064395222e-03
-9.9173664245486379e-07
-9.7002850523477635e-07
-9.7217366349842113e-07
-2.6833677563489118e-08
-2.3965308447273905e-03
-7.1900651961427000e-03
-3.1567164269443773e-10
4.7913586540058277e-03
-7.8470364371663041e-10
-9.3995318320805658e-10
-9.0711371156782031e-10
-8.9375060969116443e-10
-2.3974499803832605e-03
-1.0281542379582394e-09
-4.1979138147650088e-07
-2.3982873313699812e-03
-7.1931849391747476e-03
-1.4384693449454228e-02
-3.0607241703605472e-08
-9.3783391898651677e-07
-9.5854233949921916e-07
-9.5304858477039211e-07
-9.4784112394835455e-07
-1.1914166134212973e-03
-1.2658396153712359e-03
-9.6702030426991126e-07
-9.7765174175132642e-07
-9.6385702417295752e-07
-1.0651519617414176e-08
-2.3969252386841435e-03
-7.1921270141392813e-03
-2.5640770050072917e-10
4.7955154007971882e-03
-1.0589731039452448e-09
-9.4821301913304750e-10
-1.2636413652383663e-09
-1.0420549338077605e-09
-2.3978691243974077e-03
-7.5521909976249517e-10
4.1881227794971365e-07
-2.3970296196808645e-03
-7.1927656236043039e-03
-1.4387208725196778e-02
-2.7561094174639851e-08
-9.8059577339140016e-07
-9.4972376490304258e-07
-9.4408775379176154e-07
-9.3854987021283265e-07
-1.1908950332753369e-03
-1.2660504206071939e-03
-9.9204303345759549e-07
-9.6999837621076029e-07
-9.7203206494465437e-07
-1.9239709930430715e-08
-2.3965156347750200e-03
-7.1900421837974033e-03
-7.1320980021125841e-10
4.7913349003219554e-03
-1.6158665373515232e-09
-1.4330155856787302e-09
-1.9039918877903906e-09
-2.0598665887371878e-09
-2.3974509186294240e-03
-1.7527708990863672e-09
-4.2063458806350825e-07
-2.3982885311544244e-03
-7.1931860332120796e-03
-1.4384694751309083e-02
-2.3557742272551117e-08
-9.3936393338415558e-07
-9.6022178951443835e-07
-9.5450404970907108e-07
-9.4893762526914518e-07
-1.1914123196269401e-03
-1.2658346405098348e-03
-9.6719008159252681e-07
-9.7774208910494746e-07
-9.6395725744645334e-07
-1.7409785628454022e-02
-2.1176849758125772e-08
-7.5340682780893422e-09
-2.3978616470762201e-03
-2.0811129047149053e-09
4.0845584110012548e-07
-2.5318194309674971e-09
-2.6782740252312815e-09
-2.5107236035493721e-09
-2.3978705168782141e-03
-2.3481197295340733e-09
4.1694846011590482e-07
-2.3970319461512910e-03
-7.1927680037671589e-03
-1.4387210979782175e-02
-2.0864936531391415e-08
-9.8234066609660181e-07
-9.5116754566339991e-07
-9.4525434005204620e-07
-9.3969699259174947e-07
-1.1908901048181925e-03
-1.2660452601690611e-03
-9.9329424638607949e-07
-9.7130514150097683e-07
-9.7358368164977260e-07
-1.4568911507403281e-08
-2.3965045817324446e-03
-7.1900248391926075e-03
-1.8166538143363262e-09
4.7913154925842173e-03
-2.7050126546361136e-09
-2.7006025266983634e-09
-3.0660992223156088e-09
