0.0000000000000000e+00
2.5596963382328298e+01
5.1199999999481363e+01
7.6800798466774083e+01
1.0239935941502472e+02
1.2799568347477759e+02
1.5359999999866704e+02
1.7920207719067474e+02
2.0479999996918770e+02
2.3039999882304943e+02
2.5599999886149749e+02
2.8159999886750552e+02
3.0719999887340151e+02
3.0719700006629245e+02
2.8159688108057145e+02
2.5599999888346559e+02
2.3039999885424135e+02
2.0479999887958496e+02
1.7919999998471769e+02
1.5359776296010662e+02
1.2799328717457304e+02
1.0239999999861719e+02
7.6804476584761005e+01
5.1199999999867970e+01
2.5599999999959248e+01
2.0901070679413177e-10
2.5599999999554431e+01
5.1202238129632178e+01
7.6800000000038153e+01
1.0239999936951796e+02
1.2800223686889345e+02
1.5360671312916102e+02
1.7921342878161721e+02
2.0480000002413300e+02
2.3040000121224796e+02
2.5600000110302062e+02
2.8160000109561526e+02
3.0720000108827583e+02
3.0720300099576747e+02
2.8160312151684701e+02
2.5600000118446610e+02
2.3040000114106499e+02
2.0480000115280359e+02
1.7920000003235140e+02
1.5360223641160394e+02
1.2800670965989380e+02
1.0240000000150013e+02
7.6795529733742086e+01
5.1200000000188766e+01
2.5600000000217378e+01
1.0818926577605571e-10
2.5600000000012912e+01
5.1197762500729638e+01
7.6799999999723752e+01
1.0239999936872607e+02
1.2799776123860562e+02
1.5359328623973460e+02
1.7918657500276944e+02
2.0479999993862077e+02
2.3039999895484999e+02
2.5599999886142871e+02
2.8159999886739382e+02
3.0719999887339418e+02
3.0719700007437166e+02
2.8159688108949962e+02
2.5599999888382050e+02
2.3039999885449436e+02
2.0479999887989317e+02
1.7919999999076248e+02
1.5359776297191951e+02
1.2799328719218656e+02
1.0239999999872859e+02
7.6804476567335215e+01
5.1199999999950727e+01
2.5599999999997571e+01
1.3778922215733391e-10
2.5599999999650819e+01
5.1202238129751436e+01
7.6800000000229176e+01
1.0239999936976875e+02
1.2800223686928302e+02
1.5360671312958888e+02
1.7921342878210166e+02
2.0480000001582115e+02
2.3040000121252982e+02
2.5600000110327477e+02
2.8160000109583456e+02
3.0720000108854475e+02
3.0720300098523404e+02
2.8160312150706267e+02
2.5600000118439931e+02
2.3040000114103933e+02
2.0480000115273396e+02
1.7920000002309146e+02
1.5360223639302555e+02
1.2800670963199485e+02
1.0240000000158520e+02
7.6795529761821797e+01
5.1200000000310737e+01
2.5600000000337811e+01
2.6750948089499190e-11
2.5600000000025453e+01
5.1197762500801865e+01
7.6799999999696055e+01
1.0239999936877632e+02
1.2799776123871553e+02
1.5359328624006412e+02
1.7918657500309527e+02
2.0479999995087576e+02
2.3039999895432229e+02
2.5599999886090760e+02
2.8159999886687854e+02
3.0719999887289100e+02
3.0719700008183912e+02
2.8159688109790670e+02
2.5599999888334776e+02
2.3039999885413002e+02
2.0479999887957098e+02
1.7924282535149882e+02
1.5359999998142379e+02
1.2799999999351166e+02
1.0239776187567685e+02
7.6799999999645308e+01
5.1200000624517706e+01
2.5599999999953994e+01
6.2578555107120708e-11
2.5600000000055459e+01
5.1202238130029656e+01
7.6800000000429421e+01
1.0239999936982905e+02
1.2800223686917283e+02
1.5360671312947494e+02
1.7921342878191859e+02
2.0480000000907546e+02
2.3040000121286079e+02
2.5600000110364942e+02
2.8160000109630221e+02
3.0720000108894249e+02
3.0720300097494038e+02
2.8160312149752525e+02
2.5600000118424134e+02
2.3040000114089909e+02
2.0480000115257229e+02
1.7920000001525520e+02
1.5360223637745568e+02
1.2800670960872068e+02
1.0240000000159783e+02
7.6795529785081825e+01
5.1200000000406092e+01
2.5600000000492585e+01
3.1178634084845559e-10
