0.0000000000000000e+00
0.0000000000000000e+00
0.0000000000000000e+00
0.0000000000000000e+00
0.0000000000000000e+00
0.0000000000000000e+00
0.0000000000000000e+00
0.0000000000000000e+00
0.0000000000000000e+00
-1.5961321970570072e-01
-1.5999907393141249e-01
-1.5999907393141249e-01
-1.5999907393141249e-01
-1.5999907393141249e-01
-1.5999907393141249e-01
-1.5999907393141249e-01
-1.5999907393141249e-01
-1.5999907393141249e-01
-1.5999907393141249e-01
-1.5999907393141249e-01
-1.5999907393141249e-01
-1.5999907393141249e-01
-1.5999907393141249e-01
-1.5999907393141249e-01
-1.5999907393141249e-01
-1.5999907393141249e-01
-1.5999907393141249e-01
-1.5999907393141249e-01
-1.5999907393141249e-01
-1.5999907393141249e-01
-1.5999907393141249e-01
-1.5999907393141249e-01
5.7978333346346653e-02
5.7978333346346646e-02
5.7978333346346646e-02
5.7978333346346646e-02
5.7978333346346680e-02
5.7978333346346680e-02
5.7978333346346667e-02
5.7978333346346667e-02
5.7978333346346674e-02
5.7978333346346674e-02
5.7978333346346674e-02
5.7978333346346660e-02
5.7978333346346639e-02
5.7978333346346639e-02
5.7978333346346639e-02
5.7978333346346639e-02
5.7978333346346639e-02
5.7978333346346625e-02
5.7978333346346625e-02
5.7978333346346611e-02
5.7978333346346583e-02
5.7978333346346583e-02
5.7978333346346583e-02
-2.2735163954434603e-02
-2.2735163954434603e-02
-2.2735163954434603e-02
-2.2735163954434603e-02
-2.2735163954434603e-02
-2.2735163954434603e-02
-2.2735163954434603e-02
-2.2735163954434603e-02
-2.2735163954434603e-02
-2.2735163954434603e-02
-2.2735163954434603e-02
-2.2735163954434603e-02
-2.2735163954434603e-02
-2.2735163954434603e-02
-2.2735163954434603e-02
-2.2735163954434603e-02
-2.2735163954434603e-02
-2.2735163954434603e-02
-2.2735163954434603e-02
-2.2735163954434603e-02
-2.2735163954434603e-02
-2.2735163954434603e-02
2.5869016315113694e-02
2.5869016315113694e-02
2.5869016315113694e-02
2.5869016315113694e-02
2.5869016315113683e-02
2.5869016315113683e-02
2.5869016315113683e-02
2.5869016315113662e-02
2.5869016315113669e-02
2.5869016315113666e-02
2.5869016315113666e-02
2.5869016315113656e-02
2.5869016315113659e-02
2.5869016315113659e-02
2.5869016315113659e-02
2.5869016315113659e-02
2.5869016315113659e-02
2.5869016315113669e-02
2.5869016315113669e-02
2.5869016315113673e-02
2.5869016315113673e-02
2.5869016315113638e-02
2.5869016315113638e-02
-1.6471686872185247e-02
-1.6471686872185247e-02
-1.6471686872185247e-02
-1.6471686872185247e-02
-1.6471686872185247e-02
-1.6471686872185247e-02
-1.6471686872185247e-02
-1.6471686872185247e-02
-1.6471686872185247e-02
-1.6471686872185247e-02
-1.6471686872185247e-02
-1.6471686872185247e-02
-1.6471686872185247e-02
-1.6471686872185247e-02
-1.6471686872185247e-02
-1.6471686872185247e-02
-1.6471686872185247e-02
-1.6471686872185247e-02
-1.6471686872185247e-02
-1.6471686872185247e-02
-1.6471686872185247e-02
-1.6471686872185247e-02
1.3125583422140987e-02
1.3125583422140989e-02
1.3125583422140985e-02
1.3125583422140969e-02
1.3125583422140969e-02
1.3125583422140971e-02
1.3125583422140975e-02
1.3125583422140973e-02
1.3125583422140957e-02
1.3125583422140957e-02
1.3125583422140957e-02
1.3125583422140959e-02
1.3125583422140961e-02
1.3125583422140961e-02
1.3125583422140961e-02
1.3125583422140961e-02
1.3125583422140961e-02
1.3125583422140964e-02
1.3125583422140964e-02
1.3125583422140973e-02
1.3125583422140973e-02
1.3125583422140973e-02
1.3125583422140973e-02
1.1145939653927179e-02
1.1145939653927179e-02
1.1145939653927179e-02
1.1145939653927179e-02
1.1145939653927179e-02
1.1145939653927179e-02
1.1145939653927179e-02
1.1145939653927179e-02
1.1145939653927179e-02
1.1145939653927179e-02
1.1145939653927179e-02
1.1145939653927179e-02
1.1145939653927179e-02
1.1145939653927179e-02
1.1145939653927179e-02
1.1145939653927179e-02
1.1145939653927179e-02
1.1145939653927179e-02
1.1145939653927179e-02
1.1145939653927179e-02
1.1145939653927179e-02
1.1145939653927179e-02
1.2389662578558487e-02
1.2389662578558487e-02
1.2389662578558487e-02
1.2389662578558475e-02
1.2389662578558485e-02
1.2389662578558485e-02
1.2389662578558485e-02
1.2389662578558482e-02
1.2389662578558482e-02
1.2389662578558482e-02
1.2389662578558482e-02
1.2389662578558468e-02
1.2389662578558468e-02
1.2389662578558468e-02
1.2389662578558461e-02
1.2389662578558461e-02
1.2389662578558461e-02
1.2389662578558464e-02
1.2389662578558464e-02
1.2389662578558459e-02
1.2389662578558459e-02
1.2389662578558459e-02
1.2389662578558459e-02
1.0562651646325057e-02
1.0562651646325057e-02
1.0562651646325057e-02
1.0562651646325057e-02
1.0562651646325057e-02
1.0562651646325057e-02
1.0562651646325057e-02
1.0562651646325057e-02
1.0562651646325057e-02
1.0562651646325057e-02
1.0562651646325057e-02
1.0562651646325057e-02
1.0562651646325057e-02
1.0562651646325057e-02
1.0562651646325057e-02
1.0562651646325057e-02
1.0562651646325057e-02
1.0562651646325057e-02
1.0562651646325057e-02
1.0562651646325057e-02
1.0562651646325057e-02
1.0562651646325057e-02
1.1795661216077055e-02
1.1795661216077048e-02
1.1795661216077048e-02
1.1795661216077041e-02
1.1795661216077042e-02
1.1795661216077042e-02
1.1795661216077042e-02
1.1795661216077037e-02
1.1795661216077034e-02
1.1795661216077034e-02
1.1795661216077034e-02
1.1795661216077037e-02
1.1795661216077037e-02
1.1795661216077037e-02
