0.0000000000000000e+00
0.0000000000000000e+00
0.0000000000000000e+00
0.0000000000000000e+00
0.0000000000000000e+00
0.0000000000000000e+00
0.0000000000000000e+00
0.0000000000000000e+00
0.0000000000000000e+00
7.9806609852816013e-02
7.9999536965694701e-02
7.9999536965694742e-02
7.9999536965694909e-02
7.9999536965694909e-02
7.9999536965694867e-02
7.9999536965694867e-02
7.9999536965694978e-02
7.9999536965694965e-02
7.9999536965695020e-02
7.9999536965695187e-02
7.9999536965695173e-02
7.9999536965695284e-02
7.9999536965695298e-02
7.9999536965695298e-02
7.9999536965695214e-02
7.9999536965695367e-02
7.9999536965695270e-02
7.9999536965695270e-02
7.9999536965695381e-02
7.9999536965695270e-02
7.9999536965695284e-02
7.9999536965695464e-02
-2.8989166673186739e-02
-2.8989166673186784e-02
-2.8989166673186784e-02
-2.8989166673186812e-02
-2.8989166673186784e-02
-2.8989166673186767e-02
-2.8989166673186753e-02
-2.8989166673186802e-02
-2.8989166673186753e-02
-2.8989166673186767e-02
-2.8989166673186739e-02
-2.8989166673186788e-02
-2.8989166673186777e-02
-2.8989166673186753e-02
-2.8989166673186764e-02
-2.8989166673186750e-02
-2.8989166673186701e-02
-2.8989166673186722e-02
-2.8989166673186718e-02
-2.8989166673186642e-02
-2.8989166673186635e-02
-2.8989166673186590e-02
-2.8989166673186524e-02
1.1367581977130052e-02
1.1367581977130049e-02
1.1367581977130052e-02
1.1367581977130035e-02
1.1367581977130033e-02
1.1367581977130035e-02
1.1367581977130038e-02
1.1367581977130019e-02
1.1367581977130052e-02
1.1367581977130047e-02
1.1367581977130050e-02
1.1367581977130050e-02
1.1367581977130045e-02
1.1367581977130043e-02
1.1367581977130045e-02
1.1367581977130042e-02
1.1367581977130038e-02
1.1367581977130036e-02
1.1367581977130024e-02
1.1367581977130014e-02
1.1367581977130007e-02
1.1367581977130005e-02
-1.2934508157666303e-02
-1.2934508157666303e-02
-1.2934508157666315e-02
-1.2934508157666329e-02
-1.2934508157666336e-02
-1.2934508157666329e-02
-1.2934508157666311e-02
-1.2934508157666324e-02
-1.2934508157666343e-02
-1.2934508157666322e-02
-1.2934508157666310e-02
-1.2934508157666327e-02
-1.2934508157666318e-02
-1.2934508157666322e-02
-1.2934508157666362e-02
-1.2934508157666386e-02
-1.2934508157666386e-02
-1.2934508157666389e-02
-1.2934508157666395e-02
-1.2934508157666381e-02
-1.2934508157666377e-02
-1.2934508157666369e-02
-1.2934508157666377e-02
8.2358434359530129e-03
8.2358434359530164e-03
8.2358434359530129e-03
8.2358434359530129e-03
8.2358434359530164e-03
8.2358434359530094e-03
8.2358434359530198e-03
8.2358434359530268e-03
8.2358434359530372e-03
8.2358434359530337e-03
8.2358434359530441e-03
8.2358434359530424e-03
8.2358434359530320e-03
8.2358434359530268e-03
8.2358434359530285e-03
8.2358434359530285e-03
8.2358434359530216e-03
8.2358434359530320e-03
8.2358434359530268e-03
8.2358434359530285e-03
8.2358434359530303e-03
8.2358434359530459e-03
-6.5627917112262273e-03
-6.5627917112262343e-03
-6.5627917112262256e-03
-6.5627917112262256e-03
-6.5627917112262195e-03
-6.5627917112262187e-03
-6.5627917112262195e-03
-6.5627917112262108e-03
-6.5627917112262169e-03
-6.5627917112262126e-03
-6.5627917112262195e-03
-6.5627917112262221e-03
-6.5627917112262204e-03
-6.5627917112262152e-03
-6.5627917112262239e-03
-6.5627917112262187e-03
-6.5627917112262187e-03
-6.5627917112262169e-03
-6.5627917112262187e-03
-6.5627917112262282e-03
-6.5627917112262308e-03
-6.5627917112262299e-03
-6.5627917112262291e-03
-5.5729698271189902e-03
-5.5729698271189832e-03
-5.5729698271189884e-03
-5.5729698271189902e-03
-5.5729698271189884e-03
-5.5729698271189954e-03
-5.5729698271190023e-03
-5.5729698271189945e-03
-5.5729698271189867e-03
-5.5729698271189867e-03
-5.5729698271189893e-03
-5.5729698271189962e-03
-5.5729698271189928e-03
-5.5729698271189919e-03
-5.5729698271189997e-03
-5.5729698271189902e-03
-5.5729698271189902e-03
-5.5729698271190075e-03
-5.5729698271190058e-03
-5.5729698271190205e-03
-5.5729698271190327e-03
-5.5729698271190370e-03
-6.1948312894168286e-03
-6.1948312894168278e-03
-6.1948312894168365e-03
-6.1948312894168373e-03
-6.1948312894168321e-03
-6.1948312894168252e-03
-6.1948312894168165e-03
-6.1948312894168208e-03
-6.1948312894168096e-03
-6.1948312894168130e-03
-6.1948312894168035e-03
-6.1948312894168018e-03
-6.1948312894168078e-03
-6.1948312894168000e-03
-6.1948312894167966e-03
-6.1948312894168000e-03
-6.1948312894168000e-03
-6.1948312894167983e-03
-6.1948312894167913e-03
-6.1948312894167974e-03
-6.1948312894167974e-03
-6.1948312894167974e-03
-6.1948312894167905e-03
-5.2813258232935582e-03
-5.2813258232935652e-03
-5.2813258232935660e-03
-5.2813258232935686e-03
-5.2813258232935686e-03
-5.2813258232935747e-03
-5.2813258232935721e-03
-5.2813258232935704e-03
-5.2813258232935686e-03
-5.2813258232935660e-03
-5.2813258232935591e-03
-5.2813258232935634e-03
-5.2813258232935721e-03
-5.2813258232935730e-03
-5.2813258232935825e-03
-5.2813258232935886e-03
-5.2813258232935999e-03
-5.2813258232936042e-03
-5.2813258232935938e-03
-5.2813258232935877e-03
-5.2813258232935860e-03
-5.2813258232935756e-03
-5.8978306081575423e-03
-5.8978306081575362e-03
-5.8978306081575414e-03
-5.8978306081575484e-03
-5.8978306081575466e-03
-5.8978306081575449e-03
-5.8978306081575380e-03
-5.8978306081575414e-03
-5.8978306081575449e-03
-5.8978306081575414e-03
-5.8978306081575388e-03
-5.8978306081575336e-03
-5.8978306081575501e-03
-5.8978306081575484e-03
