0.0000000000000000e+00
0.0000000000000000e+00
0.0000000000000000e+00
0.0000000000000000e+00
0.0000000000000000e+00
0.0000000000000000e+00
0.0000000000000000e+00
0.0000000000000000e+00
0.0000000000000000e+00
7.9806609852884680e-02
7.9999536965717585e-02
7.9999536965717696e-02
7.9999536965717918e-02
7.9999536965717918e-02
7.9999536965717863e-02
7.9999536965718043e-02
7.9999536965718113e-02
7.9999536965718057e-02
7.9999536965718016e-02
7.9999536965718168e-02
7.9999536965718210e-02
7.9999536965718238e-02
7.9999536965718182e-02
7.9999536965718154e-02
7.9999536965717932e-02
7.9999536965717988e-02
7.9999536965718002e-02
7.9999536965717988e-02
7.9999536965718085e-02
7.9999536965718029e-02
7.9999536965718029e-02
7.9999536965718154e-02
-2.8989166673159230e-02
-2.8989166673159282e-02
-2.8989166673159272e-02
-2.8989166673159313e-02
-2.8989166673159296e-02
-2.8989166673159285e-02
-2.8989166673159265e-02
-2.8989166673159317e-02
-2.8989166673159268e-02
-2.8989166673159268e-02
-2.8989166673159251e-02
-2.8989166673159289e-02
-2.8989166673159279e-02
-2.8989166673159247e-02
-2.8989166673159268e-02
-2.8989166673159240e-02
-2.8989166673159213e-02
-2.8989166673159199e-02
-2.8989166673159199e-02
-2.8989166673159126e-02
-2.8989166673159140e-02
-2.8989166673159088e-02
-2.8989166673159029e-02
1.1367581977304995e-02
1.1367581977305009e-02
1.1367581977304995e-02
1.1367581977304985e-02
1.1367581977304975e-02
1.1367581977304975e-02
1.1367581977304990e-02
1.1367581977304971e-02
1.1367581977304989e-02
1.1367581977304982e-02
1.1367581977304992e-02
1.1367581977304985e-02
1.1367581977304987e-02
1.1367581977304989e-02
1.1367581977304995e-02
1.1367581977304992e-02
1.1367581977305002e-02
1.1367581977305002e-02
1.1367581977304999e-02
1.1367581977305006e-02
1.1367581977305004e-02
1.1367581977304997e-02
-1.2934508157447207e-02
-1.2934508157447211e-02
-1.2934508157447219e-02
-1.2934508157447231e-02
-1.2934508157447231e-02
-1.2934508157447231e-02
-1.2934508157447205e-02
-1.2934508157447223e-02
-1.2934508157447233e-02
-1.2934508157447218e-02
-1.2934508157447211e-02
-1.2934508157447219e-02
-1.2934508157447214e-02
-1.2934508157447216e-02
-1.2934508157447263e-02
-1.2934508157447271e-02
-1.2934508157447263e-02
-1.2934508157447268e-02
-1.2934508157447264e-02
-1.2934508157447257e-02
-1.2934508157447250e-02
-1.2934508157447250e-02
-1.2934508157447275e-02
8.2358434362321056e-03
8.2358434362321108e-03
8.2358434362321004e-03
8.2358434362321039e-03
8.2358434362321178e-03
8.2358434362321160e-03
8.2358434362321160e-03
8.2358434362321282e-03
8.2358434362321334e-03
8.2358434362321351e-03
8.2358434362321438e-03
8.2358434362321386e-03
8.2358434362321212e-03
8.2358434362321351e-03
8.2358434362321334e-03
8.2358434362321230e-03
8.2358434362321143e-03
8.2358434362321108e-03
8.2358434362321022e-03
8.2358434362321091e-03
8.2358434362321091e-03
8.2358434362321264e-03
-6.5627917109149225e-03
-6.5627917109149243e-03
-6.5627917109149199e-03
-6.5627917109149147e-03
-6.5627917109149139e-03
-6.5627917109149078e-03
-6.5627917109149104e-03
-6.5627917109149017e-03
-6.5627917109149052e-03
-6.5627917109149034e-03
-6.5627917109149060e-03
-6.5627917109149147e-03
-6.5627917109149139e-03
-6.5627917109149052e-03
-6.5627917109149147e-03
-6.5627917109149130e-03
-6.5627917109149139e-03
-6.5627917109149069e-03
-6.5627917109149052e-03
-6.5627917109149225e-03
-6.5627917109149243e-03
-6.5627917109149225e-03
-6.5627917109149286e-03
-5.5729698268083844e-03
-5.5729698268083810e-03
-5.5729698268083870e-03
-5.5729698268083818e-03
-5.5729698268083853e-03
-5.5729698268083888e-03
-5.5729698268083931e-03
-5.5729698268083827e-03
-5.5729698268083801e-03
-5.5729698268083827e-03
-5.5729698268083827e-03
-5.5729698268083931e-03
-5.5729698268083888e-03
-5.5729698268083888e-03
-5.5729698268083992e-03
-5.5729698268083923e-03
-5.5729698268083957e-03
-5.5729698268084044e-03
-5.5729698268084070e-03
-5.5729698268084139e-03
-5.5729698268084226e-03
-5.5729698268084295e-03
-6.1948312891419409e-03
-6.1948312891419409e-03
-6.1948312891419478e-03
-6.1948312891419504e-03
-6.1948312891419470e-03
-6.1948312891419374e-03
-6.1948312891419374e-03
-6.1948312891419383e-03
-6.1948312891419296e-03
-6.1948312891419340e-03
-6.1948312891419270e-03
-6.1948312891419261e-03
-6.1948312891419288e-03
-6.1948312891419209e-03
-6.1948312891419201e-03
-6.1948312891419253e-03
-6.1948312891419201e-03
-6.1948312891419183e-03
-6.1948312891419114e-03
-6.1948312891419235e-03
-6.1948312891419235e-03
-6.1948312891419201e-03
-6.1948312891419114e-03
-5.2813258230317460e-03
-5.2813258230317529e-03
-5.2813258230317538e-03
-5.2813258230317564e-03
-5.2813258230317564e-03
-5.2813258230317642e-03
-5.2813258230317607e-03
-5.2813258230317607e-03
-5.2813258230317642e-03
-5.2813258230317590e-03
-5.2813258230317512e-03
-5.2813258230317564e-03
-5.2813258230317633e-03
-5.2813258230317616e-03
-5.2813258230317694e-03
-5.2813258230317746e-03
-5.2813258230317893e-03
-5.2813258230317954e-03
-5.2813258230317850e-03
-5.2813258230317841e-03
-5.2813258230317798e-03
-5.2813258230317694e-03
-5.8978306079197820e-03
-5.8978306079197802e-03
-5.8978306079197802e-03
-5.8978306079197889e-03
-5.8978306079197872e-03
-5.8978306079197854e-03
-5.8978306079197785e-03
-5.8978306079197828e-03
-5.8978306079197854e-03
-5.8978306079197906e-03
-5.8978306079197872e-03
-5.8978306079197854e-03
-5.8978306079198010e-03
-5.8978306079197993e-03
