0.0000000000000000e+00
3.6587373701128602e-05
7.3170731707008425e-05
1.0975275142056136e-04
1.4633343293911770e-04
1.8291277636071907e-04
2.1951219512595722e-04
2.5611027442255720e-04
2.9270701435045947e-04
2.3926224232690275e-03
4.5125026397482655e-03
4.4759178296026915e-03
4.4609817586482138e-03
4.4398585836966133e-03
4.4099851414880703e-03
4.3733965804984200e-03
4.3368167872258456e-03
4.3002314213647589e-03
4.2636447169665595e-03
4.2270606896573663e-03
4.1904753239078926e-03
4.1538899579495869e-03
4.1466495362637822e-03
4.1100633686974152e-03
4.0734788045560123e-03
4.0368929019353695e-03
4.0003056607374014e-03
3.9637170808646894e-03
3.9271373411455717e-03
3.8905562633005934e-03
3.8539738472312679e-03
3.8173900928411592e-03
3.7701658923108400e-03
3.7823081034105751e-03
3.7944501670787883e-03
3.8117497307013359e-03
3.8362144973174798e-03
3.8706329883213902e-03
3.9071380163479682e-03
3.9438037200235122e-03
3.9803890858832649e-03
4.0169731133037163e-03
4.0535598175920930e-03
4.0901451833416352e-03
4.1267305492981438e-03
4.1359666384795241e-03
4.1725511661590961e-03
4.2091373701870147e-03
4.2457222357134960e-03
4.2823057628366377e-03
4.3188879516548092e-03
4.3554788336071532e-03
4.3920683767169760e-03
4.4286565810802729e-03
4.4652434467961797e-03
4.5046702462611431e-03
4.4681749964292890e-03
4.4532754902017876e-03
4.4322040274448627e-03
4.4022446857548726e-03
4.3656593198975538e-03
4.3290726155025428e-03
4.2924845724710758e-03
4.2559032223412523e-03
4.2193205339672267e-03
4.1827324906314042e-03
4.1461471247777673e-03
4.1389067030913303e-03
4.1023205355214566e-03
4.0657359713841077e-03
4.0291500687676439e-03
3.9925628275745695e-03
3.9559742477060190e-03
3.9193945079759613e-03
3.8828134301186036e-03
3.8462310140371784e-03
3.8096472596328584e-03
3.7712754350208546e-03
3.7834363499349129e-03
3.7955971169634298e-03
3.8127947861721486e-03
3.8372682214312119e-03
3.8717612351507665e-03
3.9083453008405787e-03
3.9449280281860545e-03
3.9815173327167590e-03
4.0181052985192268e-03
4.0546880644204662e-03
4.0912734302745194e-03
4.1278587961277990e-03
4.1370948853088679e-03
4.1736794129868318e-03
4.2102656170168251e-03
4.2468504825455521e-03
4.2834340096698509e-03
4.3200161984888220e-03
4.3566070804373809e-03
4.3931966235417194e-03
4.4297848279011842e-03
4.4663716936121532e-03
4.5043969428821898e-03
4.4678381734647495e-03
4.4529127341406622e-03
4.4318045951267848e-03
4.4019524180290582e-03
4.3653224969261648e-03
4.3286912340234039e-03
4.2921517652131326e-03
4.2555663993593187e-03
4.2189796949683679e-03
4.1823956676508975e-03
4.1458103018933842e-03
4.1385698801101652e-03
4.1019837120521525e-03
4.0653991484035142e-03
4.0288132462758409e-03
3.9922260055706982e-03
3.9556374261902252e-03
3.9190576849954294e-03
3.8824766056739669e-03
3.8458941881280833e-03
3.8093104322600700e-03
3.7717202950574946e-03
3.7839037740144870e-03
3.7960871045360041e-03
3.8133166824066956e-03
3.8376824783483083e-03
3.8721399039624020e-03
3.9088140251491502e-03
3.9453993910067951e-03
3.9819834184251519e-03
4.0185701227186486e-03
4.0551554884732822e-03
4.0917395157883153e-03
4.1283262202792713e-03
4.1375623094596116e-03
4.1741468371345831e-03
4.2107330411678082e-03
4.2473179066998172e-03
4.2839014338284199e-03
4.3204836226504867e-03
4.3570745045877829e-03
4.3936640476826905e-03
4.4302522520314868e-03
4.4668391177323848e-03
4.5034246448831233e-03
4.4668884377878602e-03
4.4519722099682661e-03
4.4308299532330687e-03
4.4009295239292546e-03
4.3643727612484732e-03
4.3277873953871115e-03
4.2912006909890119e-03
4.2546166636770804e-03
4.2180312979253950e-03
4.1814445936360365e-03
4.1448605661165497e-03
4.1376201444298768e-03
4.1010339768602069e-03
4.0644494127227010e-03
4.0278635101054774e-03
3.9912762689114836e-03
3.9546876890420041e-03
3.9181079493134452e-03
3.8815268714580096e-03
3.8449444553791757e-03
3.8083607009779005e-03
3.7717756081565830e-03
3.7839194803614157e-03
3.7960632050946016e-03
3.8133611080631664e-03
3.8377513519589831e-03
3.8722433501676701e-03
3.9088263388203145e-03
3.9454150973836062e-03
3.9820025172577038e-03
4.0185885985423563e-03
4.0551733413336953e-03
4.0917567457317786e-03
4.1283419266499042e-03
4.1375780158309670e-03
4.1741625435089092e-03
4.2107487475389884e-03
4.2473336130669642e-03
4.2839171401915684e-03
4.3204993290110148e-03
4.3570902109598712e-03
4.3936797540652947e-03
4.4302679584245401e-03
4.4668548241354519e-03
4.5034403512972786e-03
4.4668998675459351e-03
4.4519818936976305e-03
4.4308413829889023e-03
4.4009434230666659e-03
4.3643841910042287e-03
4.3277988251443113e-03
4.2912121207455949e-03
4.2546280934342576e-03
4.2180427276818687e-03
4.1814560233918718e-03
4.1448719958732455e-03
4.1376315741860912e-03
4.1010454066167708e-03
4.0644608424797654e-03
4.0278749398631646e-03
3.9912876986699427e-03
3.9546991188021486e-03
3.9181193790715982e-03
3.8815383012146113e-03
3.8449558851342434e-03
3.8083721307305470e-03
3.7717870379072997e-03
3.7839314404218187e-03
3.7960756954513262e-03
3.8133730681276529e-03
3.8377633120233287e-03
3.8722553102312211e-03
3.9088382988849597e-03
3.9454270574475750e-03
3.9820144773224245e-03
4.0186005586057578e-03
4.0551853013977221e-03
4.0917687057939632e-03
4.1283538867140047e-03
4.1375899758948845e-03
