0.0000000000000000e+00
-1.1435251490559345e-03
-2.8432682771993189e-10
-1.1427257784964796e-03
-4.5720922838406010e-03
-1.0288490104847770e-02
1.4267533232796497e-09
8.0024650404145591e-03
1.3718511226194413e-02
-1.6136008244411952e-03
-1.2924800037739635e-04
1.5305214100308873e-07
-6.0427024857527133e-04
-2.1095104433408261e-03
-5.5390206161973201e-03
-1.1815211151735342e-02
2.1451198820866057e-09
4.6239952421018358e-10
-2.2863910064424174e-03
5.6578585846589836e-10
-3.8830822085312684e-07
5.5373686539502112e-10
5.9269037680178566e-10
-1.3694694832175830e-03
5.6665890038104276e-10
-9.1715360644918685e-04
-4.1205411052008967e-03
-9.6097721642601532e-03
1.2541222156379631e-09
7.3217436500271939e-03
1.2355846116568992e-02
1.5102699641047898e-02
8.3351194983303442e-03
2.5497417287132088e-07
-8.5871573037212979e-03
-9.5520435243455888e-09
1.1272918847061102e-02
-2.0104367156310736e-08
-1.4171402068802491e-02
-1.3278713508034843e-08
-3.6503970178960761e-09
-2.2867744244103993e-03
3.9787099749615520e-10
3.8483797011311425e-07
8.2190850954005652e-11
5.5195520369472809e-11
-1.4320121247943071e-03
4.5758667056930530e-11
-8.5452381434947462e-04
-3.9959741946016831e-03
-9.4247415087078523e-03
1.2120119040299237e-09
7.1395729537468396e-03
1.1993582967290665e-02
1.4561641576424830e-02
-1.4213671565298692e-02
1.5349815455684636e-07
5.1479006123412198e-03
1.1779663287094040e-02
-1.6312312138698139e-08
-6.6393371840348971e-09
-2.2863870041488613e-03
-6.8587676552667471e-03
1.2752589852650515e-09
4.5712088960751310e-03
6.5908121369739061e-10
5.4362215755169783e-10
5.6588224349019974e-10
-1.3694703134125279e-03
4.2921523719060113e-10
-9.1715256555225191e-04
-4.1205390633127312e-03
-9.6097692086378229e-03
2.0922957061253760e-09
7.3217420939475746e-03
1.2355842086280589e-02
1.5102692500828270e-02
5.3932189702596365e-03
2.0442626791707169e-07
-5.6458964943703234e-03
-1.4062763051702870e-02
-1.2109358773529797e-08
-7.5101576226181699e-09
-2.2213878486634030e-03
-6.7299279701147283e-03
1.3906071999954221e-09
4.4442991723386560e-03
5.6154202545720519e-10
6.9840576410292172e-10
6.7198826433375151e-10
5.1873402617201222e-10
-1.4320120480926027e-03
6.6888535293406600e-10
-8.5452275581261012e-04
-3.9959728266982441e-03
-9.4247401153773492e-03
1.7350359105343858e-09
7.1395717666024126e-03
1.1993580786035258e-02
1.4561638067004588e-02
-4.1947787360480538e-03
1.5617674787713572e-07
1.0561303998110512e-03
1.8996909170706860e-03
1.7931736434551886e-03
-4.2770890779917269e-09
-4.0847063833942977e-03
-6.2303774497992960e-09
-1.9750727857508250e-09
-2.2863875854797705e-03
-2.6004337610194272e-10
-3.9325620943498379e-07
-4.7993844243511051e-10
-1.3674863836620232e-03
-3.8450220224079464e-10
-9.1913763790288166e-04
-4.1245080188652737e-03
-9.6157212826152617e-03
1.2418697390059291e-09
7.3276911314390019e-03
1.2367739375036281e-02
1.5120536695102896e-02
1.8358367924235319e-03
1.9144240374059003e-07
-2.0891905582114834e-03
-5.4772060562985189e-03
-1.1135022588608993e-02
-2.0869467054033062e-02
-5.5965688480613627e-09
-3.9860081513444582e-09
-2.2867828302397522e-03
1.2203215195335673e-10
3.9241328252067083e-07
-2.2859954428379008e-03
-1.2593447055830851e-10
-2.8423251551626844e-10
-1.4320135026192737e-03
-7.9758333661485562e-11
-8.5452277984065638e-04
-3.9959719777144798e-03
-9.4247385619614689e-03
9.9889113248405680e-10
7.1395693404575130e-03
1.1993576099947811e-02
1.4561631414406770e-02
5.7232163595844175e-03
1.5859609810776770e-07
-2.9913662503270209e-03
-5.3927096262164460e-10
2.9262162693058633e-03
-2.3866612815793844e-09
3.8835954121024414e-10
-2.2863865040497092e-03
1.3317972527724599e-09
-3.9110501192020433e-07
-2.2871734736741333e-03
1.5796810113459374e-09
1.3914042198570092e-09
-1.3694697086548834e-03
1.4043301252223804e-09
-9.1715171071159347e-04
-4.1205380615744920e-03
-9.6097681467328944e-03
2.4463399258747770e-09
7.3217421436199918e-03
1.2355841865483946e-02
1.5102692371087970e-02
2.2206037920855334e-02
1.8664558776799045e-07
-2.2459407727199291e-02
5.0340865926107320e-09
5.6411187698132184e-10
-1.7349962557420455e-03
-5.7969292444137862e-03
-4.5474479809877138e-10
3.5111372328020841e-03
4.7360942689063257e-03
3.6744798546185704e-03
3.2590402521333003e-04
-7.8826066125720748e-10
-9.0512635112428386e-10
-1.4320133201840733e-03
-7.0275128993770134e-10
-8.5452441103008969e-04
-3.9959745607434085e-03
-9.4247417824648468e-03
7.8597358713707857e-10
7.1395718304672938e-03
1.1993581296399276e-02
1.4561639035651905e-02
6.3976151850910420e-03
1.5727036508408994e-07
-3.2667966582616424e-03
-1.9788799514566577e-09
3.3158798230730965e-03
-3.4026202226936518e-09
-5.2381313338777347e-10
-2.2863880338849555e-03
4.1483914700555885e-10
-3.9192828213223212e-07
-2.2871743464631202e-03
3.7487396242946361e-10
8.7705846335317856e-11
-1.3694706823985702e-03
3.9123643349392964e-10
-9.1715258054573330e-04
-4.1205390769433678e-03
-9.6097689229412489e-03
2.0145903814796353e-09
7.3217420313268717e-03
1.2355842407601930e-02
1.5102692973256615e-02
2.2122416140520983e-02
1.8828709988051863e-07
-2.2375798192303627e-02
7.5632624025141664e-09
3.1187252070773389e-09
-1.7349937940973671e-03
-5.7969265014891271e-03
1.9464336277223012e-09
3.5111398372848911e-03
4.7360964473788869e-03
3.6744822319121169e-03
3.2590594486071520e-04
1.6950582988897487e-09
1.4868421043718369e-09
