2.0000000000000020e+02
2.0000000000000020e+02
2.0000000000000020e+02
2.0000000000000020e+02
2.0000000000000020e+02
2.0000000000000020e+02
2.0000000000000020e+02
2.0000000000000020e+02
2.0000000000000020e+02
2.2476029240240661e+02
2.4975979443516479e+02
2.4975979443516479e+02
2.4975979443516479e+02
2.4975979443516479e+02
2.4975979443516479e+02
2.4975979443516479e+02
2.4975979443516479e+02
2.4975979443516479e+02
2.4975979443516479e+02
2.4975979443516479e+02
2.4975979443516479e+02
2.4975979443516479e+02
2.4975979443516479e+02
2.4975979443516479e+02
2.4975979443516479e+02
2.4975979443516479e+02
2.4975979443516479e+02
2.4975979443516479e+02
2.4975979443516479e+02
2.4975979443516479e+02
2.4975979443516479e+02
2.4975979443516479e+02
2.4988798920854640e+02
2.4988798920854640e+02
2.4988798920854640e+02
2.4988798920854640e+02
2.4988798920854640e+02
2.4988798920854640e+02
2.4988798920854640e+02
2.4988798920854640e+02
2.4988798920854640e+02
2.4988798920854640e+02
2.4988798920854640e+02
2.4988798920854640e+02
2.4988798920854640e+02
2.4988798920854640e+02
2.4988798920854640e+02
2.4988798920854640e+02
2.4988798920854640e+02
2.4988798920854640e+02
2.4988798920854640e+02
2.4988798920854640e+02
2.4988798920854640e+02
2.4988798920854640e+02
2.4988798920854640e+02
2.4992326998385300e+02
2.4992326998385300e+02
2.4992326998385300e+02
2.4992326998385300e+02
2.4992326998385300e+02
2.4992326998385300e+02
2.4992326998385300e+02
2.4992326998385300e+02
2.4992326998385300e+02
2.4992326998385300e+02
2.4992326998385300e+02
2.4992326998385300e+02
2.4992326998385300e+02
2.4992326998385300e+02
2.4992326998385300e+02
2.4992326998385300e+02
2.4992326998385300e+02
2.4992326998385300e+02
2.4992326998385300e+02
2.4992326998385300e+02
2.4992326998385300e+02
2.4992326998385300e+02
2.4994501179723625e+02
2.4994501179723625e+02
2.4994501179723625e+02
2.4994501179723625e+02
2.4994501179723625e+02
2.4994501179723625e+02
2.4994501179723625e+02
2.4994501179723625e+02
2.4994501179723625e+02
2.4994501179723625e+02
2.4994501179723625e+02
2.4994501179723625e+02
2.4994501179723625e+02
2.4994501179723625e+02
2.4994501179723625e+02
2.4994501179723625e+02
2.4994501179723625e+02
2.4994501179723625e+02
2.4994501179723625e+02
2.4994501179723625e+02
2.4994501179723625e+02
2.4994501179723625e+02
2.4994501179723625e+02
2.4996271173487145e+02
2.4996271173487145e+02
2.4996271173487145e+02
2.4996271173487145e+02
2.4996271173487145e+02
2.4996271173487145e+02
2.4996271173487145e+02
2.4996271173487145e+02
2.4996271173487145e+02
2.4996271173487145e+02
2.4996271173487145e+02
2.4996271173487145e+02
2.4996271173487145e+02
2.4996271173487145e+02
2.4996271173487145e+02
2.4996271173487145e+02
2.4996271173487145e+02
2.4996271173487145e+02
2.4996271173487145e+02
2.4996271173487145e+02
2.4996271173487145e+02
2.4996271173487145e+02
2.4997480258267893e+02
2.4997480258267893e+02
2.4997480258267893e+02
2.4997480258267893e+02
2.4997480258267893e+02
2.4997480258267893e+02
2.4997480258267893e+02
2.4997480258267893e+02
2.4997480258267893e+02
2.4997480258267893e+02
2.4997480258267893e+02
2.4997480258267893e+02
2.4997480258267893e+02
2.4997480258267893e+02
2.4997480258267893e+02
2.4997480258267893e+02
2.4997480258267893e+02
2.4997480258267893e+02
2.4997480258267893e+02
2.4997480258267893e+02
2.4997480258267893e+02
2.4997480258267893e+02
2.4997480258267893e+02
2.4997549660221765e+02
2.4997549660221765e+02
2.4997549660221765e+02
2.4997549660221765e+02
2.4997549660221765e+02
2.4997549660221765e+02
2.4997549660221765e+02
2.4997549660221765e+02
2.4997549660221765e+02
2.4997549660221765e+02
2.4997549660221765e+02
2.4997549660221765e+02
2.4997549660221765e+02
2.4997549660221765e+02
2.4997549660221765e+02
2.4997549660221765e+02
2.4997549660221765e+02
2.4997549660221765e+02
2.4997549660221765e+02
2.4997549660221765e+02
2.4997549660221765e+02
2.4997549660221765e+02
2.4997600214523578e+02
2.4997600214523578e+02
2.4997600214523578e+02
2.4997600214523578e+02
2.4997600214523578e+02
2.4997600214523578e+02
2.4997600214523578e+02
2.4997600214523578e+02
2.4997600214523578e+02
2.4997600214523578e+02
2.4997600214523578e+02
2.4997600214523578e+02
2.4997600214523578e+02
2.4997600214523578e+02
2.4997600214523578e+02
2.4997600214523578e+02
2.4997600214523578e+02
2.4997600214523578e+02
2.4997600214523578e+02
2.4997600214523578e+02
2.4997600214523578e+02
2.4997600214523578e+02
2.4997600214523578e+02
2.4997664484546863e+02
2.4997664484546863e+02
2.4997664484546863e+02
2.4997664484546863e+02
2.4997664484546863e+02
2.4997664484546863e+02
2.4997664484546863e+02
2.4997664484546863e+02
2.4997664484546863e+02
2.4997664484546863e+02
2.4997664484546863e+02
2.4997664484546863e+02
2.4997664484546863e+02
2.4997664484546863e+02
2.4997664484546863e+02
2.4997664484546863e+02
2.4997664484546863e+02
2.4997664484546863e+02
2.4997664484546863e+02
2.4997664484546863e+02
2.4997664484546863e+02
2.4997664484546863e+02
2.4997714402501200e+02
2.4997714402501200e+02
2.4997714402501200e+02
2.4997714402501200e+02
2.4997714402501200e+02
2.4997714402501200e+02
2.4997714402501200e+02
2.4997714402501200e+02
2.4997714402501200e+02
2.4997714402501200e+02
2.4997714402501200e+02
2.4997714402501200e+02
2.4997714402501200e+02
2.4997714402501200e+02
