0.0000000000000000e+00
2.5002896729354219e+01
5.0000000000370058e+01
7.4999237105251126e+01
1.0000060863161639e+02
1.2500411516678693e+02
1.5000000000108355e+02
1.7499801756918384e+02
1.9999816845812080e+02
2.2499971223196525e+02
2.4999979304606256e+02
2.2500000024526085e+02
2.1479449099102260e+02
2.0036232842775618e+02
1.7995338226560742e+02
1.5495956717670862e+02
1.2994762148927822e+02
1.0494762148649964e+02
7.9949755336266648e+01
5.4947621485972675e+01
2.9947622075512392e+01
4.9476214857080123e+00
5.8605881430721371e-11
2.4998721876701314e+01
4.9999999999794916e+01
7.4999143918200105e+01
9.9996154219847895e+01
1.2499103149148934e+02
1.4999999999755886e+02
1.7500683218217318e+02
2.0001152863333948e+02
2.2501408993880469e+02
2.4997495670856588e+02
2.4166666597082951e+02
2.3335813924793402e+02
2.2154822030267815e+02
2.0484566035275554e+02
1.8131132758134152e+02
1.5634732992071386e+02
1.3131132759418776e+02
1.0631132760277468e+02
8.1309193171087543e+01
5.6311327607127538e+01
3.1311328190688329e+01
6.3113276074692841e+00
1.3287064713252513e-10
2.5001336597041504e+01
4.9999999999953957e+01
7.5000797474944761e+01
1.0000372960972371e+02
1.2500879699190105e+02
1.5000000000216914e+02
1.7499333503142725e+02
1.9998880266622439e+02
2.2498640349362228e+02
2.4995737272978479e+02
2.2500000024463452e+02
2.1481180732624853e+02
2.0040413209194270e+02
1.7994762150959835e+02
1.5494762149435428e+02
1.2994975533169068e+02
1.0495402243448417e+02
7.9947621487057575e+01
5.4943356154432557e+01
2.9947621486117473e+01
4.9476214861332686e+00
-4.4372147383491329e-12
2.4998721878301929e+01
4.9999999999488566e+01
7.4999143916288389e+01
9.9996154215920413e+01
1.2499103148584290e+02
1.4999999999726992e+02
1.7500683218717344e+02
2.0001152864365346e+02
2.2501408995453383e+02
2.4998381532171084e+02
2.4166666611083824e+02
2.3334928050686591e+02
2.2158631739192236e+02
2.0488155363313842e+02
1.8131132759746629e+02
1.5630925420223758e+02
1.3130504579599369e+02
1.0631132760581946e+02
8.1315476704609026e+01
5.6311327607003676e+01
3.1311327606920152e+01
6.3113276073153752e+00
-1.5818650004756130e-11
2.5001336597220480e+01
5.0000000000230528e+01
7.5000797475424420e+01
1.0000372961015739e+02
1.2500879699246846e+02
1.5000000000257683e+02
1.7499333503143370e+02
1.9998880266605590e+02
2.2498640349330296e+02
2.4998741926518034e+02
2.2500000024986389e+02
2.1479954207925601e+02
2.0037452233907970e+02
1.7997567667849580e+02
1.5494762149562862e+02
1.2992170478179429e+02
1.0494762149459044e+02
7.9947621488792151e+01
5.4949755335729563e+01
2.9947621485730153e+01
4.9476220756803952e+00
1.7225348778492050e-10
2.4998724859462442e+01
4.9999999999833896e+01
7.4999140936542176e+01
9.9996148256828874e+01
1.2499102254805213e+02
1.4999999999755477e+02
1.7500684112335858e+02
2.0001154651369797e+02
2.2501411675628103e+02
2.4999449095781222e+02
2.4166666614315133e+02
2.3333860444409999e+02
2.2156054221150870e+02
2.0490303789598789e+02
1.8134415113330655e+02
1.5631132760529141e+02
1.3131132760461577e+02
1.0630919316385280e+02
8.1311327606913309e+01
5.6311328197473834e+01
3.1309194348025610e+01
6.3113276068804876e+00
4.1278867018664250e-10
2.5001336595399565e+01
5.0000000000250708e+01
7.5000797477145170e+01
1.0000372961390273e+02
1.2500879699787697e+02
1.5000000000243199e+02
1.7499333502592032e+02
1.9998880265503868e+02
2.2498640347672787e+02
2.4995877769273679e+02
2.2500000025531810e+02
2.1481123327830522e+02
2.0036003602154133e+02
1.7992417437476271e+02
1.5494762150106371e+02
1.2994762149211169e+02
1.0494975533576988e+02
7.9947621488912034e+01
5.4947622081878421e+01
2.9949756527387862e+01
4.9476214889514383e+00
2.8349121122868783e-09
2.4998721875030647e+01
4.9999999996568221e+01
7.4999143913552317e+01
9.9996154213542951e+01
1.2499103148365560e+02
1.4999999999408729e+02
1.7500683218305326e+02
2.0001152863841429e+02
2.2501408994839332e+02
2.4999458663910352e+02
2.4166666615709300e+02
2.3333850812301182e+02
2.2154822031851759e+02
2.0488155365039032e+02
1.8130970821215473e+02
1.5630591672190167e+02
1.3131132760893883e+02
1.0631460554522393e+02
8.1315749943713385e+01
5.6314760217083560e+01
3.1311635777651542e+01
6.3113276100554554e+00
2.5765139033356673e-09
2.5001336593574088e+01
4.9999999997342407e+01
7.5000797473238691e+01
1.0000372960869194e+02
1.2500879699160896e+02
1.4999999999952533e+02
1.7499333502634306e+02
1.9998880265873743e+02
2.2498640348381508e+02
2.4996080086799924e+02
2.2500000025067814e+02
2.1481040739404204e+02
2.0036003601600845e+02
1.7992534222541201e+02
1.5494762149514614e+02
1.2994762148694861e+02
1.0494975533145161e+02
7.9947621484027508e+01
5.4947622076491939e+01
2.9949756521645003e+01
4.9476214841283941e+00
1.7109626212322286e-09
2.4998721880311095e+01
5.0000000001516383e+01
7.4999143918284787e+01
9.9996154218013629e+01
1.2499103148768729e+02
1.4999999999933610e+02
1.7500683218951127e+02
2.0001152864610279e+02
2.2501408995714118e+02
2.4999483751683636e+02
2.4166666615653128e+02
2.3333825723270684e+02
2.2154822031675394e+02
2.0488155364867887e+02
1.8130970821066995e+02
1.5630591672045355e+02
1.3131132760710130e+02
1.0631460554305207e+02
8.1315749941245315e+01
5.6314760214253369e+01
3.1311635774677434e+01
6.3113276081182921e+00
4.9857649261163153e-10
