0.0000000000000000e+00
0.0000000000000000e+00
0.0000000000000000e+00
0.0000000000000000e+00
0.0000000000000000e+00
0.0000000000000000e+00
0.0000000000000000e+00
0.0000000000000000e+00
0.0000000000000000e+00
-1.3328884415048206e+01
-2.6653309474729390e+01
-2.6653309474729390e+01
-2.6653309474729390e+01
-2.6653309474729390e+01
-2.6653309474729390e+01
-2.6653309474729390e+01
-2.6653309474729390e+01
-2.6653309474729390e+01
-2.6653309474729390e+01
-2.6653309474729390e+01
-2.6653309474729390e+01
-2.6653309474729390e+01
-2.6653309474729390e+01
-2.6653309474729390e+01
-2.6653309474729390e+01
-2.6653309474729390e+01
-2.6653309474729390e+01
-2.4007211243518981e+01
-1.0669544609260228e+01
2.6629005915138637e+00
1.5990895068905067e+01
1.5990895068905058e+01
1.5990895068905058e+01
1.5990895068905058e+01
1.5990895068905058e+01
1.5990895068905058e+01
1.5990895068905061e+01
1.5990895068905061e+01
1.5990895068905060e+01
1.5990895068905061e+01
1.5990895068905061e+01
1.5990895068905061e+01
1.5990895068905067e+01
1.5990895068905067e+01
1.5990895068905054e+01
1.5990895068905056e+01
1.5990895068905060e+01
1.5990895068905060e+01
1.5990895068905060e+01
3.7376515389893550e+00
-9.5924374738197393e+00
-9.5924374738197393e+00
-9.5924374738197393e+00
-9.5924374738197393e+00
-9.5924374738197393e+00
-9.5924374738197393e+00
-9.5924374738197393e+00
-9.5924374738197393e+00
-9.5924374738197393e+00
-9.5924374738197393e+00
-9.5924374738197393e+00
-9.5924374738197393e+00
-9.5924374738197393e+00
-9.5924374738197393e+00
-9.5924374738197393e+00
-9.5924374738197393e+00
-9.5924374738197393e+00
-9.5924374738197393e+00
-9.5924374738197393e+00
-7.5778958941931496e+00
5.7539683330272284e+00
5.7539683330272267e+00
5.7539683330272267e+00
5.7539683330272267e+00
5.7539683330272267e+00
5.7539683330272249e+00
5.7539683330272240e+00
5.7539683330272240e+00
5.7539683330272258e+00
5.7539683330272240e+00
5.7539683330272258e+00
5.7539683330272258e+00
5.7539683330272258e+00
5.7539683330272258e+00
5.7539683330272275e+00
5.7539683330272258e+00
5.7539683330272275e+00
5.7539683330272275e+00
5.7539683330272275e+00
5.7539683330272240e+00
-3.4515863888460334e+00
-3.4515863888460334e+00
-3.4515863888460334e+00
-3.4515863888460334e+00
-3.4515863888460334e+00
-3.4515863888460334e+00
-3.4515863888460334e+00
-3.4515863888460334e+00
-3.4515863888460334e+00
-3.4515863888460334e+00
-3.4515863888460334e+00
-3.4515863888460334e+00
-3.4515863888460334e+00
-3.4515863888460334e+00
-3.4515863888460334e+00
-3.4515863888460334e+00
-3.4515863888460334e+00
-3.4515863888460334e+00
-3.4515863888460334e+00
-3.4515863888460334e+00
2.0672786547129793e+00
2.0672786547129784e+00
2.0672786547129780e+00
2.0672786547129776e+00
2.0672786547129776e+00
2.0672786547129776e+00
2.0672786547129767e+00
2.0672786547129780e+00
2.0672786547129776e+00
2.0672786547129758e+00
2.0672786547129758e+00
2.0672786547129758e+00
2.0672786547129758e+00
2.0672786547129758e+00
2.0672786547129753e+00
2.0672786547129731e+00
2.0672786547129740e+00
2.0672786547129740e+00
2.0672786547129740e+00
2.0672786547129753e+00
-1.2433462219072051e+00
-1.2433462219072051e+00
-1.2433462219072051e+00
-1.2433462219072051e+00
-1.2433462219072051e+00
-1.2433462219072051e+00
-1.2433462219072051e+00
-1.2433462219072051e+00
-1.2433462219072051e+00
-1.2433462219072051e+00
-1.2433462219072051e+00
-1.2433462219072051e+00
-1.2433462219072051e+00
-1.2433462219072051e+00
-1.2433462219072051e+00
-1.2433462219072051e+00
-1.2433462219072051e+00
-1.2433462219072051e+00
-1.2433462219072051e+00
-1.2433462219072051e+00
7.4583854201746747e-01
7.4583854201746747e-01
7.4583854201746747e-01
7.4583854201746791e-01
7.4583854201746747e-01
7.4583854201746747e-01
7.4583854201746747e-01
7.4583854201746747e-01
7.4583854201746735e-01
7.4583854201746758e-01
7.4583854201746780e-01
7.4583854201746735e-01
7.4583854201746691e-01
7.4583854201746691e-01
7.4583854201746724e-01
7.4583854201746724e-01
7.4583854201746724e-01
7.4583854201746724e-01
7.4583854201746724e-01
7.4583854201746724e-01
-4.4788894597962048e-01
-4.4788894597962048e-01
-4.4788894597962048e-01
-4.4788894597962048e-01
-4.4788894597962048e-01
-4.4788894597962048e-01
-4.4788894597962048e-01
-4.4788894597962048e-01
-4.4788894597962048e-01
-4.4788894597962048e-01
-4.4788894597962048e-01
-4.4788894597962048e-01
-4.4788894597962048e-01
-4.4788894597962048e-01
-4.4788894597962048e-01
-4.4788894597962048e-01
-4.4788894597962048e-01
-4.4788894597962048e-01
-4.4788894597962048e-01
-4.4788894597962048e-01
2.6871128080152290e-01
2.6871128080152268e-01
2.6871128080152268e-01
2.6871128080152273e-01
2.6871128080152273e-01
2.6871128080152273e-01
2.6871128080152273e-01
2.6871128080152273e-01
2.6871128080152279e-01
2.6871128080152273e-01
2.6871128080152273e-01
