0.0000000000000000e+00
0.0000000000000000e+00
0.0000000000000000e+00
0.0000000000000000e+00
0.0000000000000000e+00
0.0000000000000000e+00
0.0000000000000000e+00
0.0000000000000000e+00
0.0000000000000000e+00
6.6644422075145116e+00
1.3326654737350294e+01
1.3326654737350259e+01
1.3326654737350253e+01
1.3326654737350264e+01
1.3326654737350275e+01
1.3326654737350296e+01
1.3326654737350282e+01
1.3326654737350282e+01
1.3326654737350269e+01
1.3326654737350262e+01
1.3326654737350244e+01
1.3326654737350243e+01
1.3326654737350239e+01
1.3326654737350234e+01
1.3326654737350253e+01
1.3326654737350253e+01
1.3326654737350278e+01
1.2003605621744896e+01
5.3347723046141819e+00
-1.3314502957750542e+00
-7.9954475344700286e+00
-7.9954475344700464e+00
-7.9954475344700473e+00
-7.9954475344700482e+00
-7.9954475344700491e+00
-7.9954475344700660e+00
-7.9954475344700819e+00
-7.9954475344700811e+00
-7.9954475344700819e+00
-7.9954475344700731e+00
-7.9954475344700757e+00
-7.9954475344700739e+00
-7.9954475344700864e+00
-7.9954475344700713e+00
-7.9954475344700633e+00
-7.9954475344700562e+00
-7.9954475344700704e+00
-7.9954475344700668e+00
-7.9954475344700704e+00
-1.8688257695132628e+00
4.7962187368906859e+00
4.7962187368906868e+00
4.7962187368906832e+00
4.7962187368906886e+00
4.7962187368906788e+00
4.7962187368906823e+00
4.7962187368906841e+00
4.7962187368906788e+00
4.7962187368906966e+00
4.7962187368906974e+00
4.7962187368906983e+00
4.7962187368906992e+00
4.7962187368907001e+00
4.7962187368907134e+00
4.7962187368907152e+00
4.7962187368907152e+00
4.7962187368907205e+00
4.7962187368907214e+00
4.7962187368907054e+00
3.7889479470780154e+00
-2.8769841665291880e+00
-2.8769841665291929e+00
-2.8769841665291920e+00
-2.8769841665291915e+00
-2.8769841665291969e+00
-2.8769841665291946e+00
-2.8769841665291933e+00
-2.8769841665291898e+00
-2.8769841665291898e+00
-2.8769841665291889e+00
-2.8769841665291889e+00
-2.8769841665291880e+00
-2.8769841665291884e+00
-2.8769841665291884e+00
-2.8769841665291871e+00
-2.8769841665291835e+00
-2.8769841665291822e+00
-2.8769841665291795e+00
-2.8769841665291835e+00
-2.8769841665291844e+00
1.7257931944049805e+00
1.7257931944049782e+00
1.7257931944049798e+00
1.7257931944049802e+00
1.7257931944049816e+00
1.7257931944049818e+00
1.7257931944049818e+00
1.7257931944049814e+00
1.7257931944049818e+00
1.7257931944049814e+00
1.7257931944049814e+00
1.7257931944049814e+00
1.7257931944049807e+00
1.7257931944049809e+00
1.7257931944049831e+00
1.7257931944049822e+00
1.7257931944049814e+00
1.7257931944049822e+00
1.7257931944049820e+00
1.7257931944049822e+00
-1.0336393273801245e+00
-1.0336393273801234e+00
-1.0336393273801243e+00
-1.0336393273801234e+00
-1.0336393273801252e+00
-1.0336393273801259e+00
-1.0336393273801261e+00
-1.0336393273801259e+00
-1.0336393273801250e+00
-1.0336393273801248e+00
-1.0336393273801259e+00
-1.0336393273801252e+00
-1.0336393273801252e+00
-1.0336393273801252e+00
-1.0336393273801239e+00
-1.0336393273801225e+00
-1.0336393273801214e+00
-1.0336393273801199e+00
-1.0336393273801199e+00
-1.0336393273801208e+00
6.2167311092670696e-01
6.2167311092670685e-01
6.2167311092670596e-01
6.2167311092670507e-01
6.2167311092670530e-01
6.2167311092670607e-01
6.2167311092670607e-01
6.2167311092670596e-01
6.2167311092670618e-01
6.2167311092670674e-01
6.2167311092670685e-01
6.2167311092670752e-01
6.2167311092670763e-01
6.2167311092670763e-01
6.2167311092670763e-01
6.2167311092670663e-01
6.2167311092670596e-01
6.2167311092670641e-01
6.2167311092670863e-01
6.2167311092670841e-01
-3.7291927103753086e-01
-3.7291927103753097e-01
-3.7291927103753147e-01
-3.7291927103753097e-01
-3.7291927103753114e-01
-3.7291927103753070e-01
-3.7291927103753075e-01
-3.7291927103753059e-01
-3.7291927103753020e-01
-3.7291927103753064e-01
-3.7291927103753020e-01
-3.7291927103753064e-01
-3.7291927103753042e-01
-3.7291927103753009e-01
-3.7291927103753031e-01
-3.7291927103753031e-01
-3.7291927103753081e-01
-3.7291927103753103e-01
-3.7291927103752998e-01
-3.7291927103752959e-01
2.2394447296097669e-01
2.2394447296097664e-01
2.2394447296097653e-01
2.2394447296097686e-01
2.2394447296097675e-01
2.2394447296097678e-01
2.2394447296097680e-01
2.2394447296097669e-01
2.2394447296097675e-01
2.2394447296097686e-01
2.2394447296097680e-01
2.2394447296097675e-01
2.2394447296097644e-01
2.2394447296097683e-01
2.2394447296097680e-01
2.2394447296097680e-01
2.2394447296097675e-01
2.2394447296097719e-01
2.2394447296097716e-01
2.2394447296097755e-01
-1.3435564042966366e-01
-1.3435564042966386e-01
-1.3435564042966369e-01
-1.3435564042966386e-01
-1.3435564042966355e-01
-1.3435564042966364e-01
-1.3435564042966369e-01
-1.3435564042966372e-01
-1.3435564042966375e-01
-1.3435564042966391e-01
-1.3435564042966391e-01
