0.0000000000000000e+00
0.0000000000000000e+00
0.0000000000000000e+00
0.0000000000000000e+00
0.0000000000000000e+00
0.0000000000000000e+00
0.0000000000000000e+00
0.0000000000000000e+00
0.0000000000000000e+00
6.6644422075336847e+00
1.3326654737379073e+01
1.3326654737379037e+01
1.3326654737379029e+01
1.3326654737379037e+01
1.3326654737379053e+01
1.3326654737379075e+01
1.3326654737379053e+01
1.3326654737379044e+01
1.3326654737379041e+01
1.3326654737379030e+01
1.3326654737379002e+01
1.3326654737379002e+01
1.3326654737378993e+01
1.3326654737379000e+01
1.3326654737379004e+01
1.3326654737379011e+01
1.3326654737379021e+01
1.2003605621773952e+01
5.3347723046459112e+00
-1.3314502957389542e+00
-7.9954475344351961e+00
-7.9954475344352058e+00
-7.9954475344352005e+00
-7.9954475344351987e+00
-7.9954475344352058e+00
-7.9954475344352058e+00
-7.9954475344352218e+00
-7.9954475344352200e+00
-7.9954475344352236e+00
-7.9954475344352183e+00
-7.9954475344352200e+00
-7.9954475344352147e+00
-7.9954475344352254e+00
-7.9954475344352112e+00
-7.9954475344352094e+00
-7.9954475344351925e+00
-7.9954475344352058e+00
-7.9954475344352032e+00
-7.9954475344352067e+00
-1.8688257694763348e+00
4.7962187369287888e+00
4.7962187369287870e+00
4.7962187369287861e+00
4.7962187369287861e+00
4.7962187369287745e+00
4.7962187369287745e+00
4.7962187369287728e+00
4.7962187369287728e+00
4.7962187369287905e+00
4.7962187369287896e+00
4.7962187369287896e+00
4.7962187369287896e+00
4.7962187369287905e+00
4.7962187369288021e+00
4.7962187369288003e+00
4.7962187369288065e+00
4.7962187369288118e+00
4.7962187369288127e+00
4.7962187369288074e+00
3.7889479471149072e+00
-2.8769841664982838e+00
-2.8769841664982838e+00
-2.8769841664982838e+00
-2.8769841664982807e+00
-2.8769841664982829e+00
-2.8769841664982829e+00
-2.8769841664982851e+00
-2.8769841664982807e+00
-2.8769841664982843e+00
-2.8769841664982834e+00
-2.8769841664982843e+00
-2.8769841664982847e+00
-2.8769841664982843e+00
-2.8769841664982843e+00
-2.8769841664982829e+00
-2.8769841664982803e+00
-2.8769841664982780e+00
-2.8769841664982763e+00
-2.8769841664982767e+00
-2.8769841664982776e+00
1.7257931944408025e+00
1.7257931944408005e+00
1.7257931944408014e+00
1.7257931944408043e+00
1.7257931944408038e+00
1.7257931944408029e+00
1.7257931944408031e+00
1.7257931944408029e+00
1.7257931944408034e+00
1.7257931944408029e+00
1.7257931944408034e+00
1.7257931944408029e+00
1.7257931944408025e+00
1.7257931944408051e+00
1.7257931944408045e+00
1.7257931944408040e+00
1.7257931944408020e+00
1.7257931944408009e+00
1.7257931944408016e+00
1.7257931944408020e+00
-1.0336393273331024e+00
-1.0336393273331006e+00
-1.0336393273331022e+00
-1.0336393273331019e+00
-1.0336393273331030e+00
-1.0336393273331037e+00
-1.0336393273331042e+00
-1.0336393273331037e+00
-1.0336393273331024e+00
-1.0336393273331026e+00
-1.0336393273331035e+00
-1.0336393273331033e+00
-1.0336393273331026e+00
-1.0336393273331033e+00
-1.0336393273331017e+00
-1.0336393273330999e+00
-1.0336393273330993e+00
-1.0336393273330979e+00
-1.0336393273330975e+00
-1.0336393273330990e+00
6.2167311098024458e-01
6.2167311098024491e-01
6.2167311098024403e-01
6.2167311098024336e-01
6.2167311098024292e-01
6.2167311098024336e-01
6.2167311098024292e-01
6.2167311098024269e-01
6.2167311098024292e-01
6.2167311098024380e-01
6.2167311098024380e-01
6.2167311098024380e-01
6.2167311098024458e-01
6.2167311098024425e-01
6.2167311098024447e-01
6.2167311098024358e-01
6.2167311098024336e-01
6.2167311098024358e-01
6.2167311098024536e-01
6.2167311098024514e-01
-3.7291927098020416e-01
-3.7291927098020428e-01
-3.7291927098020483e-01
-3.7291927098020428e-01
-3.7291927098020472e-01
-3.7291927098020405e-01
-3.7291927098020400e-01
-3.7291927098020394e-01
-3.7291927098020350e-01
-3.7291927098020372e-01
-3.7291927098020328e-01
-3.7291927098020339e-01
-3.7291927098020305e-01
-3.7291927098020361e-01
-3.7291927098020322e-01
-3.7291927098020400e-01
-3.7291927098020494e-01
-3.7291927098020494e-01
-3.7291927098020416e-01
-3.7291927098020350e-01
2.2394447301836676e-01
2.2394447301836654e-01
2.2394447301836612e-01
2.2394447301836681e-01
2.2394447301836687e-01
2.2394447301836695e-01
2.2394447301836665e-01
2.2394447301836676e-01
2.2394447301836673e-01
2.2394447301836706e-01
2.2394447301836690e-01
2.2394447301836684e-01
2.2394447301836654e-01
2.2394447301836704e-01
2.2394447301836695e-01
2.2394447301836690e-01
2.2394447301836670e-01
2.2394447301836715e-01
2.2394447301836706e-01
2.2394447301836731e-01
-1.3435564037214270e-01
-1.3435564037214295e-01
-1.3435564037214290e-01
-1.3435564037214298e-01
-1.3435564037214279e-01
-1.3435564037214290e-01
-1.3435564037214301e-01
-1.3435564037214309e-01
-1.3435564037214323e-01
-1.3435564037214323e-01
-1.3435564037214329e-01
