0.0000000000000000e+00
-1.2196758116783931e-04
-2.4390243902662042e-04
-3.6585216680751350e-04
-4.8781676813899639e-04
-6.0979624664784962e-04
-7.3170731707552280e-04
-8.5363325162501815e-04
-9.7557405392004225e-04
-1.9320065298614425e-03
-2.8895181208014446e-03
-2.7675669029961266e-03
-2.6456305554773893e-03
-2.5237090746182220e-03
-2.4017132439405268e-03
-2.2797322944314857e-03
-2.1577662224584373e-03
-2.0358595853998702e-03
-1.9139083658885657e-03
-1.7919571463735589e-03
-1.6700059268616779e-03
-1.5480547073492962e-03
-1.4261183581241034e-03
-1.3041522683269907e-03
-1.1822010524429210e-03
-1.0602647068439300e-03
-9.3834322790520503e-04
-6.5147451804859131e-04
3.0298403368017720e-04
1.2584905353688559e-03
2.2151097956518559e-03
2.0931585787259039e-03
1.9711924878869202e-03
1.8492115195061871e-03
1.7273049207332586e-03
1.6053834589289918e-03
1.4834471304699965e-03
1.3614512622019549e-03
1.2395000426885269e-03
1.1175488231780339e-03
9.9559760366544638e-04
8.7364638415341031e-04
7.5168029072727658e-04
6.2974394512752441e-04
5.0779272924162864e-04
3.8582663944355955e-04
2.6384567210408589e-04
1.4184982359218831e-04
1.9987847551596899e-05
-8.6743345984260879e-04
-1.8235163088417300e-03
-1.7015641921889050e-03
-1.5796269460410062e-03
-1.4577045667723996e-03
-1.3357970507576011e-03
-1.2137593136351996e-03
-1.0918080941100306e-03
-9.6987174487180787e-04
-8.4790565508183441e-04
-7.2595443920593986e-04
-6.0400321605666918e-04
-4.8205199654506147e-04
-3.6011564731972169e-04
-2.3814955752169737e-04
-1.1619834163644242e-04
5.7380039634100987e-06
1.2765948290286168e-04
2.4956609880791677e-04
3.7160654002567632e-04
6.1933966066768159e-04
1.5751399254647028e-03
1.4531887063004877e-03
1.3312226132227004e-03
1.2092416426022659e-03
1.0873350483061720e-03
9.6541359097981633e-04
8.4347726699953872e-04
7.2148138977356775e-04
5.9953017026070303e-04
4.7757895075055471e-04
3.5562773123826435e-04
2.3367651172553639e-04
1.1171041829920711e-04
-1.0225927300566431e-05
-1.3217714318530799e-04
-2.5414323298380941e-04
-3.7612420032354034e-04
-4.9812004883480090e-04
-6.1998202487608290e-04
-7.4185885306810940e-04
-1.4394799736514950e-03
-1.3175287547109416e-03
-1.1955924060567467e-03
-1.0736709240640162e-03
-9.5167509566190561e-04
-8.2969414842563784e-04
-7.0772807872613805e-04
-5.8582143711985728e-04
-4.6387021760924992e-04
-3.4191899809484443e-04
-2.1996777858206888e-04
-9.8016559070399897e-05
2.3919790155048134e-05
1.4588587995314269e-04
2.6783709583838306e-04
3.8977344143701655e-04
5.1169492037606013e-04
6.3360153628109930e-04
7.5564197749993802e-04
8.7766752666552342e-04
1.3445039791291351e-03
1.2226114178160471e-03
1.1007039968953230e-03
9.7870897932586325e-04
8.5669907715649456e-04
7.3480654029399884e-04
6.1285532078806239e-04
4.9088922736869418e-04
3.6895288176224414e-04
2.4700166587033966e-04
1.2505044273862810e-04
3.0992232267688324e-06
-1.1886687019976013e-04
-2.4080321579951860e-04
-3.6275443168532027e-04
-4.8472052148445285e-04
-6.0670148882448508e-04
-7.2869733733642718e-04
-8.5055931337649682e-04
-9.7243614156724873e-04
-1.3014170018659135e-03
-1.1794567514040366e-03
-1.0575113734307751e-03
-9.3558086431922284e-04
-8.1366522044357939e-04
-6.9176443818143155e-04
-5.6970065335689715e-04
-4.4774943382270909e-04
-3.2581308457378238e-04
-2.0384699478867015e-04
-8.1895775274928552e-05
4.0055444237008651e-05
1.6199179346232324e-04
2.8395788326003992e-04
4.0590909914486027e-04
5.2784544474420629e-04
6.4976692368404101e-04
7.7167353958834672e-04
8.9371398080443872e-04
1.0157395299684709e-03
1.2619444601458651e-03
1.1400008393363263e-03
1.0180423464667531e-03
8.9606897790889370e-04
7.7408073003297495e-04
6.5219596180755499e-04
5.3029633587441225e-04
4.0829352278669349e-04
2.8634230327849073e-04
1.6439108376983846e-04
4.2439864257197483e-05
-7.9511355254981917e-05
-2.0147744868061193e-04
-3.2341379428028579e-04
-4.4536501016485569e-04
-5.6733109996290831e-04
-6.8931206730259403e-04
-8.1130791581375972e-04
-9.3316989185644706e-04
-1.0550467200493221e-03
-1.2516856595512168e-03
-1.1297332571156486e-03
-1.0077957252560272e-03
-8.8587306034454134e-04
-7.6396525875695241e-04
-6.4192837856401927e-04
-5.1997715903996688e-04
-3.9804080980209409e-04
-2.7607472001306676e-04
-1.5412350413770946e-04
-3.2172280987494688e-05
8.9778938524237350e-05
2.1171528775045385e-04
3.3368137754789166e-04
4.5563259343265445e-04
5.7756893903183068e-04
6.9949041797058662e-04
8.2139703387508381e-04
9.4343747509419119e-04
1.0654630242615964e-03
1.2321279536016794e-03
1.1101777126807243e-03
9.8821259808426877e-04
8.6623260618413380e-04
7.4432405466850582e-04
6.2240063964730903e-04
5.0046235749355897e-04
3.7850920458149353e-04
2.5654117728378248e-04
1.3455827197149975e-04
1.2616737599657890e-05
