0.0000000000000000e+00
3.6587373701128602e-05
7.3170731707008425e-05
1.0975275142056136e-04
1.4633343293911770e-04
1.8291277636071907e-04
2.1951219512595722e-04
2.5611027442255720e-04
2.9270701435045947e-04
7.4649106983536346e-04
1.2008566217117230e-03
1.1642712563891943e-03
1.1276845525283953e-03
1.0910965100312229e-03
1.0545151585568254e-03
1.0179324688374691e-03
9.8134844077618069e-04
9.4475906099410103e-04
9.0817369514099226e-04
8.7158832928566044e-04
8.3500296343173744e-04
7.9841759757843199e-04
7.6183089318661366e-04
7.2524686587154127e-04
6.8866150011657481e-04
6.5207479582364623e-04
6.1548675289516456e-04
4.9645805649095576e-04
4.3629934089965612e-05
-4.0973307307371338e-04
-8.6365245936913259e-04
-8.2706709422928422e-04
-7.9048306752879920e-04
-7.5390037917086490e-04
-7.1731099695085507e-04
-6.8072295346519583e-04
-6.4413624861485506e-04
-6.0755489939281397e-04
-5.7096953353765183e-04
-5.3438416768621436e-04
-4.9779880183229244e-04
-4.6121343597834119e-04
-4.2462940856409319e-04
-3.8804270426919419e-04
-3.5145733851274210e-04
-3.1487331119628241e-04
-2.7829062222184907e-04
-2.4170927149137425e-04
-2.0511587499220458e-04
2.1420453481931759e-04
6.6785384810263439e-04
6.3126990098673428e-04
5.9468461543743241e-04
5.5809799135571531e-04
5.2151002864381409e-04
4.8492843730912135e-04
4.4834307144802515e-04
4.1175636704897508e-04
3.7517233973985702e-04
3.3858697399036664e-04
3.0200160803230288e-04
2.6541624217909046e-04
2.2882953778734591e-04
1.9224551047247572e-04
1.5566014471735589e-04
1.1907344042480088e-04
8.2485397496846033e-05
4.5896015834384662e-05
9.3186812154654857e-06
-9.0163975437576805e-05
-5.4366752406935818e-04
-5.0708215801127535e-04
-4.7049813039308399e-04
-4.3391544111787567e-04
-3.9732606073103867e-04
-3.6073801907792293e-04
-3.2415131606083186e-04
-2.8756996317354271e-04
-2.5098459731928994e-04
-2.1439923146687935e-04
-1.7781386561333410e-04
-1.4122849975996613e-04
-1.0464447234643221e-04
-6.8057768051407348e-05
-3.1472402294383413e-05
5.1116250227504363e-06
4.1694313997702050e-05
7.8275664728275128e-05
1.1486906122706682e-04
1.5146111869792064e-04
4.7583754781289889e-04
4.3925218225214751e-04
4.0266547815346563e-04
3.6607743541928729e-04
3.2949608442193979e-04
2.9291339517999068e-04
2.5632936759699393e-04
2.1973998685817926e-04
1.8315462100504374e-04
1.4656925514991203e-04
1.0998388929646856e-04
7.3398523441960326e-05
3.6811819050300012e-05
2.2779173499442263e-07
-3.6357574019892089e-05
-7.2944278312407149e-05
-1.0953232124081397e-04
-1.4612170290230090e-04
-1.8269903752223627e-04
-2.1927771009298011e-04
-4.2839725585722295e-04
-3.9179351376958865e-04
-3.5519111146721006e-04
-3.1862278233816871e-04
-2.8205579040237134e-04
-2.4545205062325782e-04
-2.0886668478019602e-04
-1.7228265737668542e-04
-1.3569595307347184e-04
-9.9110587307848247e-05
-6.2525221367040328e-05
-2.5939855513291960e-05
1.0644171900577555e-05
4.7230876194756371e-05
8.3816241951497898e-05
1.2040026926742322e-04
1.5698295824264982e-04
1.9356430897269001e-04
2.3015770547363471e-04
2.6674976294642087e-04
4.0678887707872827e-04
3.7021618059450851e-04
3.3364214649973421e-04
2.9706677469524482e-04
2.6049006508495440e-04
2.2391201756941084e-04
1.8728935105874201e-04
1.5070398519872118e-04
1.1411728080213264e-04
7.7533253493234817e-05
4.0947887638052239e-05
4.3625217847125999e-06
-3.2224182606405279e-05
-6.8808209921458711e-05
-1.0539357567729355e-04
-1.4198027997104444e-04
-1.7856832290016471e-04
-2.1515770456350482e-04
-2.5173503918200573e-04
-2.8831371175064529e-04
-3.8707598160557158e-04
-3.5048822453607965e-04
-3.1390180608196550e-04
-2.7731672614413766e-04
-2.4073298462588184e-04
-2.0414676139331295e-04
-1.6756187666315520e-04
-1.3097602968930740e-04
-9.4390663836815212e-05
-5.7805297984792609e-05
-2.1219932131513203e-05
1.5365433722046572e-05
5.1949461135818001e-05
8.8536165429766844e-05
1.2512153118567765e-04
1.6170555850205390e-04
1.9828824747598087e-04
2.3486959820600149e-04
2.7146299470892714e-04
3.0805505218426912e-04
3.8193815372945859e-04
3.4535443344648836e-04
3.0876937474722519e-04
2.7218297753181590e-04
2.3559524170351333e-04
1.9901296976826028e-04
1.6242760390713186e-04
1.2584089950806835e-04
8.9256872198750561e-05
5.2671506448541820e-05
1.6086140490226479e-05
-2.0499225363200711e-05
-5.7085929754979251e-05
-9.3669957069246324e-05
-1.3025532282399390e-04
-1.6684202711657298e-04
-2.0343007004581493e-04
-2.4001945170794842e-04
-2.7659678632812451e-04
-3.1317545889928528e-04
-3.7216233923148008e-04
-3.3557666120981311e-04
-2.9899232165112819e-04
-2.6240932045724517e-04
-2.2582056392306173e-04
-1.8923314607571576e-04
-1.5264706681866885e-04
-1.1606232605426136e-04
-7.9478923684094002e-05
-4.2896859609826385e-05
-6.3083688014366567e-06
