0.0000000000000000e+00
3.6587373701343939e-05
7.3170731708004156e-05
1.0975275142129264e-04
1.4633343294021648e-04
1.8291277636165446e-04
2.1951219512754031e-04
2.5611027442459593e-04
2.9270701435177624e-04
7.4649106983831694e-04
1.2008566217154150e-03
1.1642712563926412e-03
1.1276845525318906e-03
1.0910965100349764e-03
1.0545151585599813e-03
1.0179324688406627e-03
9.8134844077961674e-04
9.4475906099702068e-04
9.0817369514430135e-04
8.7158832928904348e-04
8.3500296343537504e-04
7.9841759758180072e-04
7.6183089318998727e-04
7.2524686587550663e-04
6.8866150012031942e-04
6.5207479582831351e-04
6.1548675290017585e-04
4.9645805649480132e-04
4.3629934094349204e-05
-4.0973307306876790e-04
-8.6365245936443908e-04
-8.2706709422489949e-04
-7.9048306752430020e-04
-7.5390037916652831e-04
-7.1731099694615364e-04
-6.8072295346009953e-04
-6.4413624860963571e-04
-6.0755489938718956e-04
-5.7096953353320996e-04
-5.3438416768050094e-04
-4.9779880182731226e-04
-4.6121343597342688e-04
-4.2462940856000347e-04
-3.8804270426560895e-04
-3.5145733850905922e-04
-3.1487331119308732e-04
-2.7829062221791770e-04
-2.4170927148826617e-04
-2.0511587498818108e-04
2.1420453482392789e-04
6.6785384810711952e-04
6.3126990099136469e-04
5.9468461544106297e-04
5.5809799135895187e-04
5.2151002864723539e-04
4.8492843731308004e-04
4.4834307145248783e-04
4.1175636705336578e-04
3.7517233974325697e-04
3.3858697399275167e-04
3.0200160803426214e-04
2.6541624218073812e-04
2.2882953778903580e-04
1.9224551047490739e-04
1.5566014472022551e-04
1.1907344042780825e-04
8.2485397498849625e-05
4.5896015837013635e-05
9.3186812175866357e-06
-9.0163975434475092e-05
-5.4366752406649827e-04
-5.0708215800805137e-04
-4.7049813039002687e-04
-4.3391544111381387e-04
-3.9732606072815290e-04
-3.6073801907666005e-04
-3.2415131606097287e-04
-2.8756996317025476e-04
-2.5098459731654496e-04
-2.1439923146471663e-04
-1.7781386561105880e-04
-1.4122849975689719e-04
-1.0464447234317587e-04
-6.8057768048568026e-05
-3.1472402292119863e-05
5.1116250244106708e-06
4.1694313998829702e-05
7.8275664729020490e-05
1.1486906123017894e-04
1.5146111870396387e-04
4.7583754781593975e-04
4.3925218225548035e-04
4.0266547815735266e-04
3.6607743542282852e-04
3.2949608442511813e-04
2.9291339518307518e-04
2.5632936759983107e-04
2.1973998686144040e-04
1.8315462100905856e-04
1.4656925515331895e-04
1.0998388930013919e-04
7.3398523446518366e-05
3.6811819054855084e-05
2.2779173964923888e-07
-3.6357574015663843e-05
-7.2944278308570144e-05
-1.0953232123706589e-04
-1.4612170289967659e-04
-1.8269903751822462e-04
-2.1927771008750272e-04
-4.2839725585148026e-04
-3.9179351376464745e-04
-3.5519111146264037e-04
-3.1862278233228333e-04
-2.8205579039566734e-04
-2.4545205061764355e-04
-2.0886668477448862e-04
-1.7228265737119500e-04
-1.3569595306784699e-04
-9.9110587302808997e-05
-6.2525221360928789e-05
-2.5939855507103557e-05
1.0644171906787777e-05
4.7230876201876530e-05
8.3816241957965489e-05
1.2040026927409582e-04
1.5698295824894562e-04
1.9356430897856384e-04
2.3015770547939429e-04
2.6674976295311691e-04
4.0678887708509644e-04
3.7021618060143884e-04
3.3364214650675523e-04
2.9706677470315890e-04
2.6049006509347428e-04
2.2391201757879033e-04
1.8728935106580765e-04
1.5070398520657406e-04
1.1411728081023297e-04
7.7533253499753732e-05
4.0947887645077557e-05
4.3625217912704611e-06
-3.2224182600187197e-05
-6.8808209914980440e-05
-1.0539357566996837e-04
-1.4198027996284465e-04
-1.7856832289138988e-04
-2.1515770455362440e-04
-2.5173503917389704e-04
-2.8831371174466288e-04
-3.8707598159795056e-04
-3.5048822452897222e-04
-3.1390180607435039e-04
-2.7731672613650200e-04
-2.4073298461856473e-04
-2.0414676138648608e-04
-1.6756187665684238e-04
-1.3097602968232316e-04
-9.4390663830249609e-05
-5.7805297977705478e-05
-2.1219932124195482e-05
1.5365433728852068e-05
5.1949461142262675e-05
8.8536165437542037e-05
1.2512153119459689e-04
1.6170555851133367e-04
1.9828824748574538e-04
2.3486959821631765e-04
2.7146299471477229e-04
3.0805505218525601e-04
3.8193815373465848e-04
3.4535443345227307e-04
3.0876937475228110e-04
2.7218297753770756e-04
2.3559524170999060e-04
1.9901296977394673e-04
1.6242760391232264e-04
1.2584089951322438e-04
8.9256872204272145e-05
5.2671506455160210e-05
1.6086140496207104e-05
-2.0499225357288950e-05
-5.7085929749061384e-05
-9.3669957063634697e-05
-1.3025532281818437e-04
-1.6684202711134979e-04
-2.0343007004048252e-04
-2.4001945170315414e-04
-2.7659678632215294e-04
-3.1317545889195531e-04
-3.7216233922590875e-04
-3.3557666120313351e-04
-2.9899232164393684e-04
-2.6240932044917226e-04
-2.2582056391597251e-04
-1.8923314607040197e-04
-1.5264706681488951e-04
-1.1606232605204628e-04
-7.9478923682998971e-05
-4.2896859611223651e-05
-6.3083687953170402e-06
