0.0000000000000000e+00
0.0000000000000000e+00
0.0000000000000000e+00
0.0000000000000000e+00
0.0000000000000000e+00
0.0000000000000000e+00
0.0000000000000000e+00
0.0000000000000000e+00
0.0000000000000000e+00
8.3444555448380876e-04
1.6700059268626123e-03
1.6700059268626123e-03
1.6700059268626123e-03
1.6700059268626123e-03
1.6700059268626123e-03
1.6700059268626123e-03
1.6700059268626123e-03
1.6700059268626123e-03
1.6700059268626123e-03
1.6700059268626123e-03
1.6700059268626123e-03
1.6700059268626123e-03
1.6700059268626123e-03
1.6700059268626123e-03
1.6700059268626123e-03
1.6700059268626123e-03
1.6700059268626123e-03
1.8348922586883497e-03
2.6673861320147224e-03
3.5009414164205912e-03
4.3356094573901056e-03
4.3356094573901056e-03
4.3356094573901056e-03
4.3356094573901056e-03
4.3356094573901056e-03
4.3356094573901056e-03
4.3356094573901056e-03
4.3356094573901056e-03
4.3356094573901056e-03
4.3356094573901056e-03
4.3356094573901056e-03
4.3356094573901056e-03
4.3356094573901056e-03
4.3356094573901056e-03
4.3356094573901056e-03
4.3356094573901056e-03
4.3356094573901056e-03
4.3356094573901056e-03
4.3356094573901056e-03
5.1010795454532482e-03
5.9352102771148760e-03
5.9352102771148760e-03
5.9352102771148760e-03
5.9352102771148760e-03
5.9352102771148760e-03
5.9352102771148760e-03
5.9352102771148760e-03
5.9352102771148760e-03
5.9352102771148760e-03
5.9352102771148760e-03
5.9352102771148760e-03
5.9352102771148760e-03
5.9352102771148760e-03
5.9352102771148760e-03
5.9352102771148760e-03
5.9352102771148760e-03
5.9352102771148760e-03
5.9352102771148760e-03
5.9352102771148760e-03
6.0609999731888586e-03
6.8948412244094152e-03
6.8948412244094152e-03
6.8948412244094152e-03
6.8948412244094152e-03
6.8948412244094152e-03
6.8948412244094152e-03
6.8948412244094152e-03
6.8948412244094152e-03
6.8948412244094152e-03
6.8948412244094152e-03
6.8948412244094152e-03
6.8948412244094152e-03
6.8948412244094152e-03
6.8948412244094152e-03
6.8948412244094152e-03
6.8948412244094152e-03
6.8948412244094152e-03
6.8948412244094152e-03
6.8948412244094152e-03
6.8948412244094152e-03
7.4704367342298900e-03
7.4704367342298900e-03
7.4704367342298900e-03
7.4704367342298900e-03
7.4704367342298900e-03
7.4704367342298900e-03
7.4704367342298900e-03
7.4704367342298900e-03
7.4704367342298900e-03
7.4704367342298900e-03
7.4704367342298900e-03
7.4704367342298900e-03
7.4704367342298900e-03
7.4704367342298900e-03
7.4704367342298900e-03
7.4704367342298900e-03
7.4704367342298900e-03
7.4704367342298900e-03
7.4704367342298900e-03
7.4704367342298900e-03
7.8154549555528863e-03
7.8154549555528863e-03
7.8154549555528863e-03
7.8154549555528863e-03
7.8154549555528863e-03
7.8154549555528863e-03
7.8154549555528863e-03
7.8154549555528863e-03
7.8154549555528863e-03
7.8154549555528863e-03
7.8154549555528863e-03
7.8154549555528863e-03
7.8154549555528863e-03
7.8154549555528863e-03
7.8154549555528863e-03
7.8154549555528863e-03
7.8154549555528863e-03
7.8154549555528863e-03
7.8154549555528863e-03
7.8154549555528863e-03
8.0224011735664357e-03
8.0224011735664357e-03
8.0224011735664357e-03
8.0224011735664357e-03
8.0224011735664357e-03
8.0224011735664357e-03
8.0224011735664357e-03
8.0224011735664357e-03
8.0224011735664357e-03
8.0224011735664357e-03
8.0224011735664357e-03
8.0224011735664357e-03
8.0224011735664357e-03
8.0224011735664357e-03
8.0224011735664357e-03
8.0224011735664357e-03
8.0224011735664357e-03
8.0224011735664357e-03
8.0224011735664357e-03
8.0224011735664357e-03
8.1467368131007429e-03
8.1467368131007429e-03
8.1467368131007429e-03
8.1467368131007429e-03
8.1467368131007429e-03
8.1467368131007429e-03
8.1467368131007429e-03
8.1467368131007429e-03
8.1467368131007429e-03
8.1467368131007429e-03
8.1467368131007429e-03
8.1467368131007429e-03
8.1467368131007429e-03
8.1467368131007429e-03
8.1467368131007429e-03
8.1467368131007429e-03
8.1467368131007429e-03
8.1467368131007429e-03
8.1467368131007429e-03
8.1467368131007429e-03
8.2213489583449414e-03
8.2213489583449414e-03
8.2213489583449414e-03
8.2213489583449414e-03
8.2213489583449414e-03
8.2213489583449414e-03
8.2213489583449414e-03
8.2213489583449414e-03
8.2213489583449414e-03
8.2213489583449414e-03
8.2213489583449414e-03
8.2213489583449414e-03
8.2213489583449414e-03
8.2213489583449414e-03
8.2213489583449414e-03
8.2213489583449414e-03
8.2213489583449414e-03
8.2213489583449414e-03
8.2213489583449414e-03
8.2213489583449414e-03
8.2661379769330846e-03
8.2661379769330846e-03
8.2661379769330846e-03
8.2661379769330846e-03
8.2661379769330846e-03
8.2661379769330846e-03
8.2661379769330846e-03
8.2661379769330846e-03
8.2661379769330846e-03
8.2661379769330846e-03
8.2661379769330846e-03
