0.0000000000000000e+00
-1.1435251490559345e-03
-2.8432682771993189e-10
-1.1427257784964796e-03
-4.5720922838406010e-03
-1.0288490104847770e-02
1.4267533232796497e-09
8.0024650404145591e-03
1.3718511226194413e-02
-7.3765757577999824e-09
3.9544340058429401e-08
4.6985896957482736e-08
-2.2863358403085623e-03
-6.8587186146383747e-03
1.3213142959007567e-09
4.5711596575484445e-03
6.8551477374747521e-03
1.1008020049314446e-09
1.2716488519825057e-09
9.2420760157002304e-10
8.0879814376155382e-10
9.7853717891303284e-10
-2.2863894035847548e-03
9.0374301997838529e-10
-3.8930592132235878e-07
-2.2871693352315876e-03
-6.8599493733699701e-03
-3.2397607430502875e-03
-5.7776172784809923e-08
3.0627660364309928e-08
2.4056836264409165e-08
4.8513385588864385e-08
-2.2867072489374768e-03
-6.8606342615267820e-03
1.5001571098232200e-09
4.5750276817825355e-03
6.8640547790077546e-03
1.0359094132164855e-09
1.3151805295515760e-09
8.2783870997300470e-10
7.6975665918282832e-10
9.4166373684243090e-10
-2.2867794809449727e-03
1.3307451467281527e-09
3.9192424122814071e-07
-2.2859979790885200e-03
-6.8595587055833591e-03
-1.3720681362838244e-02
3.0443558090467171e-09
-4.5585649059638894e-09
-6.6536706177076162e-04
4.7208341597833136e-08
-1.6209135884089907e-03
-5.5278592851318109e-03
-1.1720399683735543e-02
3.0483792842262716e-09
1.6966063291082226e-09
-2.2863899506258777e-03
1.6601672291490495e-09
-3.8747691639831196e-07
1.4959838234300788e-09
1.5218265786538543e-09
-2.2863887880184590e-03
1.7691986042272371e-09
-3.8833061494799095e-07
-2.2871682635026511e-03
-6.8599481995457109e-03
-1.3718337824896485e-02
4.4096088204716064e-09
-1.8849096300834534e-03
-7.2124239656750435e-08
4.9661561032324359e-08
-2.2866091362906084e-03
-6.8604392971977537e-03
3.0219716682814523e-09
4.5748361352169285e-03
6.8636700678689029e-03
2.1892095095165611e-09
2.2588640809649035e-09
1.9703152543739925e-09
1.9055987267470445e-09
1.8275308447119903e-09
-2.2867788394266533e-03
2.0456042672337689e-09
3.9292791940073111e-07
-2.2859968167976670e-03
-6.8595574595894096e-03
-1.3720680018114434e-02
4.2286230921646656e-09
1.1436250205154753e-02
-5.7362916446427618e-11
4.7856676474002574e-08
-2.2862944050016493e-03
-6.8586366770981306e-03
2.2419732539169075e-09
4.5710799535274597e-03
6.8549875959305505e-03
1.7893559257004401e-09
1.8335405615021617e-09
1.4101093576451229e-09
1.6554973977979562e-09
1.3578887465737598e-09
-2.2863889205103883e-03
1.4225353799794502e-09
-3.8867704638775997e-07
-2.2871688527624882e-03
-6.8599488275446615e-03
-1.3718338230601928e-02
3.9454496771198130e-09
1.1429613140118897e-02
-1.4181888482761888e-02
4.8260151049199143e-08
1.1896366233549796e-02
2.7981265655110289e-09
-1.4183913596129071e-02
4.8786994463434675e-09
1.4399092930750634e-09
-2.2867823741577402e-03
1.0531801810753810e-09
3.9440160945521880e-07
8.0756788475056557e-10
9.0608431744876411e-10
-2.2867796878776282e-03
9.5657047868718910e-10
3.9156675883906988e-07
-2.2859986020666904e-03
-6.8595592017259887e-03
-1.3720682046979286e-02
3.0059868442443355e-09
1.1436249682277796e-02
-6.0626922868715861e-03
4.6466443927340094e-08
3.7765001040437861e-03
5.2670587788792890e-03
4.4721130973756030e-03
1.3920525764937891e-03
-1.4730861720496442e-09
-1.2824572632239262e-09
-2.2863906206029871e-03
4.5941992783177800e-10
9.1549429240438563e-11
2.2025831472747706e-10
-2.2863898385766194e-03
5.2874473319079685e-10
-3.8978030653437089e-07
-2.2871701866603571e-03
-6.8599502686961600e-03
-1.3718340261625678e-02
1.8681250444132932e-09
1.1429611215602363e-02
-1.8413374909732707e-03
4.6014123346759407e-08
-4.4520080522805218e-04
-3.1774682102368849e-03
-8.1971473751760240e-03
2.9628113980070660e-10
5.9122594506494808e-03
-5.5749136703760030e-10
-6.3188429425454255e-10
-7.8781046443845810e-10
-9.7799050031887979e-10
-1.1719384888597167e-09
-2.2867817051021450e-03
-1.0674385731118467e-09
3.8961625313510687e-07
-2.2860002208575439e-03
-6.8595611445348755e-03
-1.3720683733721508e-02
1.3052741460475028e-09
1.1436247963476139e-02
-7.8859312567248986e-04
4.5059999646588110e-08
-1.4976935313201439e-03
-5.2814185335850949e-03
-1.1350739899790642e-02
7.0932842659923562e-10
-8.3909240196735146e-10
-2.2863925701332960e-03
-1.0254923158256419e-09
-3.9024164059758042e-07
-1.3237638543657033e-09
-1.2689897630436528e-09
-2.2863915016727607e-03
-9.1541043424311311e-10
-3.9090587253499644e-07
-2.2871710605333979e-03
-6.8599513548910813e-03
-1.3718341075455899e-02
1.0900528704167453e-09
1.1429610279695052e-02
-2.3875835178992859e-04
4.5266748979551249e-08
-2.0479126381179736e-03
-6.3830223362064363e-03
-6.6768325131478509e-10
4.0973739293335750e-03
5.9087107363599168e-03
5.4336194355877904e-03
2.6717098280721187e-03
-2.3774086719670759e-03
-3.7960174426651417e-10
