2.0000000000000020e+02
2.0000000000000020e+02
2.0000000000000020e+02
2.0000000000000020e+02
2.0000000000000020e+02
2.0000000000000020e+02
2.0000000000000020e+02
2.0000000000000020e+02
2.0000000000000020e+02
2.0500667332690298e+02
2.1002003556117586e+02
2.1002003556117586e+02
2.1002003556117586e+02
2.1002003556117586e+02
2.1002003556117586e+02
2.1002003556117586e+02
2.1002003556117586e+02
2.1002003556117586e+02
2.1002003556117586e+02
2.1002003556117586e+02
2.1002003556117586e+02
2.1002003556117586e+02
2.1002003556117586e+02
2.1002003556117586e+02
2.1002003556117586e+02
2.1002003556117586e+02
2.1002003556117586e+02
2.1100935355213022e+02
2.1600431679208847e+02
2.2100564849852373e+02
2.2601365674434089e+02
2.2601365674434089e+02
2.2601365674434089e+02
2.2601365674434089e+02
2.2601365674434089e+02
2.2601365674434089e+02
2.2601365674434089e+02
2.2601365674434089e+02
2.2601365674434089e+02
2.2601365674434089e+02
2.2601365674434089e+02
2.2601365674434089e+02
2.2601365674434089e+02
2.2601365674434089e+02
2.2601365674434089e+02
2.2601365674434089e+02
2.2601365674434089e+02
2.2601365674434089e+02
2.2601365674434089e+02
2.3060647727271956e+02
2.3561126166268932e+02
2.3561126166268932e+02
2.3561126166268932e+02
2.3561126166268932e+02
2.3561126166268932e+02
2.3561126166268932e+02
2.3561126166268932e+02
2.3561126166268932e+02
2.3561126166268932e+02
2.3561126166268932e+02
2.3561126166268932e+02
2.3561126166268932e+02
2.3561126166268932e+02
2.3561126166268932e+02
2.3561126166268932e+02
2.3561126166268932e+02
2.3561126166268932e+02
2.3561126166268932e+02
2.3561126166268932e+02
2.3636599983913342e+02
2.4136904734645677e+02
2.4136904734645677e+02
2.4136904734645677e+02
2.4136904734645677e+02
2.4136904734645677e+02
2.4136904734645677e+02
2.4136904734645677e+02
2.4136904734645677e+02
2.4136904734645677e+02
2.4136904734645677e+02
2.4136904734645677e+02
2.4136904734645677e+02
2.4136904734645677e+02
2.4136904734645677e+02
2.4136904734645677e+02
2.4136904734645677e+02
2.4136904734645677e+02
2.4136904734645677e+02
2.4136904734645677e+02
2.4136904734645677e+02
2.4482262040537961e+02
2.4482262040537961e+02
2.4482262040537961e+02
2.4482262040537961e+02
2.4482262040537961e+02
2.4482262040537961e+02
2.4482262040537961e+02
2.4482262040537961e+02
2.4482262040537961e+02
2.4482262040537961e+02
2.4482262040537961e+02
2.4482262040537961e+02
2.4482262040537961e+02
2.4482262040537961e+02
2.4482262040537961e+02
2.4482262040537961e+02
2.4482262040537961e+02
2.4482262040537961e+02
2.4482262040537961e+02
2.4482262040537961e+02
2.4689272973331742e+02
2.4689272973331742e+02
2.4689272973331742e+02
2.4689272973331742e+02
2.4689272973331742e+02
2.4689272973331742e+02
2.4689272973331742e+02
2.4689272973331742e+02
2.4689272973331742e+02
2.4689272973331742e+02
2.4689272973331742e+02
2.4689272973331742e+02
2.4689272973331742e+02
2.4689272973331742e+02
2.4689272973331742e+02
2.4689272973331742e+02
2.4689272973331742e+02
2.4689272973331742e+02
2.4689272973331742e+02
2.4689272973331742e+02
2.4813440704139884e+02
2.4813440704139884e+02
2.4813440704139884e+02
2.4813440704139884e+02
2.4813440704139884e+02
2.4813440704139884e+02
2.4813440704139884e+02
2.4813440704139884e+02
2.4813440704139884e+02
2.4813440704139884e+02
2.4813440704139884e+02
2.4813440704139884e+02
2.4813440704139884e+02
2.4813440704139884e+02
2.4813440704139884e+02
2.4813440704139884e+02
2.4813440704139884e+02
2.4813440704139884e+02
2.4813440704139884e+02
2.4813440704139884e+02
2.4888042087860464e+02
2.4888042087860464e+02
2.4888042087860464e+02
2.4888042087860464e+02
2.4888042087860464e+02
2.4888042087860464e+02
2.4888042087860464e+02
2.4888042087860464e+02
2.4888042087860464e+02
2.4888042087860464e+02
2.4888042087860464e+02
2.4888042087860464e+02
2.4888042087860464e+02
2.4888042087860464e+02
2.4888042087860464e+02
2.4888042087860464e+02
2.4888042087860464e+02
2.4888042087860464e+02
2.4888042087860464e+02
2.4888042087860464e+02
2.4932809375006983e+02
2.4932809375006983e+02
2.4932809375006983e+02
2.4932809375006983e+02
2.4932809375006983e+02
2.4932809375006983e+02
2.4932809375006983e+02
2.4932809375006983e+02
2.4932809375006983e+02
2.4932809375006983e+02
2.4932809375006983e+02
2.4932809375006983e+02
2.4932809375006983e+02
2.4932809375006983e+02
2.4932809375006983e+02
2.4932809375006983e+02
2.4932809375006983e+02
2.4932809375006983e+02
2.4932809375006983e+02
2.4932809375006983e+02
2.4959682786159865e+02
2.4959682786159865e+02
2.4959682786159865e+02
2.4959682786159865e+02
2.4959682786159865e+02
2.4959682786159865e+02
2.4959682786159865e+02
2.4959682786159865e+02
2.4959682786159865e+02
2.4959682786159865e+02
2.4959682786159865e+02
