0.0000000000000000e+00
-2.5004040254486299e+01
-5.0000000000581849e+01
-7.5000379830981032e+01
-1.0000518072381935e+02
-1.2501440365684152e+02
-1.4999999999954173e+02
-1.7499001510400183e+02
-1.9998444994679846e+02
-2.2499999995674392e+02
-2.4999999973366079e+02
-2.2500000007912047e+02
-2.0000442066744856e+02
-1.7501326052099208e+02
-1.5000000000012193e+02
-1.2499116265576519e+02
-9.9986747508461249e+01
-7.4999999999482455e+01
-4.9999999999570363e+01
-2.4999999999207308e+01
6.7350634272797736e-10
2.5000000000783359e+01
4.9995579757719462e+01
7.5000000000324960e+01
9.9999999022450865e+01
1.2499557780224487e+02
1.4998673731666619e+02
1.7499529692613339e+02
1.9999999982045279e+02
2.2499999941646479e+02
2.4999999937176574e+02
2.2499999991662776e+02
1.9999557924122979e+02
1.7498673636694869e+02
1.4999999999993278e+02
1.2500884534577484e+02
1.0001327142794858e+02
7.5000000000753019e+01
5.0000000000669971e+01
2.5000000000818019e+01
6.4516420715364237e-10
-2.4999999999163879e+01
-5.0004421219782749e+01
-7.4999999999299007e+01
-9.9999999021497487e+01
-1.2500441926410370e+02
-1.5001326170512510e+02
-1.7502652732371604e+02
-2.0000000000133622e+02
-2.2499999996876227e+02
-2.5000058324045423e+02
-2.2500000007806790e+02
-2.0000383719424678e+02
-1.7501209361159061e+02
-1.5002476835279776e+02
-1.2500000000101971e+02
-9.9999999999174577e+01
-7.5004420240326439e+01
-4.9999999998485251e+01
-2.5000000977454974e+01
1.4986055607134099e-09
2.5000000001388155e+01
4.9995579758383826e+01
7.5000000001337114e+01
9.9999999023746568e+01
1.2499557780378507e+02
1.4998673731837573e+02
1.7497347854515488e+02
2.0000000000010050e+02
2.2499727108818556e+02
2.4999999977385312e+02
2.2499999991833153e+02
1.9999557884207837e+02
1.7498673556680797e+02
1.5000000000143939e+02
1.2500884614929785e+02
1.0001327303358758e+02
7.5000000001671793e+01
5.0000000001485446e+01
2.5000000001757485e+01
1.6690804260429498e-09
-2.4999999998417628e+01
-5.0004421219203962e+01
-7.4999999998656747e+01
-9.9999999020531561e+01
-1.2500441926307732e+02
-1.5001326170415734e+02
-1.7502652732253537e+02
-2.0000000000031167e+02
-2.2497788803195027e+02
-2.4999999998864391e+02
-2.2500000007706200e+02
-2.0000442040828517e+02
-1.7501326000513293e+02
-1.4999999999937847e+02
-1.2499116316930693e+02
-9.9986748536371437e+01
-7.4999999998557158e+01
-4.9999999998822631e+01
-2.4999999998658772e+01
1.6289697618554629e-09
2.5000000001374559e+01
4.9995579758450283e+01
7.5000000001212229e+01
9.9999999023592693e+01
1.2499557780317889e+02
1.4998673731768775e+02
1.7497347854452056e+02
1.9999999999973093e+02
2.2502209534426808e+02
2.4997946582709517e+02
2.2499999991988875e+02
2.0001611642190539e+02
1.7500000000217176e+02
1.4997945970769970e+02
1.2500000000193657e+02
1.0000000000115011e+02
7.4995578779911384e+01
5.0000000000672102e+01
2.5000000978784090e+01
6.6994973789373163e-10
-2.4999999999176389e+01
-5.0004421219988188e+01
-7.4999999999505263e+01
-9.9999999021746163e+01
-1.2500441926465969e+02
-1.5001326170574998e+02
-1.7502652732442954e+02
-2.0000000000161583e+02
-2.2497788803268264e+02
-2.5000548906635609e+02
-2.2500000007838361e+02
-1.9999893172167003e+02
-1.7500228301858326e+02
-1.5001005299147471e+02
-1.2502224066403596e+02
-1.0000000000753417e+02
-7.5000000002898886e+01
-5.0004420240487462e+01
-2.4999999999964473e+01
1.1464540149417537e-10
2.5000000000133500e+01
4.9995579757271543e+01
7.5000000000039847e+01
9.9999999022274949e+01
1.2499557780193018e+02
1.4998673731657072e+02
1.7497347854302643e+02
1.9999999999753575e+02
2.2502209534164419e+02
2.4999733735432767e+02
2.2499999991842711e+02
1.9999824173211431e+02
1.7499206181727953e+02
1.4998145919518686e+02
1.2499999999749791e+02
1.0001412403666851e+02
7.4999999997709892e+01
4.9999999998447237e+01
2.4999999999150837e+01
-1.0734962744969693e-09
-2.5000000001203922e+01
-5.0004421221804890e+01
-7.5000000001303675e+01
-9.9999999023165032e+01
-1.2500441926564511e+02
-1.5001326170683683e+02
-1.7502652732517441e+02
-2.0000000000311439e+02
-2.2497788803485531e+02
-2.5000071576213111e+02
-2.2500000007985221e+02
-2.0000370469184091e+02
-1.7501182861994300e+02
-1.5002437088727962e+02
-1.2500000000339317e+02
-1.0000000000191976e+02
-7.5004420243216146e+01
-5.0000000001524540e+01
-2.5000000980578534e+01
-1.4628250805240328e-09
2.4999999998517005e+01
4.9995579755710764e+01
7.4999999998517353e+01
9.9999999020915482e+01
1.2499557780061167e+02
1.4998673731486892e+02
1.7497347854145204e+02
1.9999999999673031e+02
2.2502209534162566e+02
2.4999965602449379e+02
2.2499999991796730e+02
1.9999592265099139e+02
1.7498742324570344e+02
1.4999999999795673e+02
1.2500815834325201e+02
1.0001189730369707e+02
7.5011215901878799e+01
5.0006113160076126e+01
2.4996588099871285e+01
-1.0579553984912676e-09
