0.0000000000000000e+00
-1.1435251150976292e-03
-1.3928898656282293e-10
-1.1427256811894057e-03
-4.5720921221352670e-03
-1.0288490004282107e-02
1.6567686330585617e-09
8.0024653238992983e-03
1.3718511418469885e-02
-7.1607621690368685e-09
3.9674310889369773e-08
4.7062678018077668e-08
-2.2863357366440691e-03
-6.8587185012417709e-03
1.3695026696203514e-09
4.5711596951908667e-03
6.8551477294320901e-03
9.5555254441330802e-10
1.1105678556123813e-09
7.8412420805310833e-10
7.4934196833807701e-10
8.8947070821623928e-10
-2.2863894855148898e-03
9.1531792570700002e-10
-3.8926119443332329e-07
-2.2871692036645734e-03
-6.8599491734032403e-03
-3.2397606959130403e-03
-5.7714845149930355e-08
3.0712781331727859e-08
2.4078026494760726e-08
4.8518382971829489e-08
-2.2867071763285830e-03
-6.8606342390202940e-03
1.5608399458231831e-09
4.5750278465761986e-03
6.8640549853589182e-03
1.2812184681817816e-09
1.4274349010187879e-09
1.0904164640026174e-09
9.5068772023446117e-10
1.1171837943985856e-09
-2.2867794435089007e-03
1.3117046486998964e-09
3.9190993000053038e-07
-2.2859980531925068e-03
-6.8595586755146589e-03
-1.3720681471622233e-02
3.0853118674564157e-09
-4.4949135150625102e-09
-6.6536700902750502e-04
4.7231437551126326e-08
-1.6209136375562965e-03
-5.5278593461215589e-03
-1.1720399760624153e-02
3.0941342598912008e-09
1.7749406619686931e-09
-2.2863898430495401e-03
1.5887721163294781e-09
-3.8768486458480119e-07
1.2148093270364120e-09
1.2195275411508661e-09
-2.2863890846583465e-03
1.5836111696507547e-09
-3.8847555803838571e-07
-2.2871684170425832e-03
-6.8599484481009472e-03
-1.3718337950421374e-02
4.1958491538484841e-09
-1.8849096871484015e-03
-7.2164957202802902e-08
4.9684402606237500e-08
-2.2866091229587276e-03
-6.8604391204261286e-03
3.0250988974822093e-09
4.5748358850262877e-03
6.8636695369789598e-03
2.2377803428801076e-09
2.1973298208416376e-09
1.8296358246704386e-09
1.7744550651290314e-09
1.8141909148635557e-09
-2.2867788115081842e-03
2.0200777410241197e-09
3.9279011066989309e-07
-2.2859969744188479e-03
-6.8595577516329907e-03
-1.3720680375148526e-02
4.3589467535508117e-09
1.1436250769774866e-02
6.6455520707014942e-11
4.8041037978398217e-08
-2.2862941704843770e-03
-6.8586364614116194e-03
2.3984646018819751e-09
4.5710801581414235e-03
6.8549877131313681e-03
1.9528122242031143e-09
2.1533135189462706e-09
1.6329954028540862e-09
1.9241168109428029e-09
1.7243823840559172e-09
-2.2863885164967658e-03
1.7280489741584741e-09
-3.8838708298185566e-07
-2.2871686054148784e-03
-6.8599485946553096e-03
-1.3718338188400006e-02
4.2084438550545777e-09
1.1429613621671967e-02
-1.4181888100807666e-02
4.8550886040072559e-08
1.1896366445717427e-02
3.2144300892765828e-09
-1.4183913051831452e-02
5.2640952387049536e-09
1.8280928055765786e-09
-2.2867820083595980e-03
1.4254349883078281e-09
3.9468361754184833e-07
1.2242154774936798e-09
1.3259092848329662e-09
-2.2867792883950787e-03
1.5392114893236567e-09
3.9205500305266704e-07
-2.2859980828411463e-03
-6.8595587439725901e-03
-1.3720681643818443e-02
3.4050963707163565e-09
1.1436250165572800e-02
-6.0626919066525883e-03
4.6904253676339396e-08
3.7765005822216723e-03
5.2670593594716826e-03
4.4721137762612868e-03
1.3920533235987752e-03
-1.0202251246515210e-09
-7.4330378118605850e-10
-2.2863900738848250e-03
7.5596235508915227e-10
4.2111804181596786e-10
4.9129801388815572e-10
-2.2863896449042860e-03
7.8356375644895585e-10
-3.8943264769787508e-07
-2.2871696802563759e-03
-6.8599496343191195e-03
-1.3718339480399182e-02
2.3568608372475549e-09
1.1429611367405284e-02
-1.8413371162993458e-03
4.6308185205257831e-08
-4.4520040931769094e-04
-3.1774678109994492e-03
-8.1971469958703226e-03
5.6888409669888293e-10
5.9122596731441442e-03
-2.1822665298522147e-10
-3.4491456193261030e-10
-4.0711593437856813e-10
-5.3345917859043812e-10
-8.0311231384814738e-10
-2.2867813974048351e-03
-5.6882835681168509e-10
3.9030185100165705e-07
-2.2859994794354127e-03
-6.8595603973461046e-03
-1.3720682934741091e-02
1.4240701755977299e-09
1.1436247370692099e-02
-7.8859305817073708e-04
4.5217667125279771e-08
-1.4976934414570732e-03
-5.2814183889783387e-03
-1.1350739676087618e-02
8.0268601482724620e-10
-8.0588989235739177e-10
-2.2863925515861296e-03
-9.2531093768670818e-10
-3.9004375358494806e-07
-1.2035420307285736e-09
-1.1265117803633510e-09
-2.2863913785391033e-03
-8.4163008367086653e-10
-3.9081283690464888e-07
-2.2871710317466610e-03
-6.8599513124491781e-03
-1.3718341090010747e-02
1.2402980888161603e-09
1.1429610651691464e-02
-2.3875826263050707e-04
4.5525223478355055e-08
-2.0479123225192655e-03
-6.3830218950995899e-03
-4.1256989259123744e-10
4.0973738837737344e-03
5.9087104055623738e-03
5.4336188224464350e-03
2.6717090787298711e-03
-2.3774098229023604e-03
-3.6336076198726446e-10
