0.0000000000000000e+00
2.5002896729354219e+01
5.0000000000370058e+01
7.4999237105251126e+01
1.0000060863161639e+02
1.2500411516678693e+02
1.5000000000108355e+02
1.7499801756918384e+02
1.9999816845812080e+02
2.2499999994947535e+02
2.4999999977327016e+02
2.2500000012614487e+02
2.0000213433166007e+02
1.7500640180243406e+02
1.5000000000146730e+02
1.2499573381544160e+02
9.9993602656194710e+01
7.5000000000510568e+01
5.0000000000761467e+01
2.5000000000061469e+01
8.8415577394429226e-11
2.4999999999849358e+01
4.9997866147164018e+01
7.4999999999415451e+01
9.9999999411734422e+01
1.2499786497151425e+02
1.4999359726593963e+02
1.7499853668685296e+02
1.9999999987819825e+02
2.2499999938579447e+02
2.4999999934769846e+02
2.2499999986811196e+02
1.9999786594844238e+02
1.7499359700119911e+02
1.4999999999840230e+02
1.2500427031801074e+02
1.0000640737306639e+02
7.4999999999594479e+01
4.9999999999298680e+01
2.4999999999858904e+01
1.6238029420535419e-10
2.5000000000193303e+01
5.0002134440320511e+01
7.5000000000620233e+01
9.9999999413414528e+01
1.2500213326608760e+02
1.5000640214643448e+02
1.7501280664229881e+02
2.0000000000440104e+02
2.2499999996423551e+02
2.4999991787341884e+02
2.2500000012528793e+02
2.0000221628063380e+02
1.7500656575227504e+02
1.5001304795307553e+02
1.2500000000409089e+02
1.0000000000091028e+02
7.5002133850429615e+01
5.0000000000109715e+01
2.5000000589874091e+01
2.2123268304286300e-10
2.5000000000017472e+01
4.9997866147320153e+01
7.4999999999660787e+01
9.9999999412149620e+01
1.2499786497212536e+02
1.4999359726669962e+02
1.7498719688304249e+02
1.9999999999579774e+02
2.2499915599784407e+02
2.4999999984599765e+02
2.2499999986865842e+02
1.9999786545120796e+02
1.7499359600601679e+02
1.4999999999841594e+02
1.2500427131328776e+02
1.0000640936378522e+02
7.4999999999458311e+01
4.9999999999257327e+01
2.4999999999857504e+01
1.7593006013838317e-10
2.5000000000238494e+01
5.0002134440378484e+01
7.5000000000689582e+01
9.9999999413390654e+01
1.2500213326618170e+02
1.5000640214655175e+02
1.7501280664233872e+02
2.0000000000460548e+02
2.2498932428243779e+02
2.4999999998864854e+02
2.2500000012501079e+02
2.0000213411399750e+02
1.7500640136856367e+02
1.5000000000169862e+02
1.2499573424936270e+02
9.9993603524025943e+01
7.5000000000428273e+01
5.0000000000816051e+01
2.5000000000180314e+01
1.7418595837550340e-10
2.4999999999833424e+01
4.9997866147168764e+01
7.4999999999636913e+01
9.9999999412124751e+01
1.2499786497190806e+02
1.4999359726639887e+02
1.7498719688273002e+02
1.9999999999565404e+02
2.2501066573088718e+02
2.4999364771538686e+02
2.2499999987148317e+02
2.0000422005556581e+02
1.7499999999916542e+02
1.4999364362102364e+02
1.2499999999686513e+02
9.9999999999516035e+01
7.4997865562102646e+01
4.9999999999432795e+01
2.5000000584241484e+01
3.5842317612068453e-10
2.5000000000292392e+01
5.0002134440500100e+01
7.5000000000753076e+01
9.9999999413557020e+01
1.2500213326631720e+02
1.5000640214677713e+02
1.7501280664258420e+02
2.0000000000482135e+02
2.2498932428260667e+02
2.4999942637425940e+02
2.2500000012506888e+02
2.0000270822201321e+02
1.7500755007765235e+02
1.5001452510491151e+02
1.2502363271698599e+02
1.0000000000628749e+02
7.5000000001886036e+01
5.0002133850140233e+01
2.5000000000572157e+01
2.9905885387342541e-10
2.4999999999777724e+01
4.9997866147013269e+01
7.4999999999383689e+01
9.9999999411881461e+01
1.2499786497186379e+02
1.4999359726652219e+02
1.7498719688289742e+02
1.9999999999542328e+02
2.2501066573035280e+02
2.4999917869163113e+02
2.2499999987226593e+02
1.9999868693272174e+02
1.7499523928529032e+02
1.4998965634237234e+02
1.2499999999706525e+02
1.0000821177710660e+02
7.4999999998097735e+01
4.9999999998935600e+01
2.4999999999748301e+01
4.5008234842023230e-10
2.5000000000216406e+01
5.0002134440253656e+01
7.5000000000485514e+01
9.9999999413124073e+01
1.2500213326579490e+02
1.5000640214606602e+02
1.7501280664184020e+02
2.0000000000447920e+02
2.2498932428252243e+02
2.4999992716903915e+02
2.2500000012499106e+02
2.0000220699835452e+02
1.7500654720148162e+02
1.5001302014749177e+02
1.2500000000414924e+02
1.0000000000109728e+02
7.5002133850655298e+01
5.0000000000549136e+01
2.5000000590435828e+01
2.7422231702724265e-10
2.4999999999714760e+01
4.9997866147150880e+01
7.4999999999395911e+01
9.9999999411774837e+01
1.2499786497165782e+02
1.4999359726620264e+02
1.7498719688253482e+02
1.9999999999556508e+02
2.2501066573115986e+02
2.4999989478280105e+02
2.2499999987257138e+02
1.9999797056347182e+02
1.7499380626781917e+02
1.4999999999849680e+02
1.2500406096934547e+02
1.0000598859312615e+02
7.5005782282749763e+01
5.0003441450622717e+01
2.4998965509118715e+01
7.0018198703883623e-10
