0.0000000000000000e+00
0.0000000000000000e+00
0.0000000000000000e+00
0.0000000000000000e+00
0.0000000000000000e+00
0.0000000000000000e+00
0.0000000000000000e+00
0.0000000000000000e+00
0.0000000000000000e+00
6.6554991251617164e+00
1.3299700067063345e+01
1.3299700067063377e+01
1.3299700067063366e+01
1.3299700067063361e+01
1.3299700067063368e+01
1.3299700067063361e+01
1.3299700067063366e+01
1.3299700067063398e+01
1.3299700067063398e+01
1.3299700067063377e+01
1.3299700067063375e+01
1.3299700067063375e+01
1.3299700067063375e+01
1.3299700067063370e+01
1.3299700067063366e+01
1.3299700067063378e+01
1.3299700067063380e+01
1.2017646264335944e+01
5.3408617194274735e+00
-1.3235944343487134e+00
-7.9768592635961930e+00
-7.9768592635961912e+00
-7.9768592635961895e+00
-7.9768592635961753e+00
-7.9768592635961646e+00
-7.9768592635961557e+00
-7.9768592635961646e+00
-7.9768592635961717e+00
-7.9768592635961735e+00
-7.9768592635961619e+00
-7.9768592635961637e+00
-7.9768592635961566e+00
-7.9768592635961681e+00
-7.9768592635961673e+00
-7.9768592635961557e+00
-7.9768592635961539e+00
-7.9768592635961513e+00
-7.9768592635961522e+00
-7.9768592635961610e+00
-1.8776928795104528e+00
4.7807376528761845e+00
4.7807376528761836e+00
4.7807376528761818e+00
4.7807376528761907e+00
4.7807376528761907e+00
4.7807376528761818e+00
4.7807376528761818e+00
4.7807376528761836e+00
4.7807376528761925e+00
4.7807376528761907e+00
4.7807376528761854e+00
4.7807376528761907e+00
4.7807376528761942e+00
4.7807376528761942e+00
4.7807376528761996e+00
4.7807376528761987e+00
4.7807376528762004e+00
4.7807376528761907e+00
4.7807376528761925e+00
3.7978140274492000e+00
-2.8648124913205382e+00
-2.8648124913205395e+00
-2.8648124913205431e+00
-2.8648124913205431e+00
-2.8648124913205386e+00
-2.8648124913205377e+00
-2.8648124913205351e+00
-2.8648124913205359e+00
-2.8648124913205377e+00
-2.8648124913205364e+00
-2.8648124913205355e+00
-2.8648124913205333e+00
-2.8648124913205306e+00
-2.8648124913205315e+00
-2.8648124913205288e+00
-2.8648124913205248e+00
-2.8648124913205240e+00
-2.8648124913205226e+00
-2.8648124913205244e+00
-2.8648124913205244e+00
1.7169172128493273e+00
1.7169172128493277e+00
1.7169172128493291e+00
1.7169172128493273e+00
1.7169172128493275e+00
1.7169172128493284e+00
1.7169172128493304e+00
1.7169172128493275e+00
1.7169172128493275e+00
1.7169172128493286e+00
1.7169172128493273e+00
1.7169172128493275e+00
1.7169172128493260e+00
1.7169172128493251e+00
1.7169172128493231e+00
1.7169172128493220e+00
1.7169172128493240e+00
1.7169172128493240e+00
1.7169172128493242e+00
1.7169172128493226e+00
-1.0235780150300904e+00
-1.0235780150300906e+00
-1.0235780150300899e+00
-1.0235780150300888e+00
-1.0235780150300893e+00
-1.0235780150300875e+00
-1.0235780150300882e+00
-1.0235780150300875e+00
-1.0235780150300866e+00
-1.0235780150300866e+00
-1.0235780150300871e+00
-1.0235780150300871e+00
-1.0235780150300868e+00
-1.0235780150300866e+00
-1.0235780150300857e+00
-1.0235780150300875e+00
-1.0235780150300855e+00
-1.0235780150300851e+00
-1.0235780150300857e+00
-1.0235780150300857e+00
6.1810470528807904e-01
6.1810470528807893e-01
6.1810470528807882e-01
6.1810470528807859e-01
6.1810470528807826e-01
6.1810470528807882e-01
6.1810470528807948e-01
6.1810470528807893e-01
6.1810470528807770e-01
6.1810470528807737e-01
6.1810470528807704e-01
6.1810470528807704e-01
6.1810470528807759e-01
6.1810470528807671e-01
6.1810470528807604e-01
6.1810470528807593e-01
6.1810470528807460e-01
6.1810470528807404e-01
6.1810470528807449e-01
6.1810470528807504e-01
-3.7166530392011093e-01
-3.7166530392011082e-01
-3.7166530392011077e-01
-3.7166530392011055e-01
-3.7166530392011010e-01
-3.7166530392011010e-01
-3.7166530392010960e-01
-3.7166530392011016e-01
-3.7166530392010982e-01
-3.7166530392010944e-01
-3.7166530392010966e-01
-3.7166530392010949e-01
-3.7166530392010927e-01
-3.7166530392010955e-01
-3.7166530392010855e-01
-3.7166530392010866e-01
-3.7166530392010916e-01
-3.7166530392010921e-01
-3.7166530392010949e-01
-3.7166530392010955e-01
2.2351214229453034e-01
2.2351214229453020e-01
2.2351214229453048e-01
2.2351214229453054e-01
2.2351214229453031e-01
2.2351214229453006e-01
2.2351214229453004e-01
2.2351214229453004e-01
2.2351214229453004e-01
2.2351214229452965e-01
2.2351214229452943e-01
2.2351214229452976e-01
2.2351214229452937e-01
2.2351214229452920e-01
2.2351214229452920e-01
2.2351214229452909e-01
2.2351214229452887e-01
2.2351214229452887e-01
2.2351214229452887e-01
2.2351214229452893e-01
-1.3421382226651438e-01
-1.3421382226651449e-01
-1.3421382226651452e-01
-1.3421382226651443e-01
-1.3421382226651479e-01
-1.3421382226651479e-01
-1.3421382226651474e-01
-1.3421382226651499e-01
-1.3421382226651488e-01
-1.3421382226651479e-01
-1.3421382226651496e-01
