0.0000000000000000e+00
0.0000000000000000e+00
0.0000000000000000e+00
0.0000000000000000e+00
0.0000000000000000e+00
0.0000000000000000e+00
0.0000000000000000e+00
0.0000000000000000e+00
0.0000000000000000e+00
6.6554991251771023e+00
1.3299700067080597e+01
1.3299700067080613e+01
1.3299700067080591e+01
1.3299700067080588e+01
1.3299700067080597e+01
1.3299700067080590e+01
1.3299700067080618e+01
1.3299700067080643e+01
1.3299700067080654e+01
1.3299700067080625e+01
1.3299700067080623e+01
1.3299700067080629e+01
1.3299700067080632e+01
1.3299700067080632e+01
1.3299700067080625e+01
1.3299700067080646e+01
1.3299700067080664e+01
1.2017646264347253e+01
5.3408617194143675e+00
-1.3235944343755739e+00
-7.9768592636296614e+00
-7.9768592636296543e+00
-7.9768592636296543e+00
-7.9768592636296400e+00
-7.9768592636296285e+00
-7.9768592636296258e+00
-7.9768592636296294e+00
-7.9768592636296329e+00
-7.9768592636296365e+00
-7.9768592636296276e+00
-7.9768592636296276e+00
-7.9768592636296196e+00
-7.9768592636296329e+00
-7.9768592636296276e+00
-7.9768592636296214e+00
-7.9768592636296125e+00
-7.9768592636296134e+00
-7.9768592636296125e+00
-7.9768592636296338e+00
-1.8776928795398922e+00
4.7807376528516485e+00
4.7807376528516468e+00
4.7807376528516494e+00
4.7807376528516574e+00
4.7807376528516610e+00
4.7807376528516583e+00
4.7807376528516592e+00
4.7807376528516610e+00
4.7807376528516654e+00
4.7807376528516627e+00
4.7807376528516601e+00
4.7807376528516663e+00
4.7807376528516672e+00
4.7807376528516636e+00
4.7807376528516707e+00
4.7807376528516698e+00
4.7807376528516681e+00
4.7807376528516654e+00
4.7807376528516672e+00
3.7978140274242778e+00
-2.8648124913470463e+00
-2.8648124913470472e+00
-2.8648124913470490e+00
-2.8648124913470498e+00
-2.8648124913470467e+00
-2.8648124913470454e+00
-2.8648124913470445e+00
-2.8648124913470432e+00
-2.8648124913470459e+00
-2.8648124913470419e+00
-2.8648124913470436e+00
-2.8648124913470419e+00
-2.8648124913470392e+00
-2.8648124913470401e+00
-2.8648124913470361e+00
-2.8648124913470299e+00
-2.8648124913470294e+00
-2.8648124913470294e+00
-2.8648124913470303e+00
-2.8648124913470294e+00
1.7169172128060719e+00
1.7169172128060726e+00
1.7169172128060730e+00
1.7169172128060712e+00
1.7169172128060706e+00
1.7169172128060701e+00
1.7169172128060706e+00
1.7169172128060688e+00
1.7169172128060697e+00
1.7169172128060692e+00
1.7169172128060672e+00
1.7169172128060697e+00
1.7169172128060703e+00
1.7169172128060686e+00
1.7169172128060666e+00
1.7169172128060652e+00
1.7169172128060650e+00
1.7169172128060679e+00
1.7169172128060672e+00
1.7169172128060659e+00
-1.0235780150910507e+00
-1.0235780150910503e+00
-1.0235780150910507e+00
-1.0235780150910501e+00
-1.0235780150910496e+00
-1.0235780150910490e+00
-1.0235780150910494e+00
-1.0235780150910492e+00
-1.0235780150910483e+00
-1.0235780150910476e+00
-1.0235780150910485e+00
-1.0235780150910481e+00
-1.0235780150910478e+00
-1.0235780150910476e+00
-1.0235780150910472e+00
-1.0235780150910481e+00
-1.0235780150910470e+00
-1.0235780150910465e+00
-1.0235780150910463e+00
-1.0235780150910465e+00
6.1810470522092165e-01
6.1810470522092131e-01
6.1810470522092076e-01
6.1810470522092043e-01
6.1810470522092054e-01
6.1810470522092109e-01
6.1810470522092165e-01
6.1810470522092120e-01
6.1810470522092065e-01
6.1810470522092076e-01
6.1810470522091987e-01
6.1810470522091987e-01
6.1810470522092142e-01
6.1810470522092065e-01
6.1810470522092009e-01
6.1810470522092009e-01
6.1810470522091876e-01
6.1810470522091832e-01
6.1810470522091887e-01
6.1810470522091954e-01
-3.7166530399103997e-01
-3.7166530399103986e-01
-3.7166530399103997e-01
-3.7166530399103953e-01
-3.7166530399103931e-01
-3.7166530399103892e-01
-3.7166530399103842e-01
-3.7166530399103898e-01
-3.7166530399103864e-01
-3.7166530399103864e-01
-3.7166530399103870e-01
-3.7166530399103848e-01
-3.7166530399103836e-01
-3.7166530399103859e-01
-3.7166530399103759e-01
-3.7166530399103775e-01
-3.7166530399103848e-01
-3.7166530399103825e-01
-3.7166530399103848e-01
-3.7166530399103864e-01
2.2351214222483767e-01
2.2351214222483756e-01
2.2351214222483781e-01
2.2351214222483773e-01
2.2351214222483759e-01
2.2351214222483715e-01
2.2351214222483712e-01
2.2351214222483723e-01
2.2351214222483728e-01
2.2351214222483695e-01
2.2351214222483673e-01
2.2351214222483690e-01
2.2351214222483684e-01
2.2351214222483698e-01
2.2351214222483690e-01
2.2351214222483679e-01
2.2351214222483659e-01
2.2351214222483673e-01
2.2351214222483648e-01
2.2351214222483673e-01
-1.3421382233574064e-01
-1.3421382233574072e-01
-1.3421382233574075e-01
-1.3421382233574075e-01
-1.3421382233574108e-01
-1.3421382233574111e-01
-1.3421382233574108e-01
-1.3421382233574122e-01
-1.3421382233574117e-01
-1.3421382233574117e-01
-1.3421382233574122e-01
