0.0000000000000000e+00
3.6587373701128602e-05
7.3170731707008425e-05
1.0975275142056136e-04
1.4633343293911770e-04
1.8291277636071907e-04
2.1951219512595722e-04
2.5611027442255720e-04
2.9270701435045947e-04
7.4872660895501783e-04
1.2075948187627019e-03
1.1710094719438147e-03
1.1344227865879482e-03
1.0978347625978536e-03
1.0612533740789558e-03
1.0246706473136240e-03
9.8808658220361691e-04
9.5149727651624647e-04
9.1491191066341514e-04
8.7832654480788795e-04
8.4174117895361898e-04
8.0515581310039561e-04
7.6856910870879065e-04
7.3198508139399180e-04
6.9539971563865161e-04
6.5881301134674609e-04
6.2222496841803196e-04
5.0670447081345243e-04
5.5584180696393302e-05
-3.9821997382586966e-04
-8.5482241228546161e-04
-8.1823705509572343e-04
-7.8165303634564133e-04
-7.4507035593671968e-04
-7.0848095784405824e-04
-6.7189289848703369e-04
-6.3530617776709399e-04
-5.9872486028623973e-04
-5.6213949443235023e-04
-5.2555412858054499e-04
-4.8896876272794113e-04
-4.5238339687356786e-04
-4.1579936945952922e-04
-3.7921266516478076e-04
-3.4262729940800530e-04
-3.0604327209160298e-04
-2.6946058311696792e-04
-2.3287923238632616e-04
-1.9628583588658375e-04
2.2060480172063414e-04
6.7584054101701345e-04
6.3925855907581003e-04
6.0267523884441061e-04
5.6609058022399179e-04
5.2950458311901670e-04
4.9291709537463457e-04
4.5633172951408443e-04
4.1974502511525191e-04
3.8316099780605860e-04
3.4657563205718020e-04
3.0999026609743001e-04
2.7340490024464130e-04
2.3681819585376346e-04
2.0023416853886503e-04
1.6364880278345946e-04
1.2706209849022221e-04
9.0474055561854815e-05
5.3884673898358132e-05
1.7307339280082665e-05
-8.0418547005131676e-05
-5.3491655920493851e-04
-4.9833119539125816e-04
-4.6174717001759948e-04
-4.2516448298669389e-04
-3.8857509813340109e-04
-3.5198705201490373e-04
-3.1540034453215522e-04
-2.7881900057658362e-04
-2.4223363472156473e-04
-2.0564826887006619e-04
-1.6906290301579117e-04
-1.3247753716160698e-04
-9.5893509747823513e-05
-5.9306805452623927e-05
-2.2721439696825500e-05
1.3862587620049743e-05
5.0445276594693203e-05
8.7026627324894278e-05
1.2362002382474628e-04
1.6021208129744647e-04
4.8376474812565542e-04
4.4717938470380274e-04
4.1059268274363787e-04
3.7400464214876525e-04
3.3742328686093897e-04
3.0084059332770476e-04
2.6425656145213103e-04
2.2766718929708295e-04
1.9108182344476247e-04
1.5449645758970244e-04
1.1791109173623396e-04
8.1325725882798651e-05
4.4739021491175179e-05
8.1549941764239128e-06
-2.8430371579156110e-05
-6.5017075872852751e-05
-1.0160511880201141e-04
-1.3819450046517450e-04
-1.7477183508240194e-04
-2.1135050765060470e-04
-4.1942783773910844e-04
-3.8285758242887126e-04
-3.4628866445270481e-04
-3.0968685099725442e-04
-2.7310148514909731e-04
-2.3651745774110790e-04
-1.9993476867536197e-04
-1.6334538758942108e-04
-1.2676002173921236e-04
-9.0174655885480443e-05
-5.3589290032164468e-05
-1.7003924178294781e-05
1.9580103234039968e-05
5.6166807528900903e-05
9.2752173285841929e-05
1.2933620060292256e-04
1.6591888957762218e-04
2.0250024030935273e-04
2.3909363680738570e-04
2.7568569427737654e-04
4.1492444854797101e-04
3.7836351016871868e-04
3.4180123503893599e-04
3.0523762306085511e-04
2.6867267413544551e-04
2.3202204647854028e-04
1.9543668062184985e-04
1.5884997622737145e-04
1.2226594891660646e-04
8.5680583166010944e-05
4.9095217209156487e-05
1.2509851355531241e-05
-2.4076853035875363e-05
-6.0660880350315994e-05
-9.7246246104881669e-05
-1.3383295039774205e-04
-1.7042099332665141e-04
-2.0701037498930581e-04
-2.4358770960784527e-04
-2.8016638217728064e-04
-3.7864585284393462e-04
-3.4206245343523670e-04
-3.0548039232299582e-04
-2.6889966940915768e-04
-2.3232028459534504e-04
-1.9572099029766183e-04
-1.5912303545921879e-04
-1.2255025859345879e-04
-8.5964892740251738e-05
-4.9379526887894875e-05
-1.2794161033892374e-05
2.3791204819446305e-05
6.0375232232916752e-05
9.6961936527581189e-05
1.3354730228415848e-04
1.7013132960043485e-04
2.0671401857459999e-04
2.4329536930457903e-04
2.7988876580446688e-04
3.1648082327659821e-04
3.9026527371100470e-04
3.5368311813654426e-04
3.1709962425822367e-04
2.8051479197927724e-04
2.4392862120157106e-04
2.0734165445695694e-04
1.7075628859570922e-04
1.3416958419629012e-04
9.7585556887402750e-05
6.1000191138011382e-05
2.4414825178844817e-05
-1.2170540673852163e-05
-4.8757245065033127e-05
-8.5341272380177585e-05
-1.2192663813452342e-04
-1.5851334242722321e-04
-1.9510138535588800e-04
-2.3169076701874482e-04
-2.6826810163872250e-04
-3.0484677420878248e-04
-3.6380020355041915e-04
-3.2721509155907646e-04
-2.9063131798911878e-04
-2.5404888274261646e-04
-2.1745899427476199e-04
-1.8087044457747880e-04
-1.4428323355380719e-04
-1.0769736110426015e-04
-7.1112827133269679e-05
-3.4532165010360120e-05
2.0532008438744470e-06
