0.0000000000000000e+00
3.6587373701343939e-05
7.3170731708004156e-05
1.0975275142129264e-04
1.4633343294021648e-04
1.8291277636165446e-04
2.1951219512754031e-04
2.5611027442459593e-04
2.9270701435177624e-04
7.4872660895735374e-04
1.2075948187641825e-03
1.1710094719449640e-03
1.1344227865893604e-03
1.0978347625995083e-03
1.0612533740794181e-03
1.0246706473146150e-03
9.8808658220333220e-04
9.5149727651601293e-04
9.1491191066302049e-04
8.7832654480714267e-04
8.4174117895310506e-04
8.0515581309959275e-04
7.6856910870747399e-04
7.3198508139278161e-04
6.9539971563742321e-04
6.5881301134481534e-04
6.2222496841592904e-04
5.0670447081170480e-04
5.5584180692817508e-05
-3.9821997382933933e-04
-8.5482241228895231e-04
-8.1823705509928742e-04
-7.8165303634912921e-04
-7.4507035593995136e-04
-7.0848095784798934e-04
-6.7189289849081083e-04
-6.3530617777136564e-04
-5.9872486028966299e-04
-5.6213949443471736e-04
-5.2555412858306804e-04
-4.8896876272980770e-04
-4.5238339687544472e-04
-4.1579936946077562e-04
-3.7921266516720818e-04
-3.4262729941129878e-04
-3.0604327209493110e-04
-2.6946058312143581e-04
-2.3287923239142654e-04
-1.9628583588785051e-04
2.2060480171885721e-04
6.7584054101541067e-04
6.3925855907392265e-04
6.0267523884298456e-04
5.6609058022312323e-04
5.2950458311736969e-04
4.9291709537163133e-04
4.5633172951065786e-04
4.1974502511192135e-04
3.8316099780284264e-04
3.4657563205349907e-04
3.0999026609401824e-04
2.7340490024087977e-04
2.3681819584901680e-04
2.0023416853456172e-04
1.6364880277925411e-04
1.2706209848717073e-04
9.0474055558648151e-05
5.3884673896122818e-05
1.7307339276034217e-05
-8.0418547009033082e-05
-5.3491655920880933e-04
-4.9833119539533660e-04
-4.6174717002230183e-04
-4.2516448299069286e-04
-3.8857509813778116e-04
-3.5198705201826286e-04
-3.1540034453561160e-04
-2.7881900057967138e-04
-2.4223363472510118e-04
-2.0564826887371402e-04
-1.6906290301939276e-04
-1.3247753716574503e-04
-9.5893509752089875e-05
-5.9306805457557752e-05
-2.2721439701477090e-05
1.3862587615122919e-05
5.0445276589030700e-05
8.7026627318677449e-05
1.2362002381965836e-04
1.6021208129298205e-04
4.8376474811865104e-04
4.4717938469669141e-04
4.1059268273661419e-04
3.7400464214153574e-04
3.3742328685379787e-04
3.0084059332210550e-04
2.6425656144670064e-04
2.2766718929046912e-04
1.9108182343813355e-04
1.5449645758303760e-04
1.1791109172884207e-04
8.1325725874929186e-05
4.4739021483564202e-05
8.1549941689443933e-06
-2.8430371586120655e-05
-6.5017075879250262e-05
-1.0160511880799605e-04
-1.3819450047113696e-04
-1.7477183509023904e-04
-2.1135050765969484e-04
-4.1942783774803218e-04
-3.8285758243679791e-04
-3.4628866446028892e-04
-3.0968685100538860e-04
-2.7310148515757025e-04
-2.3651745774954934e-04
-1.9993476868308073e-04
-1.6334538759621547e-04
-1.2676002174594477e-04
-9.0174655892854156e-05
-5.3589290039370848e-05
-1.7003924185368760e-05
1.9580103227785188e-05
5.6166807522964869e-05
9.2752173279961556e-05
1.2933620059610472e-04
1.6591888957100448e-04
2.0250024030211386e-04
2.3909363680026747e-04
2.7568569427134627e-04
4.1492444854078026e-04
3.7836351016149274e-04
3.4180123503216596e-04
3.0523762305361790e-04
2.6867267412854418e-04
2.3202204647191011e-04
1.9543668061487626e-04
1.5884997622028519e-04
1.2226594891043353e-04
8.5680583160765330e-05
4.9095217202158057e-05
1.2509851348667055e-05
-2.4076853042991785e-05
-6.0660880357713146e-05
-9.7246246112500358e-05
-1.3383295040607373e-04
-1.7042099333451470e-04
-2.0701037499720260e-04
-2.4358770961590903e-04
-2.8016638218535979e-04
-3.7864585285213260e-04
-3.4206245344379615e-04
-3.0548039233117813e-04
-2.6889966941716462e-04
-2.3232028460310177e-04
-1.9572099030453947e-04
-1.5912303546528002e-04
-1.2255025860000163e-04
-8.5964892746579155e-05
-4.9379526894563661e-05
-1.2794161040649884e-05
2.3791204812024440e-05
6.0375232225522304e-05
9.6961936521181442e-05
1.3354730227858639e-04
1.7013132959560535e-04
2.0671401857057012e-04
2.4329536930109592e-04
2.7988876579966034e-04
3.1648082327063684e-04
3.9026527370629514e-04
3.5368311813145165e-04
3.1709962425369273e-04
2.8051479197480783e-04
2.4392862119672009e-04
2.0734165445194543e-04
1.7075628859028916e-04
1.3416958419117757e-04
9.7585556882067202e-05
6.1000191132819748e-05
2.4414825173544932e-05
-1.2170540680633149e-05
-4.8757245071695096e-05
-8.5341272385966194e-05
-1.2192663814088171e-04
-1.5851334243352031e-04
-1.9510138536184274e-04
-2.3169076702406766e-04
-2.6826810164458809e-04
-3.0484677421506353e-04
-3.6380020355554612e-04
-3.2721509156345149e-04
-2.9063131799319028e-04
-2.5404888274667897e-04
-2.1745899427881720e-04
-1.8087044458160582e-04
-1.4428323355773073e-04
-1.0769736110884462e-04
-7.1112827136600063e-05
-3.4532165013731927e-05
2.0532008398438721e-06
