0.0000000000000000e+00
-1.1435251150976292e-03
-1.3928898656282293e-10
-1.1427256811894057e-03
-4.5720921221352670e-03
-1.0288490004282107e-02
1.6567686330585617e-09
8.0024653238992983e-03
1.3718511418469885e-02
-2.9374910244242922e-06
-5.3591703537248067e-06
5.2213085526632143e-08
-2.2809253743900685e-03
-6.8479018251221850e-03
6.3432266956614805e-10
4.5603405408607498e-03
6.8335074248809073e-03
3.2842236991183273e-10
4.0738032092453876e-10
-1.0633267528093168e-10
-3.5473249088451788e-10
-2.0548275198828054e-10
-2.2863905488480054e-03
-2.1000771393647379e-10
-3.9060936996928406e-07
-2.2871706741310598e-03
-6.8599507867276657e-03
-1.8409438099785073e-03
-6.4195568078900877e-07
-1.7888749026646498e-06
-1.9704809956534027e-06
5.2220246995001979e-08
-2.2847041010690032e-03
-6.8566298288409537e-03
4.0040060741282566e-10
4.5710185922056851e-03
6.8560341123895183e-03
-1.1995106837532429e-10
1.2075138599444536e-10
-3.9089171769919913e-10
-6.5064626337122071e-10
-3.1505961464877269e-10
-2.2867804766757132e-03
1.7061914230766440e-11
3.9061006810638269e-07
-2.2859991969033321e-03
-6.8595603107954014e-03
-1.3720682843677117e-02
2.5369119153975811e-09
-1.9945048004761038e-06
-1.0851676629735525e-03
4.9885409931892845e-08
-1.2009642527550564e-03
-4.6878203206274270e-03
-1.0460127767205927e-02
8.1127821118137222e-10
-2.9257064576184858e-10
-2.2863915476719781e-03
-3.0492328184131357e-12
-3.8894639167614170e-07
-3.9188998911544137e-10
-1.5927443286737048e-10
-2.2863902955459446e-03
1.7698225656488813e-10
-3.9010409954873259e-07
-2.2871701695934476e-03
-6.8599501898682644e-03
-1.3718340141328906e-02
2.3469249635021948e-09
-1.1104226233774181e-03
-8.2457800167674570e-07
5.1300467571573018e-08
-2.2858530356897290e-03
-6.8589281156642085e-03
5.9819439042425989e-10
4.5733192996920864e-03
6.8606378372911298e-03
-3.2080933495635008e-10
-8.7807562683540886e-11
-7.1995928756159315e-10
-5.2249924395383485e-10
-4.4198966648784491e-10
-2.2867810295152196e-03
-2.6965921685708540e-10
3.9007315513064870e-07
-2.2859996609845804e-03
-6.8595606573889599e-03
-1.3720683503867044e-02
1.5903338619830645e-09
1.1436248325854013e-02
-6.4907073110058419e-07
4.7600078033294821e-08
-2.2856457794466268e-03
-6.8573388261679693e-03
1.3384818877281047e-10
4.5697777501057229e-03
6.8523843012873124e-03
-2.5727601972574058e-10
6.3035725010208950e-11
-1.1633499032163892e-10
-2.3055473900968931e-10
-2.4981725013777564e-10
-2.2863903540743455e-03
1.0572403924277858e-10
-3.9009202856465833e-07
-2.2871704666072418e-03
-6.8599505681187535e-03
-1.3718340693157624e-02
2.0923269400846114e-09
1.1429612053864781e-02
-8.7659105098195026e-03
4.7909879019306748e-08
6.4832512653909893e-03
-1.0238677789849153e-09
-9.2678137296359246e-11
-2.2867796673872072e-03
-6.8607302792365772e-03
8.9525767154975403e-10
2.2270124366007810e-10
2.1568132012671335e-10
1.0727416039049809e-10
2.5206935597007980e-10
-2.2867807288842906e-03
2.2358576395844569e-10
3.9111812762067684e-07
-2.2859986583221156e-03
-6.8595593727733047e-03
-1.3720681509662542e-02
2.3227898598438814e-09
1.1436247815007116e-02
-7.8543463544232008e-03
4.6774697324910933e-08
5.5691875827697931e-03
8.8534655962511193e-03
9.8532709377702633e-03
-4.9403502638773542e-09
-2.2911613381960973e-09
-2.2863898194055137e-03
5.4653324093621453e-10
-3.8962374087660338e-07
3.6847334717402657e-10
3.3418607272586445e-10
-2.2863898244450272e-03
6.4120305942818979e-10
-3.8945388902695816e-07
-2.2871697355936679e-03
-6.8599496825531153e-03
-1.3718339500664338e-02
2.8633791383391243e-09
1.1429612334565641e-02
-1.1408933102921815e-03
4.7717184709425962e-08
-1.1452677915966256e-03
-4.5772302762438011e-03
-1.0296229931109971e-02
2.0909126338204099e-09
8.0102237134991299e-03
1.5327581716675635e-09
1.2261677674767973e-09
6.8289598445777566e-10
8.0976750055667716e-10
5.1462254194097566e-10
-2.2867801957953621e-03
8.7693026581891587e-10
3.9179277571455773e-07
-2.2859979643571849e-03
-6.8595587046027104e-03
-1.3720681320850034e-02
2.8532733574089176e-09
1.1436248570316049e-02
-1.0325477167893676e-03
4.6890274588564013e-08
-1.2535994767105619e-03
-4.7930963676701497e-03
-1.0618053932572775e-02
1.9076493117630471e-09
5.2938775989284384e-10
-2.2863909907131349e-03
4.8869304276505881e-10
-3.8859356200563808e-07
1.5267720737290949e-10
1.1324436898436031e-10
-2.2863898652949305e-03
5.7717896039212247e-10
-3.8946033141334634e-07
-2.2871694661215588e-03
-6.8599494967440449e-03
-1.3718339249882200e-02
2.8059884547372068e-09
1.1429612234001173e-02
-1.4893183259767477e-04
4.7490811012534037e-08
-2.1376858342120109e-03
-6.5625222262272647e-03
1.0220053322995401e-09
4.2767791833495722e-03
6.2674216904495227e-03
5.9715387273225600e-03
3.3887395626039829e-03
1.3246971723716728e-10
2.5179744543513628e-10
