0.0000000000000000e+00
0.0000000000000000e+00
0.0000000000000000e+00
0.0000000000000000e+00
0.0000000000000000e+00
0.0000000000000000e+00
0.0000000000000000e+00
7.9999999781159346e-04
1.8666164949188385e-03
2.9333333161864301e-03
3.9999999872262736e-03
3.9999999872262736e-03
3.9999999872262736e-03
3.9999999872262736e-03
3.9999999872262736e-03
3.9999999872262736e-03
3.9999999872262736e-03
3.9999999872262736e-03
3.9999999872262736e-03
3.9999999872262736e-03
3.9999999872262736e-03
3.9999999872262736e-03
3.9999999872262736e-03
3.9999999872262736e-03
3.9999999872262736e-03
3.9999999872262736e-03
3.9999999872262736e-03
3.9999999872262736e-03
3.9999999872262736e-03
3.9999999872262736e-03
3.9999999872262736e-03
3.9999999872262736e-03
3.9999999872262736e-03
3.9999999872262736e-03
3.9999999872262736e-03
3.9999999872262736e-03
3.9999999872262736e-03
3.9999999872262736e-03
3.9999999872262736e-03
3.9999999872262736e-03
3.9999999872262736e-03
3.9999999872262736e-03
3.9999999872262736e-03
3.9999999872262736e-03
3.9999999872262736e-03
3.9999999872262736e-03
3.9999999872262736e-03
3.9999999872262736e-03
3.9999999872262736e-03
3.9999999872262736e-03
4.0000393002351860e-03
4.0000393002351860e-03
4.0000393002351860e-03
4.0000393002351860e-03
4.0000393002351860e-03
4.0000393002351860e-03
4.0000393002351860e-03
4.0000393002351860e-03
4.0000393002351860e-03
4.0000393002351860e-03
4.0000393002351860e-03
4.0000393002351860e-03
4.0000393002351860e-03
4.0000393002351860e-03
4.0000393002351860e-03
4.0000393002351860e-03
4.0000393002351860e-03
4.0000393002351860e-03
4.0000393002351860e-03
4.0000393002351860e-03
4.0000393002351860e-03
4.0000393002351860e-03
4.0000393002351860e-03
4.0000393002351860e-03
4.0000393002351860e-03
4.0000393002351860e-03
4.0000393002351860e-03
4.0000393002351860e-03
4.0000393002351860e-03
4.0000393002351860e-03
4.0000393002351860e-03
4.0000393002351860e-03
4.0000393002351860e-03
4.0000393002351860e-03
4.0000393002351860e-03
4.0000393002351860e-03
4.0000393002351860e-03
4.0000393002351860e-03
4.0000393002351860e-03
4.0000393002351860e-03
4.0000741884003727e-03
4.0000741884003727e-03
4.0000741884003727e-03
4.0000741884003727e-03
4.0000741884003727e-03
4.0000741884003727e-03
4.0000741884003727e-03
4.0000741884003727e-03
4.0000741884003727e-03
4.0000741884003727e-03
4.0000741884003727e-03
4.0000741884003727e-03
4.0000741884003727e-03
4.0000741884003727e-03
4.0000741884003727e-03
4.0000741884003727e-03
4.0000741884003727e-03
4.0000741884003727e-03
4.0000741884003727e-03
4.0000741884003727e-03
4.0000741884003727e-03
4.0000741884003727e-03
4.0000741884003727e-03
4.0000741884003727e-03
4.0000741884003727e-03
4.0000741884003727e-03
4.0000741884003727e-03
4.0000741884003727e-03
4.0000741884003727e-03
4.0000741884003727e-03
4.0000741884003727e-03
4.0000741884003727e-03
4.0000741884003727e-03
4.0000741884003727e-03
4.0000741884003727e-03
4.0000741884003727e-03
4.0000741884003727e-03
4.0000741884003727e-03
4.0000741884003727e-03
4.0000741884003727e-03
4.0001051497699294e-03
4.0001051497699294e-03
4.0001051497699294e-03
4.0001051497699294e-03
4.0001051497699294e-03
4.0001051497699294e-03
4.0001051497699294e-03
4.0001051497699294e-03
4.0001051497699294e-03
4.0001051497699294e-03
4.0001051497699294e-03
4.0001051497699294e-03
4.0001051497699294e-03
4.0001051497699294e-03
4.0001051497699294e-03
4.0001051497699294e-03
4.0001051497699294e-03
4.0001051497699294e-03
4.0001051497699294e-03
4.0001051497699294e-03
4.0001051497699294e-03
4.0001051497699294e-03
4.0001051497699294e-03
4.0001051497699294e-03
4.0001051497699294e-03
4.0001051497699294e-03
4.0001051497699294e-03
4.0001051497699294e-03
4.0001051497699294e-03
4.0001051497699294e-03
4.0001051497699294e-03
4.0001051497699294e-03
4.0001051497699294e-03
4.0001051497699294e-03
4.0001051497699294e-03
4.0001051497699294e-03
4.0001051497699294e-03
4.0001051497699294e-03
4.0001051497699294e-03
4.0001051497699294e-03
4.0001326263018879e-03
4.0001326263018879e-03
4.0001326263018879e-03
4.0001326263018879e-03
4.0001326263018879e-03
4.0001326263018879e-03
4.0001326263018879e-03
4.0001326263018879e-03
4.0001326263018879e-03
4.0001326263018879e-03
4.0001326263018879e-03
4.0001326263018879e-03
4.0001326263018879e-03
4.0001326263018879e-03
4.0001326263018879e-03
4.0001326263018879e-03
4.0001326263018879e-03
4.0001326263018879e-03
4.0001326263018879e-03
4.0001326263018879e-03
4.0001326263018879e-03
4.0001326263018879e-03
4.0001326263018879e-03
4.0001326263018879e-03
4.0001326263018879e-03
4.0001326263018879e-03
4.0001326263018879e-03
4.0001326263018879e-03
4.0001326263018879e-03
4.0001326263018879e-03
4.0001326263018879e-03
