0.0000000000000000e+00
0.0000000000000000e+00
0.0000000000000000e+00
0.0000000000000000e+00
0.0000000000000000e+00
0.0000000000000000e+00
0.0000000000000000e+00
0.0000000000000000e+00
6.8597729202570745e-09
1.3729870325537617e-07
2.2584241321264105e-06
9.4980226555908137e-05
1.0955485456061913e-04
1.1642550993195975e-04
1.1678538268849891e-04
1.1729431990258399e-04
1.1737429166809753e-04
1.1741199072050759e-04
1.1746530523451993e-04
1.1746809775731656e-04
1.1746941416519241e-04
1.1747127584700211e-04
