0.0000000000000000e+00
-1.1430604719258268e-03
-2.5454161377608815e-10
-1.1438599321742981e-03
-4.5742488397168355e-03
-1.0290777124827379e-02
1.1998426938415488e-09
8.0036359509488390e-03
1.4261384757095017e-02
2.4552264616090627e-02
9.6342471170098882e-03
1.3439586883585840e-02
1.4246604381147211e-02
1.4619723521701124e-02
1.4638956862454075e-02
1.4666130965459698e-02
1.4670395716490729e-02
1.4672405745611001e-02
1.4675247950207703e-02
1.4675396640648344e-02
1.4675466622254180e-02
1.4675565890520230e-02
