0.0000000000000000e+00
-1.1430605077773462e-03
-1.7887796612756617e-10
-1.1438598471878246e-03
-4.5742487921292645e-03
-1.0290776962875272e-02
1.2984721693604565e-09
8.0036360043401200e-03
1.4261384823220539e-02
2.4552264701262209e-02
9.6342471920728597e-03
1.3439587018015241e-02
1.4246604583099003e-02
1.4619723683918926e-02
1.4638956984914013e-02
1.4666131095246481e-02
1.4670395820845209e-02
1.4672405810234025e-02
1.4675248036956806e-02
1.4675396721800973e-02
1.4675466782419298e-02
1.4675565977312306e-02
