0.0000000000000000e+00
2.4995960985955939e+01
4.9999999999353271e+01
7.4999617634305551e+01
9.9994814868937269e+01
1.2498559268040400e+02
1.5000000000002342e+02
1.7500998461689841e+02
2.0001446577590170e+02
2.0002819470735079e+02
2.0003118935831256e+02
2.0004334948103460e+02
2.0004424081905279e+02
2.0004461898853930e+02
2.0004463841638520e+02
2.0004466577280550e+02
2.0004467006407046e+02
2.0004467208613013e+02
2.0004467494452490e+02
2.0004467509405771e+02
2.0004467516447704e+02
2.0004467526427086e+02
