0.0000000000000000e+00
0.0000000000000000e+00
0.0000000000000000e+00
0.0000000000000000e+00
0.0000000000000000e+00
0.0000000000000000e+00
0.0000000000000000e+00
-5.3242347999110313e+00
-2.1457721505634957e+01
-3.7733616483949852e+01
-5.4166236776929324e+01
-5.4166236776929324e+01
-5.4166236776929324e+01
-5.4166236776929324e+01
-5.4166236776929324e+01
-5.4166236776929324e+01
-5.4166236776929324e+01
-5.4166236776929324e+01
-5.4166236776929324e+01
-5.4166236776929324e+01
-5.4166236776929324e+01
-5.4166236776929324e+01
-5.4166236776929324e+01
-5.4166236776929324e+01
-5.4166236776929324e+01
-4.7192336999886884e+01
-3.0363626475594970e+01
-1.3398555220383072e+01
3.7005655977966749e+00
2.0931090329266009e+01
3.8290301713398229e+01
3.8290301713398208e+01
3.8290301713398193e+01
3.8290301713398193e+01
3.8290301713398193e+01
3.8290301713398193e+01
3.8290301713398193e+01
3.8290301713398208e+01
3.8290301713398193e+01
3.8290301713398179e+01
3.8290301713398186e+01
3.8290301713398165e+01
3.8290301713398165e+01
3.8290301713398172e+01
3.8290301713398172e+01
3.8290301713398172e+01
3.8290301713398172e+01
2.3717074046344425e+01
6.0416219852811182e+00
-1.1755864916681933e+01
-2.9656528183362820e+01
-2.9656528183362820e+01
-2.9656528183362820e+01
-2.9656528183362820e+01
-2.9656528183362820e+01
-2.9656528183362820e+01
-2.9656528183362820e+01
-2.9656528183362820e+01
-2.9656528183362820e+01
-2.9656528183362820e+01
-2.9656528183362820e+01
-2.9656528183362820e+01
-2.9656528183362820e+01
-2.9656528183362820e+01
-2.9656528183362820e+01
-2.9656528183362820e+01
-2.9656528183362820e+01
-2.9656528183362820e+01
-1.2208038140625453e+01
5.9549087988036664e+00
2.4212329967071081e+01
2.4212329967071081e+01
2.4212329967071085e+01
2.4212329967071085e+01
2.4212329967071078e+01
2.4212329967071081e+01
2.4212329967071081e+01
2.4212329967071096e+01
2.4212329967071074e+01
2.4212329967071078e+01
2.4212329967071078e+01
2.4212329967071060e+01
2.4212329967071060e+01
2.4212329967071067e+01
2.4212329967071067e+01
2.4212329967071053e+01
2.4212329967071053e+01
2.4212329967071053e+01
1.6473227300475088e+01
-1.9540609583223694e+00
-2.0463450982615630e+01
-2.0463450982615630e+01
-2.0463450982615630e+01
-2.0463450982615630e+01
-2.0463450982615630e+01
-2.0463450982615630e+01
-2.0463450982615630e+01
-2.0463450982615630e+01
-2.0463450982615630e+01
-2.0463450982615630e+01
-2.0463450982615630e+01
-2.0463450982615630e+01
-2.0463450982615630e+01
-2.0463450982615630e+01
-2.0463450982615630e+01
-2.0463450982615630e+01
-2.0463450982615630e+01
-2.0463450982615630e+01
-1.9602135023477729e+01
-9.7699554204236005e-01
1.7720893484572851e+01
1.7720893484572851e+01
1.7720893484572859e+01
1.7720893484572859e+01
1.7720893484572859e+01
1.7720893484572859e+01
1.7720893484572859e+01
1.7720893484572859e+01
1.7720893484572859e+01
1.7720893484572855e+01
1.7720893484572848e+01
1.7720893484572848e+01
1.7720893484572848e+01
1.7720893484572834e+01
1.7720893484572834e+01
1.7720893484572834e+01
1.7720893484572830e+01
1.7720893484572830e+01
1.7720893484572816e+01
3.2154121660863857e+00
-1.5619029480431500e+01
-1.5619029480431500e+01
-1.5619029480431500e+01
-1.5619029480431500e+01
-1.5619029480431500e+01
-1.5619029480431500e+01
-1.5619029480431500e+01
-1.5619029480431500e+01
-1.5619029480431500e+01
-1.5619029480431500e+01
-1.5619029480431500e+01
-1.5619029480431500e+01
-1.5619029480431500e+01
-1.5619029480431500e+01
-1.5619029480431500e+01
-1.5619029480431500e+01
-1.5619029480431500e+01
-1.5619029480431500e+01
-1.5619029480431500e+01
-4.9802753786114673e+00
1.3980118520802169e+01
1.3980118520802169e+01
1.3980118520802169e+01
1.3980118520802169e+01
1.3980118520802169e+01
1.3980118520802161e+01
1.3980118520802161e+01
1.3980118520802176e+01
1.3980118520802176e+01
1.3980118520802172e+01
1.3980118520802181e+01
1.3980118520802179e+01
1.3980118520802179e+01
1.3980118520802167e+01
1.3980118520802167e+01
1.3980118520802163e+01
1.3980118520802165e+01
1.3980118520802165e+01
1.3980118520802147e+01
6.4096460958915573e+00
-1.2645893585997923e+01
-1.2645893585997923e+01
-1.2645893585997923e+01
-1.2645893585997923e+01
-1.2645893585997923e+01
-1.2645893585997923e+01
-1.2645893585997923e+01
-1.2645893585997923e+01
-1.2645893585997923e+01
-1.2645893585997923e+01
-1.2645893585997923e+01
-1.2645893585997923e+01
-1.2645893585997923e+01
-1.2645893585997923e+01
-1.2645893585997923e+01
-1.2645893585997923e+01
-1.2645893585997923e+01
-1.2645893585997923e+01
-1.2645893585997923e+01
-7.6042367801336690e+00
1.1544239174491967e+01
1.1544239174491967e+01
1.1544239174491960e+01
1.1544239174491960e+01
1.1544239174491961e+01
1.1544239174491961e+01
1.1544239174491961e+01
1.1544239174491963e+01
1.1544239174491963e+01
1.1544239174491963e+01
1.1544239174491967e+01
