0.0000000000000000e+00
0.0000000000000000e+00
0.0000000000000000e+00
0.0000000000000000e+00
0.0000000000000000e+00
0.0000000000000000e+00
0.0000000000000000e+00
2.6621173999538481e+00
1.0728860752815379e+01
1.8866808241974574e+01
2.7083118388469050e+01
2.7083118388469067e+01
2.7083118388469011e+01
2.7083118388469003e+01
2.7083118388468982e+01
2.7083118388468968e+01
2.7083118388468996e+01
2.7083118388468954e+01
2.7083118388468954e+01
2.7083118388468950e+01
2.7083118388468968e+01
2.7083118388468996e+01
2.7083118388468961e+01
2.7083118388468932e+01
2.7083118388468915e+01
2.3596168499948195e+01
1.5181813237802285e+01
6.6992776101945966e+00
-1.8502827988960506e+00
-1.0465545164633340e+01
-1.9145150856698226e+01
-1.9145150856698201e+01
-1.9145150856698205e+01
-1.9145150856698201e+01
-1.9145150856698205e+01
-1.9145150856698194e+01
-1.9145150856698180e+01
-1.9145150856698205e+01
-1.9145150856698219e+01
-1.9145150856698208e+01
-1.9145150856698187e+01
-1.9145150856698166e+01
-1.9145150856698159e+01
-1.9145150856698152e+01
-1.9145150856698134e+01
-1.9145150856698134e+01
-1.9145150856698137e+01
-1.1858537023163025e+01
-3.0208109926259481e+00
5.8779324583557075e+00
1.4828264091695079e+01
1.4828264091695086e+01
1.4828264091695077e+01
1.4828264091695086e+01
1.4828264091695075e+01
1.4828264091695090e+01
1.4828264091695097e+01
1.4828264091695086e+01
1.4828264091695106e+01
1.4828264091695097e+01
1.4828264091695097e+01
1.4828264091695104e+01
1.4828264091695097e+01
1.4828264091695090e+01
1.4828264091695079e+01
1.4828264091695072e+01
1.4828264091695072e+01
1.4828264091695043e+01
6.1040190703328987e+00
-2.9774543993789857e+00
-1.2106164983510080e+01
-1.2106164983510098e+01
-1.2106164983510084e+01
-1.2106164983510066e+01
-1.2106164983510059e+01
-1.2106164983510068e+01
-1.2106164983510077e+01
-1.2106164983510059e+01
-1.2106164983510052e+01
-1.2106164983510062e+01
-1.2106164983510070e+01
-1.2106164983510073e+01
-1.2106164983510075e+01
-1.2106164983510068e+01
-1.2106164983510073e+01
-1.2106164983510070e+01
-1.2106164983510077e+01
-1.2106164983510075e+01
-8.2366136502072731e+00
9.7703047919574926e-01
1.0231725491341077e+01
1.0231725491341052e+01
1.0231725491341050e+01
1.0231725491341047e+01
1.0231725491341061e+01
1.0231725491341063e+01
1.0231725491341058e+01
1.0231725491341072e+01
1.0231725491341050e+01
1.0231725491341058e+01
1.0231725491341058e+01
1.0231725491341056e+01
1.0231725491341031e+01
1.0231725491341020e+01
1.0231725491341013e+01
1.0231725491341011e+01
1.0231725491341011e+01
1.0231725491341026e+01
9.8010675117717732e+00
4.8849777105144643e-01
-8.8604467422605442e+00
-8.8604467422605317e+00
-8.8604467422605442e+00
-8.8604467422605495e+00
-8.8604467422605602e+00
-8.8604467422605602e+00
-8.8604467422605584e+00
-8.8604467422605619e+00
-8.8604467422605655e+00
-8.8604467422605602e+00
-8.8604467422605531e+00
-8.8604467422605460e+00
-8.8604467422605389e+00
-8.8604467422605317e+00
-8.8604467422605229e+00
-8.8604467422605229e+00
-8.8604467422605211e+00
-8.8604467422605264e+00
-8.8604467422605353e+00
-1.6077060830203769e+00
7.8095147402406191e+00
7.8095147402406182e+00
7.8095147402406129e+00
7.8095147402406146e+00
7.8095147402406226e+00
7.8095147402406146e+00
7.8095147402406129e+00
7.8095147402406182e+00
7.8095147402406138e+00
7.8095147402406084e+00
7.8095147402406120e+00
7.8095147402406102e+00
7.8095147402406004e+00
7.8095147402406031e+00
7.8095147402406013e+00
7.8095147402405996e+00
7.8095147402405978e+00
7.8095147402405924e+00
7.8095147402405765e+00
2.4901376893230296e+00
-6.9900592603878886e+00
-6.9900592603878877e+00
-6.9900592603879055e+00
-6.9900592603879019e+00
-6.9900592603879064e+00
-6.9900592603879019e+00
-6.9900592603878957e+00
-6.9900592603878913e+00
-6.9900592603878904e+00
-6.9900592603878859e+00
-6.9900592603878895e+00
-6.9900592603878966e+00
-6.9900592603879019e+00
-6.9900592603879019e+00
-6.9900592603878948e+00
-6.9900592603879055e+00
-6.9900592603879002e+00
-6.9900592603879108e+00
-6.9900592603879108e+00
-3.2048230479359523e+00
6.3229467930018215e+00
6.3229467930018162e+00
6.3229467930018357e+00
6.3229467930018242e+00
6.3229467930018250e+00
6.3229467930018268e+00
6.3229467930018197e+00
6.3229467930018100e+00
6.3229467930018135e+00
6.3229467930018037e+00
6.3229467930018064e+00
6.3229467930018082e+00
6.3229467930018020e+00
6.3229467930018082e+00
6.3229467930018011e+00
6.3229467930017966e+00
6.3229467930017904e+00
6.3229467930017815e+00
6.3229467930017744e+00
3.8021183900665187e+00
-5.7721195872530018e+00
-5.7721195872530018e+00
-5.7721195872530000e+00
-5.7721195872529956e+00
-5.7721195872529858e+00
-5.7721195872529831e+00
-5.7721195872529840e+00
-5.7721195872529805e+00
-5.7721195872529805e+00
-5.7721195872529725e+00
-5.7721195872529725e+00
