0.0000000000000000e+00
0.0000000000000000e+00
0.0000000000000000e+00
0.0000000000000000e+00
0.0000000000000000e+00
0.0000000000000000e+00
0.0000000000000000e+00
2.6621173999571965e+00
1.0728860752819577e+01
1.8866808241975228e+01
2.7083118388460321e+01
2.7083118388460377e+01
2.7083118388460331e+01
2.7083118388460313e+01
2.7083118388460274e+01
2.7083118388460267e+01
2.7083118388460242e+01
2.7083118388460232e+01
2.7083118388460239e+01
2.7083118388460232e+01
2.7083118388460228e+01
2.7083118388460271e+01
2.7083118388460228e+01
2.7083118388460200e+01
2.7083118388460186e+01
2.3596168499938443e+01
1.5181813237792394e+01
6.6992776101881812e+00
-1.8502827989009007e+00
-1.0465545164632946e+01
-1.9145150856700212e+01
-1.9145150856700191e+01
-1.9145150856700209e+01
-1.9145150856700191e+01
-1.9145150856700194e+01
-1.9145150856700184e+01
-1.9145150856700170e+01
-1.9145150856700194e+01
-1.9145150856700209e+01
-1.9145150856700198e+01
-1.9145150856700177e+01
-1.9145150856700155e+01
-1.9145150856700148e+01
-1.9145150856700134e+01
-1.9145150856700123e+01
-1.9145150856700116e+01
-1.9145150856700113e+01
-1.1858537023181496e+01
-3.0208109926552638e+00
5.8779324583261232e+00
1.4828264091667650e+01
1.4828264091667661e+01
1.4828264091667661e+01
1.4828264091667672e+01
1.4828264091667661e+01
1.4828264091667686e+01
1.4828264091667689e+01
1.4828264091667668e+01
1.4828264091667691e+01
1.4828264091667693e+01
1.4828264091667688e+01
1.4828264091667691e+01
1.4828264091667691e+01
1.4828264091667680e+01
1.4828264091667680e+01
1.4828264091667659e+01
1.4828264091667663e+01
1.4828264091667631e+01
6.1040190702924226e+00
-2.9774543994247615e+00
-1.2106164983561047e+01
-1.2106164983561069e+01
-1.2106164983561049e+01
-1.2106164983561033e+01
-1.2106164983561031e+01
-1.2106164983561037e+01
-1.2106164983561049e+01
-1.2106164983561026e+01
-1.2106164983561014e+01
-1.2106164983561026e+01
-1.2106164983561040e+01
-1.2106164983561047e+01
-1.2106164983561044e+01
-1.2106164983561030e+01
-1.2106164983561037e+01
-1.2106164983561040e+01
-1.2106164983561047e+01
-1.2106164983561051e+01
-8.2366136502678771e+00
9.7703047912658114e-01
1.0231725491274515e+01
1.0231725491274492e+01
1.0231725491274490e+01
1.0231725491274483e+01
1.0231725491274508e+01
1.0231725491274521e+01
1.0231725491274517e+01
1.0231725491274522e+01
1.0231725491274506e+01
1.0231725491274519e+01
1.0231725491274512e+01
1.0231725491274506e+01
1.0231725491274481e+01
1.0231725491274471e+01
1.0231725491274464e+01
1.0231725491274455e+01
1.0231725491274451e+01
1.0231725491274467e+01
9.8010675117058188e+00
4.8849777099076547e-01
-8.8604467423124742e+00
-8.8604467423124653e+00
-8.8604467423124742e+00
-8.8604467423124813e+00
-8.8604467423125026e+00
-8.8604467423124991e+00
-8.8604467423124902e+00
-8.8604467423124955e+00
-8.8604467423124955e+00
-8.8604467423124920e+00
-8.8604467423124813e+00
-8.8604467423124760e+00
-8.8604467423124706e+00
-8.8604467423124600e+00
-8.8604467423124529e+00
-8.8604467423124547e+00
-8.8604467423124547e+00
-8.8604467423124635e+00
-8.8604467423124689e+00
-1.6077060830661924e+00
7.8095147401906955e+00
7.8095147401906946e+00
7.8095147401906910e+00
7.8095147401906937e+00
7.8095147401907141e+00
7.8095147401907070e+00
7.8095147401907106e+00
7.8095147401907177e+00
7.8095147401907123e+00
7.8095147401906999e+00
7.8095147401907132e+00
7.8095147401907079e+00
7.8095147401906910e+00
7.8095147401906910e+00
7.8095147401906893e+00
7.8095147401906893e+00
7.8095147401906910e+00
7.8095147401906875e+00
7.8095147401906742e+00
2.4901376892882019e+00
-6.9900592604145055e+00
-6.9900592604145046e+00
-6.9900592604145197e+00
-6.9900592604145171e+00
-6.9900592604145224e+00
-6.9900592604145189e+00
-6.9900592604145126e+00
-6.9900592604145073e+00
-6.9900592604145091e+00
-6.9900592604145046e+00
-6.9900592604145073e+00
-6.9900592604145215e+00
-6.9900592604145251e+00
-6.9900592604145260e+00
-6.9900592604145162e+00
-6.9900592604145260e+00
-6.9900592604145233e+00
-6.9900592604145384e+00
-6.9900592604145348e+00
-3.2048230479558883e+00
6.3229467929958423e+00
6.3229467929958298e+00
6.3229467929958414e+00
6.3229467929958343e+00
6.3229467929958396e+00
6.3229467929958316e+00
6.3229467929958254e+00
6.3229467929958192e+00
6.3229467929958192e+00
6.3229467929958139e+00
6.3229467929958156e+00
6.3229467929958165e+00
6.3229467929958183e+00
6.3229467929958192e+00
6.3229467929958085e+00
6.3229467929958103e+00
6.3229467929958023e+00
6.3229467929957970e+00
6.3229467929957917e+00
3.8021183900667950e+00
-5.7721195872392688e+00
-5.7721195872392705e+00
-5.7721195872392688e+00
-5.7721195872392643e+00
-5.7721195872392528e+00
-5.7721195872392501e+00
-5.7721195872392475e+00
-5.7721195872392457e+00
-5.7721195872392510e+00
-5.7721195872392430e+00
-5.7721195872392359e+00
