0.0000000000000000e+00
-1.4634146341497659e-04
-2.9270434578832378e-04
-4.3902439024689089e-04
-5.8536584739404839e-04
-7.3172872349713401e-04
-8.7811302482800209e-04
-1.3581674918575972e-03
-2.5266570866319207e-03
-3.7148112867082164e-03
-4.9241790592587436e-03
-4.7778379719243579e-03
-4.6315182971705410e-03
-4.4852200287311883e-03
-4.3388135800661067e-03
-4.1924285631114262e-03
-4.0460649715936044e-03
-3.8997891898132327e-03
-3.7534477264010292e-03
-3.6071062629805459e-03
-3.4607647995660773e-03
-3.3144233361508814e-03
-3.1681032854270321e-03
-3.0217404093245475e-03
-2.8753989521781553e-03
-2.3056764652308087e-03
-1.1271290614853604e-03
7.0723302924876962e-05
1.2882372693688020e-03
2.5257612913926245e-03
3.7836544852344698e-03
3.6373136783721719e-03
3.4909514527430054e-03
3.3445678020771084e-03
3.1982892901711579e-03
3.0519893777320737e-03
2.9056680584966755e-03
2.7592648999357570e-03
2.6129234365181056e-03
2.4665819731077140e-03
2.3202405096929132e-03
2.1738990462785604e-03
2.0275361639055783e-03
1.8812161194474960e-03
1.7348746622996934e-03
1.5885117861954158e-03
1.4421274848632995e-03
3.9832770967167871e-04
-8.4854631098826177e-04
-2.1154912676948244e-03
-3.4017530121385232e-03
-3.2554118084530685e-03
-3.1090920173822952e-03
-2.9627936326604562e-03
-2.8163874161080344e-03
-2.6700026311986232e-03
-2.5236392716573705e-03
-2.3773630258554948e-03
-2.2310215624431222e-03
-2.0846800990229493e-03
-1.9383386356082890e-03
-1.7919971721936621e-03
-1.6456771214694173e-03
-1.4993142453673728e-03
-1.3529727882218413e-03
-1.2066527437654883e-03
-1.0603541057320790e-03
-9.1394839171973351e-04
3.1466573236636639e-04
1.6004278828830219e-03
2.9053951260381307e-03
2.7590542165252265e-03
2.6126918882163866e-03
2.4663081348401013e-03
2.3200298286747043e-03
2.1737301220354829e-03
2.0274090086608342e-03
1.8810054384402392e-03
1.7346639750227550e-03
1.5883225116129229e-03
1.4419810481983170e-03
1.2956395847839031e-03
1.1492767024115383e-03
1.0029566579523570e-03
8.5661520080443994e-04
7.1025232470039003e-04
5.6386802336832933e-04
4.1759080428449422e-04
-2.0751532357934097e-04
-1.5069705798826652e-03
-2.8251359337431239e-03
-2.6787946971049666e-03
-2.5324748730908668e-03
-2.3861764554361279e-03
-2.2397703045323883e-03
-2.0933855852523029e-03
-1.9470222913222002e-03
-1.8007459142793622e-03
-1.6544044508667313e-03
-1.5080629874461677e-03
-1.3617215240314970e-03
-1.2153800606162044e-03
-1.0690600098915803e-03
-9.2269713379024862e-04
-7.7635567664492678e-04
-6.3003563218849777e-04
-4.8373699415466995e-04
-3.3733128014009619e-04
-1.3781266141150010e-04
1.1718930087604186e-03
2.4999402889116940e-03
2.3535993198134137e-03
2.2072369319005927e-03
2.0608531189031860e-03
1.9145749321450699e-03
1.7682753449486796e-03
1.6219543510515196e-03
1.4755505419106146e-03
1.3292090784926816e-03
1.1828676150831214e-03
1.0365261516683613e-03
8.9018468825359314e-04
7.4382180588071869e-04
5.9750176142243927e-04
4.5116030427527277e-04
3.0479742817135681e-04
1.5841312684032670e-04
1.2135907755997948e-05
-1.3416271148376414e-04
-1.1853213078534405e-03
-2.5203771634395846e-03
-2.3740784632173329e-03
-2.2278011631739177e-03
-2.0815452570500980e-03
-1.9350540705815118e-03
-1.7887126071090330e-03
-1.6423925563260851e-03
-1.4960296802648198e-03
-1.3496882231605178e-03
-1.2033467534332705e-03
-1.0570052900184888e-03
-9.1066382660453984e-04
-7.6434377587943233e-04
-6.1798089977818064e-04
-4.7163944263302609e-04
-3.2531939817677510e-04
-1.7902076014368547e-04
-3.2615046128789575e-05
1.1376923639009881e-04
9.2292672628085308e-04
2.2647383310802653e-03
2.1183968745643942e-03
1.9720339990916781e-03
1.8256496983926093e-03
1.6793724870112243e-03
1.5330738754768128e-03
1.3867538575268214e-03
1.2403480967755241e-03
1.0940066333586093e-03
9.4766516994934712e-04
8.0132370653418798e-04
6.5498224311952421e-04
5.0861936074673834e-04
3.6229931628731725e-04
2.1595785913945949e-04
6.9594983034515780e-05
-7.6789318297943856e-05
-2.2306653738137349e-04
-3.6936515662043545e-04
-9.8701608104272403e-04
-2.3338168155559750e-03
-2.1874753659747283e-03
-2.0411553290796622e-03
-1.8948566986053508e-03
-1.7484509731849460e-03
-1.6020666792623916e-03
-1.4557038105653542e-03
-1.3094265829316442e-03
-1.1630851195192004e-03
-1.0167436560998783e-03
-8.7040219268473041e-04
-7.2406072926996061e-04
-5.7774067854501378e-04
-4.3137780244277178e-04
-2.8503634529748073e-04
-1.3871630084062359e-04
7.5823371926113872e-06
1.5398805120638205e-04
3.0037233372410204e-04
7.6016667120695335e-04
2.1121028744811197e-03
1.9657614803091556e-03
1.8193986671974211e-03
1.6730144288780245e-03
1.5267370928328673e-03
1.3804383565979989e-03
1.2341182139113268e-03
1.0877127025993622e-03
9.4137123918239946e-04
7.9502977577249447e-04
6.4868831235872755e-04
