0.0000000000000000e+00
4.3902439024113607e-05
8.7802950709303909e-05
1.3170731707518754e-04
1.7560975593118927e-04
2.1951026744867558e-04
2.6340885179541770e-04
4.7416106055052799e-04
1.0291821926258007e-03
1.5939908668796160e-03
2.1694064363124367e-03
2.1255043518601737e-03
2.0816003399297084e-03
2.0376944003538105e-03
1.9937970339383524e-03
1.9498977404587650e-03
1.9059965197457964e-03
1.8620897168572877e-03
1.8181872778343816e-03
1.7742848388070530e-03
1.7303823997831909e-03
1.6864799607590659e-03
1.6425755942263119e-03
1.5986750827123219e-03
1.5547726438583450e-03
1.2991796944264904e-03
7.3917428008313994e-04
1.6951623818210637e-04
-4.0997245825000303e-04
-9.9946618245657791e-04
-1.5991444928591969e-03
-1.5552422049944410e-03
-1.5113418444567582e-03
-1.4674434110752701e-03
-1.4235348889857519e-03
-1.3796282947687710e-03
-1.3357236282563170e-03
-1.2918275719185131e-03
-1.2479251328925841e-03
-1.2040226938715257e-03
-1.1601202548474070e-03
-1.1162178158227664e-03
-1.0723173041375883e-03
-1.0284129377712390e-03
-9.8451049891443913e-04
-9.4060998739745852e-04
-8.9671140305039451e-04
-4.0404192510524095e-04
1.9011047270296941e-04
7.9433085288797129e-04
1.4081934447395476e-03
1.3642912701397739e-03
1.3203871680536531e-03
1.2764811383129005e-03
1.2325839519594765e-03
1.1886848385584100e-03
1.1447837979413308e-03
1.1008766348806129e-03
1.0569741958581320e-03
1.0130717568311775e-03
9.6916931780705832e-04
9.2526687878334189e-04
8.8136251225043349e-04
8.3746200073656345e-04
7.9355956188327222e-04
7.4965519552090448e-04
7.0574890148065506e-04
6.6185224464424528e-04
7.6813417943819552e-05
-5.3680064108348094e-04
-1.1600147945814738e-03
-1.1161124740640827e-03
-1.0722120808755414e-03
-1.0283136148465412e-03
-9.8440515823505076e-04
-9.4049862949081950e-04
-8.9659402844536695e-04
-8.5269784116622784e-04
-8.0879540214022776e-04
-7.6489296311934825e-04
-7.2099052409488828e-04
-6.7708808507092031e-04
-6.3318757338602736e-04
-5.8928320702094402e-04
-5.4538076816385873e-04
-5.0148025664672113e-04
-4.5758167230002547e-04
-4.1367345091660520e-04
-1.3038868121731476e-04
4.9007064980672330e-04
1.1198849151292331e-03
1.0759827144736355e-03
1.0320785863290889e-03
9.8817253052663591e-04
9.4427539617331167e-04
9.0037633477650387e-04
8.5647534616746090e-04
8.1256807909410383e-04
7.6866564007196838e-04
7.2476320104430383e-04
6.8086076201979561e-04
6.3695832299589833e-04
5.9305395646306713e-04
5.4915344495006630e-04
5.0525100609654522e-04
4.6134663973423202e-04
4.1744034569453240e-04
3.7354368885748369e-04
3.0305154784918820e-04
-3.2253192896106999e-04
-9.5728736281330362e-04
-9.1338502570097809e-04
-8.6948461591923804e-04
-8.2558613329907946e-04
-7.8167770996929651e-04
-7.3777121450343207e-04
-6.9386664673355626e-04
-6.4997039290144644e-04
-6.0606795387485981e-04
-5.6216551485424018e-04
-5.1826307582967331e-04
-4.7436063680504409e-04
-4.3046012512089733e-04
-3.8655575875496507e-04
-3.4265331989788748e-04
-2.9875280838128298e-04
-2.5485422403514872e-04
-2.1094600265084379e-04
-1.6703970911416567e-04
3.2924600148798470e-04
9.6747378335478181e-04
9.2362459753657085e-04
8.7977348888329413e-04
8.3592045722504003e-04
7.9191727915602322e-04
7.4801484013329569e-04
7.0411047360237344e-04
6.6020996209077687e-04
6.1630752323926460e-04
5.7240508403971313e-04
5.2850264501551423e-04
4.8460020599035261e-04
4.4069583945784347e-04
3.9679532794347953e-04
3.5289288909099077e-04
3.0898852272751747e-04
2.6508222868743247e-04
2.2118557185109934e-04
1.7728698801463007e-04
-1.9804873620115669e-04
-8.3968624170342808e-04
-7.9578380307673661e-04
-7.5188329178938861e-04
-7.0798470767175804e-04
-6.6407648740359057e-04
-6.2017019498257790e-04
-5.7626583023989860e-04
-5.3236917033578084e-04
-4.8846673131053568e-04
-4.4456429228982824e-04
-4.0066185326559199e-04
-3.5675941424150634e-04
-3.1285890255713673e-04
-2.6895453619171962e-04
-2.2505209733394995e-04
-1.8115158581680669e-04
-1.3725300146946224e-04
-9.3344780087818594e-05
-4.9438486553453922e-05
2.3009340507351247e-04
8.7422547359623825e-04
8.3032304891014742e-04
7.8641869671750497e-04
7.4251241684775040e-04
6.9861573049676169e-04
6.5471711714240512e-04
6.1081657661447289e-04
5.6690841341771518e-04
5.2300597439485104e-04
4.7910353536692769e-04
4.3520109634219136e-04
3.9129865731792957e-04
3.4739429078486461e-04
3.0349377927106657e-04
2.5959134041749599e-04
2.1568697405518724e-04
1.7178068001475754e-04
1.2788402317894703e-04
8.3985439342717700e-05
-1.1670774797710337e-04
-7.6336853318893663e-04
-7.1946610594950816e-04
-6.7556560605011812e-04
-6.3166703331951634e-04
-5.8775879031685348e-04
-5.4385247516388637e-04
-4.9994808769036371e-04
-4.5605147324924742e-04
-4.1214903422273738e-04
-3.6824659520207504e-04
-3.2434415617727165e-04
