0.0000000000000000e+00
4.3902439023827479e-05
8.7802950709171148e-05
1.3170731707541747e-04
1.7560975593188170e-04
2.1951026744898978e-04
2.6340885179599146e-04
4.7416106055122231e-04
1.0291821926260388e-03
1.5939908668793528e-03
2.1694064363111136e-03
2.1255043518591528e-03
2.0816003399292964e-03
2.0376944003530247e-03
1.9937970339367777e-03
1.9498977404570905e-03
1.9059965197453146e-03
1.8620897168577207e-03
1.8181872778350069e-03
1.7742848388071926e-03
1.7303823997829122e-03
1.6864799607593088e-03
1.6425755942264661e-03
1.5986750827128881e-03
1.5547726438586951e-03
1.2991796944259678e-03
7.3917428008291053e-04
1.6951623818253021e-04
-4.0997245824962318e-04
-9.9946618245563986e-04
-1.5991444928588798e-03
-1.5552422049940596e-03
-1.5113418444559325e-03
-1.4674434110745445e-03
-1.4235348889845324e-03
-1.3796282947684336e-03
-1.3357236282568637e-03
-1.2918275719177674e-03
-1.2479251328922486e-03
-1.2040226938714843e-03
-1.1601202548467231e-03
-1.1162178158222720e-03
-1.0723173041371371e-03
-1.0284129377710562e-03
-9.8451049891523255e-04
-9.4060998739878168e-04
-8.9671140305223635e-04
-4.0404192510669676e-04
1.9011047270122913e-04
7.9433085288679070e-04
1.4081934447389040e-03
1.3642912701386609e-03
1.3203871680520971e-03
1.2764811383113163e-03
1.2325839519582572e-03
1.1886848385578908e-03
1.1447837979406215e-03
1.1008766348793574e-03
1.0569741958561087e-03
1.0130717568280355e-03
9.6916931780388572e-04
9.2526687877938162e-04
8.8136251224673072e-04
8.3746200073220333e-04
7.9355956187965922e-04
7.4965519551714534e-04
7.0574890147662877e-04
6.6185224464116246e-04
7.6813417940464122e-05
-5.3680064108662816e-04
-1.1600147945851503e-03
-1.1161124740670992e-03
-1.0722120808788855e-03
-1.0283136148496546e-03
-9.8440515823838164e-04
-9.4049862949503553e-04
-8.9659402845115367e-04
-8.5269784117202767e-04
-8.0879540214610240e-04
-7.6489296312460360e-04
-7.2099052410097976e-04
-6.7708808507646167e-04
-6.3318757339102998e-04
-5.8928320702546851e-04
-5.4538076816793642e-04
-5.0148025665066069e-04
-4.5758167230378256e-04
-4.1367345092118405e-04
-1.3038868122239484e-04
4.9007064980234713e-04
1.1198849151257339e-03
1.0759827144698828e-03
1.0320785863257116e-03
9.8817253052465182e-04
9.4427539617003532e-04
9.0037633477254978e-04
8.5647534616291928e-04
8.1256807909104746e-04
7.6866564006800497e-04
7.2476320103977056e-04
6.8086076201591742e-04
6.3695832299152726e-04
5.9305395645881185e-04
5.4915344494582555e-04
5.0525100609269511e-04
4.6134663973156163e-04
4.1744034569217610e-04
3.7354368885485168e-04
3.0305154784690503e-04
-3.2253192896358800e-04
-9.5728736281527893e-04
-9.1338502570254302e-04
-8.6948461592086749e-04
-8.2558613330048025e-04
-7.8167770997028324e-04
-7.3777121450403131e-04
-6.9386664673435575e-04
-6.4997039290270249e-04
-6.0606795387694429e-04
-5.6216551485537111e-04
-5.1826307583112570e-04
-4.7436063680702373e-04
-4.3046012512250456e-04
-3.8655575875660129e-04
-3.4265331989992583e-04
-2.9875280838234501e-04
-2.5485422403494603e-04
-2.1094600265197217e-04
-1.6703970911679443e-04
3.2924600148653594e-04
9.6747378335250846e-04
9.2362459753452745e-04
8.7977348888101784e-04
8.3592045722305855e-04
7.9191727915334611e-04
7.4801484013118616e-04
7.0411047359981429e-04
6.6020996208921681e-04
6.1630752323764502e-04
5.7240508403837002e-04
5.2850264501421254e-04
4.8460020598914416e-04
4.4069583945632282e-04
3.9679532794308152e-04
3.5289288909027920e-04
3.0898852272873514e-04
2.6508222868917440e-04
2.2118557185167240e-04
1.7728698801304662e-04
-1.9804873620046250e-04
-8.3968624170316049e-04
-7.9578380307682476e-04
-7.5188329178979237e-04
-7.0798470767173181e-04
-6.6407648740316339e-04
-6.2017019498118882e-04
-5.7626583023702460e-04
-5.3236917033572413e-04
-4.8846673131035115e-04
-4.4456429228930088e-04
-4.0066185326543744e-04
-3.5675941424075910e-04
-3.1285890255557217e-04
-2.6895453618997416e-04
-2.2505209733337693e-04
-1.8115158581564258e-04
-1.3725300146855883e-04
-9.3344780086758556e-05
-4.9438486551572500e-05
2.3009340507557438e-04
8.7422547359904633e-04
8.3032304891329897e-04
7.8641869672003289e-04
7.4251241684988216e-04
6.9861573049800831e-04
6.5471711714388473e-04
6.1081657661568947e-04
5.6690841341925128e-04
5.2300597439688089e-04
4.7910353536900671e-04
4.3520109634488045e-04
3.9129865732071565e-04
3.4739429078778014e-04
3.0349377927361683e-04
2.5959134042017560e-04
2.1568697405762967e-04
1.7178068001744457e-04
1.2788402318117222e-04
8.3985439343989144e-05
-1.1670774797494928e-04
-7.6336853318648081e-04
-7.1946610594794138e-04
-6.7556560604818466e-04
-6.3166703331758885e-04
-5.8775879031473658e-04
-5.4385247516148302e-04
-4.9994808768737381e-04
-4.5605147324773241e-04
-4.1214903422140896e-04
-3.6824659520102928e-04
-3.2434415617673041e-04
