0.0000000000000000e+00
0.0000000000000000e+00
0.0000000000000000e+00
0.0000000000000000e+00
0.0000000000000000e+00
0.0000000000000000e+00
0.0000000000000000e+00
3.3387569536701329e-04
1.3559254006883196e-03
2.3977384455087713e-03
3.4607647995662343e-03
3.4607647995662343e-03
3.4607647995662343e-03
3.4607647995662343e-03
3.4607647995662343e-03
3.4607647995662343e-03
3.4607647995662343e-03
3.4607647995662343e-03
3.4607647995662343e-03
3.4607647995662343e-03
3.4607647995662343e-03
3.4607647995662343e-03
3.4607647995662343e-03
3.4607647995662343e-03
3.4607647995662343e-03
3.8841458231657169e-03
4.9163517832968998e-03
5.9678632774852964e-03
7.0390357937233387e-03
8.1302183650439445e-03
9.2417701088268987e-03
9.2417701088268987e-03
9.2417701088268987e-03
9.2417701088268987e-03
9.2417701088268987e-03
9.2417701088268987e-03
9.2417701088268987e-03
9.2417701088268987e-03
9.2417701088268987e-03
9.2417701088268987e-03
9.2417701088268987e-03
9.2417701088268987e-03
9.2417701088268987e-03
9.2417701088268987e-03
9.2417701088268987e-03
9.2417701088268987e-03
9.2417701088268987e-03
1.0139292706820950e-02
1.1239852730864044e-02
1.2360429001780315e-02
1.3500349254129476e-02
1.3500349254129476e-02
1.3500349254129476e-02
1.3500349254129476e-02
1.3500349254129476e-02
1.3500349254129476e-02
1.3500349254129476e-02
1.3500349254129476e-02
1.3500349254129476e-02
1.3500349254129476e-02
1.3500349254129476e-02
1.3500349254129476e-02
1.3500349254129476e-02
1.3500349254129476e-02
1.3500349254129476e-02
1.3500349254129476e-02
1.3500349254129476e-02
1.3500349254129476e-02
1.4582622114080047e-02
1.5722047029955062e-02
1.6880668937936220e-02
1.6880668937936220e-02
1.6880668937936220e-02
1.6880668937936220e-02
1.6880668937936220e-02
1.6880668937936220e-02
1.6880668937936220e-02
1.6880668937936220e-02
1.6880668937936220e-02
1.6880668937936220e-02
1.6880668937936220e-02
1.6880668937936220e-02
1.6880668937936220e-02
1.6880668937936220e-02
1.6880668937936220e-02
1.6880668937936220e-02
1.6880668937936220e-02
1.6880668937936220e-02
1.7359433605107381e-02
1.8512547405443315e-02
1.9684371510166169e-02
1.9684371510166169e-02
1.9684371510166169e-02
1.9684371510166169e-02
1.9684371510166169e-02
1.9684371510166169e-02
1.9684371510166169e-02
1.9684371510166169e-02
1.9684371510166169e-02
1.9684371510166169e-02
1.9684371510166169e-02
1.9684371510166169e-02
1.9684371510166169e-02
1.9684371510166169e-02
1.9684371510166169e-02
1.9684371510166169e-02
1.9684371510166169e-02
1.9684371510166169e-02
1.9737552222917294e-02
2.0900913066533255e-02
2.2082619185865932e-02
2.2082619185865932e-02
2.2082619185865932e-02
2.2082619185865932e-02
2.2082619185865932e-02
2.2082619185865932e-02
2.2082619185865932e-02
2.2082619185865932e-02
2.2082619185865932e-02
2.2082619185865932e-02
2.2082619185865932e-02
2.2082619185865932e-02
2.2082619185865932e-02
2.2082619185865932e-02
2.2082619185865932e-02
2.2082619185865932e-02
2.2082619185865932e-02
2.2082619185865932e-02
2.2082619185865932e-02
2.2987393504301921e-02
2.4176150627555012e-02
2.4176150627555012e-02
2.4176150627555012e-02
2.4176150627555012e-02
2.4176150627555012e-02
2.4176150627555012e-02
2.4176150627555012e-02
2.4176150627555012e-02
2.4176150627555012e-02
2.4176150627555012e-02
2.4176150627555012e-02
2.4176150627555012e-02
2.4176150627555012e-02
2.4176150627555012e-02
2.4176150627555012e-02
2.4176150627555012e-02
2.4176150627555012e-02
2.4176150627555012e-02
2.4176150627555012e-02
2.4839009496603143e-02
2.6034479624110637e-02
2.6034479624110637e-02
2.6034479624110637e-02
2.6034479624110637e-02
2.6034479624110637e-02
2.6034479624110637e-02
2.6034479624110637e-02
2.6034479624110637e-02
2.6034479624110637e-02
2.6034479624110637e-02
2.6034479624110637e-02
2.6034479624110637e-02
2.6034479624110637e-02
2.6034479624110637e-02
2.6034479624110637e-02
2.6034479624110637e-02
2.6034479624110637e-02
2.6034479624110637e-02
2.6034479624110637e-02
2.6505746243015039e-02
2.7706205523328878e-02
2.7706205523328878e-02
2.7706205523328878e-02
2.7706205523328878e-02
2.7706205523328878e-02
2.7706205523328878e-02
2.7706205523328878e-02
2.7706205523328878e-02
2.7706205523328878e-02
2.7706205523328878e-02
2.7706205523328878e-02
2.7706205523328878e-02
2.7706205523328878e-02
2.7706205523328878e-02
2.7706205523328878e-02
2.7706205523328878e-02
2.7706205523328878e-02
2.7706205523328878e-02
2.7706205523328878e-02
2.8019818581226888e-02
2.9225296028371799e-02
2.9225296028371799e-02
2.9225296028371799e-02
2.9225296028371799e-02
2.9225296028371799e-02
2.9225296028371799e-02
2.9225296028371799e-02
2.9225296028371799e-02
2.9225296028371799e-02
2.9225296028371799e-02
2.9225296028371799e-02
