0.0000000000000000e+00
-3.0000000000193779e+01
-6.0006366698831265e+01
-9.0000000000320398e+01
-1.1999999831054478e+02
-1.5000636331852201e+02
-1.8001909671530154e+02
-2.0999503387254575e+02
-2.3999999881202888e+02
-2.6999998170140333e+02
-2.9999998033242525e+02
-2.7000000024613001e+02
-2.4000638513119856e+02
-2.1001913329813249e+02
-1.8000000000144314e+02
-1.4998723685723732e+02
-1.1998084217415993e+02
-9.0000000000587278e+01
-6.0000000000845567e+01
-3.0000000000030617e+01
-3.0662914894142185e-11
3.0000000000217014e+01
5.9993634991242644e+01
8.9999999999908965e+01
1.1999999831041781e+02
1.4999999862118582e+02
1.7999999427988874e+02
2.0999986469451039e+02
2.3999986121762529e+02
2.6999985782297318e+02
2.9999985425859251e+02
2.6999999968677616e+02
2.3999377847213771e+02
2.0998118892472999e+02
1.7999999999882940e+02
1.5001244933277033e+02
1.2001853523794883e+02
8.9999999999777586e+01
5.9999999999239314e+01
2.9999999999550589e+01
-4.2760476991768193e-10
-3.0000000000287592e+01
-6.0006366698808854e+01
-9.0000000000183292e+01
-1.1999999831053321e+02
-1.5000636331899136e+02
-1.8001909671609965e+02
-2.0999999847998473e+02
-2.3999952744687917e+02
-2.6999998958051640e+02
-2.9999999119058015e+02
-2.7000000031933797e+02
-2.4000637443078884e+02
-2.1001911183563237e+02
-1.8000000000133321e+02
-1.4998725829712873e+02
-1.1998088503127363e+02
-9.0000000000383039e+01
-6.0000000000662240e+01
-2.9999999999909043e+01
1.5900066938625510e-10
3.0000000000208665e+01
5.9993634991319034e+01
8.9999999999768164e+01
1.1999999831027310e+02
1.4999363161196555e+02
1.7998090159428560e+02
2.0999999999801119e+02
2.3999995500994888e+02
2.6999898623504947e+02
2.9999987480819294e+02
2.6999999963240487e+02
2.3999375780512707e+02
2.0998114763606742e+02
1.7999999999849251e+02
1.5001249063834072e+02
1.2001861786757546e+02
8.9999999999711974e+01
5.9999999999369237e+01
2.9999999999985725e+01
-3.4895905423132919e-11
-3.0000000000040757e+01
-6.0006366698454585e+01
-9.0000000000322487e+01
-1.1999999831040392e+02
-1.5000636331860017e+02
-1.8001909671572272e+02
-2.1000000000109935e+02
-2.3999999993848061e+02
-2.6999999981539526e+02
-2.9999999415573717e+02
-2.7000000035398284e+02
-2.4000637153803615e+02
-2.1001910601910629e+02
-1.8000000000156865e+02
-1.4998726410761066e+02
-1.1998089664602601e+02
-9.0000000000418083e+01
-6.0000000000573962e+01
-2.9999999999789544e+01
2.4177798279970840e-10
3.0000000000475673e+01
5.9993634991699025e+01
9.0000000000216033e+01
1.1999999831057872e+02
1.4999363161249175e+02
1.7998090159514243e+02
2.0999999999926141e+02
2.3999917307229984e+02
2.6999995546740496e+02
2.9999988729939639e+02
2.6999999960559273e+02
2.3999374525498092e+02
2.0998112255727165e+02
1.7999999999918589e+02
1.5001251572931682e+02
1.2001866805894780e+02
9.0000000000496726e+01
6.0000000000016826e+01
3.0000000000634245e+01
5.6650503374816446e-10
-2.9999999999407574e+01
-6.0006366698098830e+01
-8.9999999999502393e+01
-1.1999999830957695e+02
-1.5000636331782664e+02
-1.8001909671471719e+02
-2.1000000000008862e+02
-2.3998726491548598e+02
-2.6999999965231927e+02
-3.0000079580675185e+02
-2.7000000037159640e+02
-2.4000556538726312e+02
-2.1001748916639937e+02
-1.8000000002081833e+02
-1.5000000000447852e+02
-1.2000636499674583e+02
-8.9999999998821693e+01
-6.0000001699307312e+01
-2.9999999998678838e+01
1.4251092038030989e-09
3.0000000001066013e+01
5.9993634992426628e+01
9.0000000000773468e+01
1.1999999831125191e+02
1.4999363161294966e+02
1.7998090159535536e+02
2.0999999999960031e+02
2.4001272832549091e+02
2.6999999459271640e+02
2.9999999777791891e+02
2.6999999958756837e+02
2.3999363469913609e+02
2.0998090142259883e+02
1.7999999999912200e+02
1.5001273694650308e+02
1.2001911057653402e+02
9.0000000000129091e+01
5.9999999999808075e+01
3.0000000000424848e+01
1.6949002171297882e-10
-2.9999999999757254e+01
-6.0006366698329465e+01
-9.0000000000157286e+01
-1.1999999831028695e+02
-1.5000636331873056e+02
-1.8001909671588146e+02
-2.1000000000147401e+02
-2.3998726491691278e+02
-2.6999999998289400e+02
-2.9999999996092441e+02
-2.7000000038682265e+02
-2.4000636582009403e+02
-2.1001909457191041e+02
-1.8000000000152329e+02
-1.4998727551052934e+02
-1.1998091940845826e+02
-9.0000000000243844e+01
-6.0000000000442824e+01
-3.0000000000034316e+01
9.7556709966678604e-11
3.0000000000180009e+01
5.9993634991456901e+01
9.0000000000007859e+01
1.1999999831039058e+02
1.4999363161221504e+02
1.7998090159459582e+02
2.0999999999868953e+02
2.4001272832443840e+02
2.6997225648004047e+02
2.9999998325484069e+02
2.6999999957543241e+02
2.3999364920260422e+02
2.0998093044685996e+02
1.7999999999848305e+02
1.5001270791029950e+02
1.2001905249437254e+02
8.9999999999864968e+01
5.9999999999713118e+01
3.0000000000040735e+01
2.5303445726399302e-10
