0.0000000000000000e+00
-2.2853361040538813e-10
-3.2930203671517775e-03
5.1754209116590214e-10
6.7546297874344600e-07
-3.2916693156409319e-03
-9.8777092231865128e-03
-2.5359319934584804e-02
-5.3226779069982817e-06
-8.2092567651559614e-05
-9.5159151495409630e-05
1.4546343147466886e-07
-3.1968705198522260e-03
-9.6855322623818334e-03
1.6401666631956962e-09
6.3911158328096010e-03
9.4884857572977103e-03
1.5623884940883652e-10
5.4188841715446154e-10
-9.8452127235432508e-11
-1.0132829361837367e-10
1.8204832499039570e-10
-3.2923454218199877e-03
6.8106440377993217e-10
-6.7350298830308366e-07
-1.3278825336090475e-07
-6.0315528031781670e-07
-1.3904504527217392e-05
-1.5186300024329223e-05
-1.6501028670231377e-05
-1.7878451202194118e-05
1.7974450081709731e-07
-3.2747546761996852e-03
-9.8433561444576292e-03
1.9653960514960887e-09
6.5523084073526253e-03
9.8128890731973492e-03
5.1595370427205213e-10
6.4531827718244643e-10
-2.7610992275450880e-10
-2.0798339305926243e-10
-8.5341784699725737e-11
-3.2930202239632180e-03
6.9739424137194995e-10
6.7553745840406888e-07
-3.2916696639409991e-03
-9.8777097825136287e-03
-1.1773627359080527e-05
-8.6112076738615560e-03
-8.0452002593739535e-05
-7.3336502473094305e-05
1.8969240652113103e-07
-3.2186119240030070e-03
-9.7290666581291811e-03
1.7484891860511189e-09
6.4346648077927941e-03
9.5755979730112756e-03
4.3780230457517824e-10
6.8892375243677450e-10
5.5927987154962351e-11
1.4605859998953229e-10
1.3829682091849980e-10
-3.2923453845200945e-03
4.5311311018281146e-10
-6.7340654193165915e-07
-3.2936931482151232e-03
-9.8783840557513380e-03
1.3413972578137605e-09
-6.8916278718168424e-06
-1.7668568484184485e-04
-1.8581593375205790e-05
2.0900373486394732e-07
-3.2739975252404031e-03
-9.8418757370546742e-03
1.4985458984153867e-09
6.5508362768190963e-03
9.8099546192689391e-03
1.7734670132744678e-10
4.9436281841127658e-10
-1.3526118968698716e-10
-2.9920449124417374e-10
-2.8425921167803524e-10
-3.2930203285565021e-03
1.6105961265543571e-10
6.7551862017882361e-07
-3.2916693307096382e-03
-9.8777093907522675e-03
1.8693938148613794e-09
-8.2378512641064676e-07
-3.1630370216470768e-06
-6.6941556844555595e-05
2.0996351421137381e-07
-3.2249682291483183e-03
-9.7418019529674771e-03
1.7692542254462856e-09
6.4474042369242219e-03
9.6010807253288054e-03
5.5928643359628751e-10
9.4341827630545738e-10
1.6004702201334132e-10
2.8435735522148313e-10
4.2366363307227008e-10
-3.2923451038946567e-03
1.1439042474916222e-09
-6.7281777507464058e-07
-3.2936921954880905e-03
-9.8783826283475838e-03
2.5448138115197763e-09
-1.6275133406117921e-04
-7.8327450304322406e-06
-1.8059095935559512e-05
2.2651948639218674e-07
-3.2744877083504698e-03
-9.8428764961875428e-03
2.4757894942910608e-09
6.5518447290832445e-03
9.8119757211324390e-03
1.4216426499239297e-09
1.6622926861067856e-09
1.0241380802458022e-09
9.9294231939930194e-10
9.7360710976849082e-10
-3.2930194511116904e-03
1.3894533250204996e-09
6.7656629204477345e-07
-3.2916682985710453e-03
-9.8777081928184442e-03
3.1823087669909184e-09
6.5867176930282257e-03
-9.5496318500242770e-06
-1.5936259923431628e-02
2.2277918574840030e-07
1.2647681828691106e-02
2.2006790957527580e-02
-9.8715586062145308e-09
-2.3134410372326448e-09
-3.2923403178745183e-03
2.0397673162994242e-09
-6.7610003856649066e-07
1.4503232592842609e-09
1.6177181659788203e-09
1.2234601474678941e-09
-3.2923442706014865e-03
1.7628055349137030e-09
-6.7204998287163886e-07
-3.2936916088426517e-03
-9.8783822125018215e-03
2.9765810710160484e-09
6.5840186727144333e-03
-9.9037166130288467e-07
-4.2321959591762813e-07
2.3580118880169990e-07
-3.2921251429305705e-03
-9.8781805798851784e-03
2.2645707164129599e-09
6.5871889190274790e-03
9.8827053258587812e-03
1.0165177536249638e-09
1.1779554324686858e-09
4.2045096440349048e-10
1.9445088080598814e-10
2.7439306319514456e-10
-3.2930199131413684e-03
6.4292196925940325e-10
6.7583363474679590e-07
-3.2916690462067547e-03
-9.8777090449124142e-03
1.8177632841388675e-09
6.5867161659570947e-03
-6.7523662330246232e-07
-3.7871421888289139e-06
2.2948804362255362e-07
-3.2880984647378382e-03
-9.8680969063788607e-03
1.6969521633532646e-09
6.5737298559980315e-03
9.8537618341630988e-03
6.8896490447892129e-10
1.1564462448655740e-09
2.5463102175692916e-10
3.7889852677776530e-10
4.6672769261012122e-10
-3.2923450880606832e-03
8.8430571785173345e-10
-6.7312168548723543e-07
-3.2936927956583152e-03
-9.8783835564024355e-03
1.9154370266974673e-09
6.5840178598564137e-03
-6.1395810330283750e-03
-3.3004939032651192e-06
2.4252117147384181e-07
-3.2892323743663457e-03
-9.8723994622644806e-03
2.0559990362913537e-09
6.5814019906522379e-03
9.8711268184640301e-03
8.8777424876064536e-10
1.4246852819789784e-09
4.2495616283458087e-10
5.1962369151627780e-10
