2.0000000000000020e+02
2.0000000000000020e+02
2.0000000000000020e+02
2.0000000000000020e+02
2.0000000000000020e+02
2.0000000000000020e+02
2.0000000000000020e+02
2.0198332235270067e+02
2.0781341123089265e+02
2.1339947488292563e+02
2.1875053000792457e+02
2.1875053000792457e+02
2.1875053000792457e+02
2.1875053000792457e+02
2.1875053000792457e+02
2.1875053000792457e+02
2.1875053000792457e+02
2.1875053000792457e+02
2.1875053000792457e+02
2.1875053000792457e+02
2.1875053000792457e+02
2.1875053000792457e+02
2.1875053000792457e+02
2.1875053000792457e+02
2.1875053000792457e+02
2.2078850425378755e+02
2.2554543459643040e+02
2.3009771142960162e+02
2.3444902800723469e+02
2.3860323883012680e+02
2.4256441956693450e+02
2.4256441956693450e+02
2.4256441956693450e+02
2.4256441956693450e+02
2.4256441956693450e+02
2.4256441956693450e+02
2.4256441956693450e+02
2.4256441956693450e+02
2.4256441956693450e+02
2.4256441956693450e+02
2.4256441956693450e+02
2.4256441956693450e+02
2.4256441956693450e+02
2.4256441956693450e+02
2.4256441956693450e+02
2.4256441956693450e+02
2.4256441956693450e+02
2.4557559777597851e+02
2.4905334921719449e+02
2.5236611175350868e+02
2.5551512557903868e+02
2.5551512557903868e+02
2.5551512557903868e+02
2.5551512557903868e+02
2.5551512557903868e+02
2.5551512557903868e+02
2.5551512557903868e+02
2.5551512557903868e+02
2.5551512557903868e+02
2.5551512557903868e+02
2.5551512557903868e+02
2.5551512557903868e+02
2.5551512557903868e+02
2.5551512557903868e+02
2.5551512557903868e+02
2.5551512557903868e+02
2.5551512557903868e+02
2.5551512557903868e+02
2.5831201911242738e+02
2.6106679972247787e+02
2.6368139843912627e+02
2.6368139843912627e+02
2.6368139843912627e+02
2.6368139843912627e+02
2.6368139843912627e+02
2.6368139843912627e+02
2.6368139843912627e+02
2.6368139843912627e+02
2.6368139843912627e+02
2.6368139843912627e+02
2.6368139843912627e+02
2.6368139843912627e+02
2.6368139843912627e+02
2.6368139843912627e+02
2.6368139843912627e+02
2.6368139843912627e+02
2.6368139843912627e+02
2.6368139843912627e+02
2.6470984006555295e+02
2.6706890521495490e+02
2.6930475074028158e+02
2.6930475074028158e+02
2.6930475074028158e+02
2.6930475074028158e+02
2.6930475074028158e+02
2.6930475074028158e+02
2.6930475074028158e+02
2.6930475074028158e+02
2.6930475074028158e+02
2.6930475074028158e+02
2.6930475074028158e+02
2.6930475074028158e+02
2.6930475074028158e+02
2.6930475074028158e+02
2.6930475074028158e+02
2.6930475074028158e+02
2.6930475074028158e+02
2.6930475074028158e+02
2.6940253835887796e+02
2.7146545661320494e+02
2.7341856513164583e+02
2.7341856513164583e+02
2.7341856513164583e+02
2.7341856513164583e+02
2.7341856513164583e+02
2.7341856513164583e+02
2.7341856513164583e+02
2.7341856513164583e+02
2.7341856513164583e+02
2.7341856513164583e+02
2.7341856513164583e+02
2.7341856513164583e+02
2.7341856513164583e+02
2.7341856513164583e+02
2.7341856513164583e+02
2.7341856513164583e+02
2.7341856513164583e+02
2.7341856513164583e+02
2.7341856513164583e+02
2.7482310835180385e+02
2.7655631532622988e+02
2.7655631532622988e+02
2.7655631532622988e+02
2.7655631532622988e+02
2.7655631532622988e+02
2.7655631532622988e+02
2.7655631532622988e+02
2.7655631532622988e+02
2.7655631532622988e+02
2.7655631532622988e+02
2.7655631532622988e+02
2.7655631532622988e+02
2.7655631532622988e+02
2.7655631532622988e+02
2.7655631532622988e+02
2.7655631532622988e+02
2.7655631532622988e+02
2.7655631532622988e+02
2.7655631532622988e+02
2.7747040865111728e+02
2.7902982041996012e+02
2.7902982041996012e+02
2.7902982041996012e+02
2.7902982041996012e+02
2.7902982041996012e+02
2.7902982041996012e+02
2.7902982041996012e+02
2.7902982041996012e+02
2.7902982041996012e+02
2.7902982041996012e+02
2.7902982041996012e+02
2.7902982041996012e+02
2.7902982041996012e+02
2.7902982041996012e+02
2.7902982041996012e+02
2.7902982041996012e+02
2.7902982041996012e+02
2.7902982041996012e+02
2.7902982041996012e+02
2.7961446845142331e+02
2.8103115579472080e+02
2.8103115579472080e+02
2.8103115579472080e+02
2.8103115579472080e+02
2.8103115579472080e+02
2.8103115579472080e+02
2.8103115579472080e+02
2.8103115579472080e+02
2.8103115579472080e+02
2.8103115579472080e+02
2.8103115579472080e+02
2.8103115579472080e+02
2.8103115579472080e+02
2.8103115579472080e+02
2.8103115579472080e+02
2.8103115579472080e+02
2.8103115579472080e+02
2.8103115579472080e+02
2.8103115579472080e+02
2.8138475123139091e+02
2.8268362779367015e+02
2.8268362779367015e+02
2.8268362779367015e+02
2.8268362779367015e+02
2.8268362779367015e+02
2.8268362779367015e+02
2.8268362779367015e+02
2.8268362779367015e+02
2.8268362779367015e+02
2.8268362779367015e+02
2.8268362779367015e+02
