0.0000000000000000e+00
-1.8340564644258472e-10
-3.2930203535822336e-03
4.5392811636290846e-10
6.7533783615857425e-07
-3.2916693905807436e-03
-9.8777093169620592e-03
-2.5359320022609357e-02
-5.3226895973670627e-06
-8.2092538221988095e-05
-9.5159061833833560e-05
1.4551045397634511e-07
-3.1968705239271734e-03
-9.6855321936218236e-03
1.7590720285461018e-09
6.3911159207181946e-03
9.4884857405203634e-03
-6.3739256925528679e-12
3.7677706497139182e-10
-2.1588312598727751e-10
-1.4843807650038746e-10
6.4385859467559942e-11
-3.2923455053832764e-03
5.6918768732003979e-10
-6.7357053816842536e-07
-1.3275503896333455e-07
-6.0314320904492920e-07
-1.3904528952199723e-05
-1.5186308907982608e-05
-1.6501076940685577e-05
-1.7878427469638704e-05
1.7976070934618914e-07
-3.2747547295056928e-03
-9.8433561712859274e-03
1.8511791451176249e-09
6.5523084547809540e-03
9.8128892784387026e-03
5.2104740428007162e-10
7.0189429501366559e-10
-1.8501751141484453e-10
-2.0190782084783160e-10
-6.2594536572945910e-11
-3.2930201830856740e-03
7.9235664076646583e-10
6.7576277364056042e-07
-3.2916693286459140e-03
-9.8777093434010074e-03
-1.1773418710627589e-05
-8.6112075389262847e-03
-8.0451967021009376e-05
-7.3336491837952680e-05
1.8973450729069584e-07
-3.2186118599686815e-03
-9.7290665456114516e-03
1.8687477092314240e-09
6.4346647767102392e-03
9.5755979105766990e-03
5.2850400516813360e-10
8.7280795015002055e-10
3.0186167747227400e-10
3.9969544501517758e-10
5.4162919782799625e-10
-3.2923450746943227e-03
8.7792687691071827e-10
-6.7301306821626564e-07
-3.2936927398002488e-03
-9.8783835892718858e-03
1.6213676605620033e-09
-6.8914526705565096e-06
-1.7668558300259156e-04
-1.8581487113472101e-05
2.0900981585822941e-07
-3.2739974788981168e-03
-9.8418756876130220e-03
1.5428450736489576e-09
6.5508365175623055e-03
9.8099551022870178e-03
6.2597312390314095e-10
9.6358265835376888e-10
2.5982251939140615e-10
2.1980258389988131e-10
1.4995826934649528e-10
-3.2930199694973009e-03
4.2866592081532794e-10
6.7574224125294391e-07
-3.2916691278496637e-03
-9.8777092131987071e-03
2.1268806762610598e-09
-8.2349596841020071e-07
-3.1628767579863077e-06
-6.6941507033203463e-05
2.1007244189561366e-07
-3.2249682378590241e-03
-9.7418021006885971e-03
1.8000496175763010e-09
6.4474043604762126e-03
9.6010809504724036e-03
6.0009907239772695e-10
1.0633547985631233e-09
4.4356125616859814e-10
4.3293065080299336e-10
6.3289796048924266e-10
-3.2923448924541110e-03
1.3609763769221397e-09
-6.7274297125259502e-07
-3.2936921944515924e-03
-9.8783826918250901e-03
2.5602587930957555e-09
-1.6275138889653362e-04
-7.8327280996165197e-06
-1.8059121716715843e-05
2.2642518282180305e-07
-3.2744877810657793e-03
-9.8428765893765983e-03
2.2838543547619868e-09
6.5518445287860525e-03
9.8119755144046566e-03
1.2798144689724508e-09
1.6539607713577130e-09
8.6202428028867034e-10
8.7088276371929322e-10
9.4495729850349956e-10
-3.2930195355088160e-03
1.3299465245358672e-09
6.7654605994712260e-07
-3.2916684574469178e-03
-9.8777085303764396e-03
3.0309074172899970e-09
6.5867177591126848e-03
-9.5496578963470192e-06
-1.5936259827397724e-02
2.2279113794933462e-07
1.2647681813335863e-02
2.2006790948762737e-02
-9.8044794664770005e-09
-2.3262944266430946e-09
-3.2923402294689724e-03
1.9689564252754481e-09
-6.7614672878221679e-07
1.4046732972107888e-09
1.5170957983565381e-09
1.1990321316623709e-09
-3.2923442335047377e-03
1.6743618815624398e-09
-6.7213700410173921e-07
-3.2936920339953503e-03
-9.8783827154657906e-03
2.7044255749609879e-09
6.5840186845744723e-03
-9.9059558327088331e-07
-4.2326936841693708e-07
2.3581467449800371e-07
-3.2921251198089066e-03
-9.8781805995327848e-03
2.1761438375106980e-09
6.5871887072304486e-03
9.8827048886347135e-03
1.0570173078608238e-09
1.2079815570790972e-09
4.1672354469551529e-10
2.4943847314820746e-10
2.4429703011319670e-10
-3.2930200627340990e-03
4.7457881847320910e-10
6.7581836619519872e-07
-3.2916691387803823e-03
-9.8777090878716355e-03
1.7465693284997963e-09
6.5867159625139227e-03
-6.7537955563466377e-07
-3.7872715010663887e-06
2.2926763733843187e-07
-3.2880986196626204e-03
-9.8680970102928370e-03
1.7058923299086214e-09
6.5737298219970246e-03
9.8537617973043293e-03
6.3035994557975212e-10
1.0181607362393413e-09
1.1285248302728870e-10
1.2658687546341908e-10
2.3947819838791383e-10
-3.2923453076089456e-03
6.9219952361491915e-10
-6.7332842145306125e-07
-3.2936930136174460e-03
-9.8783838553786404e-03
1.6285378679793670e-09
6.5840176836415723e-03
-6.1395812672084635e-03
-3.3006407194240046e-06
2.4251313739796495e-07
-3.2892324127074312e-03
-9.8723995050489389e-03
1.9849064498810870e-09
6.5814018622085881e-03
9.8711265960612516e-03
8.9318483043900990e-10
1.4536747998000209e-09
4.9975999623504829e-10
6.5530086398246324e-10
