0.0000000000000000e+00
2.9999999999987818e+01
6.0003073678470926e+01
9.0000000000806153e+01
1.1999999898594511e+02
1.5000307164916887e+02
1.8000921900603146e+02
2.0996967455256726e+02
2.3999999348934514e+02
2.6999989960885040e+02
2.9999988517331872e+02
2.7000000039161711e+02
2.4000318826067678e+02
2.1000944776590450e+02
1.8000000000314282e+02
1.4999362797311414e+02
1.1999033065990888e+02
9.0000000000662240e+01
6.0000000001304876e+01
2.9999999999873459e+01
-7.9588363046981001e-11
3.0000000000093799e+01
5.9996927336706243e+01
8.9999999999283858e+01
1.1999999898395464e+02
1.4999999875395741e+02
1.7999999488303797e+02
2.0999987859902737e+02
2.3999987640392990e+02
2.6999987432402588e+02
2.9999987213703184e+02
2.6999999950702363e+02
2.3999705322684065e+02
2.0999103228088794e+02
1.7999999999692128e+02
1.5000589702433925e+02
1.2000872234877309e+02
8.9999999999259103e+01
5.9999999998565713e+01
2.9999999999781160e+01
1.3911668684292141e-10
3.0000000000213625e+01
6.0003073678605325e+01
9.0000000000928225e+01
1.1999999898618333e+02
1.5000307164949501e+02
1.8000921900653674e+02
2.0999998670646175e+02
2.3999091623927276e+02
2.6999990912853156e+02
2.9999991785408292e+02
2.7000000050905152e+02
2.4000315581889686e+02
2.1000938276903057e+02
1.8000000000314185e+02
1.4999369296192106e+02
1.1999046062921545e+02
9.0000000000866152e+01
6.0000000001443084e+01
3.0000000000087940e+01
2.4547463784418190e-10
2.9999999999868713e+01
5.9996927336548637e+01
8.9999999999102741e+01
1.1999999898348290e+02
1.4999692530490958e+02
1.7999077997810804e+02
2.0999999999652991e+02
2.3999996190148926e+02
2.6999916292068332e+02
2.9999989338973330e+02
2.6999999942339809e+02
2.3999703180262921e+02
2.0999098951177970e+02
1.7999999999697189e+02
1.5000593980194350e+02
1.2000880791271467e+02
8.9999999999310361e+01
5.9999999998640270e+01
2.9999999999923418e+01
4.3956586720388331e-10
2.9999999999973618e+01
6.0003073678305554e+01
9.0000000000617362e+01
1.1999999898603438e+02
1.5000307164937092e+02
1.8000921900642072e+02
2.1000000000309760e+02
2.3999999911483999e+02
2.6999999665243843e+02
2.9999992721420534e+02
2.7000000056400097e+02
2.4000314656980265e+02
2.1000936421707956e+02
1.8000000000335339e+02
1.4999371151190928e+02
1.1999049772686384e+02
9.0000000000997858e+01
6.0000000001577348e+01
3.0000000000091369e+01
2.5081921346595890e-10
2.9999999999947395e+01
5.9996927336697190e+01
8.9999999998963602e+01
1.1999999898335906e+02
1.4999692530468667e+02
1.7999077997780253e+02
2.0999999999670888e+02
2.3999933582366131e+02
2.6999996330014153e+02
2.9999990535850515e+02
2.6999999937912025e+02
2.3999701974272574e+02
2.0999096543381455e+02
1.7999999999680608e+02
1.5000596388468784e+02
1.2000885608333002e+02
8.9999999999145956e+01
5.9999999998358703e+01
2.9999999999691166e+01
3.6577885249240515e-10
3.0000000000366853e+01
6.0003073678605496e+01
9.0000000000862059e+01
1.1999999898613322e+02
1.5000307164944866e+02
1.8000921900635564e+02
2.1000000000319531e+02
2.3999385163321210e+02
2.6999999010267425e+02
2.9998485954687658e+02
2.7000000059438139e+02
2.4001821306908408e+02
2.1003949595735250e+02
1.8000000001098016e+02
1.5000000000215874e+02
1.2000307265647217e+02
9.0000000000826049e+01
6.0000001023183934e+01
3.0000000000106315e+01
2.5775230918103812e-10
2.9999999999854793e+01
5.9996927336678667e+01
8.9999999999054921e+01
1.1999999898334546e+02
1.4999692530477108e+02
1.7999077997781924e+02
2.0999999999675987e+02
2.4000614430681225e+02
2.6999999558320002e+02
2.9999999820116346e+02
2.6999999935176055e+02
2.3999692682426752e+02
2.0999077960318860e+02
1.7999999999690164e+02
1.5000614975768994e+02
1.2000922787142676e+02
8.9999999999092296e+01
5.9999999998615095e+01
3.0000000000006253e+01
4.2693592610046402e-11
3.0000000000016570e+01
6.0003073678341558e+01
9.0000000000716071e+01
1.1999999898611286e+02
1.5000307164963809e+02
1.8000921900681507e+02
2.1000000000325625e+02
2.3999385163297700e+02
2.6999999930758588e+02
2.9999999617371748e+02
2.7000000061620057e+02
2.4000307772155188e+02
2.1000922647495199e+02
1.8000000000322470e+02
1.4999384924036832e+02
1.1999077317027391e+02
9.0000000000903498e+01
6.0000000001530125e+01
3.0000000000218058e+01
2.1845920266158968e-10
2.9999999999826898e+01
5.9996927336654721e+01
8.9999999999219597e+01
1.1999999898361558e+02
1.4999692530511973e+02
1.7999077997830173e+02
2.0999999999691761e+02
2.4000614430666650e+02
2.6997839606119055e+02
2.9999998655540810e+02
2.6999999933291514e+02
2.3999693843499773e+02
2.0999080284634348e+02
1.7999999999646258e+02
1.5000612650837311e+02
1.2000918136766529e+02
8.9999999998974502e+01
5.9999999998273928e+01
2.9999999999578389e+01
2.6058155954310396e-10
