0.0000000000000000e+00
0.0000000000000000e+00
0.0000000000000000e+00
0.0000000000000000e+00
0.0000000000000000e+00
0.0000000000000000e+00
0.0000000000000000e+00
8.5516706673431763e+03
3.7282207575642555e+04
7.0473415496015848e+04
1.0832260303383232e+05
1.0832260303383232e+05
1.0832260303383232e+05
1.0832260303383232e+05
1.0832260303383232e+05
1.0832260303383232e+05
1.0832260303383232e+05
1.0832260303383232e+05
1.0832260303383232e+05
1.0832260303383232e+05
1.0832260303383232e+05
1.0832260303383232e+05
1.0832260303383232e+05
1.0832260303383232e+05
1.0832260303383232e+05
1.1593227577498571e+05
1.3722843516747290e+05
1.6286883123697605e+05
1.9300882993135494e+05
2.2780762749412595e+05
2.6742872882814112e+05
2.6742872882814112e+05
2.6742872882814112e+05
2.6742872882814112e+05
2.6742872882814112e+05
2.6742872882814112e+05
2.6742872882814112e+05
2.6742872882814112e+05
2.6742872882814112e+05
2.6742872882814112e+05
2.6742872882814112e+05
2.6742872882814112e+05
2.6742872882814112e+05
2.6742872882814112e+05
2.6742872882814112e+05
2.6742872882814112e+05
2.6742872882814112e+05
2.8958507820850995e+05
3.2052405629060988e+05
3.5622395302306407e+05
3.9681096052307554e+05
3.9681096052307554e+05
3.9681096052307554e+05
3.9681096052307554e+05
3.9681096052307554e+05
3.9681096052307554e+05
3.9681096052307554e+05
3.9681096052307554e+05
3.9681096052307554e+05
3.9681096052307554e+05
3.9681096052307554e+05
3.9681096052307554e+05
3.9681096052307554e+05
3.9681096052307554e+05
3.9681096052307554e+05
3.9681096052307554e+05
3.9681096052307554e+05
3.9681096052307554e+05
4.2733303034929943e+05
4.6367027520571940e+05
5.0496913569547015e+05
5.0496913569547015e+05
5.0496913569547015e+05
5.0496913569547015e+05
5.0496913569547015e+05
5.0496913569547015e+05
5.0496913569547015e+05
5.0496913569547015e+05
5.0496913569547015e+05
5.0496913569547015e+05
5.0496913569547015e+05
5.0496913569547015e+05
5.0496913569547015e+05
5.0496913569547015e+05
5.0496913569547015e+05
5.0496913569547015e+05
5.0496913569547015e+05
5.0496913569547015e+05
5.1894778909896233e+05
5.5568494439141650e+05
5.9740789976490114e+05
5.9740789976490114e+05
5.9740789976490114e+05
5.9740789976490114e+05
5.9740789976490114e+05
5.9740789976490114e+05
5.9740789976490114e+05
5.9740789976490114e+05
5.9740789976490114e+05
5.9740789976490114e+05
5.9740789976490114e+05
5.9740789976490114e+05
5.9740789976490114e+05
5.9740789976490114e+05
5.9740789976490114e+05
5.9740789976490114e+05
5.9740789976490114e+05
5.9740789976490114e+05
5.9899939613685210e+05
6.3609999110159290e+05
6.7822174405359768e+05
6.7822174405359768e+05
6.7822174405359768e+05
6.7822174405359768e+05
6.7822174405359768e+05
6.7822174405359768e+05
6.7822174405359768e+05
6.7822174405359768e+05
6.7822174405359768e+05
6.7822174405359768e+05
6.7822174405359768e+05
6.7822174405359768e+05
6.7822174405359768e+05
6.7822174405359768e+05
6.7822174405359768e+05
6.7822174405359768e+05
6.7822174405359768e+05
6.7822174405359768e+05
6.7822174405359768e+05
7.0743348313157924e+05
7.4975822018138703e+05
7.4975822018138703e+05
7.4975822018138703e+05
7.4975822018138703e+05
7.4975822018138703e+05
7.4975822018138703e+05
7.4975822018138703e+05
7.4975822018138703e+05
7.4975822018138703e+05
7.4975822018138703e+05
7.4975822018138703e+05
7.4975822018138703e+05
7.4975822018138703e+05
7.4975822018138703e+05
7.4975822018138703e+05
7.4975822018138703e+05
7.4975822018138703e+05
7.4975822018138703e+05
7.4975822018138703e+05
7.7144151974605036e+05
8.1405389824914944e+05
8.1405389824914944e+05
8.1405389824914944e+05
8.1405389824914944e+05
8.1405389824914944e+05
8.1405389824914944e+05
8.1405389824914944e+05
8.1405389824914944e+05
8.1405389824914944e+05
8.1405389824914944e+05
8.1405389824914944e+05
8.1405389824914944e+05
8.1405389824914944e+05
8.1405389824914944e+05
8.1405389824914944e+05
8.1405389824914944e+05
8.1405389824914944e+05
8.1405389824914944e+05
8.1405389824914944e+05
8.2959970656189800e+05
8.7234222660178610e+05
8.7234222660178610e+05
8.7234222660178610e+05
8.7234222660178610e+05
8.7234222660178610e+05
8.7234222660178610e+05
8.7234222660178610e+05
8.7234222660178610e+05
8.7234222660178610e+05
8.7234222660178610e+05
8.7234222660178610e+05
8.7234222660178610e+05
8.7234222660178610e+05
8.7234222660178610e+05
8.7234222660178610e+05
8.7234222660178610e+05
8.7234222660178610e+05
8.7234222660178610e+05
8.7234222660178610e+05
8.8277585322124895e+05
9.2574331065813557e+05
9.2574331065813557e+05
9.2574331065813557e+05
9.2574331065813557e+05
9.2574331065813557e+05
9.2574331065813557e+05
9.2574331065813557e+05
9.2574331065813557e+05
9.2574331065813557e+05
9.2574331065813557e+05
9.2574331065813557e+05
