0.0000000000000000e+00
-4.6829268293035075e-05
-9.3660729668072919e-05
-1.4048780487506182e-04
-1.8731707295858730e-04
-2.3414853412661251e-04
-2.8098218858279103e-04
-7.2780487683301383e-04
-1.3079582756882293e-03
-1.8881300709802833e-03
-2.4682926751235677e-03
-2.4214634074897659e-03
-2.3746363327324057e-03
-2.3278114506489990e-03
-2.2809756033583726e-03
-2.2341419495610429e-03
-2.1873170667807917e-03
-2.1404877984879298e-03
-2.0936607230729190e-03
-2.0468292619023618e-03
-1.9999999936127994e-03
-1.9531707253203552e-03
-1.9063436499044634e-03
-1.5928455282159535e-03
-1.0126829265926858e-03
-4.3252031655334147e-04
1.4764228507188002e-04
7.2780488669822925e-04
1.3079674883242217e-03
1.8881300899495882e-03
2.4682926915749887e-03
2.4214634224717846e-03
2.3746319602843576e-03
2.3277983048087948e-03
2.2809756168858534e-03
2.2341507364963169e-03
2.1873170802922050e-03
2.1404878119994052e-03
2.0936563506240465e-03
2.0468292754143233e-03
2.0000000071188563e-03
1.9531707388261549e-03
1.9063392774509480e-03
1.5928455286928153e-03
1.0126829270695604e-03
4.3252033380791532e-04
-1.4764226781701888e-04
-7.2780486944380880e-04
-1.3079674710698695e-03
-1.8881300726959565e-03
-2.4682926743221797e-03
-2.4214634067951679e-03
-2.3746363321459100e-03
-2.3278114501685751e-03
-2.2809756026631297e-03
-2.2341419486511874e-03
-2.1873170660852630e-03
-2.1404877977924388e-03
-2.0936607223775248e-03
-2.0468292612063612e-03
-1.9999999929158339e-03
-1.9531707246229291e-03
-1.9063436492077227e-03
-1.5928455282187839e-03
-1.0126829265956299e-03
-4.3252031655788541e-04
1.4764228506790710e-04
7.2780488669382348e-04
1.3079674883201139e-03
1.8881300899459919e-03
2.4682926915720383e-03
2.4214634224696456e-03
2.3746319602830309e-03
2.3277983048082514e-03
2.2809756168842054e-03
2.2341507364936949e-03
2.1873170802912704e-03
2.1404878119984719e-03
2.0936563506224661e-03
2.0468292754130040e-03
2.0000000071176676e-03
1.9531707388255742e-03
1.9063392774497968e-03
1.5928455286917048e-03
1.0126829270691482e-03
4.3252033380854459e-04
-1.4764226781677247e-04
-7.2780486944276222e-04
-1.3079674710693575e-03
-1.8881300726954890e-03
-2.4682926743215595e-03
-2.4214634067940667e-03
-2.3746363321440912e-03
-2.3278114501661027e-03
-2.2809756026620884e-03
-2.2341419486515577e-03
-2.1873170660846584e-03
-2.1404877977920884e-03
-2.0936607223766496e-03
-2.0468292612059471e-03
-1.9999999929152597e-03
-1.9531707246231373e-03
-1.9063436492070497e-03
-1.5928455282167890e-03
-1.0126829265948789e-03
-4.3252031655668217e-04
1.4764228506981478e-04
7.2780488669562304e-04
1.3079674883214249e-03
1.8881300899483049e-03
2.4682926915738290e-03
2.4214634224706639e-03
2.3746319602844165e-03
2.3277983048095160e-03
2.2809756168861166e-03
2.2341507364966990e-03
2.1873170802924743e-03
2.1404878119995019e-03
2.0936563506236193e-03
2.0468292754142127e-03
2.0000000071189071e-03
1.9531707388259750e-03
1.9063392774504493e-03
1.5928455286927305e-03
1.0126829270700000e-03
4.3252033380927524e-04
-1.4764226781631968e-04
-7.2780486944271550e-04
-1.3079674710680723e-03
-1.8881300726944510e-03
-2.4682926743206752e-03
-2.4214634067940086e-03
-2.3746363321445396e-03
-2.3278114501674154e-03
-2.2809756026625737e-03
-2.2341419486511995e-03
-2.1873170660846025e-03
-2.1404877977924857e-03
-2.0936607223778015e-03
-2.0468292612081614e-03
-1.9999999929181909e-03
-1.9531707246259011e-03
-1.9063436492108257e-03
-1.5928455282209393e-03
-1.0126829265986294e-03
-4.3252031655997104e-04
1.4764228506653279e-04
7.2780488669246975e-04
1.3079674883188360e-03
1.8881300899450122e-03
2.4682926915702602e-03
2.4214634224666836e-03
2.3746319602800750e-03
2.3277983048057083e-03
2.2809756168817650e-03
2.2341507364911279e-03
2.1873170802882507e-03
2.1404878119952691e-03
2.0936563506193636e-03
2.0468292754096686e-03
2.0000000071148868e-03
1.9531707388223203e-03
1.9063392774468827e-03
1.5928455286899413e-03
1.0126829270674161e-03
4.3252033380691656e-04
-1.4764226781919745e-04
-7.2780486944521642e-04
-1.3079674710714123e-03
-1.8881300726971589e-03
-2.4682926743225296e-03
-2.4214634067948946e-03
-2.3746363321456524e-03
-2.3278114501682256e-03
-2.2809756026630928e-03
-2.2341419486523366e-03
-2.1873170660861854e-03
-2.1404877977930928e-03
-2.0936607223774072e-03
-2.0468292612080843e-03
-1.9999999929175834e-03
-1.9531707246243767e-03
-1.9063436492081363e-03
-1.5928455282191989e-03
-1.0126829265969730e-03
-4.3252031655842090e-04
1.4764228506793588e-04
7.2780488669367473e-04
1.3079674883197088e-03
1.8881300899459476e-03
2.4682926915721068e-03
2.4214634224681026e-03
2.3746319602819584e-03
2.3277983048071785e-03
2.2809756168840792e-03
2.2341507364947700e-03
2.1873170802913355e-03
2.1404878119990339e-03
2.0936563506225910e-03
2.0468292754129477e-03
2.0000000071177639e-03
