0.0000000000000000e+00
-2.2448148561966902e-10
-3.7459322942810071e-03
5.8523748067851752e-10
-8.1677339474192675e-07
-3.7475664073266606e-03
-1.1239429629245675e-02
1.2856289007553237e-08
-9.2683318382748396e-03
5.0909478337281546e-07
4.3808367812656691e-07
1.2662409997105659e-07
-3.7469355071457437e-03
-1.1241568003945161e-02
2.3304289480106177e-09
7.4972788379456161e-03
7.0006653871607169e-10
5.8752480618896879e-10
-3.7467504460105376e-03
3.1889823354626099e-10
-3.8256457043310263e-10
-4.4727851999613418e-10
-3.7467513513674811e-03
2.9207965624513346e-11
8.1944589056213031e-07
-3.7451116740221902e-03
-1.1238612671510526e-02
1.4552696704528632e-09
7.4943212770545338e-03
1.1243527868016559e-02
1.1246803616450654e-02
1.2262527061399941e-07
-1.4990032992299469e-02
4.0932315742871453e-09
1.1240831998965539e-02
6.0772136817125705e-10
-1.9221837308825101e-10
-3.7459328948894308e-03
-7.5330460107180200e-10
-8.1918708257937654e-07
-1.3255983079380023e-09
-1.3802391527807288e-09
-3.7459335449554765e-03
-8.2294509202523611e-10
-8.1867597076112291e-07
-3.7475685804883229e-03
-1.1239432126468546e-02
8.3641732207216679e-10
7.4910453965276822e-03
1.1234520846746797e-02
1.4330926237708579e-02
1.2356687634048648e-07
-1.8077706959465756e-02
4.6218416844190150e-09
1.4332060576814925e-02
3.8154727400472005e-10
1.0559568442760465e-11
-3.7467512844600436e-03
-5.6015713983596774e-10
8.1821146623889605e-07
-1.3894183202671333e-09
-1.3658761652186309e-09
-3.7467524176162635e-03
-9.3463106781197733e-10
8.1887321073249188e-07
-3.7451121355922879e-03
-1.1238612939528459e-02
6.3027981809984841e-10
7.4943195228321076e-03
1.1243525286056920e-02
1.1246799950771436e-02
1.2106107640284036e-07
-1.4990032023532184e-02
2.9219696070947511e-09
1.1240828423161427e-02
-7.2060371935200118e-10
-1.2276449579104827e-09
-3.7459339615372568e-03
-1.7028428007386507e-09
-8.2021912892271834e-07
-2.2724291136976369e-09
-2.3380092954853335e-09
-3.7459342877796046e-03
-1.9075575996303595e-09
-8.1992780642251151e-07
-3.7475700593563501e-03
-1.1239433729558684e-02
-2.9530044155238573e-10
7.4910447869567191e-03
1.1234521037077918e-02
1.3982045136903218e-02
1.2252724778322859e-07
-1.7729072953016421e-02
3.3856345344351283e-09
1.3983669071798554e-02
-1.0071276336431532e-09
-1.4187963396234053e-09
-3.7467529704330875e-03
-2.1679699810253092e-09
8.1706079428761709e-07
-2.4072295266805225e-09
-2.4745650915005506e-09
-3.7467534051234984e-03
-2.1411798307204389e-09
8.1726754189819510e-07
-3.7451139100144137e-03
-1.1238614944777448e-02
-2.5075511478007762e-10
7.4943194966237206e-03
1.1243526576710253e-02
1.1246802894766695e-02
1.2106141097738714e-07
-1.4990035322077214e-02
2.7529244711126033e-09
1.1240832060695689e-02
-1.0061399275147376e-09
-1.5259642563235798e-09
-3.7459343789252638e-03
-1.9872895202619772e-09
-8.2027992420065917e-07
-2.7954996660673713e-09
-2.5497466199951118e-09
-3.7459347070989846e-03
-2.2140088090631329e-09
-8.2011858031255648e-07
-3.7475702523040227e-03
-1.1239433818044868e-02
-5.8635191860014965e-10
7.4910444608180630e-03
1.1234519967879939e-02
1.3672430936208664e-02
1.2306704594297629e-07
-1.7419675044065171e-02
4.2281181705598499e-09
1.3674490613030835e-02
2.1642930771410093e-11
-6.5088852549078090e-10
-3.7467520145280419e-03
-1.1397878433139419e-09
8.1779539908782627e-07
-1.6100914458065680e-09
-1.6471574927346741e-09
-3.7467525385883934e-03
-9.6018018537681984e-10
8.1837659812963108e-07
-3.7451126368432727e-03
-1.1238613220602722e-02
5.9746807853317358e-10
7.4943199768559834e-03
1.1243526197113368e-02
1.1246801640851858e-02
1.2194022696751149e-07
-1.4990032485991549e-02
3.5120810585399298e-09
1.1240830394000745e-02
8.2426880325850795e-11
-4.2829497566227767e-10
-3.7459330640334694e-03
-1.0810934097722889e-09
-8.1929296972700409e-07
-1.4769731205860429e-09
-1.5404338854034944e-09
-3.7459335501663273e-03
-7.3157669945912382e-10
-8.1873689852358326e-07
-3.7475686279474429e-03
-1.1239432216332603e-02
9.2047890597752885e-10
7.4910453253642408e-03
1.1234521185570329e-02
1.3397665773010048e-02
1.2396502455502519e-07
-1.7145101283997474e-02
4.8160760320847827e-09
1.3400111121771195e-02
8.4359699529033090e-10
2.5094685038790622e-10
-3.7467511564496484e-03
-2.2180747227142399e-10
8.1883761529551611e-07
-8.0871616720306234e-10
-7.8503718507691940e-10
-3.7467514815566140e-03
-4.9575341342022579e-11
8.1927034163375124e-07
-3.7451118620503727e-03
-1.1238612604028052e-02
1.7348433635553985e-09
7.4943211608162596e-03
1.1243527928886617e-02
1.1246803734108054e-02
1.2299449495813809e-07
-1.4990032198082074e-02
4.6236657444246595e-09
1.1240832204088754e-02
8.6039869081331231e-10
3.8166751463541537e-10
-3.7459322483754855e-03
-3.5011232681813686e-11
-8.1835179341780441e-07
-4.5442565800694606e-10
