0.0000000000000000e+00
0.0000000000000000e+00
0.0000000000000000e+00
0.0000000000000000e+00
0.0000000000000000e+00
0.0000000000000000e+00
0.0000000000000000e+00
-6.6665620666678258e+00
-2.6664309787857796e+01
-4.6645786215778458e+01
-6.6635073232297799e+01
-6.6635073232297799e+01
-6.6635073232297799e+01
-6.6635073232297799e+01
-6.6635073232297799e+01
-6.6635073232297799e+01
-6.6635073232297799e+01
-6.6635073232297799e+01
-6.6635073232297799e+01
-6.6635073232297799e+01
-6.6635073232297799e+01
-6.6635073232297799e+01
-6.6635073232297799e+01
-6.6635073232297799e+01
-6.6635073232297799e+01
-6.6635073232297799e+01
-6.6635073232297799e+01
-5.3333918007611793e+01
-3.3333418712197144e+01
-1.3341642383891291e+01
6.6553033973639684e+00
2.6651103290957469e+01
4.6644548403186150e+01
6.6633998715567884e+01
6.6633998715567913e+01
6.6633998715567913e+01
6.6633998715567913e+01
6.6633998715567927e+01
6.6633998715567941e+01
6.6633998715567927e+01
6.6633998715567927e+01
6.6633998715567941e+01
6.6633998715567969e+01
6.6633998715567969e+01
6.6633998715567955e+01
6.6633998715567941e+01
6.6633998715567941e+01
6.6633998715567941e+01
6.6633998715567941e+01
6.6633998715567955e+01
5.3333883473725201e+01
3.3333413224925515e+01
1.3341265681953274e+01
-6.6558117485742709e+00
-2.6651779025900289e+01
-4.6645483477702385e+01
-6.6635343521449542e+01
-6.6635343521449542e+01
-6.6635343521449542e+01
-6.6635343521449542e+01
-6.6635343521449542e+01
-6.6635343521449542e+01
-6.6635343521449542e+01
-6.6635343521449542e+01
-6.6635343521449542e+01
-6.6635343521449542e+01
-6.6635343521449542e+01
-6.6635343521449542e+01
-6.6635343521449542e+01
-6.6635343521449542e+01
-6.6635343521449542e+01
-6.6635343521449542e+01
-6.6635343521449542e+01
-5.3333918053051079e+01
-3.3333418701300076e+01
-1.3341642383189001e+01
6.6553033972549631e+00
2.6651103290942629e+01
4.6644548403184594e+01
6.6633998715569064e+01
6.6633998715569092e+01
6.6633998715569092e+01
6.6633998715569092e+01
6.6633998715569049e+01
6.6633998715569049e+01
6.6633998715569064e+01
6.6633998715569021e+01
6.6633998715569007e+01
6.6633998715569064e+01
6.6633998715569064e+01
6.6633998715569064e+01
6.6633998715569064e+01
6.6633998715569078e+01
6.6633998715569078e+01
6.6633998715569078e+01
6.6633998715569078e+01
5.3333883473745274e+01
3.3333413224945495e+01
1.3341265681978602e+01
-6.6558117485459718e+00
-2.6651779025872447e+01
-4.6645483477666808e+01
-6.6635343521412707e+01
-6.6635343521412707e+01
-6.6635343521412707e+01
-6.6635343521412707e+01
-6.6635343521412707e+01
-6.6635343521412707e+01
-6.6635343521412707e+01
-6.6635343521412707e+01
-6.6635343521412707e+01
-6.6635343521412707e+01
-6.6635343521412707e+01
-6.6635343521412707e+01
-6.6635343521412707e+01
-6.6635343521412707e+01
-6.6635343521412707e+01
-6.6635343521412707e+01
-6.6635343521412707e+01
-5.3333918053049572e+01
-3.3333418701312262e+01
-1.3341642383203242e+01
6.6553033972414806e+00
2.6651103290933747e+01
4.6644548403179044e+01
6.6633998715562328e+01
6.6633998715562342e+01
6.6633998715562342e+01
6.6633998715562385e+01
6.6633998715562370e+01
6.6633998715562356e+01
6.6633998715562356e+01
6.6633998715562342e+01
6.6633998715562342e+01
6.6633998715562342e+01
6.6633998715562342e+01
6.6633998715562313e+01
6.6633998715562342e+01
6.6633998715562328e+01
6.6633998715562328e+01
6.6633998715562328e+01
6.6633998715562299e+01
5.3333883473695806e+01
3.3333413224908085e+01
1.3341265681941042e+01
-6.6558117485919697e+00
-2.6651779025912671e+01
-4.6645483477703110e+01
-6.6635343521445321e+01
-6.6635343521445321e+01
-6.6635343521445321e+01
-6.6635343521445321e+01
-6.6635343521445321e+01
-6.6635343521445321e+01
-6.6635343521445321e+01
-6.6635343521445321e+01
-6.6635343521445321e+01
-6.6635343521445321e+01
-6.6635343521445321e+01
-6.6635343521445321e+01
-6.6635343521445321e+01
-6.6635343521445321e+01
-6.6635343521445321e+01
-6.6635343521445321e+01
-6.6635343521445321e+01
-5.3333918053031567e+01
-3.3333418701293276e+01
-1.3341642383193822e+01
6.6553033972596678e+00
2.6651103290952157e+01
4.6644548403191273e+01
6.6633998715573767e+01
6.6633998715573767e+01
6.6633998715573767e+01
6.6633998715573782e+01
6.6633998715573739e+01
6.6633998715573696e+01
6.6633998715573711e+01
6.6633998715573696e+01
6.6633998715573696e+01
6.6633998715573682e+01
6.6633998715573682e+01
6.6633998715573625e+01
6.6633998715573668e+01
6.6633998715573640e+01
6.6633998715573640e+01
6.6633998715573640e+01
6.6633998715573611e+01
5.3333883473725663e+01
3.3333413224926872e+01
1.3341265681960666e+01
-6.6558117485691453e+00
-2.6651779025886995e+01
-4.6645483477679427e+01
-6.6635343521424218e+01
-6.6635343521424218e+01
-6.6635343521424218e+01
-6.6635343521424218e+01
-6.6635343521424218e+01
-6.6635343521424218e+01
-6.6635343521424218e+01
-6.6635343521424218e+01
-6.6635343521424218e+01
-6.6635343521424218e+01
-6.6635343521424218e+01
-6.6635343521424218e+01
-6.6635343521424218e+01
-6.6635343521424218e+01
-6.6635343521424218e+01
-6.6635343521424218e+01
-6.6635343521424218e+01
-5.3333918053055413e+01
-3.3333418701310777e+01
-1.3341642383205839e+01
6.6553033972471951e+00
2.6651103290939833e+01
4.6644548403181759e+01
6.6633998715565355e+01
6.6633998715565355e+01
6.6633998715565355e+01
6.6633998715565326e+01
6.6633998715565312e+01
6.6633998715565355e+01
6.6633998715565355e+01
6.6633998715565369e+01
6.6633998715565383e+01
6.6633998715565355e+01
6.6633998715565355e+01
6.6633998715565312e+01
6.6633998715565312e+01
6.6633998715565312e+01
