0.0000000000000000e+00
0.0000000000000000e+00
0.0000000000000000e+00
0.0000000000000000e+00
0.0000000000000000e+00
0.0000000000000000e+00
0.0000000000000000e+00
3.3332810333361076e+00
1.3332154893934270e+01
2.3322893107896576e+01
3.3317536616156055e+01
3.3317536616156012e+01
3.3317536616156019e+01
3.3317536616156076e+01
3.3317536616155984e+01
3.3317536616155927e+01
3.3317536616155913e+01
3.3317536616155948e+01
3.3317536616155955e+01
3.3317536616155962e+01
3.3317536616155962e+01
3.3317536616155913e+01
3.3317536616155955e+01
3.3317536616155884e+01
3.3317536616155891e+01
3.3317536616155898e+01
3.3317536616155913e+01
2.6666959003816153e+01
1.6666709356110047e+01
6.6708211919554365e+00
-3.3276516986746634e+00
-1.3325551645473734e+01
-2.3322274201588819e+01
-3.3316999357783651e+01
-3.3316999357783565e+01
-3.3316999357783587e+01
-3.3316999357783573e+01
-3.3316999357783537e+01
-3.3316999357783502e+01
-3.3316999357783523e+01
-3.3316999357783494e+01
-3.3316999357783537e+01
-3.3316999357783551e+01
-3.3316999357783565e+01
-3.3316999357783544e+01
-3.3316999357783509e+01
-3.3316999357783573e+01
-3.3316999357783594e+01
-3.3316999357783622e+01
-3.3316999357783587e+01
-2.6666941736863542e+01
-1.6666706612462544e+01
-6.6706328409728117e+00
3.3279058742940202e+00
1.3325889512959789e+01
2.3322741738860529e+01
3.3317671760729006e+01
3.3317671760729013e+01
3.3317671760729027e+01
3.3317671760729020e+01
3.3317671760728963e+01
3.3317671760728949e+01
3.3317671760728956e+01
3.3317671760728942e+01
3.3317671760728928e+01
3.3317671760728942e+01
3.3317671760728899e+01
3.3317671760728899e+01
3.3317671760728899e+01
3.3317671760728928e+01
3.3317671760728921e+01
3.3317671760728878e+01
3.3317671760728913e+01
2.6666959026524410e+01
1.6666709350642638e+01
6.6708211915843343e+00
-3.3276516986406568e+00
-1.3325551645484733e+01
-2.3322274201600983e+01
-3.3316999357789449e+01
-3.3316999357789435e+01
-3.3316999357789427e+01
-3.3316999357789484e+01
-3.3316999357789470e+01
-3.3316999357789484e+01
-3.3316999357789470e+01
-3.3316999357789456e+01
-3.3316999357789541e+01
-3.3316999357789527e+01
-3.3316999357789513e+01
-3.3316999357789456e+01
-3.3316999357789442e+01
-3.3316999357789385e+01
-3.3316999357789378e+01
-3.3316999357789392e+01
-3.3316999357789435e+01
-2.6666941736872982e+01
-1.6666706612472144e+01
-6.6706328409891977e+00
3.3279058742726186e+00
1.3325889512928910e+01
2.3322741738827219e+01
3.3317671760703078e+01
3.3317671760703099e+01
3.3317671760703092e+01
3.3317671760703121e+01
3.3317671760703071e+01
3.3317671760703078e+01
3.3317671760703156e+01
3.3317671760703185e+01
3.3317671760703178e+01
3.3317671760703185e+01
3.3317671760703234e+01
3.3317671760703234e+01
3.3317671760703206e+01
3.3317671760703199e+01
3.3317671760703149e+01
3.3317671760703206e+01
3.3317671760703156e+01
2.6666959026522065e+01
1.6666709350653356e+01
6.6708211915982147e+00
-3.3276516986216027e+00
-1.3325551645466891e+01
-2.3322274201585977e+01
-3.3316999357774030e+01
-3.3316999357774023e+01
-3.3316999357773987e+01
-3.3316999357773994e+01
-3.3316999357773994e+01
-3.3316999357773945e+01
-3.3316999357773952e+01
-3.3316999357773952e+01
-3.3316999357774023e+01
-3.3316999357774002e+01
-3.3316999357774009e+01
-3.3316999357773938e+01
-3.3316999357773895e+01
-3.3316999357773845e+01
-3.3316999357773817e+01
-3.3316999357773874e+01
-3.3316999357773796e+01
-2.6666941736847914e+01
-1.6666706612463152e+01
-6.6706328409822877e+00
3.3279058742820844e+00
1.3325889512944670e+01
2.3322741738840552e+01
3.3317671760709857e+01
3.3317671760709892e+01
3.3317671760709850e+01
3.3317671760709842e+01
3.3317671760709821e+01
3.3317671760709864e+01
3.3317671760709892e+01
3.3317671760709885e+01
3.3317671760709921e+01
3.3317671760709921e+01
3.3317671760709914e+01
3.3317671760709899e+01
3.3317671760709985e+01
3.3317671760709949e+01
3.3317671760709956e+01
3.3317671760709999e+01
3.3317671760709999e+01
2.6666959026506120e+01
1.6666709350638630e+01
6.6708211915899120e+00
-3.3276516986311484e+00
-1.3325551645474281e+01
-2.3322274201591679e+01
-3.3316999357785015e+01
-3.3316999357785001e+01
-3.3316999357784994e+01
-3.3316999357784923e+01
-3.3316999357784979e+01
-3.3316999357785036e+01
-3.3316999357785058e+01
-3.3316999357785072e+01
-3.3316999357785122e+01
-3.3316999357785051e+01
-3.3316999357785015e+01
-3.3316999357785086e+01
-3.3316999357785114e+01
-3.3316999357785043e+01
-3.3316999357784987e+01
-3.3316999357784951e+01
-3.3316999357784944e+01
-2.6666941736870104e+01
-1.6666706612480603e+01
-6.6706328410019520e+00
3.3279058742646250e+00
1.3325889512927549e+01
2.3322741738821442e+01
3.3317671760698175e+01
3.3317671760698161e+01
3.3317671760698161e+01
3.3317671760698190e+01
3.3317671760698211e+01
3.3317671760698197e+01
3.3317671760698168e+01
3.3317671760698133e+01
3.3317671760698104e+01
3.3317671760698126e+01
3.3317671760698076e+01
3.3317671760698055e+01
3.3317671760698047e+01
3.3317671760698047e+01
3.3317671760698097e+01
3.3317671760698090e+01
3.3317671760698104e+01
2.6666959026520395e+01
1.6666709350655498e+01
6.6708211916079954e+00
-3.3276516986156333e+00
-1.3325551645456770e+01
-2.3322274201576469e+01
-3.3316999357767088e+01
-3.3316999357767109e+01
-3.3316999357767095e+01
-3.3316999357767081e+01
-3.3316999357767095e+01
-3.3316999357767081e+01
-3.3316999357767024e+01
-3.3316999357766946e+01
-3.3316999357766925e+01
-3.3316999357766882e+01
-3.3316999357766854e+01
-3.3316999357766797e+01
-3.3316999357766782e+01
-3.3316999357766768e+01
