0.0000000000000000e+00
4.3902439024113607e-05
8.7802950709303909e-05
1.3170731707518754e-04
1.7560975593118927e-04
2.1951026744867558e-04
2.6340885179541770e-04
4.7972771442969764e-04
1.1004727043989403e-03
1.7957923999690271e-03
2.5890774267774519e-03
2.5745533564885915e-03
2.5600290752475800e-03
2.5392234018381454e-03
2.5099551091658664e-03
2.4685620303024291e-03
2.4246561676418061e-03
2.3807586146699145e-03
2.3368591346187993e-03
2.2929577273187907e-03
2.2490543926001459e-03
2.2051491302940347e-03
2.1612464195429103e-03
2.1501631125241177e-03
2.1062594664495787e-03
2.0623582344763635e-03
2.0184550751001932e-03
1.7120329112657001e-03
1.2395470058017269e-03
7.2712992424254889e-04
1.6610435740034527e-04
-4.5453615559814696e-04
-1.1502861381817977e-03
-1.9435799443429285e-03
-1.9290393428394142e-03
-1.9144989527617121e-03
-1.8937093883251786e-03
-1.8644410956440947e-03
-1.8230509414964263e-03
-1.7791519255836818e-03
-1.7352446011321605e-03
-1.6913392044485523e-03
-1.6474357353637357e-03
-1.6035341937100291e-03
-1.5596345793170779e-03
-1.5157324060149316e-03
-1.5046490989983460e-03
-1.4607478669440635e-03
-1.4168442209474604e-03
-1.3729425023972311e-03
-1.0665394831034891e-03
-5.9405411017037630e-04
-8.1629699046172307e-05
4.7939943768724195e-04
1.1000450706558709e-03
1.7958039679242565e-03
2.5891139811998237e-03
2.5745889702691390e-03
2.5600637483592604e-03
2.5392590156199770e-03
2.5099907229470097e-03
2.4685976440830038e-03
2.4246917814233293e-03
2.3807942284514091e-03
2.3368947483999080e-03
2.2929933410992783e-03
2.2490900063807978e-03
2.2051847440748740e-03
2.1612820333253612e-03
2.1501987263059987e-03
2.1062950802343320e-03
2.0623938482584570e-03
2.0184906888798849e-03
1.7120631914850700e-03
1.2395772846252144e-03
7.2716020333345632e-04
1.6613463651482432e-04
-4.5450587648639010e-04
-1.1502558590705011e-03
-1.9435496652323713e-03
-1.9290090637294822e-03
-1.9144686736521387e-03
-1.8936791092161215e-03
-1.8644108165347135e-03
-1.8230206623861584e-03
-1.7791216464725893e-03
-1.7352143220230715e-03
-1.6913089253417514e-03
-1.6474054562599068e-03
-1.6035039146080096e-03
-1.5596043002168041e-03
-1.5157021269077337e-03
-1.5046188198912238e-03
-1.4607175878353800e-03
-1.4168139418410260e-03
-1.3729122232925021e-03
-1.0665092039974433e-03
-5.9402383106388562e-04
-8.1599419939475814e-05
4.7942971679341626e-04
1.1000753497626093e-03
1.7958342470304300e-03
2.5891442603049502e-03
2.5746192493741695e-03
2.5600940274636726e-03
2.5392892947254031e-03
2.5100210020521868e-03
2.4686279231871775e-03
2.4247220605276873e-03
2.3808245075554084e-03
2.3369250275037052e-03
2.2930236202027589e-03
2.2491202854835624e-03
2.2052150231776186e-03
2.1613123124279211e-03
2.1502290054097083e-03
2.1063253593369908e-03
2.0624241273619411e-03
2.0185209679846145e-03
1.7120934705869423e-03
1.2396075637271886e-03
7.2719048243588612e-04
1.6616491561635834e-04
-4.5447559738548562e-04
-1.1502255799695933e-03
-1.9435193861317664e-03
-1.9289787846284499e-03
-1.9144383945512331e-03
-1.8936488301151081e-03
-1.8643805374336448e-03
-1.8229903832854707e-03
-1.7790913673725159e-03
-1.7351840429213011e-03
-1.6912786462385256e-03
-1.6473751771558852e-03
-1.6034736355032570e-03
-1.5595740211106560e-03
-1.5156718478035749e-03
-1.5045885407866900e-03
-1.4606873087318561e-03
-1.4167836627361041e-03
-1.3728819441864394e-03
-1.0664789248918817e-03
-5.9399355195812245e-04
-8.1569140833875829e-05
4.7945999589986844e-04
1.1001056288689366e-03
1.7958645261364687e-03
2.5891745394117996e-03
2.5746495284804044e-03
2.5601243065707393e-03
2.5393195738310243e-03
2.5100512811581954e-03
2.4686582022940958e-03
2.4247523396350272e-03
2.3808547866632007e-03
2.3369553066100160e-03
2.2930538993088988e-03
2.2491505645883259e-03
2.2052453022815104e-03
2.1613425915340406e-03
2.1502592845152376e-03
2.1063556384436767e-03
2.0624544064683516e-03
2.0185512470902232e-03
1.7121237496936848e-03
1.2396378428343212e-03
7.2722076154272449e-04
1.6619519472358275e-04
-4.5444531827802648e-04
-1.1501953008615630e-03
-1.9434891070230929e-03
-1.9289485055198285e-03
-1.9144081154420078e-03
-1.8936185510055156e-03
-1.8643502583251307e-03
-1.8229601041779568e-03
-1.7790610882648026e-03
-1.7351537638142598e-03
-1.6912483671319329e-03
-1.6473448980484165e-03
-1.6034433563951315e-03
-1.5595437420024313e-03
-1.5156415686963206e-03
-1.5045582616790409e-03
-1.4606570296231136e-03
-1.4167533836283947e-03
-1.3728516650798577e-03
-1.0664486457853419e-03
-5.9396327285195834e-04
-8.1538861727991065e-05
4.7949027500554194e-04
1.1001359079742246e-03
1.7958948052431323e-03
2.5892048185179560e-03
2.5746798075868900e-03
2.5601545856764282e-03
2.5393498529372440e-03
2.5100815602646554e-03
2.4686884814011925e-03
2.4247826187412903e-03
2.3808850657690123e-03
2.3369855857167951e-03
2.2930841784157682e-03
2.2491808436966246e-03
2.2052755813905178e-03
2.1613728706418168e-03
2.1502895636235095e-03
2.1063859175498240e-03
2.0624846855765433e-03
2.0185815261999423e-03
1.7121540288021840e-03
1.2396681219418227e-03
7.2725104064997996e-04
1.6622547383119679e-04
-4.5441503917168565e-04
-1.1501650217554187e-03
-1.9434588279178696e-03
-1.9289182264148452e-03
-1.9143778363378693e-03
-1.8935882719004703e-03
-1.8643199792196302e-03
-1.8229298250701962e-03
-1.7790308091574130e-03
-1.7351234847078026e-03
-1.6912180880265099e-03
-1.6473146189443710e-03
-1.6034130772925061e-03
-1.5595134629012119e-03
-1.5156112895904983e-03
-1.5045279825742931e-03
