0.0000000000000000e+00
4.3902439023827479e-05
8.7802950709171148e-05
1.3170731707541747e-04
1.7560975593188170e-04
2.1951026744898978e-04
2.6340885179599146e-04
4.7972771443043424e-04
1.1004727043997791e-03
1.7957923999704130e-03
2.5890774267785287e-03
2.5745533564898162e-03
2.5600290752492106e-03
2.5392234018403455e-03
2.5099551091676752e-03
2.4685620303049184e-03
2.4246561676458099e-03
2.3807586146722855e-03
2.3368591346194434e-03
2.2929577273170152e-03
2.2490543925959882e-03
2.2051491302876826e-03
2.1612464195446992e-03
2.1501631125256872e-03
2.1062594664523859e-03
2.0623582344787661e-03
2.0184550751022796e-03
1.7120329112670627e-03
1.2395470058028321e-03
7.2712992424311289e-04
1.6610435740062183e-04
-4.5453615559812869e-04
-1.1502861381816659e-03
-1.9435799443434057e-03
-1.9290393428399947e-03
-1.9144989527629015e-03
-1.8937093883265473e-03
-1.8644410956450519e-03
-1.8230509414968563e-03
-1.7791519255836265e-03
-1.7352446011329938e-03
-1.6913392044509094e-03
-1.6474357353672923e-03
-1.6035341937143074e-03
-1.5596345793219499e-03
-1.5157324060158738e-03
-1.5046490989987266e-03
-1.4607478669423333e-03
-1.4168442209484431e-03
-1.3729425023999661e-03
-1.0665394831043510e-03
-5.9405411017065157e-04
-8.1629699045919051e-05
4.7939943768768615e-04
1.1000450706565837e-03
1.7958039679249614e-03
2.5891139811996216e-03
2.5745889702683366e-03
2.5600637483574242e-03
2.5392590156185623e-03
2.5099907229458348e-03
2.4685976440828117e-03
2.4246917814239898e-03
2.3807942284506168e-03
2.3368947483976038e-03
2.2929933410957134e-03
2.2490900063751968e-03
2.2051847440680101e-03
2.1612820333249136e-03
2.1501987263059636e-03
2.1062950802335505e-03
2.0623938482579427e-03
2.0184906888791182e-03
1.7120631914829274e-03
1.2395772846228472e-03
7.2716020333071264e-04
1.6613463651146966e-04
-4.5450587648987234e-04
-1.1502558590732290e-03
-1.9435496652348578e-03
-1.9290090637317197e-03
-1.9144686736541272e-03
-1.8936791092179221e-03
-1.8644108165370454e-03
-1.8230206623886577e-03
-1.7791216464763354e-03
-1.7352143220257122e-03
-1.6913089253431995e-03
-1.6474054562599033e-03
-1.6035039146060767e-03
-1.5596043002129782e-03
-1.5157021269092399e-03
-1.5046188198929846e-03
-1.4607175878364022e-03
-1.4168139418430962e-03
-1.3729122232948629e-03
-1.0665092039989701e-03
-5.9402383106610130e-04
-8.1599419941894033e-05
4.7942971679121614e-04
1.1000753497589267e-03
1.7958342470274348e-03
2.5891442603022570e-03
2.5746192493709659e-03
2.5600940274611485e-03
2.5392892947219774e-03
2.5100210020486801e-03
2.4686279231843754e-03
2.4247220605245626e-03
2.3808245075530718e-03
2.3369250275012965e-03
2.2930236202009699e-03
2.2491202854826304e-03
2.2052150231764234e-03
2.1613123124259903e-03
2.1502290054069640e-03
2.1063253593334580e-03
2.0624241273599778e-03
2.0185209679832827e-03
1.7120934705859613e-03
1.2396075637262035e-03
7.2719048243497137e-04
1.6616491561617471e-04
-4.5447559738577851e-04
-1.1502255799692210e-03
-1.9435193861307796e-03
-1.9289787846275440e-03
-1.9144383945507526e-03
-1.8936488301142655e-03
-1.8643805374332820e-03
-1.8229903832860661e-03
-1.7790913673735415e-03
-1.7351840429224001e-03
-1.6912786462392195e-03
-1.6473751771568408e-03
-1.6034736355036141e-03
-1.5595740211106638e-03
-1.5156718478044598e-03
-1.5045885407880062e-03
-1.4606873087334060e-03
-1.4167836627376690e-03
-1.3728819441879837e-03
-1.0664789248941763e-03
-5.9399355196132660e-04
-8.1569140836848359e-05
4.7945999589635410e-04
1.1001056288659342e-03
1.7958645261333438e-03
2.5891745394080192e-03
2.5746495284766028e-03
2.5601243065667321e-03
2.5393195738277708e-03
2.5100512811547806e-03
2.4686582022910289e-03
2.4247523396313171e-03
2.3808547866590018e-03
2.3369553066076498e-03
2.2930538993076030e-03
2.2491505645888250e-03
2.2052453022823231e-03
2.1613425915327127e-03
2.1502592845133060e-03
2.1063556384403491e-03
2.0624544064661316e-03
2.0185512470890727e-03
1.7121237496908490e-03
1.2396378428313494e-03
7.2722076153965696e-04
1.6619519472132576e-04
-4.5444531828005145e-04
-1.1501953008633610e-03
-1.9434891070253294e-03
-1.9289485055222237e-03
-1.9144081154446608e-03
-1.8936185510080754e-03
-1.8643502583277232e-03
-1.8229601041797891e-03
-1.7790610882676213e-03
-1.7351537638163265e-03
-1.6912483671340706e-03
-1.6473448980506304e-03
-1.6034433563978884e-03
-1.5595437420052667e-03
-1.5156415687003545e-03
-1.5045582616832020e-03
-1.4606570296273500e-03
-1.4167533836332020e-03
-1.3728516650845513e-03
-1.0664486457898372e-03
-5.9396327285713346e-04
-8.1538861733424084e-05
4.7949027500063766e-04
1.1001359079696558e-03
1.7958948052376347e-03
2.5892048185131725e-03
2.5746798075824023e-03
2.5601545856727683e-03
2.5393498529331982e-03
2.5100815602603741e-03
2.4686884813966675e-03
2.4247826187361299e-03
2.3808850657653308e-03
2.3369855857138335e-03
2.2930841784137949e-03
2.2491808436956150e-03
2.2052755813899280e-03
2.1613728706391076e-03
2.1502895636206372e-03
2.1063859175471109e-03
2.0624846855731658e-03
2.0185815261964911e-03
1.7121540287998312e-03
1.2396681219400719e-03
7.2725104064853775e-04
1.6622547383010153e-04
-4.5441503917190157e-04
-1.1501650217555911e-03
-1.9434588279175857e-03
-1.9289182264140177e-03
-1.9143778363368545e-03
-1.8935882719012310e-03
-1.8643199792195793e-03
-1.8229298250709790e-03
-1.7790308091580828e-03
-1.7351234847079642e-03
-1.6912180880266719e-03
-1.6473146189442509e-03
-1.6034130772922062e-03
-1.5595134629009743e-03
-1.5156112895915812e-03
-1.5045279825747146e-03
