0.0000000000000000e+00
2.9999999999987818e+01
6.0003073678470926e+01
9.0000000000806153e+01
1.1999999898594511e+02
1.5000307164916887e+02
1.8000921900603146e+02
2.0999984310000193e+02
2.3999646468178685e+02
2.6996867932366791e+02
2.9995260984844697e+02
2.9000000002793178e+02
2.8004772923404033e+02
2.6585786441357055e+02
2.4585786438788034e+02
2.1757592443469812e+02
1.8758138116059669e+02
1.5757359313119832e+02
1.2756888033753695e+02
9.7567241763858533e+01
6.7568676394867623e+01
3.7573183215559197e+01
7.5735931290653946e+00
6.3160144848343522e-11
2.9998075739468106e+01
5.9999999999816360e+01
8.9998850961164067e+01
1.1999912298858287e+02
1.4999987193170483e+02
1.7998753642416338e+02
2.0998295509604625e+02
2.3997665493643638e+02
2.6996682260477951e+02
2.9995099807335231e+02
2.8999999997137201e+02
2.8004866329117760e+02
2.6585786432757328e+02
2.4585786435823007e+02
2.1757126116830727e+02
1.8756580120043981e+02
1.5757359312624425e+02
1.2757831394760852e+02
9.7579962649764951e+01
6.7578538218127051e+01
3.7574039637247296e+01
7.5735931283622335e+00
7.4785163807830558e-11
3.0001924737905888e+01
6.0000000000470727e+01
9.0001148305526925e+01
1.1999917478941251e+02
1.4999988016261582e+02
1.7998810147707047e+02
2.0998371762286166e+02
2.3997766853885059e+02
2.6996822521655378e+02
2.9995301528217465e+02
2.9000000002795400e+02
2.8004732382106016e+02
2.6585786441280948e+02
2.4585786438760459e+02
2.1757592443482977e+02
1.8758138116144173e+02
1.5757359313111439e+02
1.2756888033675503e+02
9.7567241762308981e+01
6.7568676392550458e+01
3.7573183212520107e+01
7.5735931292607148e+00
8.3874148967209450e-11
2.9998075739201070e+01
5.9999999999662471e+01
8.9998850961282926e+01
1.1999912292042382e+02
1.4999987194804714e+02
1.7998753642521660e+02
2.0998295509588240e+02
2.3997665493641415e+02
2.6996682260477724e+02
2.9995099807335396e+02
2.8999999997137178e+02
2.8004866329113446e+02
2.6585786432761785e+02
2.4585786435831386e+02
2.1757126116833439e+02
1.8756580120049586e+02
1.5757359312629066e+02
1.2757831394747821e+02
9.7579962649752332e+01
6.7578538218018025e+01
3.7574039637081029e+01
7.5735931283342843e+00
6.1282723675184827e-11
3.0001924737976569e+01
6.0000000000310521e+01
9.0001148305283209e+01
1.1999917478938252e+02
1.4999988016258760e+02
1.7998810147703210e+02
2.0998371762281923e+02
2.3997766853880884e+02
2.6996822521650040e+02
2.9995301528211917e+02
2.9000000002788278e+02
2.8004732382098905e+02
2.6585786441305714e+02
2.4585786438772334e+02
2.1757592443486880e+02
1.8758138116141538e+02
1.5757359313131025e+02
1.2756888033684028e+02
9.7567241762329587e+01
6.7568676392579704e+01
3.7573183212551442e+01
7.5735931293251415e+00
1.2235816605244446e-10
2.9998075739339118e+01
5.9999999999443915e+01
8.9998850960766134e+01
1.1999912292042576e+02
1.4999987194803958e+02
1.7998753642519512e+02
2.0998295509586217e+02
2.3997665493640068e+02
2.6996682260476882e+02
2.9995099807334350e+02
2.8999999997134648e+02
2.8004866329116334e+02
2.6585786432752957e+02
2.4585786435817241e+02
2.1757126116834979e+02
1.8756580120037410e+02
1.5757359312634699e+02
1.2757831394761328e+02
9.7579962649951682e+01
6.7578538218253044e+01
3.7574039637300373e+01
7.5735931280913427e+00
1.6466965774931044e-10
3.0001924738063671e+01
6.0000000000843947e+01
9.0001148306027488e+01
1.1999917478945687e+02
1.4999988016264331e+02
1.7998810147708900e+02
2.0998371762288826e+02
2.3997766853886941e+02
2.6996822521655491e+02
2.9995301528216856e+02
2.9000000002798839e+02
2.8004732382114474e+02
2.6585786441305902e+02
2.4585786438758612e+02
2.1757592443466865e+02
1.8758138116123882e+02
1.5757359313118207e+02
1.2756888033666965e+02
9.7567241762243597e+01
6.7568676392381306e+01
3.7573183212279254e+01
7.5735931289735330e+00
2.0721861111212985e-10
2.9998075739678033e+01
5.9999999999740979e+01
8.9998850960930014e+01
1.1999912292045273e+02
1.4999987194806582e+02
1.7998753642520944e+02
2.0998295509588945e+02
2.3997665493642819e+02
2.6996682260478707e+02
2.9995099807336078e+02
2.8999999997141691e+02
2.8004866329106801e+02
2.6585786432746994e+02
2.4585786435830920e+02
2.1757126116861210e+02
1.8756580120084391e+02
1.5757359312643493e+02
1.2757831394736512e+02
9.7579962649311767e+01
6.7578538217239000e+01
3.7574039636001686e+01
7.5735931281534281e+00
3.9057414075311105e-10
3.0001924738284899e+01
6.0000000000629527e+01
9.0001148305475510e+01
1.1999917478941198e+02
1.4999988016260659e+02
1.7998810147705922e+02
2.0998371762285382e+02
2.3997766853883087e+02
2.6996822521651950e+02
2.9995301528213662e+02
2.9000000002794502e+02
2.8004732382111081e+02
2.6585786441302616e+02
2.4585786438774562e+02
2.1757592443490614e+02
1.8758138116148371e+02
1.5757359313139989e+02
1.2756888033699393e+02
9.7567241762651548e+01
6.7568676393016290e+01
3.7573183213050697e+01
7.5735931292824139e+00
1.9551094185113579e-10
2.9998075739341616e+01
5.9999999999411784e+01
8.9998850960778483e+01
1.1999912292041714e+02
1.4999987194802861e+02
1.7998753642519139e+02
2.0998295509587086e+02
2.3997665493640974e+02
2.6996682260477286e+02
2.9995099807334793e+02
2.8999999997132460e+02
2.8004866329109780e+02
2.6585786432747256e+02
2.4585786435808231e+02
2.1757126116808649e+02
1.8756580120028434e+02
1.5757359312635458e+02
1.2757831394764617e+02
9.7579962650002216e+01
6.7578538218447051e+01
3.7574039637585358e+01
7.5735931281549815e+00
7.1278373614291009e-11
