0.0000000000000000e+00
-2.2853361040538813e-10
-3.2930203671517775e-03
5.1754209116590214e-10
6.7546297874344600e-07
-3.2916693156409319e-03
-9.8777092231865128e-03
-6.3438129777963466e-05
-1.4824068377865419e-03
-1.3397426159374521e-02
-2.0871331926888254e-02
1.0521450129978658e-08
2.0508970108422384e-02
-3.6642482168842829e-08
-1.1983150168724351e-08
-2.4979645116815301e-03
-8.3451218657864066e-03
1.5324337413559547e-09
5.0510700027642016e-03
6.8087582354748565e-03
5.2737408999714713e-03
4.4669278755682742e-04
5.8736179807871502e-10
2.7308229990031079e-10
-2.0618079892455940e-03
8.3821433214039435e-10
-1.2309585408595688e-03
2.3883202139123277e-04
3.4093981654157376e-05
3.2701338618834120e-03
4.3791768403895828e-03
5.8350044711742112e-03
7.9890280521458783e-03
1.1190317277765599e-02
1.1322445840066316e-08
-1.1552584237374361e-02
-3.3275205100925234e-08
-1.1056794142526212e-08
-2.4984026534806110e-03
-8.3477231553437635e-03
2.3134454623692998e-09
5.0564181386021862e-03
6.8208503022421868e-03
5.2926238279104899e-03
4.7106438267727435e-04
1.4024046759272247e-09
1.3336937236944386e-09
-2.0621236137726507e-03
1.8146032856164658e-09
-1.2304706242960406e-03
-3.2648032746386541e-04
-4.8158370231911279e-05
-4.8281697693131889e-03
-6.6974032825659604e-03
-9.3441118425337030e-03
-1.3591640694225023e-02
-2.0693326502859943e-02
1.2061256003830713e-08
2.0330938140298477e-02
-3.4506361570715187e-08
-1.0324453442243321e-08
-2.4979631912913696e-03
-8.3451210063238725e-03
3.0860188495135439e-09
5.0510718759403028e-03
6.8087607295211506e-03
5.2737441257074517e-03
4.4669686517325634e-04
2.3806382349617283e-09
2.1594323477726410e-09
-2.0618053868692509e-03
2.3984798636331865e-09
-1.2309579920721583e-03
2.3885190598250131e-04
3.4090879655541314e-05
3.2701346299397484e-03
4.3791777599146682e-03
5.8350055215430838e-03
7.9890293042252248e-03
1.1190318540364532e-02
1.2340471279466141e-08
-1.1552583115483057e-02
-3.2242142625165886e-08
-1.0160786917129316e-08
-2.4984015471393832e-03
-8.3477221504428874e-03
2.9613736406466602e-09
5.0564184132512683e-03
6.8208500676647642e-03
5.2926235319185810e-03
4.7106397359317827e-04
1.5499887417986053e-09
1.1824932490233002e-09
-2.0621234985430397e-03
1.5170950503215300e-09
-1.2304711597936103e-03
-3.2648056843970571e-04
-4.8158769995289841e-05
-4.8281702226898471e-03
-6.6974038243207169e-03
-9.3441125848034347e-03
-1.3591641313604833e-02
-2.0693327155067286e-02
1.1355009436020903e-08
2.0330937543385517e-02
-3.5059141836782186e-08
-1.1066331850396989e-08
-2.4979645511503594e-03
-8.3451224765693881e-03
2.1290743965852187e-09
5.0510715625703747e-03
6.8087608877149576e-03
5.2737449652798980e-03
4.4669801831458990e-04
1.0165408269368684e-09
8.8536582339620952e-10
-2.0618070893523924e-03
1.3212156224647282e-09
-1.2309582970950624e-03
2.3885057156820697e-04
3.4089575014413063e-05
3.2701336486624048e-03
4.3791767718327802e-03
5.8350042221771842e-03
7.9890280481969052e-03
1.1190317136935177e-02
1.1056983684735001e-08
-1.1552584653736871e-02
-3.3720282176295036e-08
-1.1642637788500116e-08
-2.4984034073525004e-03
-8.3477241352541056e-03
1.5899670255271106e-09
5.0564175254524954e-03
6.8208490602524397e-03
5.2926224868243927e-03
4.7106311435576219e-04
8.1903835872849760e-10
5.5018679971992363e-10
-2.0621247825103693e-03
9.6082475041864879e-10
-1.2304712156234476e-03
-3.2648128336190501e-04
-4.8159256772809528e-05
-4.8281706831943931e-03
-6.6974041724619619e-03
-9.3441124145640323e-03
-1.3591641494396211e-02
-2.0693327238035297e-02
1.1089721328486022e-08
2.0330937387117443e-02
-3.5307063454246468e-08
-1.1082380949173350e-08
-2.4979641761471820e-03
-8.3451220476819400e-03
2.2806015996106215e-09
5.0510715840085749e-03
6.8087609210413262e-03
5.2737446817699637e-03
4.4669760243221910e-04
1.2340470362405912e-09
8.5481336337923840e-10
-2.0618067421337830e-03
1.4330096128219477e-09
-1.2309585991775848e-03
2.3885066476696956e-04
3.4089781677475533e-05
3.2701334851449673e-03
4.3791769314918639e-03
5.8350046250991404e-03
7.9890284695623669e-03
1.1190317586747397e-02
1.1509321129153544e-08
-1.1552583981231771e-02
-3.2916722204248814e-08
-1.1107731987472482e-08
-2.4984026750686497e-03
-8.3477233341721427e-03
2.0116035247515288e-09
5.0564173734432630e-03
6.8208490833227128e-03
5.2926221597289352e-03
4.7106246102272413e-04
5.8033916418063540e-10
5.6822406860682122e-10
-2.0621243154649214e-03
1.0031485920708118e-09
-1.2304715272465534e-03
-3.2648150011173620e-04
-4.8159688173740152e-05
-4.8281713538517309e-03
-6.6974047372726385e-03
-9.3441131732125808e-03
-1.3591641811316772e-02
-2.0693327320076487e-02
1.1243693254458755e-08
2.0330937482702097e-02
-3.5426448213785133e-08
-1.1174163452474979e-08
-2.4979642077045581e-03
-8.3451224377476905e-03
2.2419718707554989e-09
5.0510714658981715e-03
6.8087608082575690e-03
5.2737448611885167e-03
4.4669810263140103e-04
1.4365757064394368e-09
1.3495039557494464e-09
-2.0618067634842752e-03
1.7681995722112046e-09
-1.2309577707418709e-03
2.3885124465791493e-04
3.4090144997799365e-05
3.2701339593385922e-03
4.3791774018573995e-03
5.8350046235123038e-03
7.9890283452851499e-03
1.1190317208802316e-02
1.1200640138760242e-08
-1.1552584480263112e-02
-3.3668726362378106e-08
-1.1466791284660236e-08
-2.4984026929988860e-03
-8.3477232135508485e-03
1.9245689799946619e-09
5.0564170402476226e-03
6.8208484906263850e-03
5.2926214612632715e-03
4.7106132545260713e-04
5.7885308706861215e-10
3.3826470802427980e-10
