0.0000000000000000e+00
0.0000000000000000e+00
0.0000000000000000e+00
0.0000000000000000e+00
0.0000000000000000e+00
0.0000000000000000e+00
0.0000000000000000e+00
0.0000000000000000e+00
0.0000000000000000e+00
0.0000000000000000e+00
0.0000000000000000e+00
0.0000000000000000e+00
0.0000000000000000e+00
0.0000000000000000e+00
0.0000000000000000e+00
0.0000000000000000e+00
0.0000000000000000e+00
0.0000000000000000e+00
0.0000000000000000e+00
0.0000000000000000e+00
0.0000000000000000e+00
0.0000000000000000e+00
0.0000000000000000e+00
0.0000000000000000e+00
0.0000000000000000e+00
0.0000000000000000e+00
0.0000000000000000e+00
0.0000000000000000e+00
0.0000000000000000e+00
0.0000000000000000e+00
-1.4187526671643483e-10
-1.4187526671643483e-10
-1.4187526671643483e-10
-1.4187526671643483e-10
-1.4187526671643483e-10
-1.4187526671643483e-10
-1.4187526671643483e-10
-1.4187526671643483e-10
-1.4187526671643483e-10
-1.4187526671643483e-10
-1.4187526671643483e-10
-1.4187526671643483e-10
-1.4187526671643483e-10
-1.4187526671643483e-10
-1.4187526671643483e-10
-1.4187526671643483e-10
-1.4187526671643483e-10
-1.4187526671643483e-10
-1.4187526671643483e-10
-1.4187526671643483e-10
9.8341301620172360e-04
9.8341301620172360e-04
9.8341301620172360e-04
9.8341301620172360e-04
9.8341301620172294e-04
9.8341301620172316e-04
9.8341301620172294e-04
9.8341301620172294e-04
9.8341301620172294e-04
9.8341301620172294e-04
9.8341301620172294e-04
9.8341301620172229e-04
9.8341301620172229e-04
9.8341301620172229e-04
9.8341301620172273e-04
9.8341301620172273e-04
9.8341301620172208e-04
9.8341301620172208e-04
9.8341301620172208e-04
9.8341301620172208e-04
9.1700030280664527e-04
9.1700030280664527e-04
9.1700030280664527e-04
9.1700030280664527e-04
9.1700030280664527e-04
9.1700030280664527e-04
9.1700030280664527e-04
9.1700030280664527e-04
9.1700030280664527e-04
9.1700030280664527e-04
9.1700030280664527e-04
9.1700030280664527e-04
9.1700030280664527e-04
9.1700030280664527e-04
9.1700030280664527e-04
9.1700030280664527e-04
9.1700030280664527e-04
9.1700030280664527e-04
9.1700030280664527e-04
9.1700030280664527e-04
1.7942076427811091e-03
1.7942076427811095e-03
1.7942076427811073e-03
1.7942076427811073e-03
1.7942076427811073e-03
1.7942076427811073e-03
1.7942076427811073e-03
1.7942076427811073e-03
1.7942076427811073e-03
1.7942076427811073e-03
1.7942076427811073e-03
1.7942076427811065e-03
1.7942076427811065e-03
1.7942076427811065e-03
1.7942076427811063e-03
1.7942076427811063e-03
1.7942076427811067e-03
1.7942076427811060e-03
1.7942076427811060e-03
1.7942076427811060e-03
1.6760295190931399e-03
1.6760295190931399e-03
1.6760295190931399e-03
1.6760295190931399e-03
1.6760295190931399e-03
1.6760295190931399e-03
1.6760295190931399e-03
1.6760295190931399e-03
1.6760295190931399e-03
1.6760295190931399e-03
1.6760295190931399e-03
1.6760295190931399e-03
1.6760295190931399e-03
1.6760295190931399e-03
1.6760295190931399e-03
1.6760295190931399e-03
1.6760295190931399e-03
1.6760295190931399e-03
1.6760295190931399e-03
1.6760295190931399e-03
1.6760295190931399e-03
1.6760295190931399e-03
1.6760295190931397e-03
1.6760295190931397e-03
1.6760295190931397e-03
1.6760295190931401e-03
1.6760295190931401e-03
1.6760295190931401e-03
1.6760295190931401e-03
1.6760295190931401e-03
1.6760295190931401e-03
1.6760295190931401e-03
1.6760295190931401e-03
1.6760295190931399e-03
1.6760295190931399e-03
1.6760295190931392e-03
1.6760295190931392e-03
1.6760295190931377e-03
1.6760295190931390e-03
1.6760295190931390e-03
1.5711529168647217e-03
1.5711529168647217e-03
1.5711529168647217e-03
1.5711529168647217e-03
1.5711529168647217e-03
1.5711529168647217e-03
1.5711529168647217e-03
1.5711529168647217e-03
1.5711529168647217e-03
1.5711529168647217e-03
1.5711529168647217e-03
1.5711529168647217e-03
1.5711529168647217e-03
1.5711529168647217e-03
1.5711529168647217e-03
1.5711529168647217e-03
1.5711529168647217e-03
1.5711529168647217e-03
1.5711529168647217e-03
1.5711529168647217e-03
1.5711529168647217e-03
1.5711529168647208e-03
1.5711529168647208e-03
1.5711529168647197e-03
1.5711529168647201e-03
1.5711529168647201e-03
1.5711529168647201e-03
1.5711529168647208e-03
1.5711529168647208e-03
1.5711529168647208e-03
1.5711529168647208e-03
1.5711529168647208e-03
1.5711529168647208e-03
1.5711529168647193e-03
1.5711529168647193e-03
1.5711529168647193e-03
1.5711529168647193e-03
1.5711529168647197e-03
1.5711529168647182e-03
1.5711529168647182e-03
1.4780807925622130e-03
1.4780807925622130e-03
1.4780807925622130e-03
1.4780807925622130e-03
1.4780807925622130e-03
1.4780807925622130e-03
1.4780807925622130e-03
1.4780807925622130e-03
1.4780807925622130e-03
1.4780807925622130e-03
1.4780807925622130e-03
