0.0000000000000000e+00
0.0000000000000000e+00
0.0000000000000000e+00
0.0000000000000000e+00
0.0000000000000000e+00
0.0000000000000000e+00
0.0000000000000000e+00
0.0000000000000000e+00
0.0000000000000000e+00
0.0000000000000000e+00
0.0000000000000000e+00
0.0000000000000000e+00
0.0000000000000000e+00
0.0000000000000000e+00
0.0000000000000000e+00
0.0000000000000000e+00
0.0000000000000000e+00
0.0000000000000000e+00
0.0000000000000000e+00
0.0000000000000000e+00
0.0000000000000000e+00
0.0000000000000000e+00
0.0000000000000000e+00
0.0000000000000000e+00
0.0000000000000000e+00
0.0000000000000000e+00
0.0000000000000000e+00
0.0000000000000000e+00
0.0000000000000000e+00
0.0000000000000000e+00
7.0937633358174517e-11
7.0937633358174478e-11
7.0937633358174375e-11
7.0937633358174259e-11
7.0937633358174388e-11
7.0937633358174414e-11
7.0937633358174440e-11
7.0937633358174465e-11
7.0937633358174465e-11
7.0937633358174504e-11
7.0937633358174401e-11
7.0937633358174452e-11
7.0937633358174388e-11
7.0937633358174362e-11
7.0937633358174465e-11
7.0937633358174401e-11
7.0937633358174323e-11
7.0937633358174465e-11
7.0937633358174517e-11
7.0937633358174440e-11
-4.9170650810249341e-04
-4.9170650810249320e-04
-4.9170650810249298e-04
-4.9170650810249287e-04
-4.9170650810249320e-04
-4.9170650810249298e-04
-4.9170650810249298e-04
-4.9170650810249211e-04
-4.9170650810249200e-04
-4.9170650810249320e-04
-4.9170650810249298e-04
-4.9170650810249211e-04
-4.9170650810249244e-04
-4.9170650810249255e-04
-4.9170650810249190e-04
-4.9170650810249200e-04
-4.9170650810249309e-04
-4.9170650810249287e-04
-4.9170650810249276e-04
-4.9170650810249244e-04
-4.5850015140498938e-04
-4.5850015140498938e-04
-4.5850015140498900e-04
-4.5850015140498840e-04
-4.5850015140498840e-04
-4.5850015140498830e-04
-4.5850015140498857e-04
-4.5850015140498835e-04
-4.5850015140498819e-04
-4.5850015140498922e-04
-4.5850015140498851e-04
-4.5850015140498884e-04
-4.5850015140498998e-04
-4.5850015140498971e-04
-4.5850015140499009e-04
-4.5850015140498992e-04
-4.5850015140498933e-04
-4.5850015140498960e-04
-4.5850015140498938e-04
-4.5850015140498857e-04
-8.9710382139448108e-04
-8.9710382139448130e-04
-8.9710382139448098e-04
-8.9710382139448000e-04
-8.9710382139448206e-04
-8.9710382139448054e-04
-8.9710382139448087e-04
-8.9710382139448054e-04
-8.9710382139448184e-04
-8.9710382139448239e-04
-8.9710382139448206e-04
-8.9710382139448119e-04
-8.9710382139448065e-04
-8.9710382139447935e-04
-8.9710382139447848e-04
-8.9710382139447761e-04
-8.9710382139447978e-04
-8.9710382139447935e-04
-8.9710382139447772e-04
-8.9710382139447837e-04
-8.3801475955053964e-04
-8.3801475955053899e-04
-8.3801475955053812e-04
-8.3801475955053867e-04
-8.3801475955053877e-04
-8.3801475955053867e-04
-8.3801475955053812e-04
-8.3801475955053802e-04
-8.3801475955053910e-04
-8.3801475955053964e-04
-8.3801475955053888e-04
-8.3801475955053802e-04
-8.3801475955053606e-04
-8.3801475955053552e-04
-8.3801475955053498e-04
-8.3801475955053400e-04
-8.3801475955053184e-04
-8.3801475955053281e-04
-8.3801475955053194e-04
-8.3801475955053108e-04
-8.3801475955053173e-04
-8.3801475955053433e-04
-8.3801475955053249e-04
-8.3801475955053292e-04
-8.3801475955053314e-04
-8.3801475955053205e-04
-8.3801475955053086e-04
-8.3801475955053140e-04
-8.3801475955053032e-04
-8.3801475955052934e-04
-8.3801475955052902e-04
-8.3801475955052912e-04
-8.3801475955052912e-04
-8.3801475955052847e-04
-8.3801475955052761e-04
-8.3801475955052739e-04
-8.3801475955052728e-04
-8.3801475955052631e-04
-8.3801475955052674e-04
-8.3801475955052652e-04
-7.8557645843633866e-04
-7.8557645843633833e-04
-7.8557645843633703e-04
-7.8557645843633909e-04
-7.8557645843633822e-04
-7.8557645843633779e-04
-7.8557645843633714e-04
-7.8557645843633703e-04
-7.8557645843633670e-04
-7.8557645843633768e-04
-7.8557645843633942e-04
-7.8557645843634061e-04
-7.8557645843634039e-04
-7.8557645843633822e-04
-7.8557645843633714e-04
-7.8557645843633714e-04
-7.8557645843633866e-04
-7.8557645843633931e-04
-7.8557645843633931e-04
-7.8557645843633866e-04
-7.8557645843633670e-04
-7.8557645843633681e-04
-7.8557645843633638e-04
-7.8557645843633649e-04
-7.8557645843633703e-04
-7.8557645843633562e-04
-7.8557645843633410e-04
-7.8557645843633345e-04
-7.8557645843633280e-04
-7.8557645843633107e-04
-7.8557645843633204e-04
-7.8557645843633085e-04
-7.8557645843633237e-04
-7.8557645843633389e-04
-7.8557645843633269e-04
-7.8557645843633356e-04
-7.8557645843633410e-04
-7.8557645843633345e-04
-7.8557645843633313e-04
-7.8557645843633399e-04
-7.3904039628522734e-04
-7.3904039628522723e-04
-7.3904039628522886e-04
-7.3904039628522853e-04
-7.3904039628522994e-04
-7.3904039628523114e-04
-7.3904039628523168e-04
-7.3904039628523114e-04
-7.3904039628523190e-04
-7.3904039628523059e-04
-7.3904039628523059e-04
