0.0000000000000000e+00
0.0000000000000000e+00
0.0000000000000000e+00
0.0000000000000000e+00
0.0000000000000000e+00
0.0000000000000000e+00
0.0000000000000000e+00
0.0000000000000000e+00
0.0000000000000000e+00
0.0000000000000000e+00
0.0000000000000000e+00
0.0000000000000000e+00
0.0000000000000000e+00
0.0000000000000000e+00
0.0000000000000000e+00
0.0000000000000000e+00
0.0000000000000000e+00
0.0000000000000000e+00
0.0000000000000000e+00
0.0000000000000000e+00
0.0000000000000000e+00
0.0000000000000000e+00
0.0000000000000000e+00
0.0000000000000000e+00
0.0000000000000000e+00
0.0000000000000000e+00
0.0000000000000000e+00
0.0000000000000000e+00
0.0000000000000000e+00
0.0000000000000000e+00
7.0937633358260363e-11
7.0937633358260363e-11
7.0937633358260221e-11
7.0937633358260092e-11
7.0937633358260221e-11
7.0937633358260182e-11
7.0937633358260234e-11
7.0937633358260260e-11
7.0937633358260221e-11
7.0937633358260221e-11
7.0937633358260117e-11
7.0937633358260195e-11
7.0937633358260182e-11
7.0937633358260156e-11
7.0937633358260156e-11
7.0937633358260092e-11
7.0937633358260053e-11
7.0937633358260156e-11
7.0937633358260182e-11
7.0937633358260117e-11
-4.9170650809923018e-04
-4.9170650809922964e-04
-4.9170650809922953e-04
-4.9170650809922921e-04
-4.9170650809922910e-04
-4.9170650809922975e-04
-4.9170650809922931e-04
-4.9170650809922866e-04
-4.9170650809922877e-04
-4.9170650809922986e-04
-4.9170650809922953e-04
-4.9170650809922899e-04
-4.9170650809922986e-04
-4.9170650809922986e-04
-4.9170650809922921e-04
-4.9170650809922910e-04
-4.9170650809923007e-04
-4.9170650809923007e-04
-4.9170650809922953e-04
-4.9170650809922931e-04
-4.5850015140165812e-04
-4.5850015140165795e-04
-4.5850015140165719e-04
-4.5850015140165709e-04
-4.5850015140165692e-04
-4.5850015140165649e-04
-4.5850015140165654e-04
-4.5850015140165606e-04
-4.5850015140165611e-04
-4.5850015140165698e-04
-4.5850015140165654e-04
-4.5850015140165622e-04
-4.5850015140165698e-04
-4.5850015140165746e-04
-4.5850015140165801e-04
-4.5850015140165752e-04
-4.5850015140165687e-04
-4.5850015140165665e-04
-4.5850015140165687e-04
-4.5850015140165627e-04
-8.9710382138662105e-04
-8.9710382138662105e-04
-8.9710382138662051e-04
-8.9710382138661964e-04
-8.9710382138662203e-04
-8.9710382138662040e-04
-8.9710382138662051e-04
-8.9710382138662073e-04
-8.9710382138662235e-04
-8.9710382138662311e-04
-8.9710382138662268e-04
-8.9710382138662138e-04
-8.9710382138662084e-04
-8.9710382138661975e-04
-8.9710382138661899e-04
-8.9710382138661812e-04
-8.9710382138661910e-04
-8.9710382138661812e-04
-8.9710382138661682e-04
-8.9710382138661791e-04
-8.3801475954258767e-04
-8.3801475954258572e-04
-8.3801475954258528e-04
-8.3801475954258518e-04
-8.3801475954258463e-04
-8.3801475954258442e-04
-8.3801475954258355e-04
-8.3801475954258333e-04
-8.3801475954258442e-04
-8.3801475954258561e-04
-8.3801475954258572e-04
-8.3801475954258485e-04
-8.3801475954258312e-04
-8.3801475954258301e-04
-8.3801475954258301e-04
-8.3801475954258236e-04
-8.3801475954258138e-04
-8.3801475954258344e-04
-8.3801475954258257e-04
-8.3801475954258084e-04
-8.3801475954258171e-04
-8.3801475954258387e-04
-8.3801475954258290e-04
-8.3801475954258355e-04
-8.3801475954258290e-04
-8.3801475954258279e-04
-8.3801475954258214e-04
-8.3801475954258225e-04
-8.3801475954258160e-04
-8.3801475954257943e-04
-8.3801475954257878e-04
-8.3801475954257791e-04
-8.3801475954257791e-04
-8.3801475954257726e-04
-8.3801475954257639e-04
-8.3801475954257661e-04
-8.3801475954257639e-04
-8.3801475954257542e-04
-8.3801475954257607e-04
-8.3801475954257585e-04
-7.8557645842834765e-04
-7.8557645842834744e-04
-7.8557645842834635e-04
-7.8557645842834809e-04
-7.8557645842834722e-04
-7.8557645842834744e-04
-7.8557645842834754e-04
-7.8557645842834722e-04
-7.8557645842834722e-04
-7.8557645842834765e-04
-7.8557645842834874e-04
-7.8557645842835112e-04
-7.8557645842835069e-04
-7.8557645842834928e-04
-7.8557645842834798e-04
-7.8557645842834809e-04
-7.8557645842834982e-04
-7.8557645842835025e-04
-7.8557645842834960e-04
-7.8557645842834950e-04
-7.8557645842834852e-04
-7.8557645842834895e-04
-7.8557645842834830e-04
-7.8557645842834852e-04
-7.8557645842834917e-04
-7.8557645842834754e-04
-7.8557645842834657e-04
-7.8557645842834548e-04
-7.8557645842834462e-04
-7.8557645842834310e-04
-7.8557645842834397e-04
-7.8557645842834277e-04
-7.8557645842834440e-04
-7.8557645842834613e-04
-7.8557645842834548e-04
-7.8557645842834527e-04
-7.8557645842834538e-04
-7.8557645842834559e-04
-7.8557645842834505e-04
-7.8557645842834548e-04
-7.3904039627694447e-04
-7.3904039627694415e-04
-7.3904039627694621e-04
-7.3904039627694545e-04
-7.3904039627694675e-04
-7.3904039627694816e-04
-7.3904039627694816e-04
-7.3904039627694772e-04
-7.3904039627694794e-04
-7.3904039627694653e-04
-7.3904039627694675e-04
