0.0000000000000000e+00
9.7550506852659154e-05
1.9512195121856001e-04
2.9268387632737592e-04
3.9023628403510964e-04
4.8777917619923671e-04
5.8536585365708091e-04
6.8294300888587216e-04
7.8051064374176464e-04
8.7806876008274292e-04
9.7561735976587250e-04
8.7804878026080647e-04
7.8047068019914843e-04
6.8292682927432156e-04
5.8537346261859451e-04
4.8780487805428032e-04
3.9024390244206392e-04
2.9267340775694916e-04
1.9512195122017606e-04
9.7560977468081310e-05
1.3733059967438229e-15
-9.7570496537713374e-05
-1.9512195121824233e-04
-2.9268292311307155e-04
-3.9025341408026023e-04
-4.8783342597729686e-04
-5.8542296066138534e-04
-6.8292682927254857e-04
-7.8044020581457044e-04
-8.7796309214327017e-04
-9.7560975610506149e-04
-8.7804878071882659e-04
-7.8049732254848576e-04
-6.8295537973641653e-04
-5.8542295042775846e-04
-4.8780487806281798e-04
-3.9024390244829288e-04
-2.9269244404941702e-04
-1.9512195122797432e-04
-9.7560977479719556e-05
-7.4493677656568184e-15
9.7551460248097421e-05
1.9512195121148702e-04
2.9268292310238083e-04
3.9023437777899807e-04
4.8777631709738767e-04
5.8530874291391310e-04
6.8292682925500032e-04
7.8053538723429840e-04
8.7813441871404090e-04
9.7572392555156059e-04
8.7811024395083835e-04
7.8054926857048406e-04
6.8297877411730085e-04
5.8539875873399815e-04
4.8786634173692055e-04
3.9032441123949618e-04
2.9277296538597587e-04
1.9518341491038519e-04
9.7622439299547986e-05
6.1463690437777942e-08
-9.7509030990802444e-05
-1.9506048752970451e-04
-2.9262146128336758e-04
-3.9019195410963420e-04
-4.8777196786611941e-04
-5.8536150441093355e-04
-6.8286536558497901e-04
-7.8037873468868465e-04
-8.7790161357713121e-04
-9.7554829241761119e-04
-8.7799146779044999e-04
-7.8044415956815300e-04
-6.8290636589524341e-04
-5.8537808491619116e-04
-4.8774756513677350e-04
-3.9018658952037766e-04
-2.9263513111950498e-04
-1.9506463829802303e-04
-9.7503664548750872e-05
5.7312922172315923e-08
9.7608773176911876e-05
1.9517926414062411e-04
2.9274023603198117e-04
3.9029169070951288e-04
4.8783363002927107e-04
5.8536605584683923e-04
6.8298414218319694e-04
7.8059270015835370e-04
8.7819173163355708e-04
9.7578123846721538e-04
8.7816091925872991e-04
7.8059994387788805e-04
6.8302944942370402e-04
5.8544943403948928e-04
4.8791701704559571e-04
3.9037508655140937e-04
2.9282364070105146e-04
1.9523409021851963e-04
9.7673114608557858e-05
1.1213899964471639e-07
-9.7458355682475796e-05
-1.9500981222126502e-04
-2.9257078597488199e-04
-3.9014127880106729e-04
-4.8772129255730064e-04
-5.8531082910232772e-04
-6.8281469027630455e-04
-7.8032805938062645e-04
-8.7785093826904515e-04
-9.7549761710872802e-04
-8.7794402777189630e-04
-7.8039995420922312e-04
-6.8286539456598335e-04
-5.8534034698452179e-04
-4.8770012512488830e-04
-3.9013914950565760e-04
-2.9258769110272802e-04
-1.9501719828254307e-04
-9.7456224534175619e-05
1.0475293805714137e-07
9.7656213194015164e-05
1.9522670415716647e-04
2.9278767604676455e-04
3.9033913072401936e-04
4.8788107004179687e-04
5.8541349585785035e-04
6.8303158220046683e-04
7.8064014018189645e-04
8.7823917166298326e-04
9.7560514001433524e-04
8.7815353319864778e-04
7.8069242864048415e-04
6.8303158216412828e-04
5.8536119711448268e-04
4.8790963092559998e-04
3.9034865536381405e-04
2.9277816072977990e-04
1.9522670415537700e-04
9.7665730364994430e-05
1.0475293577136396e-07
-9.7465743567291428e-05
-1.9501719828476325e-04
-2.9257817021656241e-04
-3.9014866122144131e-04
-4.8772867315522637e-04
-5.8531820787647377e-04
-6.8282207633953303e-04
-7.8033545273309673e-04
-8.7785833891380774e-04
-9.7550500317094353e-04
-8.7795058249872130e-04
-7.8040567776249833e-04
-6.8287028710639316e-04
-5.8534440867553396e-04
-4.8770667984834550e-04
-3.9014570422919541e-04
-2.9259424582579128e-04
-1.9502375300633812e-04
-9.7462779259083852e-05
9.8198214182513126e-08
9.7649658471425687e-05
1.9522014943323460e-04
2.9278112132259502e-04
3.9033257599709070e-04
4.8787451531405278e-04
5.8540694112947135e-04
6.8302502747608659e-04
7.8063358546102827e-04
8.7823261694663761e-04
9.7560251828969654e-04
8.7814697847453903e-04
7.8068194015285203e-04
6.8302502744458044e-04
5.8535857693284418e-04
4.8790307620759870e-04
3.9034210064307689e-04
2.9277160600544802e-04
1.9522014943289078e-04
9.7659175644774571e-05
9.8198213516379391e-08
-9.7472298290680193e-05
-1.9502375300649126e-04
-2.9258472493589552e-04
-3.9015521593778934e-04
-4.8773522786955178e-04
-5.8532476258945807e-04
-6.8282863105994227e-04
-7.8034200746152202e-04
-8.7786489364809737e-04
-9.7551155789033937e-04
-8.7795639945210664e-04
-7.8041075709344495e-04
-6.8287462895917314e-04
-5.8534801319391836e-04
-4.8771249680167988e-04
-3.9015152118355062e-04
-2.9260006278109387e-04
-1.9502956996089743e-04
-9.7468596212874870e-05
9.2381260246393032e-08
