0.0000000000000000e+00
-2.9267007792145174e-05
-5.8536585366243674e-05
-8.7807019671597340e-05
-1.1707831076137595e-04
-1.4635045868528952e-04
-1.7560975609625252e-04
-2.0486990963843794e-04
-2.3413091936242097e-04
-2.6339278531782329e-04
-2.9265550755584437e-04
-2.6341463402784559e-04
-2.3417461550334558e-04
-2.0487804877677794e-04
-1.7558234031385774e-04
-1.4634146341319885e-04
-1.1707317073019960e-04
-8.7805734655648155e-05
-5.8536585364544627e-05
-2.9268292732505189e-05
4.9462324521794802e-16
2.9267436126144696e-05
5.8536585367289786e-05
8.7804877950798706e-05
1.1707231392551137e-04
1.4633889334273386e-04
1.7560461625296779e-04
2.0487804878521995e-04
2.3415062440917061e-04
2.6342234317435495e-04
2.9268292683611670e-04
2.6341463426825002e-04
2.3414548504309667e-04
2.0487547910955138e-04
1.7560461641811004e-04
1.4634146342380722e-04
1.1707317073699091e-04
8.7804021392471048e-05
5.8536585370238932e-05
2.9268292740171610e-05
4.4314552553952253e-15
-2.9269149389945361e-05
-5.8536585360623061e-05
-8.7804877940188405e-05
-1.1707402717682618e-04
-1.4634403312206167e-04
-1.7561489582570722e-04
-2.0487804877107743e-04
-2.3414205807339099e-04
-2.6340692378276908e-04
-2.9267264594988576e-04
-2.6344536587159697e-04
-2.3417707330364819e-04
-2.0490963734273639e-04
-1.7564305794005272e-04
-1.4637219525691372e-04
-1.1710218933205323e-04
-8.7833040114879650e-05
-5.8567317208422713e-05
-2.9299024525524300e-05
-3.0731843204885921e-08
2.9236704231287674e-05
5.8505853523761986e-05
8.7774146157218154e-05
1.1704158218367190e-04
1.4630816165142491e-04
1.7557388461111748e-04
2.0484731694215329e-04
2.3411989236478572e-04
2.6339161092820502e-04
2.9265219499298700e-04
2.6338597780515004e-04
2.3411890408021584e-04
2.0485097376854645e-04
1.7558218681961916e-04
1.4631280696071744e-04
1.1704451427339012e-04
8.7775364928704557e-05
5.8507928906717578e-05
2.9239636277436774e-05
-2.8656459668764252e-08
-2.9297805855010066e-05
-5.8565241826199513e-05
-8.7833534404795641e-05
-1.1710268364096001e-04
-1.4637268958558167e-04
-1.7564355228849717e-04
-2.0490670523594861e-04
-2.3417071454097748e-04
-2.6343558025316676e-04
-2.9270130242205119e-04
-2.6347070352595366e-04
-2.3420241095703777e-04
-2.0493497499718378e-04
-1.7566839559383539e-04
-1.4639753291086047e-04
-1.1712752698681279e-04
-8.7858377770931139e-05
-5.8592654863501903e-05
-2.9324362180306344e-05
-5.6069498051798027e-08
2.9211366575538948e-05
5.8480515867662954e-05
8.7748808501478224e-05
1.1701624452798554e-04
1.4628282399675071e-04
1.7554854695726641e-04
2.0482197928645010e-04
2.3409455470623918e-04
2.6336627326840136e-04
2.9262685733645740e-04
2.6336225779360119e-04
2.3409680180960766e-04
2.0483048933200057e-04
1.7556332031349440e-04
1.4628908694987720e-04
1.1702079426231111e-04
8.7751644916259441e-05
5.8484208895066139e-05
2.9215916264635291e-05
-5.2376470520041956e-08
-2.9321525865197706e-05
-5.8588961836621439e-05
-8.7857254416613586e-05
-1.1712640365393343e-04
-1.4639640959953940e-04
-1.7566727230348993e-04
-2.0493042524612356e-04
-2.3419443454640368e-04
-2.6345930025407140e-04
-2.9268061879687536e-04
-2.6346701049688724e-04
-2.3425425560768306e-04
-2.0493042525395627e-04
-1.7560745476206024e-04
-1.4639383988623031e-04
-1.1712554720329831e-04
-8.7858111128792703e-05
-5.8588961836204144e-05
-2.9320669201586198e-05
-5.2376470410837677e-08
2.9215059653378636e-05
5.8484208896142976e-05
8.7752501481150628e-05
1.1701993745757602e-04
1.4628651687678199e-04
1.7555223978866304e-04
2.0482567231476631e-04
2.3409824793294169e-04
2.6336996669196818e-04
2.9263055036626536e-04
2.6336553515528201e-04
2.3409966347908895e-04
2.0483293528680079e-04
1.7556535052713247e-04
1.4629236431099220e-04
1.1702407162391394e-04
8.7754922278430832e-05
5.8487486256484240e-05
2.9219193626620809e-05
-4.9099110440820103e-08
-2.9318248505529827e-05
-5.8585684475830740e-05
-8.7853977054770072e-05
-1.1712312629134200e-04
-1.4639313223554015e-04
-1.7566399493893322e-04
-2.0492714788594268e-04
-2.3419115719164373e-04
-2.6345602290420974e-04
-2.9267930793634413e-04
-2.6346373313829505e-04
-2.3424901186400220e-04
-2.0492714789402541e-04
-1.7560614367060227e-04
-1.4639056252516662e-04
-1.1712226984343606e-04
-8.7854833769428000e-05
-5.8585684477017860e-05
-2.9317391842775421e-05
-4.9099111728220609e-08
2.9218337010064204e-05
5.8487486254200565e-05
8.7755778840455822e-05
1.1702321481832492e-04
1.4628979423866390e-04
1.7555551715120346e-04
2.0482894967276821e-04
2.3410152528550819e-04
2.6337324404028403e-04
2.9263382772435232e-04
2.6336844363007705e-04
2.3410220304894284e-04
2.0483510592897626e-04
1.7556715222157449e-04
1.4629527278638501e-04
1.1702698009926200e-04
8.7757830754773018e-05
5.8490394732375439e-05
2.9222102101907684e-05
-4.6190633854951791e-08
