0.0000000000000000e+00
-2.9267007792651997e-05
-5.8536585366187566e-05
-8.7807019672162223e-05
-1.1707831076223316e-04
-1.4635045868586049e-04
-1.7560975609587850e-04
-2.0486990963801755e-04
-2.3413091936110757e-04
-2.6339278531613232e-04
-2.9265550755369228e-04
-2.6341463402774422e-04
-2.3417461550514587e-04
-2.0487804877663179e-04
-1.7558234031143379e-04
-1.4634146341274741e-04
-1.1707317072951043e-04
-8.7805734654915614e-05
-5.8536585364172150e-05
-2.9268292731866072e-05
1.2343784287797632e-15
2.9267436126195714e-05
5.8536585368006715e-05
8.7804877951234162e-05
1.1707231392639854e-04
1.4633889334432005e-04
1.7560461625487080e-04
2.0487804878637991e-04
2.3415062440910707e-04
2.6342234317329076e-04
2.9268292683676673e-04
2.6341463426977630e-04
2.3414548504490694e-04
2.0487547911220817e-04
1.7560461642103750e-04
1.4634146342507075e-04
1.1707317073874028e-04
8.7804021394353088e-05
5.8536585371449701e-05
2.9268292740971599e-05
5.1084765675638685e-15
-2.9269149389155323e-05
-5.8536585360718105e-05
-8.7804877940311137e-05
-1.1707402717781597e-04
-1.4634403312336770e-04
-1.7561489582729165e-04
-2.0487804877118913e-04
-2.3414205807269927e-04
-2.6340692378105858e-04
-2.9267264594688512e-04
-2.6344536587225969e-04
-2.3417707330418793e-04
-2.0490963734288276e-04
-1.7564305793923854e-04
-1.4637219525704193e-04
-1.1710218933279505e-04
-8.7833040115744112e-05
-5.8567317208773859e-05
-2.9299024525432360e-05
-3.0731842811414301e-08
2.9236704231837653e-05
5.8505853524446239e-05
8.7774146158674211e-05
1.1704158218492530e-04
1.4630816165310957e-04
1.7557388461379481e-04
2.0484731694309815e-04
2.3411989236413324e-04
2.6339161092639625e-04
2.9265219499415804e-04
2.6338597780631258e-04
2.3411890408242325e-04
2.0485097377176693e-04
1.7558218682369714e-04
1.4631280696249599e-04
1.1704451427500397e-04
8.7775364930087863e-05
5.8507928908099299e-05
2.9239636278266439e-05
-2.8656458740829342e-08
-2.9297805853710904e-05
-5.8565241824921760e-05
-8.7833534404328296e-05
-1.1710268364130956e-04
-1.4637268958579854e-04
-1.7564355228867685e-04
-2.0490670523495193e-04
-2.3417071453849737e-04
-2.6343558024957833e-04
-2.9270130241753386e-04
-2.6347070352440781e-04
-2.3420241095593793e-04
-2.0493497499636756e-04
-1.7566839559348784e-04
-1.4639753291100541e-04
-1.1712752698624459e-04
-8.7858377769334936e-05
-5.8592654863002174e-05
-2.9324362179665361e-05
-5.6069498395556324e-08
2.9211366575698909e-05
5.8480515867261759e-05
8.7748808501438014e-05
1.1701624452733431e-04
1.4628282399552347e-04
1.7554854695642970e-04
2.0482197928644425e-04
2.3409455470721981e-04
2.6336627326994651e-04
2.9262685733725413e-04
2.6336225779491536e-04
2.3409680181059255e-04
2.0483048933356819e-04
1.7556332031520380e-04
1.4628908695035332e-04
1.1702079426347282e-04
8.7751644918871569e-05
5.8484208896273148e-05
2.9215916265621248e-05
-5.2376469977240922e-08
-2.9321525864293556e-05
-5.8588961835011548e-05
-8.7857254413950894e-05
-1.1712640365077110e-04
-1.4639640959525482e-04
-1.7566727229906804e-04
-2.0493042524623209e-04
-2.3419443455034567e-04
-2.6345930026178219e-04
-2.9268061879653276e-04
-2.6346701049742658e-04
-2.3425425560825655e-04
-2.0493042525393832e-04
-1.7560745476136589e-04
-1.4639383988538721e-04
-1.1712554720320694e-04
-8.7858111128023272e-05
-5.8588961835378774e-05
-2.9320669201149214e-05
-5.2376470468511032e-08
2.9215059652000367e-05
5.8484208895499563e-05
8.7752501481429593e-05
1.1701993745936439e-04
1.4628651688009705e-04
1.7555223979268304e-04
2.0482567231460091e-04
2.3409824792797683e-04
2.6336996668243387e-04
2.9263055036593099e-04
2.6336553515529854e-04
2.3409966347821595e-04
2.0483293528546369e-04
1.7556535052603379e-04
1.4629236431116564e-04
1.1702407162406673e-04
8.7754922279561235e-05
5.8487486257244726e-05
2.9219193627199858e-05
-4.9099108836313729e-08
-2.9318248503572208e-05
-5.8585684474732822e-05
-8.7853977053813738e-05
-1.1712312629083891e-04
-1.4639313223597448e-04
-1.7566399493919465e-04
-2.0492714788516582e-04
-2.3419115718901302e-04
-2.6345602289968531e-04
-2.9267930793578403e-04
-2.6346373313726408e-04
-2.3424901186334081e-04
-2.0492714789383952e-04
-1.7560614367073148e-04
-1.4639056252508566e-04
-1.1712226984223758e-04
-8.7854833768306461e-05
-5.8585684475891231e-05
-2.9317391841006396e-05
-4.9099109688476307e-08
2.9218337012886504e-05
5.8487486255970267e-05
8.7755778841378776e-05
1.1702321481865510e-04
1.4628979423802661e-04
1.7555551714989662e-04
2.0482894967481464e-04
2.3410152529185541e-04
2.6337324405036760e-04
2.9263382772642217e-04
2.6336844363278821e-04
2.3410220305186488e-04
2.0483510593251127e-04
1.7556715222552760e-04
1.4629527278851905e-04
1.1702698010226354e-04
8.7757830757327317e-05
5.8490394735238044e-05
2.9222102105504487e-05
-4.6190630762877849e-08
