0.0000000000000000e+00
0.0000000000000000e+00
0.0000000000000000e+00
0.0000000000000000e+00
0.0000000000000000e+00
0.0000000000000000e+00
0.0000000000000000e+00
0.0000000000000000e+00
0.0000000000000000e+00
0.0000000000000000e+00
0.0000000000000000e+00
0.0000000000000000e+00
0.0000000000000000e+00
0.0000000000000000e+00
0.0000000000000000e+00
0.0000000000000000e+00
0.0000000000000000e+00
0.0000000000000000e+00
0.0000000000000000e+00
0.0000000000000000e+00
0.0000000000000000e+00
0.0000000000000000e+00
0.0000000000000000e+00
0.0000000000000000e+00
0.0000000000000000e+00
0.0000000000000000e+00
0.0000000000000000e+00
0.0000000000000000e+00
0.0000000000000000e+00
0.0000000000000000e+00
8.8672041697850175e-15
8.8672041697850175e-15
8.8672041697850175e-15
8.8672041697850175e-15
8.8672041697850175e-15
8.8672041697850175e-15
8.8672041697850175e-15
8.8672041697850175e-15
8.8672041697850175e-15
8.8672041697850175e-15
8.8672041697850175e-15
8.8672041697850175e-15
8.8672041697850175e-15
8.8672041697850175e-15
8.8672041697850175e-15
8.8672041697850175e-15
8.8672041697850175e-15
8.8672041697850175e-15
8.8672041697850175e-15
8.8672041697850175e-15
6.1463709023283285e-08
6.1463709023283285e-08
6.1463709023283285e-08
6.1463709023283285e-08
6.1463709023283285e-08
6.1463709023283285e-08
6.1463709023283285e-08
6.1463709023283285e-08
6.1463709023283285e-08
6.1463709023283285e-08
6.1463709023283285e-08
6.1463709023283285e-08
6.1463709023283285e-08
6.1463709023283285e-08
6.1463709023283285e-08
6.1463709023283285e-08
6.1463709023283285e-08
6.1463709023283285e-08
6.1463709023283285e-08
6.1463709023283285e-08
6.5614479821362593e-08
6.5614479821362593e-08
6.5614479821362593e-08
6.5614479821362593e-08
6.5614479821362593e-08
6.5614479821362593e-08
6.5614479821362593e-08
6.5614479821362593e-08
6.5614479821362593e-08
6.5614479821362593e-08
6.5614479821362593e-08
6.5614479821362593e-08
6.5614479821362593e-08
6.5614479821362593e-08
6.5614479821362593e-08
6.5614479821362593e-08
6.5614479821362593e-08
6.5614479821362593e-08
6.5614479821362593e-08
6.5614479821362593e-08
1.2044055337826761e-07
1.2044055337826761e-07
1.2044055337826761e-07
1.2044055337826761e-07
1.2044055337826761e-07
1.2044055337826761e-07
1.2044055337826761e-07
1.2044055337826761e-07
1.2044055337826761e-07
1.2044055337826761e-07
1.2044055337826761e-07
1.2044055337826761e-07
1.2044055337826761e-07
1.2044055337826761e-07
1.2044055337826761e-07
1.2044055337826761e-07
1.2044055337826761e-07
1.2044055337826761e-07
1.2044055337826761e-07
1.2044055337826761e-07
1.2782660873847297e-07
1.2782660873847297e-07
1.2782660873847297e-07
1.2782660873847297e-07
1.2782660873847297e-07
1.2782660873847297e-07
1.2782660873847297e-07
1.2782660873847297e-07
1.2782660873847297e-07
1.2782660873847297e-07
1.2782660873847297e-07
1.2782660873847297e-07
1.2782660873847297e-07
1.2782660873847297e-07
1.2782660873847297e-07
1.2782660873847297e-07
1.2782660873847297e-07
1.2782660873847297e-07
1.2782660873847297e-07
1.2782660873847297e-07
1.2782660873847297e-07
1.2782660873847297e-07
1.2782660873847297e-07
1.2782660873847297e-07
1.2782660873847297e-07
1.2782660873847297e-07
1.2782660873847297e-07
1.2782660873847297e-07
1.2782660873847297e-07
1.2782660873847297e-07
1.2782660873847297e-07
1.2782660873847297e-07
1.2782660873847297e-07
1.2782660873847297e-07
1.2782660873847297e-07
1.2782660873847297e-07
1.2782660873847297e-07
1.2782660873847297e-07
1.2782660873847297e-07
1.2782660873847297e-07
1.3438133201229545e-07
1.3438133201229545e-07
1.3438133201229545e-07
1.3438133201229545e-07
1.3438133201229545e-07
1.3438133201229545e-07
1.3438133201229545e-07
1.3438133201229545e-07
1.3438133201229545e-07
1.3438133201229545e-07
1.3438133201229545e-07
1.3438133201229545e-07
1.3438133201229545e-07
1.3438133201229545e-07
1.3438133201229545e-07
1.3438133201229545e-07
1.3438133201229545e-07
1.3438133201229545e-07
1.3438133201229545e-07
1.3438133201229545e-07
1.3438133201229545e-07
1.3438133201229545e-07
1.3438133201229545e-07
1.3438133201229545e-07
1.3438133201229545e-07
1.3438133201229545e-07
1.3438133201229545e-07
1.3438133201229545e-07
1.3438133201229545e-07
1.3438133201229545e-07
1.3438133201229545e-07
1.3438133201229545e-07
1.3438133201229545e-07
1.3438133201229545e-07
1.3438133201229545e-07
1.3438133201229545e-07
1.3438133201229545e-07
1.3438133201229545e-07
1.3438133201229545e-07
1.3438133201229545e-07
1.4019828604415188e-07
1.4019828604415188e-07
1.4019828604415188e-07
1.4019828604415188e-07
1.4019828604415188e-07
1.4019828604415188e-07
1.4019828604415188e-07
1.4019828604415188e-07
1.4019828604415188e-07
1.4019828604415188e-07
1.4019828604415188e-07
