0.0000000000000000e+00
2.4997104046445784e+01
4.9999999999569987e+01
7.5000761494195217e+01
9.9999389117753239e+01
1.2499588345744790e+02
1.4999999999877426e+02
1.7500198098092085e+02
2.0000020563527781e+02
2.2499694288376665e+02
2.4999436060412518e+02
2.2499999950163973e+02
2.0000350479649092e+02
1.7500487590154097e+02
1.5000411222918137e+02
1.2499999999991300e+02
1.0000000000003888e+02
7.4997865559997351e+01
4.9999999999502847e+01
2.5000000586553938e+01
2.4237813158891913e-10
2.5000000000078984e+01
5.0002134440235821e+01
7.5000000000491724e+01
9.9999999413139108e+01
1.2500213326587604e+02
1.5000640214623940e+02
1.7498743291151828e+02
1.9999869312832800e+02
2.2499607818041878e+02
2.4999531414914674e+02
2.2500000036492133e+02
2.0000681983251485e+02
1.7501577196480940e+02
1.5000000000414295e+02
1.2498636486033705e+02
1.0000000000270998e+02
7.5000000001280384e+01
5.0002133852493088e+01
2.5000000000355442e+01
2.1479196425158857e-10
2.4999999999953957e+01
4.9997866147117804e+01
7.4999999999561652e+01
9.9999999412076477e+01
1.2499786497197945e+02
1.4999359726665924e+02
1.7498719688304141e+02
1.9999999999575380e+02
2.2499866823874612e+02
2.4995646920749891e+02
2.2499999967262136e+02
2.0004140211239942e+02
1.7499999997967566e+02
1.4999999999325965e+02
1.2499786556669613e+02
9.9993596112455293e+01
7.4999999998539749e+01
4.9999999999896936e+01
2.5000000000036376e+01
7.6208381575926004e-11
2.5000000000051589e+01
5.0002134440229739e+01
7.5000000000407553e+01
9.9999999412937839e+01
1.2500213326535359e+02
1.5000640214567727e+02
1.7501280664120367e+02
2.0000000000426976e+02
2.2498919819062175e+02
2.4999827244030487e+02
2.2500000028868516e+02
2.0000386176728858e+02
1.7500985628910027e+02
1.5000000000253030e+02
1.2499227977549009e+02
9.9986695019886767e+01
7.5000000001513541e+01
5.0000000001650449e+01
2.5000000000159552e+01
2.0453420641803152e-10
2.4999999999835314e+01
4.9997866147179799e+01
7.4999999999449045e+01
9.9999999411813945e+01
1.2499786497163836e+02
1.4999359726626801e+02
1.7498719688268730e+02
1.9999999999593513e+02
2.2501066573145951e+02
2.4999947361812161e+02
2.2499999978023180e+02
1.9999839157962083e+02
1.7499464842861099e+02
1.4999999999870840e+02
1.2500321873671098e+02
1.0000430405558924e+02
7.4999999999739643e+01
4.9999999999445421e+01
2.4999999999890608e+01
-4.7442988864157214e-11
2.5000000000103448e+01
5.0002134440185344e+01
7.5000000000327319e+01
9.9999999413056827e+01
1.2500213326581820e+02
1.5000640214611775e+02
1.7501280664183378e+02
2.0000000000413507e+02
2.2498932428220550e+02
2.4999993573895588e+02
2.2500000017246941e+02
2.0000219845033092e+02
1.7500652998532780e+02
1.5000000000146866e+02
1.2499560564901947e+02
9.9993346340073174e+01
7.5000000000298883e+01
5.0000000000570175e+01
2.4999999999867491e+01
3.2550809489603429e-10
2.5000000000114195e+01
4.9997866147493575e+01
7.4999999999863945e+01
9.9999999412214493e+01
1.2499786497198481e+02
1.4999359726653154e+02
1.7498719688274494e+02
1.9999999999598231e+02
2.2501066573176919e+02
2.4999999102461501e+02
2.2499999984216348e+02
1.9999787422083446e+02
1.7499361357318560e+02
1.4999999999882098e+02
1.2500425374446692e+02
1.0000637422312582e+02
7.4999999999894086e+01
4.9999999999622929e+01
2.5000000000180250e+01
3.9323258214964163e-10
2.4999999999730690e+01
5.0002134439912929e+01
7.5000000000288196e+01
9.9999999412981836e+01
1.2500213326560399e+02
1.5000640214587563e+02
1.7501280664173674e+02
2.0000000000406800e+02
2.2498932428199083e+02
2.4997840505062518e+02
2.2500000014436853e+02
2.0002372628280978e+02
1.7500000000904876e+02
1.4997841098437812e+02
1.2500000000423350e+02
1.0002372007078336e+02
7.5000000009048350e+01
5.0000000001367887e+01
2.5000000000215078e+01
5.5696105942812390e-10
2.4999999999786606e+01
4.9997866147147299e+01
7.4999999999336836e+01
9.9999999411724644e+01
1.2499786497150892e+02
1.4999359726608364e+02
1.7498719688237730e+02
1.9999999999543525e+02
2.2501066573094690e+02
2.4999216094731503e+02
2.2499999985750125e+02
2.0000570547316448e+02
1.7500927720721080e+02
1.5001071447204257e+02
1.2500000000090267e+02
1.0000000000021838e+02
7.4997865559578798e+01
4.9999999999684967e+01
2.5000000587366813e+01
4.7185135139924259e-10
2.5000000000089372e+01
5.0002134440192620e+01
7.5000000000443663e+01
9.9999999413057708e+01
1.2500213326575786e+02
1.5000640214596342e+02
1.7501280664169221e+02
2.0000000000428935e+02
2.2498932428242014e+02
2.4999714939437916e+02
2.2500000013698769e+02
2.0000498436144727e+02
1.7501210148062785e+02
1.5000000000314148e+02
1.2499003488217403e+02
1.0000000000162630e+02
7.5000000000901906e+01
5.0002133852979000e+01
2.5000000000471537e+01
6.0496974071742006e-10
