0.0000000000000000e+00
-7.3158850759925823e-04
-2.5924460961563738e-10
-7.3199738104007901e-04
-2.9273808614569538e-03
-6.5859506118959819e-03
4.2610408452917480e-10
5.1222512582528726e-03
8.7810019099756522e-03
1.0976452224121773e-02
1.1708801832524193e-02
1.9863409502314018e-08
-1.3171819690757369e-02
2.0877315917706112e-09
1.1708051913646650e-02
1.2120788457115494e-09
1.0205353614445364e-09
-1.4635140203619929e-03
6.0584980944910693e-10
2.0034018122751014e-07
4.8581312917572805e-10
-1.4637139065790251e-03
8.4687571231817749e-10
4.0096259246695009e-07
-1.4627135903409522e-03
-4.3895425206576201e-03
-8.7802856917081271e-03
1.6659708662583804e-09
7.3179736060975508e-03
1.3173430385292605e-02
1.3148400468950773e-09
2.0510274993780493e-08
-1.4632749278739947e-03
-4.3896851852848907e-03
-8.7790106777998755e-03
1.6278836627342126e-09
8.4447607488860271e-10
-1.4633146419290328e-03
4.7280328296561134e-10
-1.9895498368535978e-07
4.7059426515664795e-10
-1.4631151384205208e-03
5.0772205536386190e-10
-3.9856522665837859e-07
-1.4641120728490333e-03
-4.3909404268313431e-03
-8.7806838090920755e-03
1.5081093723667173e-09
7.3161724154139074e-03
1.3168029597651362e-02
2.2401949091471203e-02
2.0428631735631841e-08
2.2842790806101933e-09
-1.4635300619453282e-03
-4.3907769561744867e-03
1.1141761551914155e-09
2.9278643933075580e-03
4.3926135043290074e-03
1.2312010019163981e-09
1.2440014925001127e-09
1.1688776285857159e-09
-1.4635134811669436e-03
1.5640874625087091e-09
2.0179257475096552e-07
-1.4631124134399181e-03
-4.3901414114527323e-03
-8.7810848931998732e-03
2.3968465321021113e-09
7.3187745730755732e-03
1.3175031637956547e-02
-3.2726947341999037e-04
2.1069339811706635e-08
-1.1358592699779624e-03
-3.7347109991851877e-03
-7.7963345473890406e-03
2.0843761361898468e-09
1.1367350901982700e-09
-1.4633143658799687e-03
1.0628343913957823e-09
-1.9792041495603913e-07
9.2746716001748915e-10
-1.4631151104574666e-03
5.8399404152200578e-10
-3.9826330272157851e-07
-1.4641114860569151e-03
-4.3909393090957064e-03
-8.7806821932169075e-03
1.6881833479793827e-09
7.3161712028605459e-03
1.3168026744780870e-02
2.1878593685690229e-02
2.0519101819305141e-08
2.5549670486688247e-09
-1.4635305030138836e-03
-4.3907776323138257e-03
8.4684916147331187e-10
2.9278645631792242e-03
4.3926138070461956e-03
6.9511045218617501e-10
7.9580644037827820e-10
4.1033483725048625e-10
-1.4635144962179428e-03
2.3564204268868313e-10
2.0053063524677671e-07
-1.4631137879215555e-03
-4.3901426375856350e-03
-8.7810859727589542e-03
1.3250882787414617e-09
7.3187730148558724e-03
1.3175030064435624e-02
-5.8236042151624224e-04
2.0387512903375653e-08
-8.8065788728249603e-04
-3.2241959068684896e-03
-7.0303930324071215e-03
5.5191985313988604e-10
9.4390638904908077e-11
-1.4633152504404084e-03
-1.0180012579816159e-10
-1.9964639761373498e-07
-2.3893290580544386e-11
-1.4631156294081023e-03
8.5908078993040063e-11
-3.9905354810261547e-07
-1.4641123601200803e-03
-4.3909405201029072e-03
-8.7806839687962854e-03
9.5087711670105722e-10
7.3161715848945701e-03
1.3168028295031041e-02
8.6233234681754260e-03
2.0008469356909800e-08
-1.0083014683745752e-02
-6.4481781737974773e-09
8.6158980968645618e-03
-7.7858222418610670e-09
-2.3066153222182344e-09
-1.4635111940892735e-03
-2.7378171627865129e-10
1.9579274477745251e-07
-5.3971030976460841e-10
-1.4637115373831279e-03
-4.2870037087794569e-10
3.9621886472648025e-07
-1.4627218935870186e-03
-4.3895541504509819e-03
-8.7803009628548232e-03
5.5180048248201629e-10
7.3179867534826975e-03
1.3173457548912502e-02
-5.1681347116686299e-04
1.9525146318295299e-08
-9.4623513004080627e-04
-3.3553777238493209e-03
-7.2272088427063333e-03
3.1249763022059785e-10
-2.2548140008780314e-10
-1.4633154302135438e-03
-3.5150590671673154e-10
-1.9977271656505197e-07
-4.6648302956652601e-10
-1.4631160693078162e-03
-5.0280318679179365e-10
-3.9954846105951876e-07
-1.4641131446128512e-03
-4.3909414207188562e-03
-8.7806847707288058e-03
4.7148852969544519e-10
7.3161710048515200e-03
1.3168027846913736e-02
8.3132209975859406e-03
1.9102940912170717e-08
-9.7730493738282156e-03
-6.6640649339147792e-09
8.3060688523913413e-03
-7.5741860368697745e-09
-2.3718477029549600e-09
-1.4635120439946054e-03
-1.0172031665163917e-09
1.9545823851594287e-07
-9.5976213480243649e-10
-1.4637123156420536e-03
-9.3550545460926007e-10
3.9602923499595231e-07
-1.4627217638321171e-03
-4.3895540321915553e-03
-8.7803007221829033e-03
2.1928819454257305e-10
7.3179858547679447e-03
1.3173456602774469e-02
-4.5864327273632740e-04
1.9672272013817714e-08
-1.0044305112233767e-03
-3.4717943935665503e-03
-7.4018720181249819e-03
4.7669499301786572e-10
4.1536225924694510e-11
-1.4633152248568612e-03
-5.8700622853047389e-11
-1.9946935379646895e-07
-1.7299643466821875e-11
