0.0000000000000000e+00
1.9997414951714539e+01
3.9999999999658961e+01
5.9999755448723114e+01
7.9996681798727366e+01
9.9990779550512926e+01
1.1999999999995620e+02
1.4000639017237700e+02
1.6000995056819596e+02
1.8001068168825293e+02
2.0000858403305631e+02
1.7999999996544287e+02
1.5998858634910965e+02
1.4000000000247238e+02
1.2000858466785911e+02
1.0000000000182527e+02
8.0000000001226397e+01
5.9997170481799870e+01
4.0000000000495866e+01
2.0000000501161917e+01
5.0680978799169173e-10
-2.0002830018596271e+01
-3.9999999999290146e+01
-5.9999998997648142e+01
-8.0002827514697415e+01
-1.0000848605097845e+02
-1.2001697510714068e+02
-1.3999999999997314e+02
-1.5998585140786528e+02
-1.7997452983113908e+02
-1.9999999999899225e+02
-1.8000000003335350e+02
-1.6000282908566851e+02
-1.4000848665538877e+02
-1.2001697224242432e+02
-1.0000000000016826e+02
-7.9999999999667367e+01
-6.0002829017194109e+01
-3.9999999999692172e+01
-2.0000000500931556e+01
5.7563748058267319e-10
1.9997171483556432e+01
4.0000000000477201e+01
5.9999998998692504e+01
7.9997168979310686e+01
9.9991510442584783e+01
1.1998302388897987e+02
1.4000000000000028e+02
1.6001414408824834e+02
1.8002545665587641e+02
2.0002424585064853e+02
1.7999999996549980e+02
1.6000000000160205e+02
1.3999717051927607e+02
1.1999151101757323e+02
1.0000000000006779e+02
8.0005660966071915e+01
6.0008493415584333e+01
4.0000000000673502e+01
2.0000000000487333e+01
6.0862053002432190e-10
-2.0002829517829422e+01
-3.9999999999304976e+01
-5.9999999498704994e+01
-8.0002828516624049e+01
-1.0000848755412676e+02
-1.2001697711193516e+02
-1.4000000000015598e+02
-1.5998584940303607e+02
-1.7997452582088007e+02
-1.9999934545596648e+02
-1.8000000003307002e+02
-1.6000348337572780e+02
-1.4000979498386141e+02
-1.2001893435731786e+02
-1.0000000000045961e+02
-7.9999999999660730e+01
-6.0002829016769766e+01
-3.9999999999103778e+01
-2.0000000499886525e+01
1.0106989711258815e-09
1.9997171483586932e+01
4.0000000000541490e+01
5.9999998999011943e+01
7.9997168979987507e+01
9.9991510443851837e+01
1.1998302389072491e+02
1.3999999999998064e+02
1.6001414408650663e+02
1.8002545665215644e+02
2.0002529254812572e+02
1.7999999996659278e+02
1.6000000000276654e+02
1.3999717051987520e+02
1.1999151101786336e+02
1.0000000000123828e+02
8.0005660968103342e+01
6.0008493418267562e+01
4.0000000001559258e+01
2.0000000001537884e+01
1.5694581274418989e-09
-2.0002829517220043e+01
-3.9999999998817756e+01
-5.9999999498150522e+01
-8.0002828516110924e+01
-1.0000848755339958e+02
-1.2001697711115438e+02
-1.3999999999948449e+02
-1.5998584940290036e+02
-1.7997452582081917e+02
-1.9999883527584706e+02
-1.8000000003336086e+02
-1.6000399335997264e+02
-1.4001081475593639e+02
-1.2002046372004175e+02
-1.0000000000261329e+02
-8.0000000000992003e+01
-6.0002829017631342e+01
-4.0000000000350681e+01
-2.0000000501670250e+01
-5.5013966957452564e-12
1.9997171483054071e+01
3.9999999999884388e+01
5.9999998997736526e+01
7.9997168978559742e+01
9.9991510441766891e+01
1.1998302388799327e+02
1.3999999999938109e+02
1.6001414408814756e+02
1.8002545665598106e+02
1.9998275334473382e+02
1.7999999996549559e+02
1.6001442371030262e+02
1.3999999998753509e+02
1.1998274059501777e+02
9.9999999982756023e+01
7.9999999995977305e+01
5.9997170490624633e+01
3.9999999999457657e+01
2.0000000490095022e+01
-7.0121062054458446e-10
-2.0002830010400888e+01
-4.0000000000841453e+01
-5.9999999008923432e+01
-8.0002827535865350e+01
-1.0000848608172372e+02
-1.2001697514771590e+02
-1.4000000000153204e+02
-1.5998585137027757e+02
-1.7997452975464853e+02
-1.9999896637211324e+02
-1.8000000003451254e+02
-1.6000386231634533e+02
-1.4001055271735518e+02
-1.2002007073771499e+02
-1.0000000000275070e+02
-8.0000000001125258e+01
-6.0002829017588695e+01
-4.0000000000513538e+01
-2.0000000501980967e+01
-4.2990819630524762e-10
1.9997171482888014e+01
3.9999999999437854e+01
5.9999998997334870e+01
7.9997168977464966e+01
9.9991510440538377e+01
1.1998302388667652e+02
1.3999999999884344e+02
1.6001414408797118e+02
1.8002545665651996e+02
1.9998337354790129e+02
1.7999999996462157e+02
1.6001380326760980e+02
1.3999999998805146e+02
1.1998336127847372e+02
9.9999999983911536e+01
7.9999999996281588e+01
5.9997170489808234e+01
3.9999999999100879e+01
2.0000000490421147e+01
-8.8339246275383003e-10
-2.0002830011107182e+01
-4.0000000000972918e+01
-5.9999999008292136e+01
-8.0002827534319479e+01
-1.0000848607964701e+02
-1.2001697514521098e+02
-1.4000000000126954e+02
-1.5998585137243415e+02
-1.7997452975842029e+02
-1.9999908271201070e+02
-1.8000000003444228e+02
-1.6000374602104796e+02
-1.4001032017187418e+02
-1.2001972198659365e+02
-1.0000000000261092e+02
-8.0000000001199979e+01
-6.0002829017826542e+01
-4.0000000000587434e+01
-2.0000000501913178e+01
-2.3525663531924325e-10
