1.9999999999999974e+02
1.9999999999999974e+02
1.9999999999999974e+02
1.9999999999999974e+02
1.9999999999999974e+02
1.9999999999999974e+02
1.9999999999999974e+02
1.9999999999999974e+02
1.9999999999999974e+02
1.9999999999999974e+02
1.9999999999999974e+02
1.9999999999999974e+02
1.9999999999999974e+02
1.9999999999999974e+02
1.9999999999999974e+02
1.9999999999999974e+02
1.9999999999999974e+02
1.9999999999999974e+02
1.9999999999999974e+02
1.9999999999999974e+02
1.9999999999999974e+02
1.9999999999999974e+02
1.9999999999999974e+02
1.9999999999999974e+02
1.9999999999999974e+02
1.9999999999999974e+02
1.9999999999999974e+02
1.9999999999999974e+02
1.9999999999999974e+02
1.9999999999999974e+02
2.0000000000005298e+02
2.0000000000005298e+02
2.0000000000005298e+02
2.0000000000005298e+02
2.0000000000005298e+02
2.0000000000005298e+02
2.0000000000005298e+02
2.0000000000005298e+02
2.0000000000005298e+02
2.0000000000005298e+02
2.0000000000005298e+02
2.0000000000005298e+02
2.0000000000005298e+02
2.0000000000005298e+02
2.0000000000005298e+02
2.0000000000005298e+02
2.0000000000005298e+02
2.0000000000005298e+02
2.0000000000005298e+02
2.0000000000005298e+02
2.0000036878225387e+02
2.0000036878225387e+02
2.0000036878225387e+02
2.0000036878225387e+02
2.0000036878225387e+02
2.0000036878225387e+02
2.0000036878225387e+02
2.0000036878225387e+02
2.0000036878225387e+02
2.0000036878225387e+02
2.0000036878225387e+02
2.0000036878225387e+02
2.0000036878225387e+02
2.0000036878225387e+02
2.0000036878225387e+02
2.0000036878225387e+02
2.0000036878225387e+02
2.0000036878225387e+02
2.0000036878225387e+02
2.0000036878225387e+02
2.0000039368687877e+02
2.0000039368687877e+02
2.0000039368687877e+02
2.0000039368687877e+02
2.0000039368687877e+02
2.0000039368687877e+02
2.0000039368687877e+02
2.0000039368687877e+02
2.0000039368687877e+02
2.0000039368687877e+02
2.0000039368687877e+02
2.0000039368687877e+02
2.0000039368687877e+02
2.0000039368687877e+02
2.0000039368687877e+02
2.0000039368687877e+02
2.0000039368687877e+02
2.0000039368687877e+02
2.0000039368687877e+02
2.0000039368687877e+02
2.0000072264331999e+02
2.0000072264331999e+02
2.0000072264331999e+02
2.0000072264331999e+02
2.0000072264331999e+02
2.0000072264331999e+02
2.0000072264331999e+02
2.0000072264331999e+02
2.0000072264331999e+02
2.0000072264331999e+02
2.0000072264331999e+02
2.0000072264331999e+02
2.0000072264331999e+02
2.0000072264331999e+02
2.0000072264331999e+02
2.0000072264331999e+02
2.0000072264331999e+02
2.0000072264331999e+02
2.0000072264331999e+02
2.0000072264331999e+02
2.0000076695965217e+02
2.0000076695965217e+02
2.0000076695965217e+02
2.0000076695965217e+02
2.0000076695965217e+02
2.0000076695965217e+02
2.0000076695965217e+02
2.0000076695965217e+02
2.0000076695965217e+02
2.0000076695965217e+02
2.0000076695965217e+02
2.0000076695965217e+02
2.0000076695965217e+02
2.0000076695965217e+02
2.0000076695965217e+02
2.0000076695965217e+02
2.0000076695965217e+02
2.0000076695965217e+02
2.0000076695965217e+02
2.0000076695965217e+02
2.0000076695965217e+02
2.0000076695965217e+02
2.0000076695965217e+02
2.0000076695965217e+02
2.0000076695965217e+02
2.0000076695965217e+02
2.0000076695965217e+02
2.0000076695965217e+02
2.0000076695965217e+02
2.0000076695965217e+02
2.0000076695965217e+02
2.0000076695965217e+02
2.0000076695965217e+02
2.0000076695965217e+02
2.0000076695965217e+02
2.0000076695965217e+02
2.0000076695965217e+02
2.0000076695965217e+02
2.0000076695965217e+02
2.0000076695965217e+02
2.0000080628799188e+02
2.0000080628799188e+02
2.0000080628799188e+02
2.0000080628799188e+02
2.0000080628799188e+02
2.0000080628799188e+02
2.0000080628799188e+02
2.0000080628799188e+02
2.0000080628799188e+02
2.0000080628799188e+02
2.0000080628799188e+02
2.0000080628799188e+02
2.0000080628799188e+02
2.0000080628799188e+02
2.0000080628799188e+02
2.0000080628799188e+02
2.0000080628799188e+02
2.0000080628799188e+02
2.0000080628799188e+02
2.0000080628799188e+02
2.0000080628799188e+02
2.0000080628799188e+02
2.0000080628799188e+02
2.0000080628799188e+02
2.0000080628799188e+02
2.0000080628799188e+02
2.0000080628799188e+02
2.0000080628799188e+02
2.0000080628799188e+02
2.0000080628799188e+02
2.0000080628799188e+02
2.0000080628799188e+02
2.0000080628799188e+02
2.0000080628799188e+02
2.0000080628799188e+02
2.0000080628799188e+02
2.0000080628799188e+02
2.0000080628799188e+02
2.0000080628799188e+02
2.0000080628799188e+02
2.0000084118971600e+02
2.0000084118971600e+02
2.0000084118971600e+02
2.0000084118971600e+02
2.0000084118971600e+02
2.0000084118971600e+02
2.0000084118971600e+02
2.0000084118971600e+02
2.0000084118971600e+02
2.0000084118971600e+02
2.0000084118971600e+02
