0.0000000000000000e+00
-7.3158842767673433e-04
-2.6873111572393215e-10
-7.3199728803133648e-04
-2.9273807320863918e-03
-6.5859505203002891e-03
3.7607901277797229e-10
5.1222511939498956e-03
8.7810017112934270e-03
1.0976451964718340e-02
1.1708801504811149e-02
1.9849827775936532e-08
-1.3171819393053246e-02
2.1010905853106719e-09
1.1708051554378303e-02
1.1575904102600634e-09
9.2247156190421045e-10
-1.4635141068520578e-03
5.7674087601909126e-10
2.0028512333332175e-07
3.8314147218972060e-10
-1.4637139199045494e-03
7.2711856784449286e-10
4.0090794038112486e-07
-1.4627137454677544e-03
-4.3895427586938532e-03
-8.7802859763384360e-03
1.4924181723583569e-09
7.3179736232002633e-03
1.3173430538576877e-02
1.2322081542187786e-09
2.0274007102130480e-08
-1.4632751504639239e-03
-4.3896855334564014e-03
-8.7790110756425909e-03
1.4527268204541148e-09
6.0822804979387587e-10
-1.4633149277438222e-03
3.0182484596028739e-10
-1.9905725766472190e-07
4.3469897123964091e-10
-1.4631152263918862e-03
5.5602920898653334e-10
-3.9851276246953514e-07
-1.4641119074589020e-03
-4.3909402217874021e-03
-8.7806835521086115e-03
1.5493908650495729e-09
7.3161723189535052e-03
1.3168029353258856e-02
2.2401948649064279e-02
2.0531809019475835e-08
2.3638552553710834e-09
-1.4635300747375042e-03
-4.3907770924732662e-03
1.1440470519841870e-09
2.9278644967446602e-03
4.3926136268816942e-03
1.2778447251662115e-09
1.2452468133166965e-09
1.1327805433794323e-09
-1.4635135281918746e-03
1.4758900558153742e-09
2.0159693448887822e-07
-1.4631126145138022e-03
-4.3901416959106696e-03
-8.7810852865588991e-03
2.2827862134762960e-09
7.3187746947354308e-03
1.3175031956934367e-02
-3.2726961047829231e-04
2.0921279629929567e-08
-1.1358595573589250e-03
-3.7347113684163416e-03
-7.7963349928694406e-03
1.9107226290385602e-09
9.6954866247641565e-10
-1.4633145233649170e-03
8.8890295276943234e-10
-1.9802162457629441e-07
8.0305680723880202e-10
-1.4631152798731382e-03
4.2797515872253261e-10
-3.9831391546143415e-07
-1.4641113961285782e-03
-4.3909392418046665e-03
-8.7806821339855932e-03
1.5684045662634171e-09
7.3161708508690535e-03
1.3168026200961976e-02
2.1878592997508398e-02
2.0286831626682061e-08
2.3901953675064083e-09
-1.4635306413506991e-03
-4.3907776810201051e-03
8.9346888482494213e-10
2.9278644881735559e-03
4.3926135952852031e-03
6.6402026066803941e-10
7.3006252976550170e-10
5.0764666867138018e-10
-1.4635144677163049e-03
3.4528370172926777e-10
2.0059617448554271e-07
-1.4631136681620915e-03
-4.3901424187915636e-03
-8.7810858315566821e-03
1.3196707068748166e-09
7.3187728420619647e-03
1.3175029790162650e-02
-5.8236052570645024e-04
2.0159213921629409e-08
-8.8065807117164235e-04
-3.2241961816986049e-03
-7.0303933938060765e-03
3.5768692561472215e-10
-1.6014874827949036e-10
-1.4633156937344659e-03
-3.9392136004837350e-10
-1.9991827348385507e-07
-2.4229936876604641e-10
-1.4631158995642539e-03
-2.8045606793985674e-10
-3.9956076863921801e-07
-1.4641129355500342e-03
-4.3909412728686901e-03
-8.7806847885170229e-03
8.7141507632782833e-10
7.3161721511710706e-03
1.3168029437293394e-02
8.6233233406479565e-03
2.0014026902152880e-08
-1.0083014668010856e-02
-6.5391040148450034e-09
8.6158979001626189e-03
-7.9813232067647220e-09
-2.3544926764818914e-09
-1.4635113192883239e-03
-4.1156919439861083e-10
1.9568012704804577e-07
-5.6997436885370476e-10
-1.4637114367747701e-03
-4.5017669038583269e-10
3.9605737207759019e-07
-1.4627222924297025e-03
-4.3895547957512960e-03
-8.7803017184644623e-03
4.3178589443249406e-10
7.3179873783620472e-03
1.3173458870413263e-02
-5.1681352221269136e-04
1.9452196527625171e-08
-9.4623513390677046e-04
-3.3553776363264990e-03
-7.2272087691094850e-03
1.1566591898351361e-10
-4.1885295218702875e-10
-1.4633157819802832e-03
-6.0147111591247782e-10
-1.9997621987239160e-07
-8.0315867421863427e-10
-1.4631164844382499e-03
-7.7657042397662731e-10
-3.9979563641659020e-07
-1.4641133281310301e-03
-4.3909414515960286e-03
-8.7806847884592878e-03
2.9318831894702489e-10
7.3161705080957463e-03
1.3168027070200565e-02
8.3132208509848742e-03
1.8909190154449942e-08
-9.7730495206478467e-03
-6.7541665810877319e-09
8.3060688540239763e-03
-7.6479571607016778e-09
-2.5627127543097882e-09
-1.4635122427194311e-03
-1.1807692613461182e-09
1.9519126313737966e-07
-1.2638279520076229e-09
-1.4637127404004866e-03
-1.2398703120554958e-09
3.9583283908830757e-07
-1.4627218033949603e-03
-4.3895539495525607e-03
-8.7803005538283543e-03
-2.0605145173001054e-10
7.3179847142601168e-03
1.3173454880495969e-02
-4.5864369411748799e-04
1.9167253229719428e-08
-1.0044310416020801e-03
-3.4717950521272831e-03
-7.4018727641451381e-03
1.6438012824504696e-11
-5.4974669593377726e-10
-1.4633157601879896e-03
-6.0352660457843687e-10
-2.0005493487265130e-07
-5.4384458365845171e-10
