0.0000000000000000e+00
0.0000000000000000e+00
0.0000000000000000e+00
0.0000000000000000e+00
0.0000000000000000e+00
0.0000000000000000e+00
0.0000000000000000e+00
0.0000000000000000e+00
0.0000000000000000e+00
0.0000000000000000e+00
0.0000000000000000e+00
0.0000000000000000e+00
0.0000000000000000e+00
0.0000000000000000e+00
0.0000000000000000e+00
0.0000000000000000e+00
0.0000000000000000e+00
0.0000000000000000e+00
0.0000000000000000e+00
0.0000000000000000e+00
0.0000000000000000e+00
0.0000000000000000e+00
0.0000000000000000e+00
0.0000000000000000e+00
0.0000000000000000e+00
0.0000000000000000e+00
0.0000000000000000e+00
0.0000000000000000e+00
0.0000000000000000e+00
0.0000000000000000e+00
2.3576097066118837e-07
2.3576097066118837e-07
2.3576097066118837e-07
2.3576097066118837e-07
2.3576097066118837e-07
2.3576097066118837e-07
2.3576097066118837e-07
2.3576097066118837e-07
2.3576097066118837e-07
2.3576097066118837e-07
2.3576097066118837e-07
2.3576097066118837e-07
2.3576097066118837e-07
2.3576097066118837e-07
2.3576097066118837e-07
2.3576097066118837e-07
2.3576097066118837e-07
2.3576097066118837e-07
2.3576097066118837e-07
2.3576097066118837e-07
1.5371696968157833e+00
1.5371696968157833e+00
1.5371696968157833e+00
1.5371696968157833e+00
1.5371696968157833e+00
1.5371696968157833e+00
1.5371696968157833e+00
1.5371696968157833e+00
1.5371696968157833e+00
1.5371696968157833e+00
1.5371696968157833e+00
1.5371696968157833e+00
1.5371696968157833e+00
1.5371696968157833e+00
1.5371696968157833e+00
1.5371696968157833e+00
1.5371696968157833e+00
1.5371696968157833e+00
1.5371696968157833e+00
1.5371696968157833e+00
1.6408998789193054e+00
1.6408998789193054e+00
1.6408998789193054e+00
1.6408998789193054e+00
1.6408998789193054e+00
1.6408998789193054e+00
1.6408998789193054e+00
1.6408998789193054e+00
1.6408998789193054e+00
1.6408998789193054e+00
1.6408998789193054e+00
1.6408998789193054e+00
1.6408998789193054e+00
1.6408998789193054e+00
1.6408998789193054e+00
1.6408998789193054e+00
1.6408998789193054e+00
1.6408998789193054e+00
1.6408998789193054e+00
1.6408998789193054e+00
3.0120780028426593e+00
3.0120780028426593e+00
3.0120780028426593e+00
3.0120780028426593e+00
3.0120780028426593e+00
3.0120780028426593e+00
3.0120780028426593e+00
3.0120780028426593e+00
3.0120780028426593e+00
3.0120780028426593e+00
3.0120780028426593e+00
3.0120780028426593e+00
3.0120780028426593e+00
3.0120780028426593e+00
3.0120780028426593e+00
3.0120780028426593e+00
3.0120780028426593e+00
3.0120780028426593e+00
3.0120780028426593e+00
3.0120780028426593e+00
3.1966593381386224e+00
3.1966593381386224e+00
3.1966593381386224e+00
3.1966593381386224e+00
3.1966593381386224e+00
3.1966593381386224e+00
3.1966593381386224e+00
3.1966593381386224e+00
3.1966593381386224e+00
3.1966593381386224e+00
3.1966593381386224e+00
3.1966593381386224e+00
3.1966593381386224e+00
3.1966593381386224e+00
3.1966593381386224e+00
3.1966593381386224e+00
3.1966593381386224e+00
3.1966593381386224e+00
3.1966593381386224e+00
3.1966593381386224e+00
3.1966593381386224e+00
3.1966593381386224e+00
3.1966593381386224e+00
3.1966593381386224e+00
3.1966593381386224e+00
3.1966593381386224e+00
3.1966593381386224e+00
3.1966593381386224e+00
3.1966593381386224e+00
3.1966593381386224e+00
3.1966593381386224e+00
3.1966593381386224e+00
3.1966593381386224e+00
3.1966593381386224e+00
3.1966593381386224e+00
3.1966593381386224e+00
3.1966593381386224e+00
3.1966593381386224e+00
3.1966593381386224e+00
3.1966593381386224e+00
3.3604653133616749e+00
3.3604653133616749e+00
3.3604653133616749e+00
3.3604653133616749e+00
3.3604653133616749e+00
3.3604653133616749e+00
3.3604653133616749e+00
3.3604653133616749e+00
3.3604653133616749e+00
3.3604653133616749e+00
3.3604653133616749e+00
3.3604653133616749e+00
3.3604653133616749e+00
3.3604653133616749e+00
3.3604653133616749e+00
3.3604653133616749e+00
3.3604653133616749e+00
3.3604653133616749e+00
3.3604653133616749e+00
3.3604653133616749e+00
3.3604653133616749e+00
3.3604653133616749e+00
3.3604653133616749e+00
3.3604653133616749e+00
3.3604653133616749e+00
3.3604653133616749e+00
3.3604653133616749e+00
3.3604653133616749e+00
3.3604653133616749e+00
3.3604653133616749e+00
3.3604653133616749e+00
3.3604653133616749e+00
3.3604653133616749e+00
3.3604653133616749e+00
3.3604653133616749e+00
3.3604653133616749e+00
3.3604653133616749e+00
3.3604653133616749e+00
3.3604653133616749e+00
3.3604653133616749e+00
3.5058342656770085e+00
3.5058342656770085e+00
3.5058342656770085e+00
3.5058342656770085e+00
3.5058342656770085e+00
3.5058342656770085e+00
3.5058342656770085e+00
3.5058342656770085e+00
3.5058342656770085e+00
3.5058342656770085e+00
3.5058342656770085e+00
