0.0000000000000000e+00
0.0000000000000000e+00
0.0000000000000000e+00
0.0000000000000000e+00
0.0000000000000000e+00
0.0000000000000000e+00
0.0000000000000000e+00
9.0666666578527089e+00
2.5599999995888254e+01
4.2133333133628902e+01
5.8666666466949721e+01
5.8666666466949721e+01
5.8666666466949721e+01
5.8666666466949721e+01
5.8666666466949707e+01
5.8666666466949629e+01
5.8666666466949629e+01
5.8666666466949629e+01
5.8666666466949643e+01
5.8666666466949629e+01
5.8666666466949629e+01
5.8666666466949629e+01
5.8666666466949621e+01
5.8666666466949650e+01
5.8666666466949650e+01
4.7466666566297356e+01
3.0932197906092060e+01
1.4399999652888079e+01
-2.1333335835684664e+00
-1.8666666947196681e+01
-3.5200000280532734e+01
-3.5200000280532734e+01
-3.5200000280532734e+01
-3.5200000280532734e+01
-3.5200000280532734e+01
-3.5200000280532734e+01
-3.5200000280532734e+01
-3.5200000280532734e+01
-3.5200000280532734e+01
-3.5200000280532734e+01
-3.5200000280532734e+01
-3.5200000280532734e+01
-3.5200000280532734e+01
-3.5200000280532734e+01
-3.5200000280532734e+01
-3.5200000280532734e+01
-3.5200000280532734e+01
-2.8481887517772339e+01
-1.1946666711210954e+01
4.5866664831045902e+00
2.1119999767998848e+01
2.1119999767998845e+01
2.1119999767998845e+01
2.1119999767998845e+01
2.1119999767998841e+01
2.1119999767998841e+01
2.1119999767998841e+01
2.1119999767998841e+01
2.1119999767998834e+01
2.1119999767998838e+01
2.1119999767998838e+01
2.1119999767998838e+01
2.1119999767998838e+01
2.1119999767998831e+01
2.1119999767998831e+01
2.1119999767998838e+01
2.1119999767998824e+01
2.1119999767998824e+01
2.0394644369810429e+01
3.8613331914875113e+00
-1.2672000260475894e+01
-1.2672000260475894e+01
-1.2672000260475894e+01
-1.2672000260475894e+01
-1.2672000260475894e+01
-1.2672000260475894e+01
-1.2672000260475894e+01
-1.2672000260475894e+01
-1.2672000260475894e+01
-1.2672000260475894e+01
-1.2672000260475894e+01
-1.2672000260475894e+01
-1.2672000260475894e+01
-1.2672000260475894e+01
-1.2672000260475894e+01
-1.2672000260475894e+01
-1.2672000260475894e+01
-1.2672000260475894e+01
-1.2672000260475894e+01
-8.9307129931638443e+00
7.6031999213168886e+00
7.6031999213168815e+00
7.6031999213168815e+00
7.6031999213168815e+00
7.6031999213168824e+00
7.6031999213168806e+00
7.6031999213168806e+00
7.6031999213168806e+00
7.6031999213168824e+00
7.6031999213168797e+00
7.6031999213168797e+00
7.6031999213168797e+00
7.6031999213168815e+00
7.6031999213168806e+00
7.6031999213168806e+00
7.6031999213168806e+00
7.6031999213168788e+00
7.6031999213168788e+00
7.6031999213168788e+00
7.6031999213168788e+00
-4.5619200163060043e+00
-4.5619200163060043e+00
-4.5619200163060043e+00
-4.5619200163060043e+00
-4.5619200163060043e+00
-4.5619200163060043e+00
-4.5619200163060043e+00
-4.5619200163060043e+00
-4.5619200163060043e+00
-4.5619200163060043e+00
-4.5619200163060043e+00
-4.5619200163060043e+00
-4.5619200163060043e+00
-4.5619200163060043e+00
-4.5619200163060043e+00
-4.5619200163060043e+00
-4.5619200163060043e+00
-4.5619200163060043e+00
-4.5619200163060043e+00
-4.5619200163060043e+00
2.7349419882477632e+00
2.7349419882477632e+00
2.7349419882477632e+00
2.7349419882477632e+00
2.7349419882477632e+00
2.7349419882477632e+00
2.7349419882477628e+00
2.7349419882477628e+00
2.7349419882477637e+00
2.7349419882477637e+00
2.7349419882477637e+00
2.7349419882477637e+00
2.7349419882477637e+00
2.7349419882477646e+00
2.7349419882477646e+00
2.7349419882477632e+00
2.7349419882477624e+00
2.7349419882477624e+00
2.7349419882477624e+00
2.7349419882477624e+00
-1.6439759347077210e+00
-1.6439759347077210e+00
-1.6439759347077210e+00
-1.6439759347077210e+00
-1.6439759347077210e+00
-1.6439759347077210e+00
-1.6439759347077210e+00
-1.6439759347077210e+00
-1.6439759347077210e+00
-1.6439759347077210e+00
-1.6439759347077210e+00
-1.6439759347077210e+00
-1.6439759347077210e+00
-1.6439759347077210e+00
-1.6439759347077210e+00
-1.6439759347077210e+00
-1.6439759347077210e+00
-1.6439759347077210e+00
-1.6439759347077210e+00
-1.6439759347077210e+00
9.8529911654527647e-01
9.8529911654527647e-01
9.8529911654527647e-01
9.8529911654527647e-01
9.8529911654527647e-01
9.8529911654527669e-01
9.8529911654527669e-01
9.8529911654527669e-01
9.8529911654527669e-01
9.8529911654527624e-01
9.8529911654527624e-01
9.8529911654527624e-01
9.8529911654527635e-01
9.8529911654527658e-01
9.8529911654527658e-01
9.8529911654527691e-01
9.8529911654527691e-01
9.8529911654527691e-01
9.8529911654527691e-01
9.8529911654527691e-01
-5.9156973962857873e-01
-5.9156973962857873e-01
-5.9156973962857873e-01
-5.9156973962857873e-01
-5.9156973962857873e-01
-5.9156973962857873e-01
-5.9156973962857873e-01
-5.9156973962857873e-01
-5.9156973962857873e-01
-5.9156973962857873e-01
-5.9156973962857873e-01
