0.0000000000000000e+00
-4.5365853658268081e-05
-9.0733765470475946e-05
-1.3609756097298259e-04
-1.8146341444393643e-04
-2.2683132606843238e-04
-2.7220129603309779e-04
-6.0089430863669946e-04
-1.1629268291246339e-03
-1.7249593420110131e-03
-2.2869918623355393e-03
-2.2416260093516141e-03
-2.1962622143351786e-03
-2.1509004770995858e-03
-2.1055284490331802e-03
-2.0601584794944557e-03
-2.0147967417230893e-03
-1.9694308880652987e-03
-1.9240670923740706e-03
-1.8786991807476520e-03
-1.8333333270911566e-03
-1.7879674734320018e-03
-1.7426036777412070e-03
-1.6972357661125164e-03
-1.6518699126390655e-03
-1.2565040618319845e-03
-6.9446120888163687e-04
-1.3243901187522247e-04
4.2959350495150241e-04
9.9162602637348262e-04
1.5536585466986829e-03
1.5082926923263350e-03
1.4629247797996428e-03
1.4175548089328908e-03
1.3721951307277317e-03
1.3268333949293628e-03
1.2814634234047317e-03
1.2360975697456810e-03
1.1907296579327152e-03
1.1453658624275488e-03
1.1000000087667266e-03
1.0546341551083377e-03
1.0092662432960294e-03
9.6390244779330004e-04
9.1853659432244300e-04
8.7316868269726223e-04
8.2779871273160586e-04
5.7245834245002783e-04
1.0406505497759768e-05
-5.5162600942138191e-04
-1.1136585279951348e-03
-1.0682926750123984e-03
-1.0229288799971392e-03
-9.7756714276140268e-04
-9.3219511469480555e-04
-8.8682514515565480e-04
-8.4146340738496938e-04
-7.9609755372620275e-04
-7.5073375803474127e-04
-7.0536584640957763e-04
-6.5999999275359069e-04
-6.1463413909471955e-04
-5.6927034340387421e-04
-5.2390243177629367e-04
-4.7853657830288149e-04
-4.3317278279724359e-04
-3.8781104507092112e-04
-3.4243901713642535e-04
-2.7440626923012120e-04
2.8762602097032907e-04
8.4965854606277658e-04
8.0429269169334460e-04
7.5892477917118679e-04
7.1355480830735782e-04
6.6819513009650725e-04
6.2283339429094846e-04
5.7746342277181773e-04
5.3209756911319747e-04
4.8672965730139250e-04
4.4136586179633589e-04
3.9600000813550012e-04
3.5063415447729175e-04
3.0526624266590538e-04
2.5990244716349537e-04
2.1453659369322604e-04
1.6916868206872412e-04
1.2379871210310120e-04
7.8439032535713123e-05
3.3077295374408440e-05
-1.2922021556596505e-04
-6.9125853401037502e-04
-6.4589267980641018e-04
-6.0052888357018882e-04
-5.5516714511446913e-04
-5.0979511948837553e-04
-4.6442515238916826e-04
-4.1906341217877100e-04
-3.7369755851983301e-04
-3.2833376282830724e-04
-2.8296585120279161e-04
-2.3759999754620987e-04
-1.9223414388774333e-04
-1.4687034819695286e-04
-1.0150243656921390e-04
-5.6136583095832014e-05
-1.0772787589992535e-05
3.4588950135486342e-05
7.9960978072053402e-05
1.2533094747998476e-04
1.7069885854816119e-04
5.9621853718885235e-04
5.5085268406641452e-04
5.0548477279003460e-04
4.6011480317308974e-04
4.1475512246418142e-04
3.6939338416204487e-04
3.2402341514019701e-04
2.7865756148174188e-04
2.3328964966913909e-04
1.8792585416411761e-04
1.4256000050283005e-04
9.7194146844495498e-05
5.1826235032095092e-05
6.4624395297676116e-06
-3.8903413940681750e-05
-8.4271325564895511e-05
-1.2964129552964421e-04
-1.7500097509752846e-04
-2.2036271225953693e-04
-2.6572650720265643e-04
-5.3917230354475431e-04
-4.9375961940767595e-04
-4.4834899748888776e-04
-4.0302791273975902e-04
-3.5766205908578332e-04
-3.1229826339831333e-04
-2.6693035177230017e-04
-2.2156449829931313e-04
-1.7620070279380552e-04
-1.3083279079634027e-04
-8.5466937141031509e-05
-4.0101083482739948e-05
5.2627122086681547e-06
5.0630623835942181e-05
9.5996477309537713e-05
1.4136027281521892e-04
1.8672201054129411e-04
2.3209403847708498e-04
2.7746400788494915e-04
3.2283191895256285e-04
5.0501592990663774e-04
4.5966693151736673e-04
4.1431587650332793e-04
3.6896276467725784e-04
3.2360759585343978e-04
2.7825036984502468e-04
2.3283766259327293e-04
1.8747180892767049e-04
1.4210389710676017e-04
9.6740101612624739e-05
5.1374247951478664e-05
6.0083942929521700e-06
-3.9359517519611590e-05
-8.4723313022515076e-05
-1.3008916649289229e-04
-1.7545707811652270e-04
-2.2082704808158032e-04
-2.6618672764936228e-04
-3.1154846481181711e-04
-3.5691225975385712e-04
-4.8445521673394563e-04
-4.3908327967228441e-04
-3.9371340112942125e-04
-3.4834558091884115e-04
-3.0297981885380138e-04
-2.5761986567928439e-04
-2.1226196993617350e-04
-1.6688815836962253e-04
-1.2152230471405255e-04
-7.6156451059008334e-05
-3.0790597399497372e-05
1.4575256258319276e-05
5.9939051949149839e-05
1.0530696357732210e-04
1.5067281705162433e-04
1.9603661255856005e-04
2.4139835028510505e-04
2.8677037821776862e-04
3.3214034762367635e-04
3.7750825868909719e-04
4.7214290680251057e-04
4.2677923792393101e-04
3.8141351108934417e-04
3.3604572611322709e-04
2.9068167631438806e-04
2.4531556852541069e-04
1.9994740255832488e-04
1.5457717822817227e-04
1.0920489534788903e-04
6.3852408016673411e-05
1.8486554357156085e-05
