0.0000000000000000e+00
-2.2570502484548975e-10
-3.5154816738695352e-03
6.8467990709591732e-10
-7.4307285873615881e-07
-3.5169678756969761e-03
-1.0547930177914054e-02
3.3033752352406175e-09
1.7275439927479294e-09
4.0657669732852513e-07
4.0658039835654237e-07
1.1193532134548394e-07
-3.5164090118842114e-03
-1.0549900356923447e-02
2.4115099092516901e-09
7.0359129963602756e-03
8.7486463043555915e-10
6.9473729444814404e-10
-3.5162253482292692e-03
6.9108391910022007e-10
3.2106773442794081e-10
4.1776407368018724e-10
-3.5162252281220469e-03
9.3855666976276291e-10
7.4587812155387830e-07
7.9135121125389469e-09
-1.4484044416117923e-02
4.7859168789881734e-07
3.7329965575553291e-07
4.0758259334893034e-07
4.0756837147067330e-07
1.0739586870839025e-07
-3.5156743329774476e-03
-1.0546193337116958e-02
2.2342921496532500e-09
7.0284840178899133e-03
8.3683051466504046e-10
8.7556961473140944e-10
-3.5154806080279965e-03
7.9000066867751465e-10
4.0998475543459092e-10
4.4352271908505098e-10
-3.5154810826676765e-03
9.3790529037559214e-10
-7.4297327102745154e-07
-3.5169681600826274e-03
-1.0547930616492961e-02
-2.2983546908605872e-02
4.2892491652320864e-09
3.5280692249770264e-07
4.0655181980140728e-07
1.1154215490068312e-07
-3.5164094649364607e-03
-1.0549900793413503e-02
1.8976568312069930e-09
7.0359123176817369e-03
2.5843563354040236e-10
2.9871529527152980e-10
-3.5162253543846011e-03
6.8826913468280533e-11
-4.9644135208646560e-10
-5.5044803035539082e-10
-3.5162265967139460e-03
-2.6304561894882443e-10
7.4471748778152739e-07
-3.5147360251925022e-03
-1.0547187110961455e-02
1.0753705149598533e-09
-2.6801323995461753e-04
2.9221226742032768e-08
4.0592374550814126e-07
1.0651879801646728e-07
-3.5156741920043862e-03
-1.0546192617435772e-02
1.6527833457084842e-09
7.0284816377214404e-03
-1.2739013017797532e-10
6.3888424484307470e-12
-3.5154815467002519e-03
5.9334932603473100e-11
-4.9921928667853711e-10
-5.0074780046679919e-10
-3.5154817717739204e-03
4.5766238793547041e-10
-7.4337474861012422e-07
-3.5169682400943837e-03
-1.0547930783048337e-02
1.9167270479938258e-09
7.0302200784860712e-03
-7.1258421001084392e-03
1.2183896580068693e-08
1.1119439640389320e-07
-3.5160162702211756e-03
-1.0549113968436665e-02
1.3713116142829454e-09
7.0351248820263749e-03
-1.8240678290148895e-10
-5.9962125065939747e-11
-3.5162258490908996e-03
-1.2662712193179564e-10
-5.4250409529416226e-10
-4.8810417463436113e-10
-3.5162262985197245e-03
-1.8818931241416185e-10
7.4468191465559014e-07
-3.5147361911626136e-03
-1.0547187191711422e-02
1.4290713449162107e-09
7.0331969353564826e-03
1.0551656167608538e-02
1.0055542118190599e-08
1.0723754424943148e-07
-3.5152771299254673e-03
-1.0545398673206256e-02
1.1152505404932782e-09
7.0276872329719520e-03
-2.9265824948437543e-10
-2.2430171302537071e-10
-3.5154818440991903e-03
-3.8309935786777529e-10
-9.2113064000158111e-10
-9.7924076314514758e-10
-3.5154826311321985e-03
-5.0236966614762588e-10
-7.4420009489248318e-07
-3.5169689988178228e-03
-1.0547931064667070e-02
1.3032059138611799e-09
7.0302186841239679e-03
1.0543466570104125e-02
-2.7108086780672558e-02
1.0989618190296623e-07
2.3593019421847106e-02
4.3519904312446062e-09
1.6114159098692370e-09
-3.5162269203432338e-03
-1.5501128915659845e-10
7.4544694270615921e-07
-3.5147346343518096e-03
-1.3244588599132498e-10
-7.8029087426901198e-10
-8.2614195262516252e-10
-3.5162267023826684e-03
-7.8341821663594230e-11
7.4499678501854891e-07
-3.5147355619365062e-03
-1.0547186315659068e-02
1.2940260610574923e-09
7.0331959497520443e-03
1.0551654069954616e-02
-9.7640512990739749e-03
1.0764655648087699e-07
6.2484445414974187e-03
8.9817040495686288e-03
8.2006298992383948e-03
3.9059660503098820e-03
-2.8990679648468888e-09
-1.6659546940092392e-09
-3.5154820032177411e-03
3.8634032331076394e-10
-2.6306925599189336e-10
-2.1077506290413139e-10
-3.5154819046888087e-03
-6.9434385139996872e-11
-7.4400893587258561e-07
-3.5169690564809805e-03
-1.0547931591327681e-02
1.2503564918746693e-09
7.0302191419871381e-03
1.0543467786896167e-02
-3.5191682506643196e-03
1.0908012231676144e-07
3.2821625955922133e-06
-3.5103934847009279e-03
-1.0541662978532533e-02
6.1394313746261011e-10
7.0295407186584261e-03
-1.1080351667850794e-09
-7.9479082132089384e-10
-9.1371118428620129e-10
-7.7721558840783607e-10
-9.5577575325465779e-10
-3.5162267391367829e-03
-5.8285365461096740e-10
7.4453351887389306e-07
-3.5147360688530618e-03
-1.0547187112967971e-02
9.0162893490436368e-10
7.0331957700614234e-03
1.0551654269428624e-02
-1.2664291099335283e-03
1.0749849529095793e-07
-2.2488817414345894e-03
-8.0126525992444513e-03
5.6282216290295338e-10
4.4950285257462268e-03
5.4731760375073806e-03
2.9351880010584411e-03
-3.1181914543094817e-03
1.0676884827256717e-10
-4.9856766289858871e-10
