0.0000000000000000e+00
-2.1950496752992509e-05
-4.3901475340179129e-05
-6.5853658535812654e-05
-8.7806323639924504e-05
-1.0975947067513745e-04
-1.3171309966144304e-04
-1.5366721061960191e-04
-1.7562180357182255e-04
-1.9757687853836343e-04
-2.1953243554065946e-04
-1.9755809167268813e-04
-1.7558423066541212e-04
-1.5365853658693118e-04
-1.3173332323343444e-04
-1.0975609756287370e-04
-8.7779354879046140e-05
-6.5853658538175415e-05
-4.3902439025426867e-05
-2.1951701357866749e-05
-1.1309875276256933e-15
2.1951219489905015e-05
4.3901957135033562e-05
6.5852212955986266e-05
8.7801986973573570e-05
1.0975609756130658e-04
1.3170972617702675e-04
1.5366287284188944e-04
1.7561553757637041e-04
1.9756097561170243e-04
2.1950593205685020e-04
1.9756387928865935e-04
1.7562134505705925e-04
1.5365853658907348e-04
1.3169524574492772e-04
1.0975609756380613e-04
8.7816468045648246e-05
6.5853658536635712e-05
4.3902439024152048e-05
2.1950737644406729e-05
-7.6868598119398792e-16
-2.1951219491903325e-05
-4.3902920849135870e-05
-6.5855104094350068e-05
-8.7807769248638009e-05
-1.0975609755950607e-04
-1.3170490761080640e-04
-1.5365419942272825e-04
-1.7560397301596856e-04
-1.9756097560759113e-04
-2.1951846031943687e-04
-1.9755809698547200e-04
-1.7559821589883921e-04
-1.5365853658317011e-04
-1.3171933860566922e-04
-1.0975609755881283e-04
-8.7793338883611322e-05
-6.5853658534032502e-05
-4.3902439022878077e-05
-2.1951701357620588e-05
9.5638477059434999e-16
2.1951219491371093e-05
4.3901957137568928e-05
6.5852212958861705e-05
8.7801986976699515e-05
1.0975609756364846e-04
1.3170972617805213e-04
1.5366287284094464e-04
1.7561553757446430e-04
1.9756097561586381e-04
2.1950593206433665e-04
1.9756387929231134e-04
1.7562134505469981e-04
1.5365853659180214e-04
1.3169524575283394e-04
1.0975609756762137e-04
8.7816468046488517e-05
6.5853658541860293e-05
4.3902439029893787e-05
2.1950737650719249e-05
4.6641970587213780e-15
-2.1951219486357258e-05
-4.3902920843529711e-05
-6.5855104088933448e-05
-8.7807769242992460e-05
-1.0975609755447465e-04
-1.3170490760565411e-04
-1.5365419941797229e-04
-1.7560397301274772e-04
-1.9756097560163257e-04
-2.1951846031156936e-04
-1.9755809698042894e-04
-1.7559821589627697e-04
-1.5365853657839360e-04
-1.3171933859973110e-04
-1.0975609755481756e-04
-8.7793338882732373e-05
-6.5853658531462374e-05
-4.3902439019579995e-05
-2.1951701353078276e-05
5.0197154923203289e-15
2.1951219496110412e-05
4.3901957141646308e-05
6.5852212962997056e-05
8.7801986981137452e-05
1.0975609756815280e-04
1.3170972618272984e-04
1.5366287284568106e-04
1.7561553757903923e-04
1.9756097561840534e-04
2.1950593206657244e-04
1.9756387929443370e-04
1.7562134505895547e-04
1.5365853659433858e-04
1.3169524575399672e-04
1.0975609757016768e-04
8.7816468048820961e-05
6.5853658544139869e-05
4.3902439031582269e-05
2.1950737651798362e-05
6.9362672356839210e-15
-2.1951219482809518e-05
-4.3902920840614786e-05
-6.5855104085912902e-05
-8.7807769239995820e-05
-1.0975609755128691e-04
-1.3170490760276054e-04
-1.5365419941529016e-04
-1.7560397300971580e-04
-1.9756097559976672e-04
-2.1951846031006831e-04
-1.9755809697825650e-04
-1.7559821589321924e-04
-1.5365853657576202e-04
-1.3171933859750862e-04
-1.0975609755033243e-04
-8.7793338877835371e-05
-6.5853658528264696e-05
-4.3902439016684823e-05
-2.1951701351168030e-05
6.7500514930809568e-15
2.1951219497513424e-05
4.3901957144100589e-05
6.5852212965847843e-05
8.7801986984357966e-05
1.0975609756917614e-04
1.3170972618093920e-04
1.5366287284136553e-04
1.7561553757236025e-04
1.9756097561802888e-04
2.1950593207200792e-04
1.9756387929455112e-04
1.7562134505234490e-04
1.5365853659439401e-04
1.3169524576069349e-04
1.0975609756976070e-04
8.7816468042345265e-05
6.5853658544210315e-05
4.3902439031481533e-05
2.1950737651841812e-05
6.3389344466222063e-15
-2.1951219484154661e-05
-4.3902920841653479e-05
-6.5855104087044863e-05
-8.7807769241044555e-05
-1.0975609755303021e-04
-1.3170490760506075e-04
-1.5365419941793388e-04
-1.7560397301268280e-04
-1.9756097560064858e-04
-2.1951846030851912e-04
-1.9755809697887883e-04
-1.7559821589637864e-04
-1.5365853657605454e-04
-1.3171933859575105e-04
-1.0975609755123560e-04
-8.7793338880084819e-05
-6.5853658528029871e-05
-4.3902439016136962e-05
-2.1951701350574514e-05
7.6599311312558228e-15
2.1951219499936816e-05
4.3901957145080931e-05
6.5852212967593721e-05
8.7801986985373064e-05
1.0975609757056514e-04
1.3170972618370682e-04
1.5366287284551645e-04
1.7561553757739463e-04
1.9756097562084062e-04
2.1950593207422433e-04
1.9756387929715963e-04
1.7562134505630123e-04
1.5365853659645475e-04
1.3169524576155190e-04
1.0975609757238786e-04
8.7816468046663968e-05
6.5853658546674584e-05
4.3902439034047081e-05
2.1950737654742056e-05
8.8853612214412673e-15
