0.0000000000000000e+00
0.0000000000000000e+00
0.0000000000000000e+00
0.0000000000000000e+00
0.0000000000000000e+00
0.0000000000000000e+00
0.0000000000000000e+00
0.0000000000000000e+00
1.0967213381168923e-04
1.3170787948853441e+01
2.6237721307255640e+01
2.6237721307255640e+01
2.6237721307255661e+01
2.6237721307255661e+01
2.6237721307255661e+01
2.6237721307255647e+01
2.6237721307255647e+01
2.6237721307255647e+01
2.6237721307255647e+01
2.6237721307255633e+01
2.6237721307255622e+01
2.6237721307255633e+01
2.6237721307255626e+01
2.6237721307255626e+01
2.6237721307255633e+01
2.6237721307255619e+01
2.6237721307255594e+01
2.4172081613410043e+01
1.0310629136978585e+01
-3.4561580531099505e+00
-1.7136422926280638e+01
-1.7136422926280638e+01
-1.7136422926280638e+01
-1.7136422926280638e+01
-1.7136422926280638e+01
-1.7136422926280638e+01
-1.7136422926280638e+01
-1.7136422926280638e+01
-1.7136422926280638e+01
-1.7136422926280638e+01
-1.7136422926280638e+01
-1.7136422926280638e+01
-1.7136422926280638e+01
-1.7136422926280638e+01
-1.7136422926280638e+01
-1.7136422926280638e+01
-1.7136422926280638e+01
-1.7136422926280638e+01
-1.6331832288975413e+01
-2.2238938604586584e+00
1.1801529885809188e+01
1.1801529885809188e+01
1.1801529885809188e+01
1.1801529885809188e+01
1.1801529885809192e+01
1.1801529885809192e+01
1.1801529885809192e+01
1.1801529885809185e+01
1.1801529885809185e+01
1.1801529885809185e+01
1.1801529885809178e+01
1.1801529885809178e+01
1.1801529885809178e+01
1.1801529885809178e+01
1.1801529885809183e+01
1.1801529885809185e+01
1.1801529885809188e+01
1.1801529885809188e+01
1.1801529885809188e+01
5.8249210671709015e+00
-8.4195076402817666e+00
-8.4195076402817666e+00
-8.4195076402817666e+00
-8.4195076402817666e+00
-8.4195076402817666e+00
-8.4195076402817666e+00
-8.4195076402817666e+00
-8.4195076402817666e+00
-8.4195076402817666e+00
-8.4195076402817666e+00
-8.4195076402817666e+00
-8.4195076402817666e+00
-8.4195076402817666e+00
-8.4195076402817666e+00
-8.4195076402817666e+00
-8.4195076402817666e+00
-8.4195076402817666e+00
-8.4195076402817666e+00
-8.4195076402817666e+00
-8.2691467004924064e+00
6.1176720415307964e+00
6.1176720415307964e+00
6.1176720415307964e+00
6.1176720415307964e+00
6.1176720415307928e+00
6.1176720415307955e+00
6.1176720415307910e+00
6.1176720415307866e+00
6.1176720415307866e+00
6.1176720415307848e+00
6.1176720415307848e+00
6.1176720415307848e+00
6.1176720415307839e+00
6.1176720415307839e+00
6.1176720415307813e+00
6.1176720415307830e+00
6.1176720415307866e+00
6.1176720415307866e+00
6.1176720415307866e+00
6.1176720415307821e+00
-4.5314365442040643e+00
-4.5314365442040643e+00
-4.5314365442040643e+00
-4.5314365442040643e+00
-4.5314365442040643e+00
-4.5314365442040643e+00
-4.5314365442040643e+00
-4.5314365442040643e+00
-4.5314365442040643e+00
-4.5314365442040643e+00
-4.5314365442040643e+00
-4.5314365442040643e+00
-4.5314365442040643e+00
-4.5314365442040643e+00
-4.5314365442040643e+00
-4.5314365442040643e+00
-4.5314365442040643e+00
-4.5314365442040643e+00
-4.5314365442040643e+00
-4.5314365442040643e+00
3.3989237347771857e+00
3.3989237347771857e+00
3.3989237347771857e+00
3.3989237347771839e+00
3.3989237347771839e+00
3.3989237347771839e+00
3.3989237347771839e+00
3.3989237347771812e+00
3.3989237347771812e+00
3.3989237347771826e+00
3.3989237347771812e+00
3.3989237347771803e+00
3.3989237347771808e+00
3.3989237347771808e+00
3.3989237347771812e+00
3.3989237347771826e+00
3.3989237347771835e+00
3.3989237347771835e+00
3.3989237347771835e+00
3.3989237347771795e+00
-2.5726123102151357e+00
-2.5726123102151357e+00
-2.5726123102151357e+00
-2.5726123102151357e+00
-2.5726123102151357e+00
-2.5726123102151357e+00
-2.5726123102151357e+00
-2.5726123102151357e+00
-2.5726123102151357e+00
-2.5726123102151357e+00
-2.5726123102151357e+00
-2.5726123102151357e+00
-2.5726123102151357e+00
-2.5726123102151357e+00
-2.5726123102151357e+00
-2.5726123102151357e+00
-2.5726123102151357e+00
-2.5726123102151357e+00
-2.5726123102151357e+00
-2.5726123102151357e+00
1.9600847772579899e+00
1.9600847772579899e+00
1.9600847772579904e+00
1.9600847772579904e+00
1.9600847772579901e+00
1.9600847772579906e+00
1.9600847772579906e+00
1.9600847772579906e+00
1.9600847772579906e+00
1.9600847772579906e+00
1.9600847772579906e+00
1.9600847772579899e+00
1.9600847772579886e+00
1.9600847772579886e+00
1.9600847772579884e+00
1.9600847772579877e+00
1.9600847772579890e+00
1.9600847772579890e+00
1.9600847772579890e+00
1.9600847772579890e+00
-1.5007482655717643e+00
-1.5007482655717643e+00
-1.5007482655717643e+00
-1.5007482655717643e+00
-1.5007482655717643e+00
-1.5007482655717643e+00
-1.5007482655717643e+00
-1.5007482655717643e+00
-1.5007482655717643e+00
-1.5007482655717643e+00
-1.5007482655717643e+00
