0.0000000000000000e+00
0.0000000000000000e+00
0.0000000000000000e+00
0.0000000000000000e+00
0.0000000000000000e+00
0.0000000000000000e+00
0.0000000000000000e+00
0.0000000000000000e+00
1.7142560547373348e-01
2.3836614466045005e+04
5.2850338439998523e+04
5.2850338439998523e+04
5.2850338439998523e+04
5.2850338439998523e+04
5.2850338439998523e+04
5.2850338439998523e+04
5.2850338439998523e+04
5.2850338439998523e+04
5.2850338439998523e+04
5.2850338439998523e+04
5.2850338439998523e+04
5.2850338439998523e+04
5.2850338439998523e+04
5.2850338439998523e+04
5.2850338439998523e+04
5.2850338439998523e+04
5.2850338439998523e+04
5.5276763487277683e+04
7.4344032342050123e+04
9.7693475123521537e+04
1.2610737776456309e+05
1.2610737776456309e+05
1.2610737776456309e+05
1.2610737776456309e+05
1.2610737776456309e+05
1.2610737776456309e+05
1.2610737776456309e+05
1.2610737776456309e+05
1.2610737776456309e+05
1.2610737776456309e+05
1.2610737776456309e+05
1.2610737776456309e+05
1.2610737776456309e+05
1.2610737776456309e+05
1.2610737776456309e+05
1.2610737776456309e+05
1.2610737776456309e+05
1.2610737776456309e+05
1.2724447211109813e+05
1.5035398918248262e+05
1.7846241178789982e+05
1.7846241178789982e+05
1.7846241178789982e+05
1.7846241178789982e+05
1.7846241178789982e+05
1.7846241178789982e+05
1.7846241178789982e+05
1.7846241178789982e+05
1.7846241178789982e+05
1.7846241178789982e+05
1.7846241178789982e+05
1.7846241178789982e+05
1.7846241178789982e+05
1.7846241178789982e+05
1.7846241178789982e+05
1.7846241178789982e+05
1.7846241178789982e+05
1.7846241178789982e+05
1.7846241178789982e+05
1.8836044364574263e+05
2.1624557753317957e+05
2.1624557753317957e+05
2.1624557753317957e+05
2.1624557753317957e+05
2.1624557753317957e+05
2.1624557753317957e+05
2.1624557753317957e+05
2.1624557753317957e+05
2.1624557753317957e+05
2.1624557753317957e+05
2.1624557753317957e+05
2.1624557753317957e+05
2.1624557753317957e+05
2.1624557753317957e+05
2.1624557753317957e+05
2.1624557753317957e+05
2.1624557753317957e+05
2.1624557753317957e+05
2.1624557753317957e+05
2.1649685452418603e+05
2.4426497975812355e+05
2.4426497975812355e+05
2.4426497975812355e+05
2.4426497975812355e+05
2.4426497975812355e+05
2.4426497975812355e+05
2.4426497975812355e+05
2.4426497975812355e+05
2.4426497975812355e+05
2.4426497975812355e+05
2.4426497975812355e+05
2.4426497975812355e+05
2.4426497975812355e+05
2.4426497975812355e+05
2.4426497975812355e+05
2.4426497975812355e+05
2.4426497975812355e+05
2.4426497975812355e+05
2.4426497975812355e+05
2.4426497975812355e+05
2.6487468234604911e+05
2.6487468234604911e+05
2.6487468234604911e+05
2.6487468234604911e+05
2.6487468234604911e+05
2.6487468234604911e+05
2.6487468234604911e+05
2.6487468234604911e+05
2.6487468234604911e+05
2.6487468234604911e+05
2.6487468234604911e+05
2.6487468234604911e+05
2.6487468234604911e+05
2.6487468234604911e+05
2.6487468234604911e+05
2.6487468234604911e+05
2.6487468234604911e+05
2.6487468234604911e+05
2.6487468234604911e+05
2.6487468234604911e+05
2.8027665962047677e+05
2.8027665962047677e+05
2.8027665962047677e+05
2.8027665962047677e+05
2.8027665962047677e+05
2.8027665962047677e+05
2.8027665962047677e+05
2.8027665962047677e+05
2.8027665962047677e+05
2.8027665962047677e+05
2.8027665962047677e+05
2.8027665962047677e+05
2.8027665962047677e+05
2.8027665962047677e+05
2.8027665962047677e+05
2.8027665962047677e+05
2.8027665962047677e+05
2.8027665962047677e+05
2.8027665962047677e+05
2.8027665962047677e+05
2.9188326798906026e+05
2.9188326798906026e+05
2.9188326798906026e+05
2.9188326798906026e+05
2.9188326798906026e+05
2.9188326798906026e+05
2.9188326798906026e+05
2.9188326798906026e+05
2.9188326798906026e+05
2.9188326798906026e+05
2.9188326798906026e+05
2.9188326798906026e+05
2.9188326798906026e+05
2.9188326798906026e+05
2.9188326798906026e+05
2.9188326798906026e+05
2.9188326798906026e+05
2.9188326798906026e+05
2.9188326798906026e+05
2.9188326798906026e+05
3.0071173429937370e+05
3.0071173429937370e+05
3.0071173429937370e+05
3.0071173429937370e+05
3.0071173429937370e+05
3.0071173429937370e+05
3.0071173429937370e+05
3.0071173429937370e+05
3.0071173429937370e+05
3.0071173429937370e+05
3.0071173429937370e+05
3.0071173429937370e+05
3.0071173429937370e+05
3.0071173429937370e+05
3.0071173429937370e+05
3.0071173429937370e+05
3.0071173429937370e+05
3.0071173429937370e+05
3.0071173429937370e+05
3.0071173429937370e+05
3.0745180142087431e+05
3.0745180142087431e+05
3.0745180142087431e+05
3.0745180142087431e+05
3.0745180142087431e+05
3.0745180142087431e+05
3.0745180142087431e+05
3.0745180142087431e+05
3.0745180142087431e+05
3.0745180142087431e+05
3.0745180142087431e+05
