0.0000000000000000e+00
-4.6829268292777468e-05
-9.3660729668162122e-05
-1.4048780487527156e-04
-1.8731707296059177e-04
-2.3414853412873223e-04
-2.8098218858524853e-04
-7.2780487683399200e-04
-1.3079582756892446e-03
-1.8881300709823476e-03
-2.4682926751256164e-03
-2.4214634074915409e-03
-2.3746363327350802e-03
-2.3278114506503677e-03
-2.2809756033605622e-03
-2.2341419495635834e-03
-2.1873170667828885e-03
-2.1404877984900123e-03
-2.0936607230748108e-03
-2.0468292619043055e-03
-1.9999999936146824e-03
-1.9531707253222551e-03
-1.9063436499070078e-03
-1.5928455282173048e-03
-1.0126829265947629e-03
-4.3252031655588631e-04
1.4764228507004382e-04
7.2780488669593507e-04
1.3079674883226234e-03
1.8881300899480195e-03
2.4682926915737778e-03
2.4214634224708977e-03
2.3746319602844686e-03
2.3277983048089817e-03
2.2809756168866930e-03
2.2341507364969145e-03
2.1873170802935377e-03
2.1404878120003194e-03
2.0936563506252699e-03
2.0468292754157683e-03
2.0000000071197128e-03
1.9531707388275817e-03
1.9063392774527654e-03
1.5928455286955768e-03
1.0126829270742030e-03
4.3252033381300104e-04
-1.4764226781197531e-04
-7.2780486943834464e-04
-1.3079674710640605e-03
-1.8881300726902666e-03
-2.4682926743159325e-03
-2.4214634067883643e-03
-2.3746363321388991e-03
-2.3278114501614562e-03
-2.2809756026576184e-03
-2.2341419486470115e-03
-2.1873170660799426e-03
-2.1404877977864653e-03
-2.0936607223715829e-03
-2.0468292612020357e-03
-1.9999999929120457e-03
-1.9531707246187844e-03
-1.9063436492041349e-03
-1.5928455282148896e-03
-1.0126829265927240e-03
-4.3252031655373595e-04
1.4764228507269491e-04
7.2780488669874934e-04
1.3079674883240912e-03
1.8881300899496315e-03
2.4682926915754336e-03
2.4214634224731728e-03
2.3746319602864136e-03
2.3277983048112481e-03
2.2809756168877416e-03
2.2341507364971756e-03
2.1873170802942264e-03
2.1404878120016087e-03
2.0936563506254555e-03
2.0468292754160142e-03
2.0000000071207060e-03
1.9531707388280493e-03
1.9063392774523473e-03
1.5928455286948486e-03
1.0126829270722306e-03
4.3252033381168190e-04
-1.4764226781390814e-04
-7.2780486943986415e-04
-1.3079674710659876e-03
-1.8881300726919105e-03
-2.4682926743179153e-03
-2.4214634067903427e-03
-2.3746363321404487e-03
-2.3278114501632647e-03
-2.2809756026581007e-03
-2.2341419486469677e-03
-2.1873170660794000e-03
-2.1404877977866652e-03
-2.0936607223719377e-03
-2.0468292612010100e-03
-1.9999999929110582e-03
-1.9531707246183911e-03
-1.9063436492026172e-03
-1.5928455282134930e-03
-1.0126829265912722e-03
-4.3252031655296980e-04
1.4764228507387140e-04
7.2780488669926271e-04
1.3079674883254558e-03
1.8881300899516213e-03
2.4682926915776276e-03
2.4214634224745454e-03
2.3746319602879116e-03
2.3277983048128423e-03
2.2809756168892924e-03
2.2341507364999581e-03
2.1873170802955066e-03
2.1404878120030997e-03
2.0936563506262556e-03
2.0468292754172632e-03
2.0000000071218127e-03
1.9531707388292393e-03
1.9063392774534926e-03
1.5928455286957511e-03
1.0126829270730648e-03
4.3252033381216567e-04
-1.4764226781351821e-04
-7.2780486944003958e-04
-1.3079674710666418e-03
-1.8881300726929511e-03
-2.4682926743189240e-03
-2.4214634067921442e-03
-2.3746363321429853e-03
-2.3278114501654392e-03
-2.2809756026604955e-03
-2.2341419486500234e-03
-2.1873170660826392e-03
-2.1404877977890561e-03
-2.0936607223745445e-03
-2.0468292612042475e-03
-1.9999999929145446e-03
-1.9531707246213791e-03
-1.9063436492062916e-03
-1.5928455282166469e-03
-1.0126829265936889e-03
-4.3252031655499135e-04
1.4764228507131849e-04
7.2780488669777833e-04
1.3079674883237679e-03
1.8881300899497189e-03
2.4682926915754093e-03
2.4214634224718756e-03
2.3746319602857653e-03
2.3277983048104905e-03
2.2809756168871414e-03
2.2341507364969852e-03
2.1873170802933200e-03
2.1404878120007175e-03
2.0936563506250608e-03
2.0468292754156955e-03
2.0000000071209532e-03
1.9531707388280189e-03
1.9063392774529139e-03
1.5928455286961414e-03
1.0126829270737387e-03
4.3252033381278556e-04
-1.4764226781253982e-04
-7.2780486943928974e-04
-1.3079674710647421e-03
-1.8881300726903436e-03
-2.4682926743166108e-03
-2.4214634067897620e-03
-2.3746363321399343e-03
-2.3278114501627612e-03
-2.2809756026574610e-03
-2.2341419486464004e-03
-2.1873170660798246e-03
-2.1404877977878041e-03
-2.0936607223723475e-03
-2.0468292612019789e-03
-1.9999999929117902e-03
-1.9531707246185355e-03
-1.9063436492037893e-03
-1.5928455282142138e-03
-1.0126829265920091e-03
-4.3252031655306852e-04
1.4764228507319131e-04
7.2780488669925056e-04
1.3079674883246324e-03
1.8881300899514326e-03
2.4682926915773678e-03
2.4214634224740796e-03
2.3746319602876687e-03
2.3277983048132400e-03
2.2809756168896628e-03
2.2341507364999295e-03
2.1873170802970210e-03
2.1404878120048769e-03
2.0936563506290268e-03
2.0468292754198215e-03
2.0000000071244643e-03
