0.0000000000000000e+00
3.1999999999676191e+01
6.3992758097864851e+01
9.5999999999350507e+01
1.2799999794949107e+02
1.5999275399847772e+02
1.9197827019611458e+02
2.2399999994716100e+02
2.5598922651570561e+02
2.8799999999463711e+02
3.2000000005485197e+02
2.8799999977820806e+02
2.5599275554950208e+02
2.2397826531639157e+02
1.9199999999819690e+02
1.6001449688163501e+02
1.2799999999962012e+02
9.5999999999397787e+01
6.3992756046822535e+01
3.1999999999117353e+01
-4.9624914694064919e-10
-3.2000000000595485e+01
-6.4007243953149143e+01
-9.6000000001155030e+01
-1.2799999795011226e+02
-1.6000723985075246e+02
-1.9202172775488310e+02
-2.2400000000276592e+02
-2.5598551005062853e+02
-2.8797825994834017e+02
-3.1997825174502719e+02
-2.8800000021160821e+02
-2.5602898442461162e+02
-2.2400000000506776e+02
-1.9197826569501893e+02
-1.6000000000213501e+02
-1.2800000000192199e+02
-9.6007241902961795e+01
-6.4000000001651330e+01
-3.2000002051963783e+01
-1.3630532005394933e-09
3.1999999998585309e+01
6.3992758097000205e+01
9.5999999998257010e+01
1.2799999794771014e+02
1.5999275399615584e+02
1.9197827019313760e+02
2.2399999999653369e+02
2.5601448174610545e+02
2.8802171749392164e+02
3.2001550993317449e+02
2.8799999978204153e+02
2.5597724335380397e+02
2.2400000000168001e+02
1.9201551707269763e+02
1.6000000000053615e+02
1.2799999999954936e+02
9.5992756046323905e+01
6.3999999998573635e+01
3.2000002049784470e+01
-1.2882794357452356e-09
-3.2000000001121357e+01
-6.4007243953493145e+01
-9.6000000001599659e+01
-1.2799999795054413e+02
-1.6000723985142025e+02
-1.9202172775556937e+02
-2.2400000000310001e+02
-2.5598551005105500e+02
-2.8797825994869174e+02
-3.1997825174543732e+02
-2.8800000021290163e+02
-2.5602898442620386e+02
-2.2400000000595151e+02
-1.9197826569531912e+02
-1.6000000000330030e+02
-1.2800000000276114e+02
-9.6007241903870153e+01
-6.4000000002371621e+01
-3.2000002052729478e+01
-1.9546212848370176e-09
3.1999999997941028e+01
6.3992758096475839e+01
9.5999999997481439e+01
1.2799999794711604e+02
1.5999275399554173e+02
1.9197827019276977e+02
2.2399999999620317e+02
2.5601448174579622e+02
2.8802171749398400e+02
3.2001620769706358e+02
2.8799999978207774e+02
2.5597654515969862e+02
2.2400000000110120e+02
1.9201621569580186e+02
1.6000000000018832e+02
1.2799999999932353e+02
9.5992756045843507e+01
6.3999999998179732e+01
3.2000002049778331e+01
-9.3161789396911020e-10
-3.2000000001086178e+01
-6.4007243953582176e+01
-9.6000000001610161e+01
-1.2799999795069699e+02
-1.6000723985138728e+02
-1.9202172775571276e+02
-2.2400000000291021e+02
-2.5598551005094524e+02
-2.8797825994823177e+02
-3.1997825174419273e+02
-2.8800000021167500e+02
-2.5602898442553061e+02
-2.2400000000496314e+02
-1.9197826569323951e+02
-1.6000000000226856e+02
-1.2800000000178679e+02
-9.6007241903000306e+01
-6.4000000001426741e+01
-3.2000002051537997e+01
-1.1894410047448307e-09
3.1999999998989225e+01
6.3992758097471608e+01
9.5999999998507150e+01
1.2799999794790304e+02
1.5999275399615675e+02
1.9197827019331169e+02
2.2399999999723650e+02
2.5601448174749606e+02
2.8802171749575331e+02
3.2001682692474174e+02
2.8799999978168790e+02
2.5597592554940104e+02
2.2400000000047913e+02
1.9201683568694489e+02
1.6000000000014850e+02
1.2799999999902504e+02
9.5992756045751932e+01
6.3999999998172854e+01
3.2000002049509511e+01
-1.4166700290755193e-09
-3.2000000001461466e+01
-6.4007243953917651e+01
-9.6000000001988852e+01
-1.2799999795135125e+02
-1.6000723985211067e+02
-1.9202172775606249e+02
-2.2400000000352020e+02
-2.5598551005127200e+02
-2.8797825994865894e+02
-3.1997825174497251e+02
-2.8800000021238480e+02
-2.5602898442613179e+02
-2.2400000000569466e+02
-1.9197826569443032e+02
-1.6000000000267019e+02
-1.2800000000198085e+02
-9.6007241902975437e+01
-6.4000000001942510e+01
-3.2000002052081449e+01
-1.4661031358598827e-09
3.1999999998523418e+01
6.3992758096959392e+01
9.5999999998394088e+01
1.2799999794791076e+02
1.5999275399651094e+02
1.9197827019379056e+02
2.2399999999698568e+02
2.5601448174597869e+02
2.8802171749387173e+02
3.2001737645401113e+02
2.8799999978211252e+02
2.5597537568199095e+02
2.2400000000021410e+02
1.9201738589267893e+02
1.6000000000024895e+02
1.2799999999926433e+02
9.5992756046093234e+01
6.3999999998508457e+01
3.2000002049985582e+01
-1.1962111407873989e-09
-3.2000000001264674e+01
-6.4007243953424108e+01
-9.6000000001406676e+01
-1.2799999795061075e+02
-1.6000723985147096e+02
-1.9202172775549172e+02
-2.2400000000270137e+02
-2.5598551005044351e+02
-2.8797825994763508e+02
-3.1997825174374873e+02
-2.8800000021157018e+02
-2.5602898442554141e+02
-2.2400000000474228e+02
-1.9197826569321302e+02
-1.6000000000213512e+02
-1.2800000000166241e+02
-9.6007241902798640e+01
-6.4000000001332495e+01
-3.2000002051373592e+01
-7.6053110011360715e-10
