0.0000000000000000e+00
-4.1153527915175112e-04
-1.6460844909824226e-03
8.8538099764196344e-12
8.2264302237123981e-04
8.2192824045555747e-04
-2.0594796055982263e-06
-1.6492357644583592e-03
-4.1195164967994819e-03
-7.4128173413766105e-03
-1.1529053989511245e-02
-1.6478987180441377e-03
7.4097552795954679e-03
-7.0362284165956309e-10
-8.2321396840857319e-03
-9.4331823172616565e-10
7.4081792252147930e-03
-1.2937357771688318e-09
-9.0526201260827852e-10
-8.2321339768016717e-04
-1.0174744474748827e-09
8.3059955964013200e-08
-8.2304583705510590e-04
-2.4694719879835309e-03
-4.9392798255685939e-03
-7.1299425979512917e-10
4.1165715643024263e-03
7.4103526579844762e-03
9.8812582221769057e-03
-5.5085848393691624e-10
-1.0705484777384987e-02
-1.6459381951580948e-03
6.5898415832911358e-03
1.8198570873949201e-10
-7.4128747999572869e-03
3.1790845148983595e-11
6.5895666481414284e-03
-9.2834274173693125e-10
-1.1036352052155492e-09
-8.2313004440662501e-04
-1.3945637197109240e-09
-8.5695423833462182e-08
-8.2329836240468263e-04
-2.4695553377772849e-03
-4.9387723822006532e-03
-7.1195657063934828e-10
4.1151361266726239e-03
7.4067229966334018e-03
9.8748443010495089e-03
-6.4910944062760430e-10
-1.0696963344057361e-02
-1.6467415761057670e-03
6.5809056197750782e-03
-2.6989722331727332e-10
-7.4042163181117920e-03
-8.0331436157398509e-11
6.5811857199572776e-03
1.0759158670731731e-10
-4.4641849887160925e-10
-8.2321386518069612e-04
-6.1427305302425827e-10
8.3651833716383717e-08
-8.2304466986684905e-04
-2.4694702037722249e-03
-4.9392775662674719e-03
-2.0080404693087671e-10
4.1165703533040743e-03
7.4103494975622762e-03
9.8812534813177179e-03
8.3426420410150141e-10
-1.0705478253154080e-02
-1.6459369747218486e-03
6.5898368333670394e-03
1.2436843010577726e-09
-7.4128681131097451e-03
1.3708731491609037e-09
6.5895629650716782e-03
1.0111751286395996e-09
1.0038252190724855e-09
-8.2312786837439777e-04
5.8991152680781590e-10
-8.3783246387608360e-08
-8.2329649411676665e-04
-2.4695536924357955e-03
-4.9387705457505579e-03
1.1100624435480710e-09
4.1151380354981486e-03
7.4067249050964717e-03
9.8748458998816745e-03
1.5020755186343382e-09
-1.0696960824262162e-02
-1.6467396309575600e-03
6.5809069932559732e-03
1.5667155930582033e-09
-7.4042145637916029e-03
1.3231547515639607e-09
6.5811863896281806e-03
1.0044781534507976e-09
7.4494233341570177e-10
-8.2321233701197381e-04
9.2865920581224582e-10
8.5289573911898232e-08
-8.2304325822276357e-04
-2.4694688373509059e-03
-4.9392760674698676e-03
1.4906805337012661e-09
4.1165719492976382e-03
7.4103511369829206e-03
9.8812550006664567e-03
1.8302609716806687e-09
-1.0705477213543563e-02
-1.6459360517453298e-03
6.5898385021544350e-03
2.4054323614547607e-09
-7.4128672811072807e-03
2.4731669569971087e-09
6.5895639244440557e-03
1.8847271889924200e-09
1.5024287114977819e-09
-8.2312736845038294e-04
1.3985476960678830e-09
-8.2413190494058025e-08
-8.2329528926215387e-04
-2.4695524602423974e-03
-4.9387692175737793e-03
2.2544711692886503e-09
4.1151390496005523e-03
7.4067256656980170e-03
9.8748466529753730e-03
2.1656026673892134e-09
-1.0696960050624506e-02
-1.6467390131070922e-03
6.5809076387470990e-03
2.4728520988931856e-09
-7.4042136113454029e-03
2.7781687738811714e-09
6.5811878289277507e-03
2.1111743584132780e-09
1.8434957962265112e-09
-8.2321149161222339e-04
1.3372857874252563e-09
8.5527455700463086e-08
-8.2304256822375880e-04
-2.4694681606773220e-03
-4.9392754771051426e-03
1.5802560068268267e-09
4.1165715209163060e-03
7.4103499801661688e-03
9.8812534089178332e-03
1.4390115611695340e-09
-1.0705476441662379e-02
-1.6459363969080004e-03
6.5898366096911656e-03
2.0997211494059282e-09
-7.4128659501022836e-03
2.2444446950846244e-09
6.5895624329951183e-03
1.9962670269951977e-09
1.6361356191818667e-09
-8.2312728149099902e-04
1.3843213026287564e-09
-8.2633667250372252e-08
-8.2329538378768483e-04
-2.4695524669658430e-03
-4.9387694870031904e-03
1.7342292382801365e-09
4.1151384002979918e-03
7.4067248219074093e-03
9.8748456980824913e-03
1.8648730273928343e-09
-1.0696959381254171e-02
-1.6467390899318167e-03
6.5809066683584745e-03
2.4183551787055636e-09
-7.4042128640191187e-03
2.6360595091878068e-09
6.5811870610416930e-03
2.2837953453373910e-09
2.0896515700018052e-09
-8.2321135798283209e-04
1.6546773701575915e-09
8.6638833979591766e-08
-8.2304190981969956e-04
-2.4694673542059484e-03
-4.9392747456851339e-03
2.3751474650608807e-09
4.1165726465338870e-03
7.4103516094169621e-03
9.8812550379604978e-03
2.5792889045989610e-09
-1.0705475383753459e-02
-1.6459353527828108e-03
6.5898378747031843e-03
2.7970161448735133e-09
-7.4128654525326028e-03
3.0673708177611979e-09
6.5895635695613691e-03
2.6186108359194956e-09
2.3474637559210705e-09
-8.2312652028572865e-04
2.0577112570980161e-09
