0.0000000000000000e+00
0.0000000000000000e+00
0.0000000000000000e+00
0.0000000000000000e+00
0.0000000000000000e+00
0.0000000000000000e+00
0.0000000000000000e+00
0.0000000000000000e+00
0.0000000000000000e+00
7.7936540114657415e-01
7.9951520243681218e-01
7.9951520243681229e-01
7.9951520243681284e-01
7.9951520243681318e-01
7.9951520243681318e-01
7.9951520243681262e-01
7.9951520243681173e-01
7.9951520243681096e-01
7.9951520243680940e-01
7.9951520243680885e-01
7.9951520243680929e-01
7.9951520243680818e-01
7.9951520243681018e-01
7.9951520243680929e-01
7.9951520243680840e-01
7.9951520243680729e-01
7.9951520243680829e-01
7.9951520243680740e-01
7.9951520243680652e-01
7.9951520243680629e-01
7.9951520243680707e-01
7.9951520243680707e-01
-3.2460056816386379e-01
-3.2460056816386423e-01
-3.2460056816386429e-01
-3.2460056816386423e-01
-3.2460056816386507e-01
-3.2460056816386518e-01
-3.2460056816386540e-01
-3.2460056816386551e-01
-3.2460056816386618e-01
-3.2460056816386584e-01
-3.2460056816386584e-01
-3.2460056816386562e-01
-3.2460056816386529e-01
-3.2460056816386562e-01
-3.2460056816386607e-01
-3.2460056816386607e-01
-3.2460056816386584e-01
-3.2460056816386618e-01
-3.2460056816386618e-01
-3.2460056816386607e-01
-3.2460056816386595e-01
-3.2460056816386612e-01
-3.2460056816386651e-01
1.6374569162646352e-01
1.6374569162646391e-01
1.6374569162646374e-01
1.6374569162646391e-01
1.6374569162646374e-01
1.6374569162646394e-01
1.6374569162646366e-01
1.6374569162646360e-01
1.6374569162646391e-01
1.6374569162646366e-01
1.6374569162646388e-01
1.6374569162646394e-01
1.6374569162646424e-01
1.6374569162646405e-01
1.6374569162646394e-01
1.6374569162646407e-01
1.6374569162646430e-01
1.6374569162646424e-01
1.6374569162646413e-01
1.6374569162646385e-01
1.6374569162646374e-01
1.6374569162646369e-01
-9.7796382245530111e-02
-9.7796382245530250e-02
-9.7796382245530000e-02
-9.7796382245529834e-02
-9.7796382245529945e-02
-9.7796382245529945e-02
-9.7796382245529861e-02
-9.7796382245529848e-02
-9.7796382245529750e-02
-9.7796382245529584e-02
-9.7796382245529695e-02
-9.7796382245529723e-02
-9.7796382245529653e-02
-9.7796382245529626e-02
-9.7796382245529681e-02
-9.7796382245529570e-02
-9.7796382245529598e-02
-9.7796382245529487e-02
-9.7796382245529487e-02
-9.7796382245529542e-02
-9.7796382245529445e-02
-9.7796382245529417e-02
-9.7796382245529362e-02
4.3993314588633474e-02
4.3993314588633446e-02
4.3993314588633495e-02
4.3993314588633550e-02
4.3993314588633495e-02
4.3993314588633467e-02
4.3993314588633481e-02
4.3993314588633550e-02
4.3993314588633557e-02
4.3993314588633516e-02
4.3993314588633529e-02
4.3993314588633453e-02
4.3993314588633460e-02
4.3993314588633453e-02
4.3993314588633495e-02
4.3993314588633502e-02
4.3993314588633467e-02
4.3993314588633502e-02
4.3993314588633516e-02
4.3993314588633502e-02
4.3993314588633502e-02
4.3993314588633606e-02
4.3993314588633592e-02
-3.5342943577201934e-02
-3.5342943577201899e-02
-3.5342943577201920e-02
-3.5342943577201899e-02
-3.5342943577201885e-02
-3.5342943577201955e-02
-3.5342943577201906e-02
-3.5342943577201857e-02
-3.5342943577201830e-02
-3.5342943577201816e-02
-3.5342943577201802e-02
-3.5342943577201774e-02
-3.5342943577201795e-02
-3.5342943577201844e-02
-3.5342943577201830e-02
-3.5342943577201864e-02
-3.5342943577201857e-02
-3.5342943577201920e-02
-3.5342943577201934e-02
-3.5342943577201892e-02
-3.5342943577201885e-02
2.2842495502155967e-02
2.2842495502155974e-02
2.2842495502155991e-02
2.2842495502155953e-02
2.2842495502155977e-02
2.2842495502155988e-02
2.2842495502155967e-02
2.2842495502155953e-02
2.2842495502155988e-02
2.2842495502155974e-02
2.2842495502155981e-02
2.2842495502155929e-02
2.2842495502155946e-02
2.2842495502155950e-02
2.2842495502155974e-02
2.2842495502155932e-02
2.2842495502155953e-02
2.2842495502155953e-02
2.2842495502155946e-02
2.2842495502155967e-02
2.2842495502155932e-02
2.2842495502155988e-02
2.2842495502155967e-02
-1.5014484229952031e-02
-1.5014484229952036e-02
-1.5014484229952023e-02
-1.5014484229952042e-02
-1.5014484229952014e-02
-1.5014484229952009e-02
-1.5014484229952038e-02
-1.5014484229952036e-02
-1.5014484229952047e-02
-1.5014484229952045e-02
-1.5014484229952068e-02
-1.5014484229952061e-02
-1.5014484229952080e-02
-1.5014484229952078e-02
-1.5014484229952085e-02
-1.5014484229952088e-02
-1.5014484229952104e-02
-1.5014484229952088e-02
-1.5014484229952104e-02
-1.5014484229952132e-02
-1.5014484229952114e-02
-1.5014484229952109e-02
-1.5014484229952120e-02
9.4937300984019174e-03
9.4937300984019191e-03
9.4937300984019035e-03
9.4937300984019105e-03
9.4937300984019191e-03
9.4937300984019330e-03
9.4937300984019313e-03
9.4937300984019105e-03
9.4937300984019087e-03
9.4937300984018966e-03
9.4937300984019000e-03
9.4937300984019000e-03
9.4937300984019000e-03
9.4937300984018966e-03
9.4937300984019243e-03
9.4937300984019191e-03
9.4937300984019226e-03
9.4937300984019105e-03
9.4937300984019087e-03
9.4937300984019018e-03
9.4937300984019000e-03
9.4937300984018948e-03
9.4937300984018966e-03
-5.9531564298933772e-03
-5.9531564298933703e-03
-5.9531564298933573e-03
-5.9531564298933616e-03
-5.9531564298933564e-03
-5.9531564298933538e-03
-5.9531564298933521e-03
-5.9531564298933642e-03
-5.9531564298933659e-03
-5.9531564298933659e-03
-5.9531564298933677e-03
-5.9531564298933729e-03
-5.9531564298933729e-03
-5.9531564298933885e-03
