0.0000000000000000e+00
0.0000000000000000e+00
0.0000000000000000e+00
0.0000000000000000e+00
0.0000000000000000e+00
0.0000000000000000e+00
0.0000000000000000e+00
0.0000000000000000e+00
0.0000000000000000e+00
7.7936540114733788e-01
7.9951520243718632e-01
7.9951520243718632e-01
7.9951520243718677e-01
7.9951520243718721e-01
7.9951520243718766e-01
7.9951520243718677e-01
7.9951520243718632e-01
7.9951520243718532e-01
7.9951520243718377e-01
7.9951520243718355e-01
7.9951520243718410e-01
7.9951520243718344e-01
7.9951520243718588e-01
7.9951520243718477e-01
7.9951520243718355e-01
7.9951520243718199e-01
7.9951520243718266e-01
7.9951520243718155e-01
7.9951520243718177e-01
7.9951520243718066e-01
7.9951520243718088e-01
7.9951520243718133e-01
-3.2460056816113214e-01
-3.2460056816113270e-01
-3.2460056816113242e-01
-3.2460056816113247e-01
-3.2460056816113336e-01
-3.2460056816113347e-01
-3.2460056816113392e-01
-3.2460056816113381e-01
-3.2460056816113436e-01
-3.2460056816113408e-01
-3.2460056816113408e-01
-3.2460056816113397e-01
-3.2460056816113375e-01
-3.2460056816113397e-01
-3.2460056816113458e-01
-3.2460056816113447e-01
-3.2460056816113431e-01
-3.2460056816113453e-01
-3.2460056816113453e-01
-3.2460056816113420e-01
-3.2460056816113386e-01
-3.2460056816113414e-01
-3.2460056816113464e-01
1.6374569162932878e-01
1.6374569162932925e-01
1.6374569162932914e-01
1.6374569162932925e-01
1.6374569162932900e-01
1.6374569162932928e-01
1.6374569162932903e-01
1.6374569162932903e-01
1.6374569162932923e-01
1.6374569162932903e-01
1.6374569162932914e-01
1.6374569162932948e-01
1.6374569162932975e-01
1.6374569162932970e-01
1.6374569162932945e-01
1.6374569162932967e-01
1.6374569162932992e-01
1.6374569162932986e-01
1.6374569162932970e-01
1.6374569162932953e-01
1.6374569162932948e-01
1.6374569162932942e-01
-9.7796382241849694e-02
-9.7796382241849861e-02
-9.7796382241849555e-02
-9.7796382241849417e-02
-9.7796382241849528e-02
-9.7796382241849528e-02
-9.7796382241849444e-02
-9.7796382241849389e-02
-9.7796382241849306e-02
-9.7796382241849181e-02
-9.7796382241849292e-02
-9.7796382241849292e-02
-9.7796382241849208e-02
-9.7796382241849222e-02
-9.7796382241849278e-02
-9.7796382241849306e-02
-9.7796382241849264e-02
-9.7796382241849042e-02
-9.7796382241849042e-02
-9.7796382241848986e-02
-9.7796382241848889e-02
-9.7796382241848862e-02
-9.7796382241848834e-02
4.3993314592691617e-02
4.3993314592691603e-02
4.3993314592691610e-02
4.3993314592691693e-02
4.3993314592691637e-02
4.3993314592691637e-02
4.3993314592691610e-02
4.3993314592691658e-02
4.3993314592691707e-02
4.3993314592691693e-02
4.3993314592691679e-02
4.3993314592691596e-02
4.3993314592691610e-02
4.3993314592691596e-02
4.3993314592691554e-02
4.3993314592691568e-02
4.3993314592691554e-02
4.3993314592691568e-02
4.3993314592691568e-02
4.3993314592691513e-02
4.3993314592691540e-02
4.3993314592691637e-02
4.3993314592691610e-02
-3.5342943572790525e-02
-3.5342943572790469e-02
-3.5342943572790497e-02
-3.5342943572790476e-02
-3.5342943572790476e-02
-3.5342943572790476e-02
-3.5342943572790456e-02
-3.5342943572790379e-02
-3.5342943572790352e-02
-3.5342943572790338e-02
-3.5342943572790352e-02
-3.5342943572790324e-02
-3.5342943572790358e-02
-3.5342943572790421e-02
-3.5342943572790414e-02
-3.5342943572790442e-02
-3.5342943572790435e-02
-3.5342943572790504e-02
-3.5342943572790511e-02
-3.5342943572790497e-02
-3.5342943572790469e-02
2.2842495506848894e-02
2.2842495506848904e-02
2.2842495506848911e-02
2.2842495506848883e-02
2.2842495506848869e-02
2.2842495506848901e-02
2.2842495506848901e-02
2.2842495506848901e-02
2.2842495506848928e-02
2.2842495506848918e-02
2.2842495506848925e-02
2.2842495506848887e-02
2.2842495506848907e-02
2.2842495506848907e-02
2.2842495506848907e-02
2.2842495506848866e-02
2.2842495506848852e-02
2.2842495506848859e-02
2.2842495506848887e-02
2.2842495506848914e-02
2.2842495506848869e-02
2.2842495506848925e-02
2.2842495506848911e-02
-1.5014484225079975e-02
-1.5014484225079981e-02
-1.5014484225079970e-02
-1.5014484225079989e-02
-1.5014484225079967e-02
-1.5014484225079970e-02
-1.5014484225079974e-02
-1.5014484225079982e-02
-1.5014484225079996e-02
-1.5014484225079994e-02
-1.5014484225080012e-02
-1.5014484225080003e-02
-1.5014484225080026e-02
-1.5014484225080026e-02
-1.5014484225080026e-02
-1.5014484225080022e-02
-1.5014484225080036e-02
-1.5014484225080039e-02
-1.5014484225080046e-02
-1.5014484225080079e-02
-1.5014484225080060e-02
-1.5014484225080067e-02
-1.5014484225080079e-02
9.4937301033698584e-03
9.4937301033698619e-03
9.4937301033698497e-03
9.4937301033698549e-03
9.4937301033698671e-03
9.4937301033698723e-03
9.4937301033698740e-03
9.4937301033698584e-03
9.4937301033698497e-03
9.4937301033698306e-03
9.4937301033698393e-03
9.4937301033698514e-03
9.4937301033698376e-03
9.4937301033698376e-03
9.4937301033698601e-03
9.4937301033698601e-03
9.4937301033698584e-03
9.4937301033698549e-03
9.4937301033698480e-03
9.4937301033698376e-03
9.4937301033698376e-03
9.4937301033698480e-03
9.4937301033698480e-03
-5.9531564249654311e-03
-5.9531564249654225e-03
-5.9531564249654103e-03
-5.9531564249654147e-03
-5.9531564249654138e-03
-5.9531564249654095e-03
-5.9531564249654060e-03
-5.9531564249654155e-03
-5.9531564249654155e-03
-5.9531564249654181e-03
-5.9531564249654216e-03
-5.9531564249654251e-03
-5.9531564249654251e-03
-5.9531564249654303e-03
