0.0000000000000000e+00
3.6587373701343939e-05
7.3170731708004156e-05
1.0975275142129264e-04
1.4633343294021648e-04
1.8291277636165446e-04
2.1951219512754031e-04
2.5611027442459593e-04
2.9270701435177624e-04
2.2177600506843378e-03
4.3324736950190908e-03
4.2959265815976887e-03
4.2810059010587242e-03
4.2599044922264724e-03
4.2299962702528242e-03
4.1934109043998274e-03
4.1568242000084741e-03
4.1202361569810777e-03
4.0836548068406810e-03
4.0470721184556269e-03
4.0104840751306161e-03
3.9738987092766695e-03
3.9666582875900859e-03
3.9300721200182676e-03
3.8934875558831981e-03
3.8569016532696591e-03
3.8203144120789430e-03
3.7837258322124400e-03
3.7471460924742208e-03
3.7105650146100040e-03
3.6739825985217644e-03
3.6373988441110467e-03
3.4825918928705589e-03
3.4947711950662863e-03
3.5069503489280726e-03
3.5241740202833728e-03
3.5485314634977352e-03
3.5830960810473802e-03
3.6197560886635934e-03
3.6562668127578563e-03
3.6928521786127257e-03
3.7294362060264733e-03
3.7660229103223704e-03
3.8026082760805524e-03
3.8391936420288852e-03
3.8484297312104728e-03
3.8850142588888747e-03
3.9216004629184275e-03
3.9581853284461127e-03
3.9947688555708087e-03
4.0313510443893098e-03
4.0679419263386120e-03
4.1045314694445932e-03
4.1411196738040338e-03
4.1777065395167973e-03
4.2525973501362502e-03
4.2160746857024499e-03
4.2011639869345323e-03
4.1800766949666376e-03
4.1501443702956437e-03
4.1134836885160413e-03
4.0769736385834979e-03
4.0403882727339767e-03
4.0038015683463721e-03
3.9672175410275460e-03
3.9306321752683102e-03
3.8940468093188996e-03
3.8868063876328143e-03
3.8502202200657630e-03
3.8136356559258840e-03
3.7770497533075680e-03
3.7404625121123477e-03
3.7038739322410278e-03
3.6672941925175550e-03
3.6307131146676636e-03
3.5941306985937654e-03
3.5575469441976597e-03
3.5023381658241541e-03
3.5145248999104883e-03
3.5267114854815340e-03
3.5439456665522970e-03
3.5683179721301837e-03
3.6027846032186117e-03
3.6394351521447750e-03
3.6760843578571281e-03
3.7126058838499020e-03
3.7491912497072981e-03
3.7857752771243876e-03
3.8223619814166674e-03
3.8589473471723045e-03
3.8681834364513593e-03
3.9047679645176918e-03
3.9413541681591804e-03
3.9779390332990595e-03
4.0145225600355210e-03
4.0511047484657085e-03
4.0876956315785591e-03
4.1242851758477306e-03
4.1608733813719746e-03
4.1974602482489319e-03
4.2433028248700950e-03
4.2312195155894692e-03
4.2191360602999006e-03
4.2017778867436953e-03
4.1773876428449954e-03
4.1428936135717662e-03
4.1063058702195581e-03
4.0697238974279001e-03
4.0331405863468506e-03
3.9965559368777426e-03
3.9599699489225714e-03
3.9233826223844092e-03
3.8867970681564744e-03
3.8775609789742939e-03
3.8409747748969973e-03
3.8043902472674855e-03
3.7678043811611344e-03
3.7312171764807981e-03
3.6946286331279044e-03
3.6580487838580025e-03
3.6214675964539606e-03
3.5848850708173601e-03
3.5483012068509416e-03
3.5065545758417118e-03
3.5431049845394509e-03
3.5594503919236797e-03
3.5825658326460313e-03
3.6152550902952977e-03
3.6519133862271853e-03
3.6884987520841494e-03
3.7250827795007740e-03
3.7616694837942135e-03
3.7982548495500714e-03
3.8348402155006563e-03
3.8723732770178884e-03
3.9089586428717260e-03
3.9455426702855959e-03
3.9821293745796269e-03
4.0187147403352424e-03
4.0552987676514699e-03
4.0918814566258824e-03
4.1284628073566592e-03
4.1650562038578771e-03
4.2016482613311378e-03
4.2419510982100164e-03
4.2297752915396152e-03
4.2175993366179261e-03
4.2003796829429311e-03
4.1760269089797120e-03
4.1414504050934445e-03
4.1048650392345332e-03
4.0682783348374944e-03
4.0316902918048243e-03
3.9951089416778015e-03
3.9585262533067874e-03
3.9219382099669152e-03
3.8853528441139392e-03
3.8761167549321435e-03
3.8395305508542648e-03
3.8029460232253875e-03
3.7663601571194132e-03
3.7297729524388380e-03
3.6931844090859491e-03
3.6566045598158585e-03
3.6200233724112086e-03
3.5834408467745630e-03
3.5468569828083774e-03
3.5078595492971324e-03
3.5200469012819074e-03
3.5322341047375346e-03
3.5494691596028266e-03
3.5738427008614000e-03
3.6083110793628231e-03
3.6449571535399220e-03
3.6816018848318845e-03
3.7181278852453916e-03
3.7547132511031615e-03
3.7912972785201101e-03
3.8278839828133800e-03
3.8644693485679242e-03
3.8737054378471898e-03
3.9102899659155012e-03
3.9468761695552945e-03
3.9834610346941085e-03
4.0200445614298926e-03
4.0566267498590332e-03
4.0932176329757297e-03
4.1298071772480306e-03
4.1663953827747588e-03
4.2029822496536823e-03
4.2411057885559239e-03
4.2289141338424131e-03
4.2167223304900798e-03
4.1994802630910414e-03
4.1750957900176583e-03
4.1406099224038165e-03
4.1040038815457341e-03
4.0673965006371689e-03
4.0308331498351453e-03
3.9942477839803384e-03
3.9576610795870586e-03
3.9210770522717089e-03
3.8844916865159330e-03
3.8752555972349266e-03
3.8386693927679105e-03
3.8020848655282782e-03
3.7654989998122021e-03
3.7289117955210944e-03
3.6923232525577273e-03
3.6557434021194384e-03
3.6191622135459079e-03
3.5825796867400379e-03
3.5459958216044300e-03
3.5084305136978524e-03
3.5206243922018049e-03
3.5328181220177627e-03
3.5500624062772979e-03
3.5744489993281238e-03
3.6089358347648911e-03
3.6455346444673594e-03
3.6821321147457184e-03
3.7187282456981551e-03
3.7552907420252682e-03
3.7918761078793968e-03
3.8284601352942919e-03
3.8650468395868198e-03
3.8742829287673848e-03
