0.0000000000000000e+00
-2.5004040254486299e+01
-5.0000000000581849e+01
-7.5000379830981032e+01
-1.0000518072381935e+02
-1.2501440365684152e+02
-1.4999999999954173e+02
-1.7499001510400183e+02
-1.9998444994679846e+02
-2.2500000028307772e+02
-2.5001688254459799e+02
-2.2500000022766193e+02
-2.1478817183571806e+02
-2.0034772349048242e+02
-1.7994762148383253e+02
-1.5494762148464196e+02
-1.2995204172786620e+02
-1.0496088123690849e+02
-7.9947621486575173e+01
-5.4938784912409190e+01
-2.9947621486120966e+01
-4.9476214862358612e+00
-2.5096259694865990e-10
2.4997352407026888e+01
4.9999999999666137e+01
7.4998226763964098e+01
9.9992033677799540e+01
1.2498142171789445e+02
1.4999999999855604e+02
1.7501415392676174e+02
2.0002388448161753e+02
2.2502919264176339e+02
2.4999488455670934e+02
2.4166666653708234e+02
2.3333795811800653e+02
2.2155854848033093e+02
2.0489827296361261e+02
1.8131132759491581e+02
1.5628928954150192e+02
1.3131132757700684e+02
1.0631132760137473e+02
8.1306906404584510e+01
5.6311327606622541e+01
3.1311328566282469e+01
6.3113276068165192e+00
-5.0823641498962328e-10
-2.5002768610068273e+01
-5.0000000000467722e+01
-7.5001651999271346e+01
-1.0000772558393773e+02
-1.2501822173351010e+02
-1.5000000000116125e+02
-1.7498619545900937e+02
-1.9997680908432156e+02
-2.2497184185317815e+02
-2.4998033010634362e+02
-2.2500000115241730e+02
-2.1480309251991690e+02
-2.0038374084527018e+02
-1.7994762150698108e+02
-1.5492261534648566e+02
-1.2994762151422410e+02
-1.0494762149448491e+02
-7.9952041717674618e+01
-5.4947621485510588e+01
-2.9947622473763861e+01
-4.9476214854642162e+00
1.7209956391347271e-10
2.4997352406775381e+01
4.9999999999975572e+01
7.4998226765189699e+01
9.9992033679570056e+01
1.2498142172023032e+02
1.4999999999926692e+02
1.7501415392587344e+02
2.0002388447894612e+02
2.2502919263712735e+02
2.4999734529340390e+02
2.4166666665406180e+02
2.3333549722967734e+02
2.2155260654689434e+02
2.0488740677170227e+02
1.8131590278089223e+02
1.5631132760623115e+02
1.3130232520272565e+02
1.0631132759541724e+02
8.1311327605978789e+01
5.6306906395825379e+01
3.1311327607026282e+01
6.3113285762335245e+00
2.0928763003090946e-10
-2.5002772448152303e+01
-5.0000000000029736e+01
-7.5001648159371499e+01
-1.0000771790388316e+02
-1.2501821021185765e+02
-1.5000000000159443e+02
-1.7498620698438441e+02
-1.9997683213706932e+02
-2.2497187643660459e+02
-2.4996481275707802e+02
-2.4166666667482616e+02
-2.3336900612805766e+02
-2.2154822041048982e+02
-2.0488155367906623e+02
-1.8131468130426012e+02
-1.5632253149159084e+02
-1.3131132760837363e+02
-1.0630454644619239e+02
-8.1302187026361935e+01
-5.6304248371217909e+01
-3.1310729502741459e+01
-6.3113276084265868e+00
-1.0068152876482847e-09
2.4997231849709443e+01
4.9999999998738495e+01
7.4998347292618277e+01
9.9992274709341970e+01
1.2498178322622742e+02
1.4999999999810888e+02
1.7501379249715555e+02
2.0002316170297820e+02
2.2502810859399924e+02
2.4998895171792896e+02
2.2500000067919598e+02
2.1382317307889997e+02
1.9801524404798130e+02
1.7565644027310529e+02
1.5064759203153122e+02
1.2564759203240575e+02
1.0064317081256368e+02
7.5647592036196698e+01
5.0647593016872229e+01
2.5647592036158663e+01
-5.8615133156135895e-10
-2.5000000000498471e+01
-5.0004421221074551e+01
-7.5000000000745501e+01
-9.9999999022841962e+01
-1.2500441926548075e+02
-1.5001326170672198e+02
-1.7502652732517836e+02
-2.0000000000239254e+02
-2.2497788803373896e+02
-2.4999392082525802e+02
-2.4166666667417189e+02
-2.3333990272057230e+02
-2.2156491695665565e+02
-2.0491424571070405e+02
-1.8131132764108000e+02
-1.5631132761936249e+02
-1.3131574784051148e+02
-1.0632458732690110e+02
-8.1311327608945987e+01
-5.6302491066675806e+01
-3.1311327608507845e+01
-6.3113276082788659e+00
-8.5838760654316701e-10
2.4997231850049396e+01
4.9999999999190969e+01
7.4998347293191415e+01
9.9992274709964747e+01
1.2498178322676280e+02
1.4999999999821776e+02
1.7501379249729132e+02
2.0002316170251109e+02
2.2502810859310719e+02
2.4999754447243350e+02
2.4166666665972573e+02
2.3333529803043129e+02
2.2155212557510288e+02
2.0488652720563636e+02
1.8131445930114108e+02
1.5631132760568445e+02
1.3130376937021282e+02
1.0631132759663997e+02
8.1311327605658335e+01
5.6306906393937382e+01
3.1311327606755164e+01
6.3113285772837324e+00
-5.1227703364431822e-10
-2.5002772453767157e+01
-5.0000000000499497e+01
-7.5001648154576202e+01
-1.0000771789372403e+02
-1.2501821019659404e+02
-1.5000000000153537e+02
-1.7498620699956970e+02
-1.9997683216753290e+02
-2.2497187648238577e+02
-2.4999890869106571e+02
-2.4166666667263183e+02
-2.3333491565323806e+02
-2.2155287848026606e+02
-2.0489223777046533e+02
-1.8133388531274147e+02
-1.5631132761331730e+02
-1.3129319721077144e+02
-1.0631132761338274e+02
-8.1311327609352148e+01
-5.6315747848287046e+01
-3.1311327606989003e+01
-6.3113285863745174e+00
5.2111240435167479e-10
2.4997235730642721e+01
5.0000000000278042e+01
7.4998343416037557e+01
9.9992266955493662e+01
1.2498177159580786e+02
1.4999999999958510e+02
1.7501380412772244e+02
2.0002318495922862e+02
2.2502814347334282e+02
2.4999960704592689e+02
2.4166666666113059e+02
2.3333323512931221e+02
2.2154714472419579e+02
2.0487741862053127e+02
1.8129951095872894e+02
1.5631132760848621e+02
1.3131872491123147e+02
1.0632170188973079e+02
8.1311327608603108e+01
5.6311327608584662e+01
3.1306906388204439e+01
6.3113276081633796e+00
1.0596626535343036e-09
