2.0000000000000020e+02
2.0000000000000020e+02
2.0000000000000020e+02
2.0000000000000020e+02
2.0000000000000020e+02
2.0000000000000020e+02
2.0000000000000020e+02
2.0000000000000020e+02
2.0000000000000020e+02
2.2266190120866810e+02
2.4759989945105514e+02
2.4759989945105514e+02
2.4759989945105514e+02
2.4759989945105514e+02
2.4759989945105514e+02
2.4759989945105514e+02
2.4759989945105514e+02
2.4759989945105514e+02
2.4759989945105514e+02
2.4759989945105514e+02
2.4759989945105514e+02
2.4759989945105514e+02
2.4759989945105514e+02
2.4759989945105514e+02
2.4759989945105514e+02
2.4759989945105514e+02
2.4759989945105514e+02
2.4759989945105514e+02
2.4759989945105514e+02
2.4759989945105514e+02
2.4759989945105514e+02
2.4759989945105514e+02
2.4901864212761407e+02
2.4901864212761407e+02
2.4901864212761407e+02
2.4901864212761407e+02
2.4901864212761407e+02
2.4901864212761407e+02
2.4901864212761407e+02
2.4901864212761407e+02
2.4901864212761407e+02
2.4901864212761407e+02
2.4901864212761407e+02
2.4901864212761407e+02
2.4901864212761407e+02
2.4901864212761407e+02
2.4901864212761407e+02
2.4901864212761407e+02
2.4901864212761407e+02
2.4901864212761407e+02
2.4901864212761407e+02
2.4901864212761407e+02
2.4901864212761407e+02
2.4901864212761407e+02
2.4901864212761407e+02
2.4947916200468001e+02
2.4947916200468001e+02
2.4947916200468001e+02
2.4947916200468001e+02
2.4947916200468001e+02
2.4947916200468001e+02
2.4947916200468001e+02
2.4947916200468001e+02
2.4947916200468001e+02
2.4947916200468001e+02
2.4947916200468001e+02
2.4947916200468001e+02
2.4947916200468001e+02
2.4947916200468001e+02
2.4947916200468001e+02
2.4947916200468001e+02
2.4947916200468001e+02
2.4947916200468001e+02
2.4947916200468001e+02
2.4947916200468001e+02
2.4947916200468001e+02
2.4947916200468001e+02
2.4970263741886879e+02
2.4970263741886879e+02
2.4970263741886879e+02
2.4970263741886879e+02
2.4970263741886879e+02
2.4970263741886879e+02
2.4970263741886879e+02
2.4970263741886879e+02
2.4970263741886879e+02
2.4970263741886879e+02
2.4970263741886879e+02
2.4970263741886879e+02
2.4970263741886879e+02
2.4970263741886879e+02
2.4970263741886879e+02
2.4970263741886879e+02
2.4970263741886879e+02
2.4970263741886879e+02
2.4970263741886879e+02
2.4970263741886879e+02
2.4970263741886879e+02
2.4970263741886879e+02
2.4970263741886879e+02
2.4981516792917060e+02
2.4981516792917060e+02
2.4981516792917060e+02
2.4981516792917060e+02
2.4981516792917060e+02
2.4981516792917060e+02
2.4981516792917060e+02
2.4981516792917060e+02
2.4981516792917060e+02
2.4981516792917060e+02
2.4981516792917060e+02
2.4981516792917060e+02
2.4981516792917060e+02
2.4981516792917060e+02
2.4981516792917060e+02
2.4981516792917060e+02
2.4981516792917060e+02
2.4981516792917060e+02
2.4981516792917060e+02
2.4981516792917060e+02
2.4981516792917060e+02
2.4981516792917060e+02
2.4981516792917060e+02
2.4987742035265822e+02
2.4987742035265822e+02
2.4987742035265822e+02
2.4987742035265822e+02
2.4987742035265822e+02
2.4987742035265822e+02
2.4987742035265822e+02
2.4987742035265822e+02
2.4987742035265822e+02
2.4987742035265822e+02
2.4987742035265822e+02
2.4987742035265822e+02
2.4987742035265822e+02
2.4987742035265822e+02
2.4987742035265822e+02
2.4987742035265822e+02
2.4987742035265822e+02
2.4987742035265822e+02
2.4987742035265822e+02
2.4987742035265822e+02
2.4987742035265822e+02
2.4992234208762909e+02
2.4992234208762909e+02
2.4992234208762909e+02
2.4992234208762909e+02
2.4992234208762909e+02
2.4992234208762909e+02
2.4992234208762909e+02
2.4992234208762909e+02
2.4992234208762909e+02
2.4992234208762909e+02
2.4992234208762909e+02
2.4992234208762909e+02
2.4992234208762909e+02
2.4992234208762909e+02
2.4992234208762909e+02
2.4992234208762909e+02
2.4992234208762909e+02
2.4992234208762909e+02
2.4992234208762909e+02
2.4992234208762909e+02
2.4992234208762909e+02
2.4992234208762909e+02
2.4992234208762909e+02
2.4995127789266348e+02
2.4995127789266348e+02
2.4995127789266348e+02
2.4995127789266348e+02
2.4995127789266348e+02
2.4995127789266348e+02
2.4995127789266348e+02
2.4995127789266348e+02
2.4995127789266348e+02
2.4995127789266348e+02
2.4995127789266348e+02
2.4995127789266348e+02
2.4995127789266348e+02
2.4995127789266348e+02
2.4995127789266348e+02
2.4995127789266348e+02
2.4995127789266348e+02
2.4995127789266348e+02
2.4995127789266348e+02
2.4995127789266348e+02
2.4995127789266348e+02
2.4995127789266348e+02
2.4995127789266348e+02
2.4996987980533279e+02
2.4996987980533279e+02
2.4996987980533279e+02
2.4996987980533279e+02
2.4996987980533279e+02
2.4996987980533279e+02
2.4996987980533279e+02
2.4996987980533279e+02
2.4996987980533279e+02
2.4996987980533279e+02
2.4996987980533279e+02
2.4996987980533279e+02
2.4996987980533279e+02
2.4996987980533279e+02
2.4996987980533279e+02
2.4996987980533279e+02
2.4996987980533279e+02
2.4996987980533279e+02
2.4996987980533279e+02
2.4996987980533279e+02
2.4996987980533279e+02
2.4996987980533279e+02
2.4996987980533279e+02
2.4998155182694217e+02
2.4998155182694217e+02
2.4998155182694217e+02
2.4998155182694217e+02
2.4998155182694217e+02
2.4998155182694217e+02
2.4998155182694217e+02
2.4998155182694217e+02
2.4998155182694217e+02
2.4998155182694217e+02
2.4998155182694217e+02
2.4998155182694217e+02
2.4998155182694217e+02
2.4998155182694217e+02
