0.0000000000000000e+00
-6.0876195787716028e-05
-1.2175609755970167e-04
-1.8263970592022533e-04
-2.4352702132033585e-04
-3.0441804421130490e-04
-3.6526829267271438e-04
-4.2612224411212729e-04
-1.1436941265431377e-03
-1.9569266833662541e-03
-2.7972990213869869e-03
-2.7364275702780072e-03
-2.6755598242775539e-03
-2.6146957829335732e-03
-2.5537934241154749e-03
-2.4928947741685182e-03
-2.4319998326417557e-03
-2.3711592777819045e-03
-2.3102812290001023e-03
-2.2494068861286967e-03
-2.1885251314414465e-03
-2.1276470831173419e-03
-2.0667727407033855e-03
-2.0058909851003196e-03
-1.9450129358591429e-03
-1.8615427486615116e-03
-1.3059316294626675e-03
-5.8841339779544142e-04
2.1300877708221169e-04
1.0480240803945186e-03
1.8947973217510973e-03
1.8339215890012931e-03
1.7730421501718331e-03
1.7121590048101527e-03
1.6512721524650927e-03
1.5904093937291165e-03
1.5295313449300283e-03
1.4686495897678618e-03
1.4077752473639266e-03
1.3468971990501747e-03
1.2860191498010557e-03
1.2251373941898388e-03
1.1642630522424036e-03
1.1033850043834234e-03
1.0425032501627236e-03
9.8161778912750439e-04
9.2075085712752598e-04
7.2375052456811161e-04
1.3877112662473158e-04
-5.8823522904204390e-04
-1.3895192986589197e-03
-1.3287103038790529e-03
-1.2679050066079114e-03
-1.2069542065141904e-03
-1.1460071211949121e-03
-1.0851981089616868e-03
-1.0243927942401962e-03
-9.6344201139157530e-04
-9.0256396261022059e-04
-8.4168961973962308e-04
-7.8080786504408726e-04
-7.1992981671092048e-04
-6.5905547428858158e-04
-5.9817371870266305e-04
-5.3729566947937832e-04
-4.7642132616767792e-04
-4.1555068831613281e-04
-3.5468375547334437e-04
-2.1771119805409126e-04
3.8201780412607921e-04
1.1143553864079944e-03
1.0534774100390827e-03
9.9259572731657999e-04
9.3171033778927255e-04
8.7082124100551072e-04
8.0996521476234024e-04
7.4908716596266002e-04
6.8820541080085200e-04
6.2733106839786947e-04
5.6645302008398815e-04
5.0557497083472149e-04
4.4469321522278666e-04
3.8381887327604280e-04
3.2294082541829949e-04
2.6205907119820080e-04
2.0117361016447951e-04
1.4030667816208186e-04
7.9436041149933223e-05
1.8561698678255754e-05
-2.5528124500247002e-04
-9.4189186711838191e-04
-8.8103572954763482e-04
-8.2018329522081290e-04
-7.5933456368783910e-04
-6.9840158339176510e-04
-6.3747231569760427e-04
-5.7664548584058898e-04
-5.1576743705604737e-04
-4.5489309418355814e-04
-3.9401133949522273e-04
-3.3313329116889921e-04
-2.7225524193661050e-04
-2.1138089861581742e-04
-1.5049914437352717e-04
-8.9621096494048078e-05
-2.8746754524407410e-05
3.2123881984751703e-05
9.2990813484335004e-05
1.5389109955290568e-04
2.1478767700311094e-04
8.3947113944176591e-04
7.7859314250214523e-04
7.1771143920597432e-04
6.5682602910218128e-04
5.9595899599277995e-04
5.3508825786303710e-04
4.7421381426014138e-04
4.1333566473428435e-04
3.5245380883345743e-04
2.9156824610663857e-04
2.3069070330273720e-04
1.6981265452013737e-04
1.0893089937462262e-04
4.8056556960814303e-05
-1.2821491363500872e-05
-7.3703246050133510e-05
-1.3458870755118961e-04
-1.9547787631694661e-04
-2.5633368691758735e-04
-3.1719320117303918e-04
-7.5547398244071883e-04
-6.9467730414899005e-04
-6.3388432186828499e-04
-5.7292120677324252e-04
-5.1196180795329564e-04
-4.5116510921783514e-04
-3.9037210649638685e-04
-3.2940901165238220e-04
-2.6853096285978762e-04
-2.0765661997743421e-04
-1.4677486529061020e-04
-8.5896816965623900e-05
-2.5022474552525482e-05
3.5859281051292119e-05
9.6737330291813816e-05
1.5761167362159236e-04
2.1848231149153812e-04
2.7934924435160733e-04
3.4024952497632439e-04
4.0114609698356323e-04
7.1577173822177194e-04
6.5492063656892433e-04
5.9406583183396863e-04
5.3320732356627637e-04
4.7234511131501931e-04
4.1140844131865278e-04
3.5046805781845135e-04
2.8965234373906249e-04
2.2877429496697706e-04
1.6789253983214459e-04
1.0701819740633609e-04
4.6140149069099772e-05
-1.4741605630730330e-05
-7.5615948935665072e-05
-1.3649399815153241e-04
-1.9737575373043181e-04
-2.5826121612266916e-04
-3.1915038578080268e-04
-3.8000619281544298e-04
-4.4086570350461624e-04
-6.7635190890822695e-04
-6.1548113853969260e-04
-5.5461407319627666e-04
-4.9375071242749064e-04
-4.3284699232099097e-04
-3.7194698125045281e-04
-3.1105067876629176e-04
-2.5021284598760938e-04
-1.8933479720426803e-04
-1.2846045433171708e-04
-6.7578699644934485e-05
-6.7006513201257197e-06
5.4173691094206972e-05
1.1505544669712661e-04
1.7593349593709727e-04
2.3680783926576744e-04
2.9767847713458358e-04
3.5854540999452264e-04
4.1944569062312234e-04
4.8034226263267128e-04
6.6113228077678804e-04
6.0025634421177428e-04
5.3937670154180462e-04
4.7849335231525550e-04
4.1762219776502742e-04
3.5674733769130805e-04
2.9586877164377066e-04
2.3498649917029303e-04
1.7410051981988782e-04
1.1321083314149973e-04
5.2353905073994732e-05
