0.0000000000000000e+00
0.0000000000000000e+00
0.0000000000000000e+00
0.0000000000000000e+00
0.0000000000000000e+00
0.0000000000000000e+00
0.0000000000000000e+00
0.0000000000000000e+00
7.8946304661977316e-04
1.6779261421039206e-03
2.5909497854949433e-03
2.5909497854949433e-03
2.5909497854949433e-03
2.5909497854949433e-03
2.5909497854949433e-03
2.5909497854949433e-03
2.5909497854949433e-03
2.5909497854949433e-03
2.5909497854949433e-03
2.5909497854949433e-03
2.5909497854949433e-03
2.5909497854949433e-03
2.5909497854949433e-03
2.5909497854949433e-03
2.5909497854949433e-03
2.6220456327897767e-03
3.2468591665501300e-03
4.0405535791085819e-03
4.9179470681040794e-03
5.8264255479234320e-03
6.7447072937568140e-03
6.7447072937568140e-03
6.7447072937568140e-03
6.7447072937568140e-03
6.7447072937568140e-03
6.7447072937568140e-03
6.7447072937568140e-03
6.7447072937568140e-03
6.7447072937568140e-03
6.7447072937568140e-03
6.7447072937568140e-03
6.7447072937568140e-03
6.7447072937568140e-03
6.7447072937568140e-03
6.7447072937568140e-03
6.7447072937568140e-03
6.7447072937568140e-03
6.9276741649361030e-03
7.5843097258362453e-03
8.3880835238666351e-03
9.2655485513457106e-03
9.2655485513457106e-03
9.2655485513457106e-03
9.2655485513457106e-03
9.2655485513457106e-03
9.2655485513457106e-03
9.2655485513457106e-03
9.2655485513457106e-03
9.2655485513457106e-03
9.2655485513457106e-03
9.2655485513457106e-03
9.2655485513457106e-03
9.2655485513457106e-03
9.2655485513457106e-03
9.2655485513457106e-03
9.2655485513457106e-03
9.2655485513457106e-03
9.2655485513457106e-03
9.3666421255451313e-03
1.0039201079462958e-02
1.0848557857716283e-02
1.0848557857716283e-02
1.0848557857716283e-02
1.0848557857716283e-02
1.0848557857716283e-02
1.0848557857716283e-02
1.0848557857716283e-02
1.0848557857716283e-02
1.0848557857716283e-02
1.0848557857716283e-02
1.0848557857716283e-02
1.0848557857716283e-02
1.0848557857716283e-02
1.0848557857716283e-02
1.0848557857716283e-02
1.0848557857716283e-02
1.0848557857716283e-02
1.0848557857716283e-02
1.0848557857716283e-02
1.1119652863348876e-02
1.1882571230510302e-02
1.1882571230510302e-02
1.1882571230510302e-02
1.1882571230510302e-02
1.1882571230510302e-02
1.1882571230510302e-02
1.1882571230510302e-02
1.1882571230510302e-02
1.1882571230510302e-02
1.1882571230510302e-02
1.1882571230510302e-02
1.1882571230510302e-02
1.1882571230510302e-02
1.1882571230510302e-02
1.1882571230510302e-02
1.1882571230510302e-02
1.1882571230510302e-02
1.1882571230510302e-02
1.1882571230510302e-02
1.1882571230510302e-02
1.2576667004608041e-02
1.2576667004608041e-02
1.2576667004608041e-02
1.2576667004608041e-02
1.2576667004608041e-02
1.2576667004608041e-02
1.2576667004608041e-02
1.2576667004608041e-02
1.2576667004608041e-02
1.2576667004608041e-02
1.2576667004608041e-02
1.2576667004608041e-02
1.2576667004608041e-02
1.2576667004608041e-02
1.2576667004608041e-02
1.2576667004608041e-02
1.2576667004608041e-02
1.2576667004608041e-02
1.2576667004608041e-02
1.2576667004608041e-02
1.3042800610883674e-02
1.3042800610883674e-02
1.3042800610883674e-02
1.3042800610883674e-02
1.3042800610883674e-02
1.3042800610883674e-02
1.3042800610883674e-02
1.3042800610883674e-02
1.3042800610883674e-02
1.3042800610883674e-02
1.3042800610883674e-02
1.3042800610883674e-02
1.3042800610883674e-02
1.3042800610883674e-02
1.3042800610883674e-02
1.3042800610883674e-02
1.3042800610883674e-02
1.3042800610883674e-02
1.3042800610883674e-02
1.3042800610883674e-02
1.3357884014051139e-02
1.3357884014051139e-02
1.3357884014051139e-02
1.3357884014051139e-02
1.3357884014051139e-02
1.3357884014051139e-02
1.3357884014051139e-02
1.3357884014051139e-02
1.3357884014051139e-02
1.3357884014051139e-02
1.3357884014051139e-02
1.3357884014051139e-02
1.3357884014051139e-02
1.3357884014051139e-02
1.3357884014051139e-02
1.3357884014051139e-02
1.3357884014051139e-02
1.3357884014051139e-02
1.3357884014051139e-02
1.3357884014051139e-02
1.3574910221646853e-02
1.3574910221646853e-02
1.3574910221646853e-02
1.3574910221646853e-02
1.3574910221646853e-02
1.3574910221646853e-02
1.3574910221646853e-02
1.3574910221646853e-02
1.3574910221646853e-02
1.3574910221646853e-02
1.3574910221646853e-02
1.3574910221646853e-02
1.3574910221646853e-02
1.3574910221646853e-02
1.3574910221646853e-02
1.3574910221646853e-02
1.3574910221646853e-02
1.3574910221646853e-02
1.3574910221646853e-02
1.3574910221646853e-02
1.3724462613871769e-02
1.3724462613871769e-02
1.3724462613871769e-02
1.3724462613871769e-02
1.3724462613871769e-02
1.3724462613871769e-02
1.3724462613871769e-02
1.3724462613871769e-02
1.3724462613871769e-02
1.3724462613871769e-02
1.3724462613871769e-02
