0.0000000000000000e+00
2.8439183290884689e+01
5.6884444270295489e+01
8.5327089416497103e+01
1.1376711966151827e+02
1.4220453596181093e+02
1.7065333281033935e+02
1.9909951160263896e+02
2.2368389139859329e+02
2.5031423881574850e+02
2.7767118085850274e+02
2.4965632437749306e+02
2.2174788884463499e+02
1.9399296011785958e+02
1.6648056455112658e+02
1.3933720718975349e+02
1.1283151601286937e+02
8.7547452528103037e+01
6.4935782130093486e+01
4.8853884296337434e+01
4.6632762242958982e+01
5.9837060256296567e+01
8.1269466719896684e+01
1.0604693576267087e+02
1.3230862477363874e+02
1.5814740812038036e+02
1.7410144318576369e+02
1.9697102639973232e+02
2.2299931450067368e+02
2.5013796065094570e+02
2.7762998895235148e+02
2.4962749970352246e+02
2.2173919728318714e+02
1.9401317797293444e+02
1.6652917811965887e+02
1.3940727884863639e+02
1.1295713607922811e+02
8.7763477035373384e+01
6.5291078903288451e+01
4.9412652165331032e+01
4.7309780994377462e+01
6.0435202936459689e+01
8.1762985336277339e+01
1.0646854265714535e+02
1.3267653141762602e+02
1.5964734289451658e+02
1.8706727815746555e+02
2.0952556071379433e+02
2.2843610614634107e+02
2.5229456753011843e+02
2.7851267310962226e+02
2.5033268700214654e+02
2.2221548010268799e+02
1.9418073714453539e+02
1.6628352145210144e+02
1.3862735361694251e+02
1.1136244032586339e+02
8.4856394358148066e+01
6.0158290448565289e+01
4.0685865708079049e+01
3.6188456760028373e+01
5.0811185450061870e+01
7.3975013113788734e+01
9.9899355064783308e+01
1.2690868224154877e+02
1.5443622173492085e+02
1.8224853039173610e+02
2.1023368295425178e+02
2.3589558106109024e+02
2.5579320170405683e+02
2.8000099503867500e+02
2.5166929180799266e+02
2.2336814091712318e+02
1.9510969343489185e+02
1.6691430263021817e+02
1.3879521794639979e+02
1.1086289976593089e+02
8.3278619633372315e+01
5.6544518625570916e+01
3.2825487660317911e+01
2.3992970406577392e+01
4.1127771871935479e+01
6.6526105186276268e+01
9.3689019308413137e+01
1.2143630603982541e+02
1.4944132290136548e+02
1.7759753026227403e+02
2.0583181699468543e+02
2.3411498239440169e+02
2.5833690215642901e+02
2.8116189879902436e+02
2.5277466335551941e+02
2.2439809657096515e+02
1.9603796927688646e+02
1.6770941820736152e+02
1.3942390644783316e+02
1.1122197610372547e+02
8.3181413034089601e+01
5.5548641950876949e+01
2.9505024771543656e+01
1.6526523508073137e+01
3.5967005703257307e+01
6.2708890923380338e+01
9.0489692848475158e+01
1.1858601761301472e+02
1.4681835283665214e+02
1.7512220528942257e+02
2.0346883005929828e+02
2.3181648355079483e+02
2.6018403709060226e+02
2.8224812741791646e+02
2.5382663201050721e+02
2.2541291571650694e+02
1.9700921099963671e+02
1.6860405612009498e+02
1.4021963306602973e+02
1.1186972533941420e+02
8.3586786093016471e+01
5.5469316394190024e+01
2.8011996391981285e+01
1.0483557903223542e+01
3.2450801646175499e+01
6.0114782574235711e+01
8.8278613546774352e+01
1.1657625372877294e+02
1.4492780581437538e+02
1.7330552676446291e+02
2.0169726677186989e+02
2.3012357835023124e+02
2.5855417159368341e+02
2.8265651252403364e+02
2.5423922719170213e+02
2.2582269763684923e+02
1.9739194444558919e+02
1.6896557561261682e+02
1.4057473035452281e+02
1.1220144828240640e+02
8.3848732233558394e+01
5.5607260659380131e+01
2.7776383452178791e+01
8.3091829355032338e+00
3.1374512003343561e+01
5.9312109268850833e+01
8.7571428821636218e+01
1.1592166710415771e+02
1.4431079695760303e+02
1.7272093557764634e+02
2.0114429240558613e+02
2.2955030572078243e+02
2.5796348782263766e+02
2.8330864882533530e+02
2.5487531831794257e+02
2.2644581907060450e+02
1.9802067366056116e+02
1.6960075545860514e+02
1.4114589741145048e+02
1.1270109574733159e+02
8.4321127778299783e+01
5.5954237611520803e+01
2.7744373876069645e+01
5.1268841805323113e+00
3.0014479879463142e+01
5.8249945468865057e+01
8.6624461290309952e+01
1.1503104634966746e+02
1.4344909542086933e+02
1.7187162491434356e+02
2.0029561503864181e+02
2.2874596800520266e+02
2.5719534631371710e+02
2.8349692318698470e+02
2.5505914718182922e+02
2.2661962537949827e+02
1.9817873171887695e+02
1.6974930961889743e+02
1.4132017364668818e+02
1.1289351378865683e+02
8.4473473160507126e+01
5.6082565782278500e+01
2.7794385706624318e+01
4.2411341425967120e+00
2.9685580340397188e+01
5.7988909616301171e+01
8.6379897950646651e+01
1.1479761974692008e+02
1.4322772204242065e+02
1.7166535512511842e+02
2.0010842541193202e+02
2.2852947153024860e+02
2.5695436014486592e+02
2.8388818134285600e+02
2.5544736125999606e+02
2.2700941491265897e+02
1.9857445248469730e+02
1.7012613190889027e+02
1.4168136034914443e+02
1.1324083832062584e+02
8.4806207001483358e+01
5.6382419123044571e+01
2.7994544340043042e+01
2.4152704955618667e+00
