0.0000000000000000e+00
1.4998545865614306e+01
2.9995500618872814e+01
4.4999999999644004e+01
6.0002907321180878e+01
7.5004222794042775e+01
9.0003946629889924e+01
1.0500207903990029e+02
1.1999862023537551e+02
1.3499357042721437e+02
1.4998692982661524e+02
1.3499418421271179e+02
1.1999984705073862e+02
1.0499999999943353e+02
8.9998562549996251e+01
7.4999999999234078e+01
5.9999844919499324e+01
4.4999999998346098e+01
2.9999999998903220e+01
1.4998408430382737e+01
-1.3160290479573678e-09
-1.4999999790605884e+01
-3.0001591148846568e+01
-4.5004774287485851e+01
-6.0009549417798958e+01
-7.5000000001625210e+01
-8.9992040887049598e+01
-1.0498567228539733e+02
-1.1998089440760323e+02
-1.3500000000214553e+02
-1.5002069970252487e+02
-1.3500582470225334e+02
-1.1999254282432202e+02
-1.0500000000097721e+02
-9.0009047965752558e+01
-7.5000000000958607e+01
-5.9992544174935169e+01
-4.5000000001447717e+01
-3.0000000001644651e+01
-1.5001591359839486e+01
-2.0959254356452797e-09
1.4999999786705789e+01
2.9998408217813843e+01
4.4995225502329475e+01
5.9990451851225686e+01
7.4999999998131102e+01
9.0007955519595328e+01
1.0501431862756944e+02
1.2001908953325496e+02
1.3499999999767650e+02
1.4997932163630904e+02
1.3499419054381451e+02
1.2000746964631196e+02
1.0499999999867100e+02
8.9990938208389139e+01
7.4999999999048015e+01
6.0007471006247037e+01
4.4999999999481176e+01
2.9999999998837385e+01
1.4998408429373903e+01
-1.2813710020203442e-09
-1.4999999789867237e+01
-3.0001591147366234e+01
-4.5004774284913367e+01
-6.0009549414374696e+01
-7.5000000001386226e+01
-8.9992040889901830e+01
-1.0498567229156842e+02
-1.1998089441665428e+02
-1.3500000000100073e+02
-1.5002069969198979e+02
-1.3500582470122944e+02
-1.1999254283327761e+02
-1.0499999999989600e+02
-9.0009047955051358e+01
-7.4999999999713580e+01
-5.9992544182955385e+01
-4.4999999999751424e+01
-2.9999999999719545e+01
-1.5001591357835858e+01
-7.0363538122119146e-11
1.4999999788559840e+01
2.9998408219579968e+01
4.4995225503749651e+01
5.9990451853003336e+01
7.4999999999809091e+01
9.0007955521149540e+01
1.0501431862904769e+02
1.2001908953448448e+02
1.3499999999984936e+02
1.4997932163935243e+02
1.3499419054593776e+02
1.2000746964743627e+02
1.0500000000065475e+02
8.9990938210682543e+01
7.5000000000455159e+01
6.0007471006556216e+01
4.5000000000504137e+01
3.0000000000248964e+01
1.4998408431011331e+01
4.9463879100305539e-10
-1.4999999788157480e+01
-3.0001591145824808e+01
-4.5004774283516248e+01
-6.0009549412922276e+01
-7.4999999999346969e+01
-8.9992040887761874e+01
-1.0498567228900060e+02
-1.1998089441394973e+02
-1.3499999999950739e+02
-1.5002069969124386e+02
-1.3500582469970789e+02
-1.1999254283035273e+02
-1.0499999999825077e+02
-9.0009047954534410e+01
-7.4999999998061085e+01
-5.9992544180684533e+01
-4.4999999998343512e+01
-2.9999999998807859e+01
-1.5001591356921979e+01
1.1198988743541681e-09
1.4999999790411611e+01
2.9998408221493619e+01
4.4995225505766136e+01
5.9990451855236671e+01
7.5000000001287248e+01
9.0007955522122941e+01
1.0501431862922706e+02
1.2001908953414755e+02
1.3500000000075968e+02
1.4997932164158263e+02
1.3499419054679854e+02
1.2000746964714459e+02
1.0500000000185531e+02
8.9990938213040522e+01
7.5000000001996298e+01
6.0007471007106510e+01
4.5000000001962846e+01
3.0000000001767923e+01
1.4998408432388683e+01
1.1992790214419247e-09
-1.4999999787611792e+01
-3.0001591144943184e+01
-4.5004774282798053e+01
-6.0009549412396979e+01
-7.4999999999078511e+01
-8.9992040887630324e+01
-1.0498567228930185e+02
-1.1998089441425360e+02
-1.3499999999956745e+02
-1.5002069969092079e+02
-1.3500582469984565e+02
-1.1999254283120004e+02
-1.0499999999823143e+02
-9.0009047953384652e+01
-7.4999999997856477e+01
-5.9992544180973582e+01
-4.4999999997610317e+01
-2.9999999997860289e+01
-1.5001591356000151e+01
1.8764925370094176e-09
1.4999999791104241e+01
2.9998408222195167e+01
4.4995225506765038e+01
5.9990451855687866e+01
7.5000000001696748e+01
9.0007955522693862e+01
1.0501431862968390e+02
1.2001908953468295e+02
1.3500000000129390e+02
1.4997932164255386e+02
1.3499419054758977e+02
1.2000746964764892e+02
1.0500000000261083e+02
8.9990938214064329e+01
7.5000000002711118e+01
6.0007471007478713e+01
4.5000000002668912e+01
3.0000000002497188e+01
1.4998408432929084e+01
2.1203820295292542e-09
-1.4999999785963603e+01
-3.0001591143589437e+01
-4.5004774281333312e+01
-6.0009549410906722e+01
-7.4999999997599744e+01
-8.9992040886127469e+01
-1.0498567228750886e+02
-1.1998089441289284e+02
-1.3499999999796094e+02
-1.5002069968897760e+02
-1.3500582469840000e+02
-1.1999254283005698e+02
-1.0499999999727468e+02
-9.0009047952137465e+01
-7.4999999996865824e+01
-5.9992544180227071e+01
-4.4999999996992464e+01
-2.9999999997235957e+01
-1.5001591355449470e+01
2.4476042248265698e-09
