0.0000000000000000e+00
6.2434736209908309e-05
1.2486557456709317e-04
1.8729251555838993e-04
2.4975609755950568e-04
3.1221577810568450e-04
3.7467155768317273e-04
4.3712343678099449e-04
4.9957141588422168e-04
5.6201549548077698e-04
6.2445567605820692e-04
6.8689195810281618e-04
7.4932434210160832e-04
8.1175282854103852e-04
8.7417741790855863e-04
9.3659811068939598e-04
1.0359460230564960e-03
1.2252413566782960e-03
1.4837301126571624e-03
1.7954387746712522e-03
2.1480855730868784e-03
2.5322231001553459e-03
2.9405841779298241e-03
3.3675787047461607e-03
3.8089066232539709e-03
4.2612602093950961e-03
4.5611631502142178e-03
4.7918957566339924e-03
4.9693748346801309e-03
5.1058975687416578e-03
5.2109152687293218e-03
5.2916982410871555e-03
5.3538390638136289e-03
5.4016397409521934e-03
5.4384095188097191e-03
5.4666939788315539e-03
5.4884512649570009e-03
5.5051876443363802e-03
5.5180617855377714e-03
5.5279649729813793e-03
5.5355828106034800e-03
5.5414426863645448e-03
5.5459502834981746e-03
5.5494176661419932e-03
5.5528850367636559e-03
5.5545337919092452e-03
5.5561825443369260e-03
5.5578312940459465e-03
5.5583967806541058e-03
5.5589622669427801e-03
5.5595277529112341e-03
5.5600932385603020e-03
5.5606587238903040e-03
5.5612242089001541e-03
5.5617896935900874e-03
5.5613865043194887e-03
5.5615097736541209e-03
5.5616330429734788e-03
5.5617563122777368e-03
5.5618795815667371e-03
5.5620028508404197e-03
5.5621261200996903e-03
5.5622493893435166e-03
5.5623726585718155e-03
5.5624959277849571e-03
5.5626191969830692e-03
5.5627424661659156e-03
5.5628657353335121e-03
5.5629890044863973e-03
5.5631122736239606e-03
5.5632355427471230e-03
5.5633588118537631e-03
5.5634820809450898e-03
5.5631589228506747e-03
5.5628357646523392e-03
5.5631589226612706e-03
5.5634820805666729e-03
5.5631887680112945e-03
5.5628954553708062e-03
5.5631887679149566e-03
5.5634820803738046e-03
5.5631969103665932e-03
5.5629117402781324e-03
5.5631969102936428e-03
5.5634820802284678e-03
5.5631991317247383e-03
5.5629161831403017e-03
5.5631991316592369e-03
5.5634820800978041e-03
5.5631997377076740e-03
5.5629173952375221e-03
5.5631997376434737e-03
5.5634820799707382e-03
5.5631999029797097e-03
5.5629177259092109e-03
5.5631999029156021e-03
5.5634820798431813e-03
5.5631999480158702e-03
5.5629178161094991e-03
5.5631999479527775e-03
5.5634820797167981e-03
5.5631999602501463e-03
5.5629178407041457e-03
5.5631999601867231e-03
5.5634820795895717e-03
5.5631999635343187e-03
5.5629178473998158e-03
5.5631999634707776e-03
5.5634820794629386e-03
5.5631999643769268e-03
5.5629178492124813e-03
5.5631999643153320e-03
5.5634820793383508e-03
5.5631999645560700e-03
5.5629178496947708e-03
5.5631999644928827e-03
5.5634820792124133e-03
5.5631999645572808e-03
5.5629178498222747e-03
5.5631999644936824e-03
5.5634820790860231e-03
5.5631999645564039e-03
5.5629178499473197e-03
5.5631999644931047e-03
5.5634820789583605e-03
5.5631999645555548e-03
5.5007566920867879e-03
5.4383095202112331e-03
5.3758584484431176e-03
5.3134034762951469e-03
5.2509446032800930e-03
5.1884818289105947e-03
5.1260151526989640e-03
5.0636877697222511e-03
5.0013565018006759e-03
4.9388097209221733e-03
4.8763706965580175e-03
4.8139277733186114e-03
4.7514809507177326e-03
4.6890302282668718e-03
4.6265756054805485e-03
4.5641170818707024e-03
4.5017365502218014e-03
4.4392975258345947e-03
4.3768546025710082e-03
4.3144077799463316e-03
4.2519570574724302e-03
4.1895414282749170e-03
4.1271024038859877e-03
4.0646594806218834e-03
4.0022243551056181e-03
4.0022243551060604e-03
4.0022243551056389e-03
4.0022243551058583e-03
4.0022243551060491e-03
4.0022243551058687e-03
4.0022243551055383e-03
4.0022243551060483e-03
4.0022243551055669e-03
4.0022243551048851e-03
4.0022243551052668e-03
4.0022243551058071e-03
4.0022243551056068e-03
4.0022243551058557e-03
4.0022243551061168e-03
4.0022243551052824e-03
4.0022243551048201e-03
4.0022243551052833e-03
4.0022243551046301e-03
4.0022243551042589e-03
4.0022243551039683e-03
4.0022243551042589e-03
4.0022243551042988e-03
4.0022243551043109e-03
4.0022243551038599e-03
4.0022243551032953e-03
4.0022243551031348e-03
4.0022243551024132e-03
4.0022243551020307e-03
4.0022243551015675e-03
4.0022243551015675e-03
4.0022243551013767e-03
4.0022243551009360e-03
4.0022243551012778e-03
4.0022243551012674e-03
4.0022243551011564e-03
4.0022243551006541e-03
4.0022243551003540e-03
4.0022243551004460e-03
4.0022243551006663e-03
4.0022243551011971e-03
4.0022243551008849e-03
4.0022243551005050e-03
4.0022243551005744e-03
4.0022243551005848e-03
4.0022243551003549e-03
4.0022243551000947e-03
4.0022243550995222e-03
4.0022243550989628e-03
4.0022243550986904e-03
4.0022243550974267e-03
4.0022243550979593e-03
4.0022243550980816e-03
4.0022243550979306e-03
4.0022243550981102e-03
4.0022243550979983e-03
4.0022243550980798e-03
4.0022243550988917e-03
4.0022243550992924e-03
4.0022243550990608e-03
4.0022243550987486e-03
4.0022243550987078e-03
4.0022243550988301e-03
4.0022243550982385e-03
4.0022243550988414e-03
4.0022243550986185e-03
4.0022243550984172e-03
4.0022243550991302e-03
4.0022243550987885e-03
4.0022243550987893e-03
4.0022243550989385e-03
4.0022243550996419e-03
4.0022243550994806e-03
4.0022243550993297e-03
4.0022243550990686e-03
4.0022243550980954e-03
4.0022243550983669e-03
4.0022243550978760e-03
4.0022243550976635e-03
4.0022243550985560e-03
4.0022243550987173e-03
4.0022243550988674e-03
4.0022243550991285e-03
4.0022243550991285e-03
4.0022243550990183e-03
4.0022243550989489e-03
4.0022243550989073e-03
4.0022243550984554e-03
4.0022243550980035e-03
4.0022243550979636e-03
4.0022243550980035e-03
4.0022243550976236e-03
4.0022243550976938e-03
4.0022243550987963e-03
4.0022243550975932e-03
4.0022243550975820e-03
4.0022243550974319e-03
4.0022243550970312e-03
4.0022243550971708e-03
4.0022243550967302e-03
4.0022243550966608e-03
3.9397810418995557e-03
3.8773338292917227e-03
3.8149072819282691e-03
3.7524768372474817e-03
3.6900424947627288e-03
3.6276042539876087e-03
3.5651621144358035e-03
3.5027160756188232e-03
3.4402661370506048e-03
3.3778122982442817e-03
3.3153545587115297e-03
3.2529560624152153e-03
3.1905536723020201e-03
3.1280780136347807e-03
3.0655984515159324e-03
3.0031999648535480e-03
2.9407975843761753e-03
2.8783913095990887e-03
2.8158828916850049e-03
2.7533705662247977e-03
2.6910048429040542e-03
2.6286352298573738e-03
2.5661267941257410e-03
2.5036144508454416e-03
2.4412487453430469e-03
2.4412487450470016e-03
2.4412487447512225e-03
2.4412487444551820e-03
2.4412487441597438e-03
2.4412487438640138e-03
2.4412487435678887e-03
2.4412487432721244e-03
2.4412487429764439e-03
2.4412487426801817e-03
2.4412487423839712e-03
2.4412487420888444e-03
2.4412487417932553e-03
2.4412487414973340e-03
2.4412487412014830e-03
2.4412487409056841e-03
2.4412487406097333e-03
2.4412487403140037e-03
2.4412487400182034e-03
2.4412487397212791e-03
2.4412487394253283e-03
2.4412487391294257e-03
2.4412487388337277e-03
2.4412487385374244e-03
2.4412487382414146e-03
2.4412487379460168e-03
2.4412487376502981e-03
2.4412487373547446e-03
2.4412487370593025e-03
2.4412487367628079e-03
2.4412487364662639e-03
2.4412487361705750e-03
2.4412487358749083e-03
2.4412487355797820e-03
2.4412487352835415e-03
2.4412487349879624e-03
2.4412487346925950e-03
2.4412487343973277e-03
2.4412487341016849e-03
2.4412487338058100e-03
2.4412487335100140e-03
2.4412487332153153e-03
2.4412487329195055e-03
2.4412487326237568e-03
2.4412487323279865e-03
2.4412487320322270e-03
2.4412487317359058e-03
2.4412487314398033e-03
2.4412487311437866e-03
2.4412487308478913e-03
2.4412487305520659e-03
2.4412487302565532e-03
2.4412487299614177e-03
2.4412487296662615e-03
2.4412487293706238e-03
2.4412487290745516e-03
2.4412487287789040e-03
2.4412487284834819e-03
2.4412487281882107e-03
2.4412487278921537e-03
2.4412487275960663e-03
2.4412487272997070e-03
2.4412487270044345e-03
2.4412487267083931e-03
2.4412487264129454e-03
2.4412487261171751e-03
2.4412487258213354e-03
2.4412487255254913e-03
2.4412487252296047e-03
2.4412487249340521e-03
2.4412487246382674e-03
2.4412487243428548e-03
2.4412487240471213e-03
2.4412487237519594e-03
2.4412487234563144e-03
2.4412487231606148e-03
2.4412487228642863e-03
2.4412487225673844e-03
2.4412487222720712e-03
2.4412487219770415e-03
2.4412487216809655e-03
2.4412487213851409e-03
2.4412487210889833e-03
2.4412487207935308e-03
2.4412487204975080e-03
2.4412487202016692e-03
2.4412487199051850e-03
2.4412487196102113e-03
2.4412487193143945e-03
2.4412487190188618e-03
2.4412487187229367e-03
2.4412487184263857e-03
2.4412487181305217e-03
2.4412487178343931e-03
2.4412487175388717e-03
2.4412487172434626e-03
2.4412487169475331e-03
2.4412487166509773e-03
2.4412487163553284e-03
2.4412487160593577e-03
2.4412487157638861e-03
2.5036834815531559e-03
2.5661143494868652e-03
2.6285413200494469e-03
2.6909643937291323e-03
2.7533835710116987e-03
2.8157988523833119e-03
2.8782102383319253e-03
2.9407609404516087e-03
3.0033077302249532e-03
3.0656389892119444e-03
3.1280780136283496e-03
3.1905131396564200e-03
3.2529443677828565e-03
3.3153716984944777e-03
3.3777951322781219e-03
3.4402146696193292e-03
3.5027121599766008e-03
3.5651511843695213e-03
3.6275863103741673e-03
3.6900175384772943e-03
3.7524448691656437e-03
3.8149072819320313e-03
3.8773463063229733e-03
3.9397814323255996e-03
4.0022243551042364e-03
4.0022243551046371e-03
4.0022243551044853e-03
4.0022243551043760e-03
4.0022243551047455e-03
4.0022243551040343e-03
4.0022243551039024e-03
4.0022243551041106e-03
4.0022243551033490e-03
4.0022243551031166e-03
4.0022243551032857e-03
4.0022243551036162e-03
4.0022243551036873e-03
4.0022243551040577e-03
4.0022243551044168e-03
4.0022243551041461e-03
4.0022243551044081e-03
4.0022243551049285e-03
4.0022243551052598e-03
4.0022243551050673e-03
4.0022243551041904e-03
4.0022243551040984e-03
4.0022243551046388e-03
4.0022243551042684e-03
4.0022243551036960e-03
4.0022243551040048e-03
4.0022243551044862e-03
4.0022243551041444e-03
4.0022243551041730e-03
4.0022243551033204e-03
4.0022243551028390e-03
4.0022243551033187e-03
4.0022243551030975e-03
4.0022243551032068e-03
4.0022243551033863e-03
4.0022243551037853e-03
4.0022243551041878e-03
4.0022243551042511e-03
4.0022243551037593e-03
4.0022243551036387e-03
4.0022243551032961e-03
4.0022243551031053e-03
4.0022243551028356e-03
4.0022243551030966e-03
4.0022243551024851e-03
4.0022243551019162e-03
4.0022243551013437e-03
4.0022243551005813e-03
4.0022243551004590e-03
4.0022243551003280e-03
4.0022243551003185e-03
4.0022243551001259e-03
4.0022243551004477e-03
4.0022243551000661e-03
4.0022243551004070e-03
4.0022243551004356e-03
4.0022243551003965e-03
4.0022243551008753e-03
4.0022243551012361e-03
4.0022243551014166e-03
4.0022243551006238e-03
4.0022243551000314e-03
4.0022243550996896e-03
4.0022243550997313e-03
4.0022243551000210e-03
4.0022243551002135e-03
4.0022243550998544e-03
4.0022243550998822e-03
4.0022243551001433e-03
4.0022243550999238e-03
4.0022243550993800e-03
4.0022243550991501e-03
4.0022243550987980e-03
4.0022243550983036e-03
4.0022243550987052e-03
4.0022243550986956e-03
4.0022243550980122e-03
4.0022243550975611e-03
4.0022243550977008e-03
4.0022243550969757e-03
4.0022243550977086e-03
4.0022243550970182e-03
4.0022243550964951e-03
4.0022243550969254e-03
4.0022243550977494e-03
4.0022243550978604e-03
4.0022243550981284e-03
4.0022243550972853e-03
4.0022243550967423e-03
4.0022243550973443e-03
4.0022243550975525e-03
4.0022243550974718e-03
4.0022243550979818e-03
4.0022243550982715e-03
4.0022243550981830e-03
4.0022243550986740e-03
4.0022243550981527e-03
4.0022243550977320e-03
4.0022243550981015e-03
4.0022243550979124e-03
4.0022243550977797e-03
