0.0000000000000000e+00
-1.8731181017502055e-05
-3.7462712898250044e-05
-5.6194595655703680e-05
-7.4926829267553830e-05
-9.3659413782510472e-05
-1.1239234921465896e-04
-1.3112563557547664e-04
-1.4985927287937168e-04
-1.6859326113920523e-04
-1.8732760036712355e-04
-2.0606229057727231e-04
-2.2479733178303271e-04
-2.4353272399635980e-04
-2.6226846723149293e-04
-2.8100456150125571e-04
-3.1816875573245889e-04
-4.0033169349134641e-04
-5.1708675686211632e-04
-6.6045239036963816e-04
-8.2428745655079461e-04
-1.0038681025498787e-03
-1.1955606514123332e-03
-1.3965700002633993e-03
-1.6047460896371143e-03
-1.8184350392841905e-03
-1.9683957752421721e-03
-2.0837549399606511e-03
-2.1724935894575055e-03
-2.2407544281357952e-03
-2.2932629655881228e-03
-2.3336542667823116e-03
-2.3647245686653864e-03
-2.3886248424428219e-03
-2.4070096930288109e-03
-2.4211519003508155e-03
-2.4320305299869440e-03
-2.4403987117317437e-03
-2.4468357776308673e-03
-2.4517873685710374e-03
-2.4555962857356348e-03
-2.4585262226419621e-03
-2.4607800206325773e-03
-2.4625137116137705e-03
-2.4642474056004796e-03
-2.4650717755137466e-03
-2.4658961461063583e-03
-2.4667205173788684e-03
-2.4670032689110603e-03
-2.4672860205237832e-03
-2.4675687722156992e-03
-2.4678515239883909e-03
-2.4681342758398252e-03
-2.4684170277718236e-03
-2.4686997797837484e-03
-2.4684981306358927e-03
-2.4685597650425631e-03
-2.4686213994526513e-03
-2.4686830338669918e-03
-2.4687446682845576e-03
-2.4688063027062243e-03
-2.4688679371314948e-03
-2.4689295715612145e-03
-2.4689912059940996e-03
-2.4690528404305231e-03
-2.4691144748715185e-03
-2.4691761093157049e-03
-2.4692377437638083e-03
-2.4692993782151106e-03
-2.4693610126707167e-03
-2.4694226471297614e-03
-2.4694842815936391e-03
-2.4695459160609971e-03
-2.4693843396261391e-03
-2.4692227632164901e-03
-2.4693843396311204e-03
-2.4695459160722862e-03
-2.4693992622110421e-03
-2.4692526083713562e-03
-2.4693992622134009e-03
-2.4695459160766855e-03
-2.4694033333893420e-03
-2.4692607507224205e-03
-2.4694033333917459e-03
-2.4695459160809299e-03
-2.4694044440694098e-03
-2.4692629720782368e-03
-2.4694044440712864e-03
-2.4695459160838191e-03
-2.4694047470599327e-03
-2.4692635780561639e-03
-2.4694047470610672e-03
-2.4695459160854233e-03
-2.4694048296961587e-03
-2.4692637433257726e-03
-2.4694048296979858e-03
-2.4695459160899115e-03
-2.4694048522148696e-03
-2.4692637883599717e-03
-2.4694048522170297e-03
-2.4695459160941277e-03
-2.4694048583316541e-03
-2.4692638005902106e-03
-2.4694048583337493e-03
-2.4695459160981748e-03
-2.4694048599749759e-03
-2.4692638038717133e-03
-2.4694048599766638e-03
-2.4695459161015406e-03
-2.4694048603965159e-03
-2.4692638047114639e-03
-2.4694048603981335e-03
-2.4695459161050751e-03
-2.4694048604852418e-03
-2.4692638048845229e-03
-2.4694048604862323e-03
-2.4695459161084674e-03
-2.4694048604839785e-03
-2.4692638048801063e-03
-2.4694048604859699e-03
-2.4695459161115769e-03
-2.4694048604847925e-03
-2.4692638048770242e-03
-2.4694048604856234e-03
-2.4695459161153802e-03
-2.4694048604844330e-03
-2.4506726285930362e-03
-2.4319407475919303e-03
-2.4132092174677616e-03
-2.3944780382071026e-03
-2.3757472097967972e-03
-2.3570167322238952e-03
-2.3382866054755666e-03
-2.3195512019327006e-03
-2.3008161493984478e-03
-2.2820877872878663e-03
-2.2633560799845080e-03
-2.2446247235517200e-03
-2.2258937179760554e-03
-2.2071630632451065e-03
-2.1884327593439104e-03
-2.1697028062614065e-03
-2.1509658360853341e-03
-2.1322341287695768e-03
-2.1135027723245669e-03
-2.0947717667361360e-03
-2.0760411119912147e-03
-2.0573072995012896e-03
-2.0385755921842135e-03
-2.0198442357378596e-03
-2.0011121775509225e-03
-2.0011121775508137e-03
-2.0011121775508375e-03
-2.0011121775506263e-03
-2.0011121775508774e-03
-2.0011121775507894e-03
-2.0011121775505743e-03
-2.0011121775504177e-03
-2.0011121775507447e-03
-2.0011121775508258e-03
-2.0011121775516112e-03
-2.0011121775518198e-03
-2.0011121775524608e-03
-2.0011121775523888e-03
-2.0011121775524352e-03
-2.0011121775532692e-03
-2.0011121775539683e-03
-2.0011121775539821e-03
-2.0011121775543499e-03
-2.0011121775543924e-03
-2.0011121775545294e-03
-2.0011121775550390e-03
-2.0011121775545533e-03
-2.0011121775542653e-03
-2.0011121775548556e-03
-2.0011121775555417e-03
-2.0011121775557797e-03
-2.0011121775566640e-03
-2.0011121775574264e-03
-2.0011121775566371e-03
-2.0011121775570127e-03
-2.0011121775575357e-03
-2.0011121775578458e-03
-2.0011121775579698e-03
-2.0011121775586260e-03
-2.0011121775585297e-03
-2.0011121775587990e-03
-2.0011121775587149e-03
-2.0011121775594261e-03
-2.0011121775591876e-03
-2.0011121775588142e-03
-2.0011121775587314e-03
-2.0011121775589166e-03
-2.0011121775592206e-03
-2.0011121775591802e-03
-2.0011121775591525e-03
-2.0011121775596538e-03
-2.0011121775602462e-03
-2.0011121775605411e-03
-2.0011121775607992e-03
-2.0011121775615199e-03
-2.0011121775621163e-03
-2.0011121775617745e-03
-2.0011121775623292e-03
-2.0011121775626492e-03
-2.0011121775627585e-03
-2.0011121775639321e-03
-2.0011121775638271e-03
-2.0011121775637361e-03
-2.0011121775637122e-03
-2.0011121775642335e-03
-2.0011121775652912e-03
-2.0011121775656126e-03
-2.0011121775655718e-03
-2.0011121775656469e-03
-2.0011121775661733e-03
-2.0011121775664730e-03
-2.0011121775665845e-03
-2.0011121775669245e-03
-2.0011121775674670e-03
-2.0011121775675841e-03
-2.0011121775678005e-03
-2.0011121775686744e-03
-2.0011121775687047e-03
-2.0011121775690799e-03
-2.0011121775689975e-03
-2.0011121775688908e-03
-2.0011121775694416e-03
-2.0011121775693960e-03
-2.0011121775700648e-03
-2.0011121775701216e-03
-2.0011121775706255e-03
-2.0011121775703974e-03
-2.0011121775707959e-03
-2.0011121775713502e-03
-2.0011121775713966e-03
-2.0011121775714048e-03
-2.0011121775715310e-03
-2.0011121775720215e-03
-2.0011121775723147e-03
-2.0011121775729483e-03
-2.0011121775732918e-03
-2.0011121775735862e-03
-2.0011121775734548e-03
-2.0011121775746214e-03
-2.0011121775747576e-03
-2.0011121775750660e-03
-2.0011121775759953e-03
-2.0011121775759121e-03
-2.0011121775760895e-03
-2.0011121775762026e-03
-1.9823799439039036e-03
-1.9636480611221053e-03
-1.9449170555999923e-03
-1.9261864009222924e-03
-1.9074560970751076e-03
-1.8887261440463932e-03
-1.8699965418211254e-03
-1.8512672903879309e-03
-1.8325383897328270e-03
-1.8138098398429131e-03
-1.7950816407054052e-03
-1.7763316897440864e-03
-1.7575820903366543e-03
-1.7388682751092030e-03
-1.7201548100824328e-03
-1.7014048604739869e-03
-1.6826552624199995e-03
-1.6639060159066371e-03
-1.6452097385207907e-03
-1.6265138106792911e-03
-1.6077463238757387e-03
-1.5889791892840083e-03
-1.5702829092446825e-03
-1.5515869787488955e-03
-1.5328194946071334e-03
-1.5328194946342491e-03
-1.5328194946616898e-03
-1.5328194946888501e-03
-1.5328194947166534e-03
-1.5328194947448108e-03
-1.5328194947722413e-03
-1.5328194947997755e-03
-1.5328194948274559e-03
-1.5328194948555569e-03
-1.5328194948835069e-03
-1.5328194949109034e-03
-1.5328194949381069e-03
-1.5328194949660967e-03
-1.5328194949936786e-03
-1.5328194950211041e-03
-1.5328194950491702e-03
-1.5328194950773441e-03
-1.5328194951044879e-03
-1.5328194951330408e-03
-1.5328194951603239e-03
-1.5328194951888478e-03
-1.5328194952164123e-03
-1.5328194952440588e-03
-1.5328194952713560e-03
-1.5328194952994845e-03
-1.5328194953272939e-03
-1.5328194953548586e-03
-1.5328194953825687e-03
-1.5328194954104958e-03
-1.5328194954388960e-03
-1.5328194954664660e-03
-1.5328194954939063e-03
-1.5328194955213583e-03
-1.5328194955493706e-03
-1.5328194955771990e-03
-1.5328194956052365e-03
-1.5328194956321086e-03
-1.5328194956604898e-03
-1.5328194956883241e-03
-1.5328194957160892e-03
-1.5328194957435297e-03
-1.5328194957718064e-03
-1.5328194957991202e-03
-1.5328194958270150e-03
-1.5328194958549601e-03
-1.5328194958832962e-03
-1.5328194959114807e-03
-1.5328194959394097e-03
-1.5328194959668075e-03
-1.5328194959941125e-03
-1.5328194960220350e-03
-1.5328194960484006e-03
-1.5328194960757668e-03
-1.5328194961033083e-03
-1.5328194961311975e-03
-1.5328194961589893e-03
-1.5328194961857710e-03
-1.5328194962134652e-03
-1.5328194962414795e-03
-1.5328194962695894e-03
-1.5328194962976787e-03
-1.5328194963250045e-03
-1.5328194963527429e-03
-1.5328194963805518e-03
-1.5328194964082599e-03
-1.5328194964358151e-03
-1.5328194964633647e-03
-1.5328194964911699e-03
-1.5328194965192384e-03
-1.5328194965467299e-03
-1.5328194965744050e-03
-1.5328194966017193e-03
-1.5328194966293725e-03
-1.5328194966569119e-03
-1.5328194966851519e-03
-1.5328194967137662e-03
-1.5328194967416436e-03
-1.5328194967694979e-03
-1.5328194967969737e-03
-1.5328194968248867e-03
-1.5328194968528745e-03
-1.5328194968805098e-03
-1.5328194969084041e-03
-1.5328194969362237e-03
-1.5328194969632769e-03
-1.5328194969913755e-03
-1.5328194970183672e-03
-1.5328194970464371e-03
-1.5328194970740206e-03
-1.5328194971019791e-03
-1.5328194971299018e-03
-1.5328194971577372e-03
-1.5328194971854035e-03
-1.5328194972133247e-03
-1.5328194972412867e-03
-1.5328194972692155e-03
-1.5328194972968174e-03
-1.5328194973244409e-03
-1.5328194973528763e-03
-1.5328194973799236e-03
-1.5515506756468057e-03
-1.5702822047772870e-03
-1.5890140847848538e-03
-1.6077463156817960e-03
-1.6264788974819609e-03
-1.6452118301988139e-03
-1.6639451138443515e-03
-1.6826731531586791e-03
-1.7014015432205254e-03
-1.7201365677830620e-03
-1.7388682751138982e-03
-1.7576003333282574e-03
-1.7763327424391981e-03
-1.7950655024598363e-03
-1.8137986134029800e-03
-1.8325320752823693e-03
-1.8512585190188086e-03
-1.8699902263375496e-03
-1.8887222845395749e-03
-1.9074546936380947e-03
-1.9261874536465431e-03
-1.9449170556065860e-03
-1.9636487629248033e-03
-1.9823808211257058e-03
-2.0011121775582548e-03
-2.0011121775585570e-03
-2.0011121775584707e-03
-2.0011121775587570e-03
-2.0011121775581203e-03
-2.0011121775580635e-03
-2.0011121775582561e-03
-2.0011121775583276e-03
-2.0011121775590683e-03
-2.0011121775599027e-03
-2.0011121775596126e-03
-2.0011121775597336e-03
-2.0011121775594968e-03
-2.0011121775592574e-03
-2.0011121775585679e-03
-2.0011121775586707e-03
-2.0011121775587479e-03
-2.0011121775579538e-03
-2.0011121775579946e-03
-2.0011121775580631e-03
-2.0011121775581541e-03
-2.0011121775585275e-03
-2.0011121775580917e-03
-2.0011121775582010e-03
-2.0011121775586676e-03
-2.0011121775590701e-03
-2.0011121775580878e-03
-2.0011121775588940e-03
-2.0011121775590571e-03
-2.0011121775594834e-03
-2.0011121775598329e-03
-2.0011121775592687e-03
-2.0011121775592904e-03
-2.0011121775595016e-03
-2.0011121775591638e-03
-2.0011121775583155e-03
-2.0011121775584065e-03
-2.0011121775583614e-03
-2.0011121775584751e-03
-2.0011121775586451e-03
-2.0011121775589799e-03
-2.0011121775592232e-03
-2.0011121775588697e-03
-2.0011121775590822e-03
-2.0011121775593134e-03
-2.0011121775589912e-03
-2.0011121775591473e-03
-2.0011121775592808e-03
-2.0011121775593992e-03
-2.0011121775594604e-03
-2.0011121775600329e-03
-2.0011121775599604e-03
-2.0011121775602046e-03
-2.0011121775604847e-03
-2.0011121775603598e-03
-2.0011121775601933e-03
-2.0011121775607172e-03
-2.0011121775611544e-03
-2.0011121775614397e-03
-2.0011121775615464e-03
-2.0011121775619402e-03
-2.0011121775623049e-03
-2.0011121775625634e-03
-2.0011121775631328e-03
-2.0011121775625942e-03
-2.0011121775631129e-03
-2.0011121775636064e-03
-2.0011121775637022e-03
-2.0011121775638393e-03
-2.0011121775638414e-03
-2.0011121775637308e-03
-2.0011121775641719e-03
-2.0011121775643341e-03
-2.0011121775645770e-03
-2.0011121775646949e-03
-2.0011121775642977e-03
-2.0011121775642565e-03
-2.0011121775645640e-03
-2.0011121775643783e-03
-2.0011121775650566e-03
-2.0011121775647539e-03
-2.0011121775652669e-03
-2.0011121775655714e-03
-2.0011121775657271e-03
-2.0011121775656551e-03
-2.0011121775653112e-03
-2.0011121775660268e-03
-2.0011121775667185e-03
-2.0011121775668468e-03
-2.0011121775665567e-03
-2.0011121775666196e-03
-2.0011121775665819e-03
-2.0011121775663520e-03
-2.0011121775661170e-03
-2.0011121775661473e-03
-2.0011121775661525e-03
-2.0011121775665524e-03
-2.0011121775665749e-03
-2.0011121775663334e-03
-2.0011121775661963e-03
-2.0011121775664492e-03
