0.0000000000000000e+00
-1.8731181017541764e-05
-3.7462712898633153e-05
-5.6194595656271904e-05
-7.4926829267682471e-05
-9.3659413781922455e-05
-1.1239234921359287e-04
-1.3112563557327847e-04
-1.4985927287640674e-04
-1.6859326113475231e-04
-1.8732760036260999e-04
-2.0606229057240283e-04
-2.2479733177715338e-04
-2.4353272399053484e-04
-2.6226846722516943e-04
-2.8100456149402251e-04
-3.1816875573114983e-04
-4.0033169349033620e-04
-5.1708675686124982e-04
-6.6045239036951954e-04
-8.2428745655090921e-04
-1.0038681025503033e-03
-1.1955606514128391e-03
-1.3965700002638852e-03
-1.6047460896378093e-03
-1.8184350392849609e-03
-1.9683957752428720e-03
-2.0837549399613251e-03
-2.1724935894583972e-03
-2.2407544281367415e-03
-2.2932629655880313e-03
-2.3336542667834865e-03
-2.3647245686670404e-03
-2.3886248424444404e-03
-2.4070096930307676e-03
-2.4211519003519027e-03
-2.4320305299882681e-03
-2.4403987117330682e-03
-2.4468357776322959e-03
-2.4517873685723389e-03
-2.4555962857368174e-03
-2.4585262226430155e-03
-2.4607800206338697e-03
-2.4625137116148963e-03
-2.4642474056010841e-03
-2.4650717755147953e-03
-2.4658961461072621e-03
-2.4667205173801963e-03
-2.4670032689118231e-03
-2.4672860205233859e-03
-2.4675687722147928e-03
-2.4678515239863904e-03
-2.4681342758379517e-03
-2.4684170277693420e-03
-2.4686997797809685e-03
-2.4684981306364239e-03
-2.4685597650432505e-03
-2.4686213994541562e-03
-2.4686830338689052e-03
-2.4687446682864146e-03
-2.4688063027090571e-03
-2.4688679371351763e-03
-2.4689295715648370e-03
-2.4689912059987669e-03
-2.4690528404355213e-03
-2.4691144748761550e-03
-2.4691761093208449e-03
-2.4692377437696591e-03
-2.4692993782223826e-03
-2.4693610126782098e-03
-2.4694226471379402e-03
-2.4694842816019484e-03
-2.4695459160696039e-03
-2.4693843396276561e-03
-2.4692227632119568e-03
-2.4693843396326395e-03
-2.4695459160796870e-03
-2.4693992622124425e-03
-2.4692526083670984e-03
-2.4693992622152180e-03
-2.4695459160844744e-03
-2.4694033333920013e-03
-2.4692607507204303e-03
-2.4694033333946298e-03
-2.4695459160889912e-03
-2.4694044440721459e-03
-2.4692629720760037e-03
-2.4694044440739665e-03
-2.4695459160920504e-03
-2.4694047470630830e-03
-2.4692635780548017e-03
-2.4694047470647101e-03
-2.4695459160944204e-03
-2.4694048296992235e-03
-2.4692637433236823e-03
-2.4694048297008017e-03
-2.4695459160977650e-03
-2.4694048522173676e-03
-2.4692637883565222e-03
-2.4694048522190299e-03
-2.4695459161015224e-03
-2.4694048583344106e-03
-2.4692638005874351e-03
-2.4694048583361744e-03
-2.4695459161051549e-03
-2.4694048599765012e-03
-2.4692638038678058e-03
-2.4694048599781812e-03
-2.4695459161089353e-03
-2.4694048603979570e-03
-2.4692638047071024e-03
-2.4694048603991301e-03
-2.4695459161108452e-03
-2.4694048604860758e-03
-2.4692638048807191e-03
-2.4694048604876578e-03
-2.4695459161144804e-03
-2.4694048604850922e-03
-2.4692638048760974e-03
-2.4694048604861213e-03
-2.4695459161165729e-03
-2.4694048604847001e-03
-2.4692638048735621e-03
-2.4694048604875290e-03
-2.4695459161218252e-03
-2.4694048604862553e-03
-2.4506726285948364e-03
-2.4319407475943372e-03
-2.4132092174704075e-03
-2.3944780382097312e-03
-2.3757472098000880e-03
-2.3570167322272463e-03
-2.3382866054784740e-03
-2.3195512019339014e-03
-2.3008161493980684e-03
-2.2820877872886517e-03
-2.2633560799859764e-03
-2.2446247235532106e-03
-2.2258937179771504e-03
-2.2071630632454365e-03
-2.1884327593442525e-03
-2.1697028062602659e-03
-2.1509658360843484e-03
-2.1322341287696514e-03
-2.1135027723249550e-03
-2.0947717667376322e-03
-2.0760411119941091e-03
-2.0573072995019098e-03
-2.0385755921861638e-03
-2.0198442357403442e-03
-2.0011121775521234e-03
-2.0011121775520683e-03
-2.0011121775520709e-03
-2.0011121775520974e-03
-2.0011121775521264e-03
-2.0011121775519434e-03
-2.0011121775524890e-03
-2.0011121775524226e-03
-2.0011121775525545e-03
-2.0011121775530476e-03
-2.0011121775524530e-03
-2.0011121775527756e-03
-2.0011121775528867e-03
-2.0011121775527375e-03
-2.0011121775533646e-03
-2.0011121775535125e-03
-2.0011121775536976e-03
-2.0011121775535029e-03
-2.0011121775541253e-03
-2.0011121775543937e-03
-2.0011121775543642e-03
-2.0011121775543512e-03
-2.0011121775543542e-03
-2.0011121775544215e-03
-2.0011121775541933e-03
-2.0011121775546864e-03
-2.0011121775547736e-03
-2.0011121775549956e-03
-2.0011121775549796e-03
-2.0011121775553383e-03
-2.0011121775554601e-03
-2.0011121775554714e-03
-2.0011121775552407e-03
-2.0011121775553461e-03
-2.0011121775555950e-03
-2.0011121775552723e-03
-2.0011121775552797e-03
-2.0011121775556353e-03
-2.0011121775560916e-03
-2.0011121775563700e-03
-2.0011121775560365e-03
-2.0011121775561484e-03
-2.0011121775565313e-03
-2.0011121775564402e-03
-2.0011121775564402e-03
-2.0011121775572230e-03
-2.0011121775569238e-03
-2.0011121775573197e-03
-2.0011121775576303e-03
-2.0011121775578241e-03
-2.0011121775585002e-03
-2.0011121775585076e-03
-2.0011121775584261e-03
-2.0011121775584842e-03
-2.0011121775587214e-03
-2.0011121775589322e-03
-2.0011121775589777e-03
-2.0011121775591859e-03
-2.0011121775585497e-03
-2.0011121775581932e-03
-2.0011121775582799e-03
-2.0011121775584803e-03
-2.0011121775589773e-03
-2.0011121775589291e-03
-2.0011121775590354e-03
-2.0011121775591763e-03
-2.0011121775597111e-03
-2.0011121775600159e-03
-2.0011121775599596e-03
-2.0011121775598039e-03
-2.0011121775598988e-03
-2.0011121775592609e-03
-2.0011121775598655e-03
-2.0011121775598377e-03
-2.0011121775600155e-03
-2.0011121775608985e-03
-2.0011121775607727e-03
-2.0011121775606652e-03
-2.0011121775611561e-03
-2.0011121775609618e-03
-2.0011121775609163e-03
-2.0011121775611097e-03
-2.0011121775613985e-03
-2.0011121775612125e-03
-2.0011121775612211e-03
-2.0011121775614224e-03
-2.0011121775619350e-03
-2.0011121775618096e-03
-2.0011121775617329e-03
-2.0011121775624506e-03
-2.0011121775627481e-03
-2.0011121775627577e-03
-2.0011121775624554e-03
-2.0011121775622702e-03
-2.0011121775632907e-03
-2.0011121775626241e-03
-2.0011121775620165e-03
-2.0011121775625872e-03
-2.0011121775626319e-03
-2.0011121775625534e-03
-2.0011121775626718e-03
-1.9823799439064710e-03
-1.9636480611402093e-03
-1.9449170556025332e-03
-1.9261864009082644e-03
-1.9074560970458402e-03
-1.8887261440008291e-03
-1.8699965417600915e-03
-1.8512672903110900e-03
-1.8325383896399651e-03
-1.8138098397345384e-03
-1.7950816405812330e-03
-1.7763316897454096e-03
-1.7575820904651175e-03
-1.7388682751106775e-03
-1.7201548099567815e-03
-1.7014048604752832e-03
-1.6826552625477365e-03
-1.6639060161606882e-03
-1.6452097385211617e-03
-1.6265138104256383e-03
-1.6077463238757573e-03
-1.5889791895384278e-03
-1.5702829092441931e-03
-1.5515869784946536e-03
-1.5328194946071900e-03
-1.5328194946354152e-03
-1.5328194946634835e-03
-1.5328194946914997e-03
-1.5328194947195244e-03
-1.5328194947474595e-03
-1.5328194947749553e-03
-1.5328194948034056e-03
-1.5328194948312029e-03
-1.5328194948593010e-03
-1.5328194948875571e-03
-1.5328194949150908e-03
-1.5328194949427323e-03
-1.5328194949706148e-03
-1.5328194949988489e-03
-1.5328194950265323e-03
-1.5328194950546417e-03
-1.5328194950821640e-03
-1.5328194951099317e-03
-1.5328194951388313e-03
-1.5328194951666116e-03
-1.5328194951952190e-03
-1.5328194952230539e-03
-1.5328194952512208e-03
-1.5328194952791167e-03
-1.5328194953067665e-03
-1.5328194953349570e-03
-1.5328194953628327e-03
-1.5328194953912098e-03
-1.5328194954193968e-03
-1.5328194954477325e-03
-1.5328194954751231e-03
-1.5328194955033260e-03
-1.5328194955317260e-03
-1.5328194955594265e-03
-1.5328194955875642e-03
-1.5328194956156344e-03
-1.5328194956430899e-03
-1.5328194956713659e-03
-1.5328194956995243e-03
-1.5328194957272112e-03
-1.5328194957551491e-03
-1.5328194957835684e-03
-1.5328194958115450e-03
-1.5328194958392541e-03
-1.5328194958673883e-03
-1.5328194958953551e-03
-1.5328194959229519e-03
-1.5328194959513459e-03
-1.5328194959790037e-03
-1.5328194960068427e-03
-1.5328194960347473e-03
-1.5328194960623695e-03
-1.5328194960904805e-03
-1.5328194961184483e-03
-1.5328194961466571e-03
-1.5328194961739231e-03
-1.5328194962018820e-03
-1.5328194962294320e-03
-1.5328194962577805e-03
-1.5328194962860430e-03
-1.5328194963143097e-03
-1.5328194963420037e-03
-1.5328194963695500e-03
-1.5328194963978542e-03
-1.5328194964259452e-03
-1.5328194964539029e-03
-1.5328194964819627e-03
-1.5328194965095370e-03
-1.5328194965375749e-03
-1.5328194965653237e-03
-1.5328194965933792e-03
-1.5328194966212514e-03
-1.5328194966488988e-03
-1.5328194966772381e-03
-1.5328194967051954e-03
-1.5328194967334473e-03
-1.5328194967618733e-03
-1.5328194967894617e-03
-1.5328194968175126e-03
-1.5328194968453007e-03
-1.5328194968733961e-03
-1.5328194969011870e-03
-1.5328194969294255e-03
-1.5328194969573352e-03
-1.5328194969857342e-03
-1.5328194970142062e-03
-1.5328194970417014e-03
-1.5328194970694151e-03
-1.5328194970973797e-03
-1.5328194971250856e-03
-1.5328194971536025e-03
-1.5328194971817419e-03
-1.5328194972101148e-03
-1.5328194972378793e-03
-1.5328194972656487e-03
-1.5328194972941069e-03
-1.5328194973220424e-03
-1.5328194973501467e-03
-1.5328194973784339e-03
-1.5328194974063300e-03
-1.5515506756434907e-03
-1.5702822047441319e-03
-1.5890140847217243e-03
-1.6077463155891661e-03
-1.6264788973601155e-03
-1.6452118300470946e-03
-1.6639451136626340e-03
-1.6826731531552578e-03
-1.7014015433954579e-03
-1.7201365677799599e-03
-1.7388682751105732e-03
-1.7576003333248957e-03
-1.7763327424358145e-03
-1.7950655024561528e-03
-1.8137986133992775e-03
-1.8325320752792897e-03
-1.8512585190153541e-03
-1.8699902263354410e-03
-1.8887222845378007e-03
-1.9074546936370738e-03
-1.9261874536457596e-03
-1.9449170556045019e-03
-1.9636487629218166e-03
-1.9823808211232746e-03
-2.0011121775560989e-03
-2.0011121775559875e-03
-2.0011121775561427e-03
-2.0011121775566167e-03
-2.0011121775563518e-03
-2.0011121775562316e-03
-2.0011121775567642e-03
-2.0011121775567898e-03
-2.0011121775570864e-03
-2.0011121775577786e-03
-2.0011121775571229e-03
-2.0011121775570170e-03
-2.0011121775563479e-03
-2.0011121775560838e-03
-2.0011121775559675e-03
-2.0011121775559723e-03
-2.0011121775557307e-03
-2.0011121775553656e-03
-2.0011121775558127e-03
-2.0011121775555876e-03
-2.0011121775555668e-03
-2.0011121775555954e-03
-2.0011121775559281e-03
-2.0011121775560452e-03
-2.0011121775560859e-03
-2.0011121775567616e-03
-2.0011121775565573e-03
-2.0011121775565782e-03
-2.0011121775568436e-03
-2.0011121775576936e-03
-2.0011121775569125e-03
-2.0011121775562694e-03
-2.0011121775563522e-03
-2.0011121775564732e-03
-2.0011121775563886e-03
-2.0011121775560573e-03
-2.0011121775561857e-03
-2.0011121775562655e-03
-2.0011121775562217e-03
-2.0011121775564029e-03
-2.0011121775568713e-03
-2.0011121775570006e-03
-2.0011121775573267e-03
-2.0011121775576142e-03
-2.0011121775579416e-03
-2.0011121775582695e-03
-2.0011121775584083e-03
-2.0011121775588628e-03
-2.0011121775586559e-03
-2.0011121775589447e-03
-2.0011121775587613e-03
-2.0011121775589582e-03
-2.0011121775590679e-03
-2.0011121775589330e-03
-2.0011121775587904e-03
-2.0011121775592973e-03
-2.0011121775592553e-03
-2.0011121775591846e-03
-2.0011121775595909e-03
-2.0011121775591230e-03
-2.0011121775591351e-03
-2.0011121775591130e-03
-2.0011121775591772e-03
-2.0011121775592423e-03
-2.0011121775583940e-03
-2.0011121775583116e-03
-2.0011121775582530e-03
-2.0011121775581784e-03
-2.0011121775582986e-03
-2.0011121775582457e-03
-2.0011121775583072e-03
-2.0011121775587275e-03
-2.0011121775590241e-03
-2.0011121775590775e-03
-2.0011121775589322e-03
-2.0011121775590081e-03
-2.0011121775590332e-03
-2.0011121775593125e-03
-2.0011121775596278e-03
-2.0011121775600910e-03
-2.0011121775597527e-03
-2.0011121775598728e-03
-2.0011121775605342e-03
-2.0011121775603616e-03
-2.0011121775602224e-03
-2.0011121775594010e-03
-2.0011121775593767e-03
-2.0011121775593619e-03
-2.0011121775593155e-03
-2.0011121775593385e-03
-2.0011121775589734e-03
-2.0011121775586780e-03
-2.0011121775590263e-03
-2.0011121775583320e-03
-2.0011121775582869e-03
-2.0011121775581281e-03
-2.0011121775584035e-03
-2.0011121775586247e-03
-2.0011121775588298e-03
-2.0011121775589408e-03
-2.0011121775588224e-03
