0.0000000000000000e+00
0.0000000000000000e+00
0.0000000000000000e+00
0.0000000000000000e+00
0.0000000000000000e+00
0.0000000000000000e+00
0.0000000000000000e+00
0.0000000000000000e+00
0.0000000000000000e+00
0.0000000000000000e+00
0.0000000000000000e+00
0.0000000000000000e+00
0.0000000000000000e+00
0.0000000000000000e+00
0.0000000000000000e+00
0.0000000000000000e+00
3.6922412700136580e-05
1.6378255810216974e-04
3.5983041092265121e-04
6.0909893442459757e-04
8.9930604942482805e-04
1.2210041615525785e-03
1.5669259832466298e-03
1.9314813480568063e-03
2.3103701603149947e-03
2.7002846732849246e-03
3.0002027014599908e-03
3.2309228625221511e-03
3.4084008375157506e-03
3.5449229134041646e-03
3.6499402240874361e-03
3.7307229658862942e-03
3.7928636520958760e-03
3.8406642484128365e-03
3.8774339784278071e-03
3.9057184101326812e-03
3.9274756794983271e-03
3.9442120489589687e-03
3.9570861842905891e-03
3.9669893682606795e-03
3.9746072038270228e-03
3.9804670783714401e-03
3.9849746747853965e-03
3.9884420570035243e-03
3.9916256413329767e-03
3.9935581840401628e-03
3.9951494133604005e-03
3.9966475237756200e-03
3.9974211715672579e-03
3.9979971694320895e-03
3.9985192438135248e-03
3.9990266065437693e-03
3.9995299554987963e-03
4.0000322093018213e-03
4.0005341642193491e-03
4.0005341642193491e-03
4.0005341642193491e-03
4.0005699938004775e-03
4.0006593182661471e-03
4.0007632373435268e-03
4.0008711381571598e-03
4.0009801252740571e-03
4.0010894087540829e-03
4.0011987730836918e-03
4.0013081594657413e-03
4.0014175518595166e-03
4.0015269458883911e-03
4.0016363403586235e-03
4.0017457349443824e-03
4.0018551295566930e-03
4.0019645241715284e-03
4.0020739187821069e-03
4.0021833133863120e-03
4.0021833133863120e-03
4.0021833133863120e-03
4.0021833133863120e-03
4.0022131585556670e-03
4.0022131585556670e-03
4.0022131585556670e-03
4.0022131585556670e-03
4.0022213009132460e-03
4.0022213009132460e-03
4.0022213009132460e-03
4.0022213009132460e-03
4.0022235222722403e-03
4.0022235222722403e-03
4.0022235222722403e-03
4.0022235222722403e-03
4.0022241282544144e-03
4.0022241282544144e-03
4.0022241282544144e-03
4.0022241282544144e-03
4.0022242935260129e-03
4.0022242935260129e-03
4.0022242935260129e-03
4.0022242935260129e-03
4.0022243385626627e-03
4.0022243385626627e-03
4.0022243385626627e-03
4.0022243385626627e-03
4.0022243507969960e-03
4.0022243507969960e-03
4.0022243507969960e-03
4.0022243507969960e-03
4.0022243540815969e-03
4.0022243540815969e-03
4.0022243540815969e-03
4.0022243540815969e-03
4.0022243549247376e-03
4.0022243549247376e-03
4.0022243549247376e-03
4.0022243549247376e-03
4.0022243551021347e-03
4.0022243551021347e-03
4.0022243551021347e-03
4.0022243551021347e-03
4.0022243551021347e-03
4.0022243551021347e-03
4.0022243551021347e-03
4.0022243551021347e-03
4.0022243551021347e-03
4.0022243551021347e-03
4.0022243551021347e-03
4.0022243551021347e-03
4.0022243551021347e-03
4.0022243551021347e-03
4.0022243551021347e-03
4.0022243551021347e-03
4.0022243551021347e-03
4.0022243551021347e-03
4.0022243551021347e-03
4.0022243551021347e-03
4.0022243551021347e-03
4.0022243551021347e-03
4.0022243551021347e-03
4.0022243551021347e-03
4.0022243551021347e-03
4.0022243551021347e-03
4.0022243551021347e-03
4.0022243551021347e-03
4.0022243551021347e-03
4.0022243551021347e-03
4.0022243551021347e-03
4.0022243551021347e-03
4.0022243551021347e-03
4.0022243551021347e-03
4.0022243551021347e-03
4.0022243551021347e-03
4.0022243551021347e-03
4.0022243551021347e-03
4.0022243551021347e-03
4.0022243551021347e-03
4.0022243551021347e-03
4.0022243551021347e-03
4.0022243551021347e-03
4.0022243551021347e-03
4.0022243551021347e-03
4.0022243551021347e-03
4.0022243551021347e-03
4.0022243551021347e-03
4.0022243551021347e-03
4.0022243551021347e-03
4.0022243551021347e-03
4.0022243551021347e-03
4.0022243551021347e-03
4.0022243551021347e-03
4.0022243551021347e-03
4.0022243551021347e-03
4.0022243551021347e-03
4.0022243551021347e-03
4.0022243551021347e-03
4.0022243551021347e-03
4.0022243551021347e-03
4.0022243551021347e-03
4.0022243551021347e-03
4.0022243551021347e-03
4.0022243551021347e-03
4.0022243551021347e-03
4.0022243551021347e-03
4.0022243551021347e-03
4.0022243551021347e-03
4.0022243551021347e-03
4.0022243551021347e-03
4.0022243551021347e-03
4.0022243551021347e-03
4.0022243551021347e-03
4.0022243551021347e-03
4.0022243551021347e-03
4.0022243551021347e-03
4.0022243551021347e-03
4.0022243551021347e-03
4.0022243551021347e-03
4.0022243551021347e-03
4.0022243551021347e-03
4.0022243551021347e-03
4.0022243551021347e-03
4.0022243551021347e-03
4.0022243551021347e-03
4.0022243551021347e-03
4.0022243551021347e-03
4.0022243551021347e-03
4.0022243551021347e-03
4.0022243551021347e-03
4.0022243551021347e-03
4.0022243551021347e-03
4.0022243551021347e-03
4.0022243551021347e-03
4.0022243551021347e-03
4.0022243551021347e-03
4.0022243551021347e-03
4.0022243551021347e-03
4.0022243551021347e-03
4.0022243551021347e-03
4.0022243551021347e-03
4.0022243551021347e-03
4.0022243551021347e-03
4.0022243551021347e-03
4.0022243551021347e-03
4.0022243551021347e-03
4.0022243551021347e-03
4.0022243551021347e-03
4.0022243551021347e-03
4.0022243551021347e-03
4.0022243551021347e-03
4.0022243551021347e-03
4.0022243551021347e-03
4.0022243551021347e-03
4.0022243551021347e-03
4.0022243551021347e-03
4.0022243551021347e-03
4.0022243551021347e-03
4.0022243551021347e-03
4.0022243551021347e-03
4.0022243551021347e-03
4.0022243551021347e-03
4.0022243551021347e-03
4.0022243551021347e-03
4.0022243551021347e-03
4.0022243551021347e-03
4.0022243551021347e-03
4.0022243551021347e-03
4.0022243551021347e-03
4.0022243551021347e-03
4.0022243551021347e-03
4.0022243551021347e-03
4.0022243551021347e-03
4.0022243551021347e-03
4.0022243551021347e-03
4.0022243551021347e-03
4.0022243551021347e-03
4.0022243551021347e-03
4.0022243551021347e-03
4.0022243551021347e-03
4.0022243551021347e-03
4.0022243551021347e-03
4.0022243551021347e-03
4.0022243551021347e-03
4.0022243551021347e-03
4.0022243551021347e-03
4.0022243551021347e-03
4.0022243551021347e-03
4.0022243551021347e-03
4.0022243551021347e-03
4.0022243551021347e-03
4.0022243551021347e-03
4.0022243551021347e-03
4.0022243551021347e-03
4.0022243551021347e-03
4.0022243551021347e-03
4.0022243551021347e-03
4.0022243551021347e-03
4.0022243551021347e-03
4.0022243551021347e-03
4.0022243551021347e-03
4.0022243551021347e-03
4.0022243551021347e-03
4.0022243551021347e-03
4.0022243551021347e-03
4.0022243551021347e-03
4.0022243551021347e-03
4.0022243551021347e-03
4.0022243551021347e-03
4.0022243551021347e-03
4.0022243551021347e-03
4.0022243551021347e-03
4.0022243551021347e-03
4.0022243551021347e-03
4.0022243551021347e-03
4.0022243551021347e-03
4.0022243551021347e-03
4.0022243551021347e-03
4.0022243551021347e-03
4.0022243551021347e-03
4.0022243551021347e-03
4.0022243551021347e-03
4.0022243551021347e-03
4.0022243551021347e-03
4.0022243551021347e-03
4.0022243551021347e-03
4.0022243551021347e-03
4.0022243551021347e-03
4.0022243551021347e-03
4.0022243551021347e-03
4.0022243551021347e-03
4.0022243551021347e-03
4.0022243551021347e-03
4.0022243551021347e-03
4.0022243551021347e-03
4.0022243551021347e-03
4.0022243551021347e-03
4.0022243551021347e-03
4.0022243551021347e-03
4.0022243551021347e-03
4.0022243551021347e-03
4.0022243551021347e-03
4.0022243551021347e-03
4.0022243551021347e-03
4.0022243551021347e-03
4.0022243551021347e-03
4.0022243551021347e-03
4.0022243551021347e-03
4.0022243551021347e-03
4.0022243551021347e-03
4.0022243551021347e-03
4.0022243551021347e-03
4.0022243551021347e-03
4.0022243551021347e-03
4.0022243551021347e-03
4.0022243551021347e-03
4.0022243551021347e-03
4.0022243551021347e-03
4.0022243551021347e-03
4.0022243551021347e-03
4.0022243551021347e-03
4.0022243551021347e-03
4.0022243551021347e-03
4.0022243551021347e-03
4.0022243551021347e-03
4.0022243551021347e-03
4.0022243551021347e-03
4.0022243551021347e-03
4.0022243551021347e-03
4.0022243551021347e-03
4.0022243551021347e-03
4.0022243551021347e-03
4.0022243551021347e-03
4.0022243551021347e-03
4.0022243551021347e-03
4.0022243551021347e-03
4.0022243551021347e-03
4.0022243551021347e-03
4.0022243551021347e-03
4.0022243551021347e-03
4.0022243551021347e-03
4.0022243551021347e-03
4.0022243551021347e-03
4.0022243551021347e-03
4.0022243551021347e-03
4.0022243551021347e-03
4.0022243551021347e-03
4.0022243551021347e-03
4.0022243551021347e-03
4.0022243551021347e-03
4.0022243551021347e-03
4.0022243551021347e-03
4.0022243551021347e-03
4.0022243551021347e-03
4.0022243551021347e-03
4.0022243551021347e-03
4.0022243551021347e-03
4.0022243551021347e-03
4.0022243551021347e-03
4.0022243551021347e-03
4.0022243551021347e-03
4.0022243551021347e-03
4.0022243551021347e-03
4.0022243551021347e-03
4.0022243551021347e-03
4.0022243551021347e-03
4.0022243551021347e-03
4.0022243551021347e-03
4.0022243551021347e-03
4.0022243551021347e-03
4.0022243551021347e-03
4.0022243551021347e-03
4.0022243551021347e-03
4.0022243551021347e-03
4.0022243551021347e-03
4.0022243551021347e-03
4.0022243551021347e-03
4.0022243551021347e-03
4.0022243551021347e-03
4.0022243551021347e-03
4.0022243551021347e-03
4.0022243551021347e-03
4.0022243551021347e-03
4.0022243551021347e-03
4.0022243551021347e-03
4.0022243551021347e-03
4.0022243551021347e-03
4.0022243551021347e-03
4.0022243551021347e-03
4.0022243551021347e-03
4.0022243551021347e-03
4.0022243551021347e-03
4.0022243551021347e-03
4.0022243551021347e-03
4.0022243551021347e-03
4.0022243551021347e-03
4.0022243551021347e-03
4.0022243551021347e-03
4.0022243551021347e-03
4.0022243551021347e-03
4.0022243551021347e-03
4.0022243551021347e-03
4.0022243551021347e-03
4.0022243551021347e-03
4.0022243551021347e-03
4.0022243551021347e-03
4.0022243551021347e-03
4.0022243551021347e-03
4.0022243551021347e-03
4.0022243551021347e-03
4.0022243551021347e-03
4.0022243551021347e-03
4.0022243551021347e-03
4.0022243551021347e-03
4.0022243551021347e-03
4.0022243551021347e-03
4.0022243551021347e-03
4.0022243551021347e-03
4.0022243551021347e-03
4.0022243551021347e-03
4.0022243551021347e-03
4.0022243551021347e-03
4.0022243551021347e-03
4.0022243551021347e-03
4.0022243551021347e-03
4.0022243551021347e-03
4.0022243551021347e-03
4.0022243551021347e-03
4.0022243551021347e-03
4.0022243551021347e-03
4.0022243551021347e-03
4.0022243551021347e-03
4.0022243551021347e-03
4.0022243551021347e-03
4.0022243551021347e-03
4.0022243551021347e-03
4.0022243551021347e-03
4.0022243551021347e-03
4.0022243551021347e-03
4.0022243551021347e-03
4.0022243551021347e-03
4.0022243551021347e-03
4.0022243551021347e-03
4.0022243551021347e-03
4.0022243551021347e-03
4.0022243551021347e-03
4.0022243551021347e-03
4.0022243551021347e-03
4.0022243551021347e-03
4.0022243551021347e-03
4.0022243551021347e-03
4.0022243551021347e-03
4.0022243551021347e-03
4.0022243551021347e-03
4.0022243551021347e-03
4.0022243551021347e-03
4.0022243551021347e-03
4.0022243551021347e-03
4.0022243551021347e-03
4.0022243551021347e-03
4.0022243551021347e-03
4.0022243551021347e-03
4.0022243551021347e-03
4.0022243551021347e-03
4.0022243551021347e-03
4.0022243551021347e-03
4.0022243551021347e-03
4.0022243551021347e-03
4.0022243551021347e-03
4.0022243551021347e-03
4.0022243551021347e-03
4.0022243551021347e-03
4.0022243551021347e-03
4.0022243551021347e-03
4.0022243551021347e-03
4.0022243551021347e-03
4.0022243551021347e-03
4.0022243551021347e-03
4.0022243551021347e-03
4.0022243551021347e-03
4.0022243551021347e-03
4.0022243551021347e-03
4.0022243551021347e-03
4.0022243551021347e-03
4.0022243551021347e-03
4.0022243551021347e-03
4.0022243551021347e-03
4.0022243551021347e-03
