0.0000000000000000e+00
1.2799240793556303e+01
2.5597922254185740e+01
3.8396044460724035e+01
5.1199999999678695e+01
6.4003395643852556e+01
7.6806231472267342e+01
8.9608507563734946e+01
1.0241022399712384e+02
1.1521138085129439e+02
1.2801197820519673e+02
1.4081201613763460e+02
1.5361149472749739e+02
1.6641041405353243e+02
1.7920877419466856e+02
1.9200657522950888e+02
2.0479991365101776e+02
2.1759949128326861e+02
2.3039969760972784e+02
2.4319982038293287e+02
2.5599989298276819e+02
2.6879993605935255e+02
2.8159996166680412e+02
2.9439997692272181e+02
3.0719998603526898e+02
3.1999999149554077e+02
3.1999788386130638e+02
3.1999970198188072e+02
3.1999982262483280e+02
3.1999989499096654e+02
3.1999993779095047e+02
3.1999996315647473e+02
3.1999997818383468e+02
3.1999998708408094e+02
3.1999999235433154e+02
3.1999999547446782e+02
3.1999999732151463e+02
3.1999999841483339e+02
3.1999999906188032e+02
3.1999999944482948e+02
3.1999999967144493e+02
3.1999999980558499e+02
3.1999999988495813e+02
3.1999999993191824e+02
3.2006712767293510e+02
3.1999999979192364e+02
3.2001360533283554e+02
3.2004923675479097e+02
3.1999999992618166e+02
3.1999751486944615e+02
3.2000778475254941e+02
3.2002153446933733e+02
3.2003623356046671e+02
3.2005119165935758e+02
3.2006622041833356e+02
3.1997084205261592e+02
3.1999999995027616e+02
3.2002068277212703e+02
3.2002871199455171e+02
3.2003328902804407e+02
3.2003692422607833e+02
3.2004030246991158e+02
3.2004361061062525e+02
3.2004689962547189e+02
3.2005018342217767e+02
3.2005346579516333e+02
3.2005674777953942e+02
3.2006002965778185e+02
3.2006331150690755e+02
3.2006659334793244e+02
3.2006987518662908e+02
3.2007315702452172e+02
3.2007643886200970e+02
3.1999999995494699e+02
3.1992356103553431e+02
3.1999999992586686e+02
3.2006937927360582e+02
3.1999999995359758e+02
3.1993062062356933e+02
3.1999999993879732e+02
3.2006745326315530e+02
3.1999999995320997e+02
3.1993254663369504e+02
3.1999999994210964e+02
3.2006692780406661e+02
3.1999999995318581e+02
3.1993307209278890e+02
3.1999999994312248e+02
3.2006678444585049e+02
3.1999999995321303e+02
3.1993321545118283e+02
3.1999999994327970e+02
3.2006674533294051e+02
3.1999999995322821e+02
3.1993325456407331e+02
3.1999999994342090e+02
3.2006673466054474e+02
3.1999999995322150e+02
3.1993326523654855e+02
3.1999999994358325e+02
3.2006673174734317e+02
3.1999999995314414e+02
3.1993326814965076e+02
3.1999999994340578e+02
3.2006673095090792e+02
3.1999999995312373e+02
3.1993326894595646e+02
3.1999999994335292e+02
3.2006673073205644e+02
3.1999999995297378e+02
3.1993326916468089e+02
3.1999999994343665e+02
3.2006673067080425e+02
3.1999999995319200e+02
3.1993326922608696e+02
3.1999999994339038e+02
3.2006673065149801e+02
3.1999999995313840e+02
3.1993326924545056e+02
3.1999999994336008e+02
3.2006673063196695e+02
3.1999999995309150e+02
3.1993326926478005e+02
3.1999999994338708e+02
3.2006673061259704e+02
3.1999999995308906e+02
3.0719924734242602e+02
2.9439793515812931e+02
2.8159606332128101e+02
2.6879363175298829e+02
2.5599064037438251e+02
2.4318708910657503e+02
2.3038297787053205e+02
2.1759999999615576e+02
2.0481646484725238e+02
1.9199999999135676e+02
1.7919999999766361e+02
1.6639944051094830e+02
1.5359832145228714e+02
1.4079664274281299e+02
1.2799440430357805e+02
1.1519160605577815e+02
1.0239999999873362e+02
8.9599999999511070e+01
7.6799440507066237e+01
6.3998321442750409e+01
5.1196642727630405e+01
3.8399999999770195e+01
2.5600000000101105e+01
1.2799440507337572e+01
1.7260720981825590e-10
1.8608864287513605e-10
1.6861951414117440e-10
1.5775990401418744e-10
1.7619402881518020e-10
6.0759727766834823e-11
9.8309410032107858e-11
6.3643865517823427e-11
2.0918825281447070e-11
7.1614235931911004e-12
6.3655182134061214e-11
1.7775656179939493e-10
2.0543321014467476e-10
1.5964065270928077e-10
1.5629863295940810e-10
1.5932819676330699e-10
1.8989089704234544e-10
1.9564690788304991e-10
1.9650794308276713e-10
1.7974472789761231e-10
1.0131865123784138e-10
1.6570001678163475e-10
1.3832750906179580e-10
1.0774197288418394e-10
1.3879636085140927e-10
1.2510548949256410e-10
1.0794940702117045e-10
1.5986817206202080e-10
2.0467598479669442e-10
1.2360869233150276e-10
1.2809263695949442e-10
1.8048871274149473e-10
1.0781262879548368e-10
2.1448140087025708e-10
2.7303693839669974e-10
2.1799002727812238e-10
1.9708663679462804e-10
1.7808908279325424e-10
2.2466483580135964e-10
2.2081090174319578e-10
2.0555630079214007e-10
2.1406069979610323e-10
1.4672211342411989e-10
1.4418339643155639e-10
1.1949292327239593e-10
1.0419158997997967e-10
1.2744065138673849e-10
1.2195022187511451e-10
7.1015866403002868e-11
7.8907629981578201e-11
2.3222074526124758e-11
1.1541570822159815e-10
9.4447828430487571e-11
1.2419206970926264e-10
1.9657762332870915e-10
1.7749792941166483e-10
3.1933303019485535e-10
3.2665503699161434e-10
3.7199285848300007e-10
3.9013470401282720e-10
3.9450512391324526e-10
5.2275958564314789e-10
5.3682802577035794e-10
4.8567217935635705e-10
4.8398256938362667e-10
4.9775078238986895e-10
4.4969876438302954e-10
5.4954627731674748e-10
5.6292187524859066e-10
6.0101250239654691e-10
6.1933348232290986e-10
7.1456748642739973e-10
8.4131370084261756e-10
7.8508841135053786e-10
7.7279504571872556e-10
6.2702990387367029e-10
6.1780380612040339e-10
6.3670277285843874e-10
6.0701660005345126e-10
7.9557408339075525e-10
7.8880136689593683e-10
8.6304336993537659e-10
8.2714273062317995e-10
8.7812454298475460e-10
8.9452572208647642e-10
8.7998176906341847e-10
8.6851786412069803e-10
8.3192407290246561e-10
8.5093103084332998e-10
8.5219105816542724e-10
9.1178368922959751e-10
9.5289149428297601e-10
9.4540460646763037e-10
1.0769919164360254e-09
1.0780822456626590e-09
1.1005697703595928e-09
1.1047680072898070e-09
1.2098143106911606e-09
1.1849553171322408e-09
1.1702302402669715e-09
1.1657045101760679e-09
1.2800759310694147e+01
2.5602078197875862e+01
3.8400000000286532e+01
5.1198481054292806e+01
6.3997521438626130e+01
7.6797121232039842e+01
8.9597280513514562e+01
1.0239799936192318e+02
1.1519927785605923e+02
1.2800111607480133e+02
1.4080351409715607e+02
1.5360000000098387e+02
1.6639704449230376e+02
1.7920000000105026e+02
1.9200351583024604e+02
2.0480000000143212e+02
2.1759704275988213e+02
2.3039464418417305e+02
2.4320000000147417e+02
2.5600591688836403e+02
2.6880000000334201e+02
2.8159464095702606e+02
2.9440000000258431e+02
3.0720592011804456e+02
3.2000000000340640e+02
3.2000000004569739e+02
3.2000000008799572e+02
3.2000000013032411e+02
3.2000000017251205e+02
3.2000000021477183e+02
3.2000000025710438e+02
3.2000000029932380e+02
3.2000000034155801e+02
3.2000000038383263e+02
3.2000000042613931e+02
3.2000000046837835e+02
3.2000000051070293e+02
3.2000000055295618e+02
3.2000000059522642e+02
3.2000000063755584e+02
3.2000000067976350e+02
3.2000000072205319e+02
3.2000000076437129e+02
3.2000000080665649e+02
3.2000000084896379e+02
3.2000000089113161e+02
3.2000000093338713e+02
3.2000000097568790e+02
3.2000000101804090e+02
3.2000000106025254e+02
3.2000000110253069e+02
3.2000000114473738e+02
3.2000000118690150e+02
3.2000000122921955e+02
3.2000000127156960e+02
3.2000000131388697e+02
3.2000000135615369e+02
3.2000000139830036e+02
3.2000000144062415e+02
3.2000000148280265e+02
3.2000000152494647e+02
3.2000000156723439e+02
3.2000000160944228e+02
3.2000000165167722e+02
3.2000000169394508e+02
3.2000000173610920e+02
3.2000000177830310e+02
3.2000000182062882e+02
3.2000000186290271e+02
3.2000000190515146e+02
3.2000000194742779e+02
3.2000000198973589e+02
3.2000000203195219e+02
3.2000000207430588e+02
3.2000000211657562e+02
3.2000000215878936e+02
3.2000000220104437e+02
3.2000000224321769e+02
3.2000000228544309e+02
3.2000000232770293e+02
3.2000000236994765e+02
3.2000000241226542e+02
3.2000000245445079e+02
3.2000000249668688e+02
3.2000000253896309e+02
3.2000000258122435e+02
3.2000000262348908e+02
3.2000000266582271e+02
3.2000000270803719e+02
3.2000000275028987e+02
3.2000000279262520e+02
3.2000000283486833e+02
3.2000000287719246e+02
3.2000000291940006e+02
3.2000000296166837e+02
3.2000000300387148e+02
3.2000000304618783e+02
3.2000000308838668e+02
3.2000000313060951e+02
3.2000000317282252e+02
3.2000000321509634e+02
3.2000000325743224e+02
3.2000000329961284e+02
3.2000000334179543e+02
3.2000000338406898e+02
3.2000000342632325e+02
3.2000000346866409e+02
3.2000000351088374e+02
3.2000000355318701e+02
3.2000000359552132e+02
3.2000000363778184e+02
3.2000000368004078e+02
3.2000000372227481e+02
3.2000000376451618e+02
3.2000000380677989e+02
3.2000000384908117e+02
3.2000000389134817e+02
3.2000000393362427e+02
3.2000000397587570e+02
3.2000000401809496e+02
3.2000000406028562e+02
3.2000000410260770e+02
3.2000000414485709e+02
3.2000000418705798e+02
3.2000000422933658e+02
3.0720075920741095e+02
2.9440207351889279e+02
2.8160394708517020e+02
2.6880637982731116e+02
2.5600937166657013e+02
2.4321292252417422e+02
2.3041703232130266e+02
2.1760000000418208e+02
2.0478352932379823e+02
1.9200000000889708e+02
1.7920000000260700e+02
1.6640055941055880e+02
1.5360167815391327e+02
1.4080335615385277e+02
1.2800559333157668e+02
1.1520838960827589e+02
1.0240000000124854e+02
8.9600000000441142e+01
7.6800559414009797e+01
6.4001678162930418e+01
5.1203356168423952e+01
3.8400000000143116e+01
2.5599999999896482e+01
1.2800559413947351e+01
4.7355039470683322e-10
4.9771957693422267e-10
4.1511153294007557e-10
4.5143526103105103e-10
4.8273373802718050e-10
4.1200844138057611e-10
5.2132773864319297e-10
4.3174944260905837e-10
4.8556652625124420e-10
4.9652757190185395e-10
5.1829253707570045e-10
5.3677795969976466e-10
4.9111638841027002e-10
5.3330685424169618e-10
6.1944801120481244e-10
6.0218422606247533e-10
6.2771701873857753e-10
6.6157860320514586e-10
6.8987981882987653e-10
6.6964612401889045e-10
6.3313720036409976e-10
6.7542078996775747e-10
7.2594454695641859e-10
7.3654388696083201e-10
7.6144589643764291e-10
8.1808152721897362e-10
8.7692622910364129e-10
8.8647635527591252e-10
9.7637365035903913e-10
9.7345802870859175e-10
9.3741079854186341e-10
8.9342430359080110e-10
9.9785056026297047e-10
1.0752602850560127e-09
1.0817448034999934e-09
1.0733616711088312e-09
1.1739983812242526e-09
1.1378564910768675e-09
1.1478983985047309e-09
1.1869391775074824e-09
1.2552858049645478e-09
1.2986968290429088e-09
1.3165061584587540e-09
1.4065998078719247e-09
1.4108081115749114e-09
1.4189822763929567e-09
1.4151972307632841e-09
1.4125810745911656e-09
1.4433489585079638e-09
1.4881590934770542e-09
1.4575111445603087e-09
1.4681647178655158e-09
1.5643465040439140e-09
1.4379666400493164e-09
1.5638896375900934e-09
1.5813734593783719e-09
1.6398863126816820e-09
1.7182914130289428e-09
1.7301195730778813e-09
1.7398061699978205e-09
1.8049780506159715e-09
1.7942504797783964e-09
1.7689565596669008e-09
1.8283453653609828e-09
1.7415908375205925e-09
1.8057029620330098e-09
1.7823342244737834e-09
1.7994949136037766e-09
1.8967134510962402e-09
1.8372835057318614e-09
1.8477369423948679e-09
1.8818283837467937e-09
1.9006555398484766e-09
1.9563953245673847e-09
1.9763249123208142e-09
2.0533288108197272e-09
2.0615786710195079e-09
2.0084628708019885e-09
2.1090734261118084e-09
2.1787795306639642e-09
2.1629624741102863e-09
2.1437798749423602e-09
2.1377211842876624e-09
2.2100375428020116e-09
2.2689332006768837e-09
2.2051133483495595e-09
2.3049064182883117e-09
2.3311111315851350e-09
2.2540978850465015e-09
2.3539304757105325e-09
2.4192318833339935e-09
2.3620435388369997e-09
2.5332944022413747e-09
2.4946721574766030e-09
2.4989175164812841e-09
2.5805885068066381e-09
2.5585902977413871e-09
2.6224792185991809e-09
2.6950743895660588e-09
2.6335448823412105e-09
2.6864416318399612e-09
