2.0000000000000020e+02
2.0000000000000020e+02
2.0000000000000020e+02
2.0000000000000020e+02
2.0000000000000020e+02
2.0000000000000020e+02
2.0000000000000020e+02
2.0000000000000020e+02
2.0000000000000020e+02
2.0000000000000020e+02
2.0000000000000020e+02
2.0000000000000020e+02
2.0000000000000020e+02
2.0000000000000020e+02
2.0000000000000020e+02
2.0000000000000020e+02
2.0479991365101787e+02
2.1759949128326855e+02
2.3039969760972787e+02
2.4319982038293273e+02
2.5599989298276819e+02
2.6879993605935260e+02
2.8159996166680418e+02
2.9439997692272192e+02
3.0719998603526886e+02
3.1999999149554100e+02
3.1999788386130666e+02
3.1999970198188072e+02
3.1999982262483269e+02
3.1999989499096648e+02
3.1999993779095024e+02
3.1999996315647508e+02
3.1999997818383468e+02
3.1999998708408089e+02
3.1999999235433165e+02
3.1999999547446799e+02
3.1999999732151457e+02
3.1999999841483333e+02
3.1999999906188026e+02
3.1999999944482943e+02
3.1999999967144504e+02
3.1999999980558499e+02
3.1999999988495802e+02
3.1999999993191835e+02
3.2006712767293504e+02
3.1999999979192359e+02
3.2001360533283577e+02
3.2004923675479080e+02
3.1999999992618154e+02
3.1999751486944592e+02
3.2000778475254930e+02
3.2002153446933744e+02
3.2003623356046660e+02
3.2005119165935758e+02
3.2006622041833367e+02
3.2001602492658071e+02
3.2001602492658071e+02
3.2002068277212692e+02
3.2002871199455171e+02
3.2003328902804401e+02
3.2003692422607838e+02
3.2004030246991141e+02
3.2004361061062531e+02
3.2004689962547201e+02
3.2005018342217744e+02
3.2005346579516311e+02
3.2005674777953953e+02
3.2006002965778180e+02
3.2006331150690761e+02
3.2006659334793255e+02
3.2006987518662930e+02
3.2007315702452166e+02
3.2007643886200987e+02
3.2006549940158959e+02
3.2006549940158959e+02
3.2006549940158959e+02
3.2006937927360570e+02
3.2006639475667004e+02
3.2006639475667004e+02
3.2006639475667004e+02
3.2006745326315536e+02
3.2006663902739757e+02
3.2006663902739757e+02
3.2006663902739757e+02
3.2006692780406667e+02
3.2006670566816712e+02
3.2006670566816712e+02
3.2006670566816712e+02
3.2006678444585026e+02
3.2006672384763243e+02
3.2006672384763243e+02
3.2006672384763243e+02
3.2006674533294017e+02
3.2006672880578049e+02
3.2006672880578049e+02
3.2006672880578049e+02
3.2006673466054514e+02
3.2006673015688023e+02
3.2006673015688023e+02
3.2006673015688023e+02
3.2006673174734323e+02
3.2006673052391000e+02
3.2006673052391000e+02
3.2006673052391000e+02
3.2006673095090821e+02
3.2006673062244818e+02
3.2006673062244818e+02
3.2006673062244818e+02
3.2006673073205621e+02
3.2006673064774225e+02
3.2006673064774225e+02
3.2006673064774225e+02
3.2006673067080391e+02
3.2006673065306427e+02
3.2006673065306427e+02
3.2006673065306427e+02
3.2006673065306427e+02
3.2006673065306427e+02
3.2006673065306427e+02
3.2006673065306427e+02
3.2006673065306427e+02
3.2006673065306427e+02
3.2006673065306427e+02
3.2006673065306427e+02
3.2006673065306427e+02
3.2006673065306427e+02
3.2006673065306427e+02
3.2006673065306427e+02
3.2006673065306427e+02
3.2006673065306427e+02
3.2006673065306427e+02
3.2006673065306427e+02
3.2006673065306427e+02
3.2006673065306427e+02
3.2006673065306427e+02
3.2006673065306427e+02
3.2006673065306427e+02
3.2006673065306427e+02
3.2006673065306427e+02
3.2006673065306427e+02
3.2006673065306427e+02
3.2006673065306427e+02
3.2006673065306427e+02
3.2006673065306427e+02
3.2006673065306427e+02
3.2006673065306427e+02
3.2006673065306427e+02
3.2006673065306427e+02
3.2006673065306427e+02
3.2006673065306427e+02
3.2006673065306427e+02
3.2006673065306427e+02
3.2006673065306427e+02
3.2006673065306427e+02
3.2006673065306427e+02
3.2006673065306427e+02
3.2006673065306427e+02
3.2006673065306427e+02
3.2006673065306427e+02
3.2006673065306427e+02
3.2006673065306427e+02
3.2006673065306427e+02
3.2006673065306427e+02
3.2006673065306427e+02
3.2006673065306427e+02
3.2006673065306427e+02
3.2006673065306427e+02
3.2006673065306427e+02
3.2006673065306427e+02
3.2006673065306427e+02
3.2006673065306427e+02
3.2006673065306427e+02
3.2006673065306427e+02
3.2006673065306427e+02
3.2006673065306427e+02
3.2006673065306427e+02
3.2006673065306427e+02
3.2006673065306427e+02
3.2006673065306427e+02
3.2006673065306427e+02
3.2006673065306427e+02
3.2006673065306427e+02
3.2006673065306427e+02
3.2006673065306427e+02
3.2006673065306427e+02
3.2006673065306427e+02
3.2006673065306427e+02
3.2006673065306427e+02
3.2006673065306427e+02
3.2006673065306427e+02
3.2006673065306427e+02
3.2006673065306427e+02
3.2006673065306427e+02
3.2006673065306427e+02
3.2006673065306427e+02
3.2006673065306427e+02
3.2006673065306427e+02
3.2006673065306427e+02
3.2006673065306427e+02
3.2006673065306427e+02
3.2006673065306427e+02
3.2006673065306427e+02
3.2006673065306427e+02
3.2006673065306427e+02
3.2006673065306427e+02
3.2006673065306427e+02
3.2006673065306427e+02
3.2006673065306427e+02
3.2006673065306427e+02
3.2006673065306427e+02
3.2006673065306427e+02
3.2006673065306427e+02
3.2006673065306427e+02
3.2006673065306427e+02
3.2006673065306427e+02
3.2006673065306427e+02
3.2006673065306427e+02
3.2006673065306427e+02
3.2006673065306427e+02
3.2006673065306427e+02
3.2006673065306427e+02
3.2006673065306427e+02
3.2006673065306427e+02
3.2006673065306427e+02
3.2006673065306427e+02
3.2006673065306427e+02
3.2006673065306427e+02
3.2006673065306427e+02
3.2006673065306427e+02
3.2006673065306427e+02
3.2006673065306427e+02
3.2006673065306427e+02
3.2006673065306427e+02
3.2006673065306427e+02
3.2006673065306427e+02
3.2006673065306427e+02
3.2006673065306427e+02
3.2006673065306427e+02
3.2006673065306427e+02
3.2006673065306427e+02
3.2006673065306427e+02
3.2006673065306427e+02
3.2006673065306427e+02
3.2006673065306427e+02
3.2006673065306427e+02
3.2006673065306427e+02
3.2006673065306427e+02
3.2006673065306427e+02
3.2006673065306427e+02
3.2006673065306427e+02
3.2006673065306427e+02
3.2006673065306427e+02
3.2006673065306427e+02
3.2006673065306427e+02
3.2006673065306427e+02
3.2006673065306427e+02
3.2006673065306427e+02
3.2006673065306427e+02
3.2006673065306427e+02
3.2006673065306427e+02
3.2006673065306427e+02
3.2006673065306427e+02
3.2006673065306427e+02
3.2006673065306427e+02
3.2006673065306427e+02
3.2006673065306427e+02
3.2006673065306427e+02
3.2006673065306427e+02
3.2006673065306427e+02
3.2006673065306427e+02
3.2006673065306427e+02
3.2006673065306427e+02
3.2006673065306427e+02
3.2006673065306427e+02
3.2006673065306427e+02
3.2006673065306427e+02
3.2006673065306427e+02
3.2006673065306427e+02
3.2006673065306427e+02
3.2006673065306427e+02
3.2006673065306427e+02
3.2006673065306427e+02
3.2006673065306427e+02
3.2006673065306427e+02
3.2006673065306427e+02
3.2006673065306427e+02
3.2006673065306427e+02
3.2006673065306427e+02
3.2006673065306427e+02
3.2006673065306427e+02
3.2006673065306427e+02
3.2006673065306427e+02
3.2006673065306427e+02
3.2006673065306427e+02
3.2006673065306427e+02
3.2006673065306427e+02
3.2006673065306427e+02
3.2006673065306427e+02
3.2006673065306427e+02
3.2006673065306427e+02
3.2006673065306427e+02
3.2006673065306427e+02
3.2006673065306427e+02
3.2006673065306427e+02
3.2006673065306427e+02
3.2006673065306427e+02
3.2006673065306427e+02
3.2006673065306427e+02
3.2006673065306427e+02
3.2006673065306427e+02
3.2006673065306427e+02
3.2006673065306427e+02
3.2006673065306427e+02
3.2006673065306427e+02
3.2006673065306427e+02
3.2006673065306427e+02
3.2006673065306427e+02
3.2006673065306427e+02
3.2006673065306427e+02
3.2006673065306427e+02
3.2006673065306427e+02
3.2006673065306427e+02
3.2006673065306427e+02
3.2006673065306427e+02
3.2006673065306427e+02
3.2006673065306427e+02
3.2006673065306427e+02
3.2006673065306427e+02
3.2006673065306427e+02
3.2006673065306427e+02
3.2006673065306427e+02
3.2006673065306427e+02
3.2006673065306427e+02
3.2006673065306427e+02
3.2006673065306427e+02
3.2006673065306427e+02
3.2006673065306427e+02
3.2006673065306427e+02
3.2006673065306427e+02
3.2006673065306427e+02
3.2006673065306427e+02
3.2006673065306427e+02
3.2006673065306427e+02
3.2006673065306427e+02
3.2006673065306427e+02
3.2006673065306427e+02
3.2006673065306427e+02
3.2006673065306427e+02
3.2006673065306427e+02
3.2006673065306427e+02
3.2006673065306427e+02
3.2006673065306427e+02
3.2006673065306427e+02
3.2006673065306427e+02
3.2006673065306427e+02
3.2006673065306427e+02
3.2006673065306427e+02
3.2006673065306427e+02
3.2006673065306427e+02
3.2006673065306427e+02
3.2006673065306427e+02
3.2006673065306427e+02
3.2006673065306427e+02
3.2006673065306427e+02
3.2006673065306427e+02
3.2006673065306427e+02
3.2006673065306427e+02
3.2006673065306427e+02
3.2006673065306427e+02
3.2006673065306427e+02
3.2006673065306427e+02
3.2006673065306427e+02
3.2006673065306427e+02
3.2006673065306427e+02
3.2006673065306427e+02
3.2006673065306427e+02
3.2006673065306427e+02
3.2006673065306427e+02
3.2006673065306427e+02
3.2006673065306427e+02
3.2006673065306427e+02
3.2006673065306427e+02
3.2006673065306427e+02
3.2006673065306427e+02
3.2006673065306427e+02
3.2006673065306427e+02
3.2006673065306427e+02
3.2006673065306427e+02
3.2006673065306427e+02
3.2006673065306427e+02
3.2006673065306427e+02
3.2006673065306427e+02
3.2006673065306427e+02
3.2006673065306427e+02
3.2006673065306427e+02
3.2006673065306427e+02
3.2006673065306427e+02
3.2006673065306427e+02
3.2006673065306427e+02
3.2006673065306427e+02
3.2006673065306427e+02
3.2006673065306427e+02
3.2006673065306427e+02
3.2006673065306427e+02
3.2006673065306427e+02
3.2006673065306427e+02
3.2006673065306427e+02
3.2006673065306427e+02
3.2006673065306427e+02
3.2006673065306427e+02
3.2006673065306427e+02
3.2006673065306427e+02
3.2006673065306427e+02
3.2006673065306427e+02
3.2006673065306427e+02
3.2006673065306427e+02
3.2006673065306427e+02
3.2006673065306427e+02
3.2006673065306427e+02
3.2006673065306427e+02
3.2006673065306427e+02
3.2006673065306427e+02
3.2006673065306427e+02
3.2006673065306427e+02
3.2006673065306427e+02
3.2006673065306427e+02
3.2006673065306427e+02
3.2006673065306427e+02
3.2006673065306427e+02
3.2006673065306427e+02
3.2006673065306427e+02
3.2006673065306427e+02
3.2006673065306427e+02
3.2006673065306427e+02
3.2006673065306427e+02
3.2006673065306427e+02
3.2006673065306427e+02
3.2006673065306427e+02
3.2006673065306427e+02
3.2006673065306427e+02
3.2006673065306427e+02
3.2006673065306427e+02
3.2006673065306427e+02
3.2006673065306427e+02
3.2006673065306427e+02
3.2006673065306427e+02
3.2006673065306427e+02
3.2006673065306427e+02
3.2006673065306427e+02
3.2006673065306427e+02
3.2006673065306427e+02
3.2006673065306427e+02
3.2006673065306427e+02
3.2006673065306427e+02
3.2006673065306427e+02
3.2006673065306427e+02
3.2006673065306427e+02
3.2006673065306427e+02
3.2006673065306427e+02
3.2006673065306427e+02
3.2006673065306427e+02
3.2006673065306427e+02
3.2006673065306427e+02
3.2006673065306427e+02
3.2006673065306427e+02
3.2006673065306427e+02
3.2006673065306427e+02
3.2006673065306427e+02
3.2006673065306427e+02
3.2006673065306427e+02
3.2006673065306427e+02
3.2006673065306427e+02
3.2006673065306427e+02
3.2006673065306427e+02
3.2006673065306427e+02
3.2006673065306427e+02
3.2006673065306427e+02
3.2006673065306427e+02
3.2006673065306427e+02
3.2006673065306427e+02
3.2006673065306427e+02
3.2006673065306427e+02
3.2006673065306427e+02
3.2006673065306427e+02
3.2006673065306427e+02
3.2006673065306427e+02
3.2006673065306427e+02
3.2006673065306427e+02
3.2006673065306427e+02
3.2006673065306427e+02
3.2006673065306427e+02
3.2006673065306427e+02
3.2006673065306427e+02
3.2006673065306427e+02
3.2006673065306427e+02
3.2006673065306427e+02
3.2006673065306427e+02
3.2006673065306427e+02
3.2006673065306427e+02
3.2006673065306427e+02
3.2006673065306427e+02
