0.0000000000000000e+00
1.2798941117243551e+01
2.5596723584373258e+01
3.8393347532565706e+01
5.1199999999754006e+01
6.4005492813342158e+01
7.6809826104205484e+01
8.9613000004663405e+01
1.0241501464502892e+02
1.1521587015701976e+02
1.2801556667207578e+02
1.4081410432126421e+02
1.5361148323581548e+02
1.6640770354699617e+02
1.7920276538613172e+02
1.9199666888405358e+02
2.0479972983109019e+02
2.1759839734530533e+02
2.3039905072430338e+02
2.4319943755196138e+02
2.5599966640259851e+02
2.6879980194477366e+02
2.8159988227490027e+02
2.9439992991918041e+02
3.0719995820325323e+02
3.1999997501312890e+02
3.1999540419460732e+02
3.1999905525957331e+02
3.1999943960964907e+02
3.1999966837417696e+02
3.1999980369269679e+02
3.1999988380599041e+02
3.1999993122984802e+02
3.1999995930053956e+02
3.1999997591441877e+02
3.1999998574671440e+02
3.1999999156545465e+02
3.1999999500885104e+02
3.1999999704654880e+02
3.1999999825224870e+02
3.1999999896589634e+02
3.1999999938817177e+02
3.1999999963789821e+02
3.1999999978567382e+02
3.2004474864884367e+02
3.1999999934511402e+02
3.2000907162631262e+02
3.2003282713137725e+02
3.1999999976777616e+02
3.1999834017010414e+02
3.2000518378378518e+02
3.2001434720453562e+02
3.2002414345984823e+02
3.2003411230495647e+02
3.2004412817474480e+02
3.1998056122214723e+02
3.1999999990959350e+02
3.2001378854263152e+02
3.2001914143877821e+02
3.2002219287193850e+02
3.2002461641064173e+02
3.2002686864287392e+02
3.2002907413566760e+02
3.2003126687396309e+02
3.2003345612983998e+02
3.2003564443254459e+02
3.2003783247232838e+02
3.2004002043741599e+02
3.2004220837930927e+02
3.2004439631194953e+02
3.2004658423926503e+02
3.2004877216177294e+02
3.2005096008014169e+02
3.1999999991751480e+02
3.1994903972005642e+02
3.1999999986410506e+02
3.2004625361965134e+02
3.1999999991508400e+02
3.1995374618183268e+02
3.1999999988784958e+02
3.2004496957816889e+02
3.1999999991436539e+02
3.1995503022326602e+02
3.1999999989368160e+02
3.2004461924580391e+02
3.1999999991404900e+02
3.1995538055507529e+02
3.1999999989546416e+02
3.2004452365033131e+02
3.1999999991424420e+02
3.1995547615130164e+02
3.1999999989621119e+02
3.2004449755262777e+02
3.1999999991420663e+02
3.1995550224931037e+02
3.1999999989611644e+02
3.2004449041463459e+02
3.1999999991415120e+02
3.1995550938712927e+02
3.1999999989626923e+02
3.2004448844953771e+02
3.1999999991416718e+02
3.1995551135198281e+02
3.1999999989614679e+02
3.2004448789553601e+02
3.1999999991397840e+02
3.1995551190575145e+02
3.1999999989602259e+02
3.2004448772678415e+02
3.1999999991377297e+02
3.1995551207436910e+02
3.1999999989640264e+02
3.2004448766370069e+02
3.1999999991432776e+02
3.1995551213847335e+02
3.1999999989652287e+02
3.2004448762812888e+02
3.1999999991481491e+02
3.1995551217471734e+02
3.1999999989693623e+02
3.2004448759263346e+02
3.1999999991463210e+02
3.1995551220996634e+02
3.1999999989671960e+02
3.2004448755641266e+02
3.1999999991433145e+02
3.0719895168999625e+02
2.9439674438043534e+02
2.8159337785452550e+02
2.6878885198105763e+02
2.5598316662862490e+02
2.4317632166604693e+02
2.3036831696165424e+02
2.1759999999762374e+02
2.0483052791123947e+02
1.9199999999478683e+02
1.7919999999861682e+02
1.6639884106865347e+02
1.5359652307363856e+02
1.4079304588191414e+02
1.2798840936264072e+02
1.1518261338419723e+02
1.0239999999959926e+02
8.9599999999959948e+01
7.6798841066174390e+01
6.3996523067408624e+01
5.1193045872311622e+01
3.8400000000280201e+01
2.5600000000503549e+01
1.2798841066754795e+01
4.4467597398902194e-10
6.0322217809456940e-10
4.6253281209406672e-10
4.7808592020508224e-10
4.5264557372458616e-10
4.9630066457718166e-10
4.4226405506529986e-10
6.0568140969285357e-10
4.6622283786083443e-10
2.9281234056023788e-10
3.6882240273187809e-10
4.6730910952046849e-10
3.1976002291652389e-10
4.1268764624732307e-10
3.5839115585723525e-10
6.2422967883523906e-11
-9.2350032541603643e-11
-4.0058640150285979e-11
-2.5458318476830060e-10
-3.6544292708686769e-10
-4.1735012526609253e-10
-4.1235570926889650e-10
-4.0385759383606209e-10
-4.5072700415500817e-10
-5.6800141165885962e-10
-8.5325316345079273e-10
-9.8387673311173004e-10
-1.2419324852430905e-09
-1.4250811323850505e-09
-1.4208979383182180e-09
-1.4815405902409988e-09
-1.5949658955681446e-09
-1.7446670999986987e-09
-1.6978625241280672e-09
-1.8319049818547520e-09
-1.8251718083348511e-09
-1.9015259659061799e-09
-1.9712847407118070e-09
-2.1284407438375495e-09
-2.1116824032687049e-09
-1.8504250664777119e-09
-1.8689180923535147e-09
-1.9517287877749334e-09
-2.0114568961910809e-09
-1.9974765086446761e-09
-2.0994953221846306e-09
-2.1803093731845053e-09
-2.3676141806182032e-09
-2.6231916068159819e-09
-2.6638874404567490e-09
-3.1710376999187336e-09
-3.1148941588707282e-09
-3.0402106668491637e-09
-3.1457609467224995e-09
-3.1298360213109205e-09
-3.2438733037305863e-09
-3.3489263912746239e-09
-3.1639541588234364e-09
-2.9591130332704734e-09
-3.0226379499113932e-09
-3.1562897692440939e-09
-3.3193526066750652e-09
-3.3914616834076605e-09
-3.5550924520277525e-09
-3.4695463899393020e-09
-3.6232610339359474e-09
-3.8116006275828352e-09
-3.6650690509702371e-09
-3.7435037186281257e-09
-3.7816790769044777e-09
-3.7763966568100052e-09
-3.5243875218645716e-09
-3.7371272613174420e-09
-3.8057581166401005e-09
-3.9667845758862112e-09
-4.2697296053087171e-09
-4.2276821345532080e-09
-4.3414627161443074e-09
-4.4333481186640360e-09
-4.1914972683614407e-09
-4.1919589093774676e-09
-4.2390282526557600e-09
-4.2180879745425613e-09
-4.2665443513628022e-09
-4.3715468902662784e-09
-4.3967078458372698e-09
-4.4857385488959006e-09
-4.5422445781128114e-09
-4.6756961894943098e-09
-4.8178593575853955e-09
-4.9138617669741316e-09
-4.9908981746960542e-09
-5.0067689386902901e-09
-4.7034691545609157e-09
-5.2230948401167529e-09
-5.1578852178048828e-09
-5.1734579573833271e-09
-5.3971289562651421e-09
-5.3643153919694549e-09
-5.4226882742081502e-09
-5.4649762441108913e-09
-1.2801059049869593e+01
-2.5603277180739205e+01
-3.8400000000886543e+01
-5.1197881318808626e+01
-6.3996921265795798e+01
-7.6797119972852073e+01
-8.9598477571044924e+01
-1.0240099419221423e+02
-1.1520466996711757e+02
-1.2800950502737408e+02
-1.4081549950442309e+02
-1.5360000000061316e+02
-1.6638565819665607e+02
-1.7920000000035500e+02
-1.9201550184262146e+02
-2.0480000000039456e+02
-2.1758565585740936e+02
-2.3037246954417847e+02
-2.4319999999916797e+02
-2.5602869146736089e+02
-2.6879999999678893e+02
-2.8157246525265685e+02
-2.9439999999687905e+02
-3.0722869575481002e+02
-3.1999999999668961e+02
-3.2000000008486580e+02
-3.2000000017309560e+02
-3.2000000026130903e+02
-3.2000000034938557e+02
-3.2000000043769728e+02
-3.2000000052584090e+02
-3.2000000061405495e+02
-3.2000000070213656e+02
-3.2000000079050358e+02
-3.2000000087892624e+02
-3.2000000096690724e+02
-3.2000000105496986e+02
-3.2000000114323097e+02
-3.2000000123149073e+02
-3.2000000131967357e+02
-3.2000000140792395e+02
-3.2000000149615028e+02
-3.2000000158426548e+02
-3.2000000167296872e+02
-3.2000000176110120e+02
-3.2000000184949181e+02
-3.2000000193761781e+02
-3.2000000202593071e+02
-3.2000000211417785e+02
-3.2000000220231061e+02
-3.2000000229061766e+02
-3.2000000237867164e+02
-3.2000000246681532e+02
-3.2000000255521832e+02
-3.2000000264384170e+02
-3.2000000273196576e+02
-3.2000000282017578e+02
-3.2000000290822982e+02
-3.2000000299651498e+02
-3.2000000308466571e+02
-3.2000000317277892e+02
-3.2000000326069210e+02
-3.2000000334903478e+02
-3.2000000343727140e+02
-3.2000000352543623e+02
-3.2000000361339880e+02
-3.2000000370173314e+02
-3.2000000378993462e+02
-3.2000000387815783e+02
-3.2000000396644623e+02
-3.2000000405484241e+02
-3.2000000414315576e+02
-3.2000000423142666e+02
-3.2000000431963980e+02
-3.2000000440772811e+02
-3.2000000449587264e+02
-3.2000000458362069e+02
-3.2000000467163579e+02
-3.2000000475973889e+02
-3.2000000484803297e+02
-3.2000000493603181e+02
-3.2000000502411643e+02
-3.2000000511208088e+02
-3.2000000520043096e+02
-3.2000000528882072e+02
-3.2000000537717926e+02
-3.2000000546523574e+02
-3.2000000555347077e+02
-3.2000000564169090e+02
-3.2000000572989825e+02
-3.2000000581820302e+02
-3.2000000590636330e+02
-3.2000000599458929e+02
-3.2000000608278924e+02
-3.2000000617091320e+02
-3.2000000625903436e+02
-3.2000000634719675e+02
-3.2000000643519547e+02
-3.2000000652337212e+02
-3.2000000661164012e+02
-3.2000000670017545e+02
-3.2000000678865490e+02
-3.2000000687664590e+02
-3.2000000696468589e+02
-3.2000000705292319e+02
-3.2000000714120415e+02
-3.2000000722946652e+02
-3.2000000731772190e+02
-3.2000000740602752e+02
-3.2000000749429074e+02
-3.2000000758272597e+02
-3.2000000767060908e+02
-3.2000000775880602e+02
-3.2000000784694754e+02
-3.2000000793513868e+02
-3.2000000802358824e+02
-3.2000000811188784e+02
-3.2000000820022473e+02
-3.2000000828839978e+02
-3.2000000837655705e+02
-3.2000000846480049e+02
-3.2000000855308679e+02
-3.2000000864127139e+02
-3.2000000872964017e+02
-3.2000000881767454e+02
-3.0720105888346660e+02
-2.9440326760026909e+02
-2.8160663483746231e+02
-2.6881116046331061e+02
-2.5601684434713002e+02
-2.4322368635765974e+02
-2.3043168636332786e+02
-2.1760000000264142e+02
-2.0476947626436430e+02
-1.9200000000595480e+02
-1.7920000000190737e+02
-1.6640115880067336e+02
-1.5360347627088129e+02
-1.4080695228128019e+02
-1.2801158670065399e+02
-1.1521737939819523e+02
-1.0240000000072286e+02
-8.9600000000481913e+01
-7.6801158802853024e+01
-6.4003476276653387e+01
-5.1206952290674288e+01
-3.8400000000340675e+01
-2.5600000000277078e+01
-1.2801158802944748e+01
-2.4473505953216851e-11
3.4482017764637604e-11
-3.4387579715268713e-11
-2.0639075345218005e-10
-9.5101601969793012e-12
-4.7418450385860213e-11
-1.6233552608307126e-10
-1.2953044882279213e-10
-4.3738599252860960e-10
-7.0805121247933840e-10
-5.5404678417396898e-10
-5.4344055047612558e-10
-4.2811423161690277e-10
-2.3017783653137229e-10
-5.4972307936493034e-11
-1.9744844767714371e-10
-1.3325580943130745e-10
1.9028072979528620e-10
1.9340745979201806e-10
1.6109453048271014e-10
-2.6376361323273379e-11
-1.4111305839735398e-10
1.3870791570895163e-12
-8.7396148900535871e-11
-2.2496531887402132e-10
-2.9642230569445527e-10
-2.6692119894325683e-11
-2.7617572160540261e-10
-3.1657341997939613e-10
-6.2381539653382000e-10
-7.1624029216324692e-10
-4.5804998819869365e-10
-5.5608636931816779e-10
-5.1034776147391607e-10
-4.2758545467572792e-10
-1.7760354558246792e-10
-7.3110575868464521e-11
-1.1038088928486412e-10
-2.5314520550263991e-10
-2.9657598570365331e-10
-4.7021097970864103e-10
-5.9224006422469881e-10
-6.6623243962691135e-10
-6.6132977705089565e-10
-7.6950247364299122e-10
-8.9513984019937160e-10
-1.0400131715550700e-09
-1.2062143645143879e-09
-1.2808981557077166e-09
-1.3914269553464547e-09
-1.4847442730213183e-09
-1.5967035809351119e-09
-1.5996447619546941e-09
-1.7661594430573195e-09
-1.5540132258843685e-09
-1.5924647859158335e-09
-1.6076604974207073e-09
-1.5603894939316575e-09
-1.5399277062968903e-09
-1.4569992446882487e-09
-1.6164407270433581e-09
-1.7419169604080923e-09
-1.8501290355730176e-09
-1.9742858517524972e-09
-1.7238055807341989e-09
-1.7146468764282542e-09
-1.8474418996621860e-09
-1.9141854941192126e-09
-1.8926748610182328e-09
-1.9081746982035787e-09
-2.0025320635110452e-09
-2.2200880339350488e-09
-2.3083169618049658e-09
-2.4290713504385358e-09
-2.2669440721191008e-09
-2.2145190929345756e-09
-2.3932520473915856e-09
-2.5712446089809441e-09
-2.5268003373963513e-09
-2.7810675456855908e-09
-2.5219297831877122e-09
-2.7669993289245181e-09
-3.0319593218501894e-09
-2.9544596829861563e-09
-2.7684372682450644e-09
-2.5859686102747482e-09
-2.6233039142215643e-09
-2.8256497047061841e-09
-2.9047266270899677e-09
-2.7375679755987446e-09
-2.5661419342782059e-09
-2.5781239270799492e-09
-2.3554349215132839e-09
-2.1748832930322624e-09
-2.1267806680079595e-09
-1.9090496948090157e-09
-2.1639128692595894e-09
-2.2859184246673793e-09
-2.1641117210541181e-09
-2.2402416492994829e-09
-2.3134387690840819e-09
