0.0000000000000000e+00
-2.9967630962485296e-04
-1.1986697913967332e-03
-2.6969281173680627e-03
7.7772668054527095e-11
2.0971694320100023e-03
3.5946318333277003e-03
4.4924407519165467e-03
4.7906476574184655e-03
4.4893053799903845e-03
3.5884665224399184e-03
2.0881832523448793e-03
-1.1492150261259308e-05
-2.7105069974590265e-03
-6.0088090383097733e-03
-9.9063460299329675e-03
-1.8382002293650500e-04
-1.0939380251843035e-03
-6.4688546884935738e-04
-3.8283096686794320e-04
-2.2658015517862219e-04
-1.3411454993972411e-04
-7.9391872014931915e-05
-4.7003517494978351e-05
-2.7831983829166380e-05
-1.6482378790796116e-05
-2.4796666818209740e-03
-6.4672229580326228e-04
-3.8301516359541944e-04
-2.2661677703187210e-04
-1.3409831125265871e-04
-7.9350439653169696e-05
-4.6953910056127309e-05
-2.7783461623840334e-05
-1.6439829875132002e-05
-9.7277224043696244e-06
-5.7560106348746833e-06
-3.4059273095556364e-06
-2.0152719078175802e-06
-1.1925295999855115e-06
-7.0550482486388370e-07
-4.1737796330980528e-07
-2.4700686276690176e-07
-1.4621285339028455e-07
-2.2379024096111973e-02
-4.4678942944266226e-07
-4.5337065112863294e-03
-1.6409623372646509e-02
-1.5840559470178597e-07
8.2530057008955472e-04
-2.6009688929932470e-03
-7.1872650318377867e-03
-1.2090100828751903e-02
-1.7079354658836452e-02
-2.2092243871996209e-02
9.7191695133531843e-03
-4.0691810471179908e-08
-6.8942294421115774e-03
-9.5705556854152260e-03
-1.1096156010616845e-02
-1.2307815279562212e-02
-1.3433826815771589e-02
-1.4536474728292236e-02
-1.5632751195893399e-02
-1.6727292003250092e-02
-1.7821362316864247e-02
-1.8915306859439856e-02
-2.0009219959647287e-02
-2.1103127102504841e-02
-2.2197035466170419e-02
-2.3290946780524045e-02
-2.4384862151482244e-02
-2.5478781259859546e-02
-3.7380921595615411e-08
2.5478684078070482e-02
-6.1744809931275400e-08
-2.3125653462256708e-02
-3.8505125563575400e-08
2.3125557842180365e-02
-5.0885021733166764e-08
-2.2483684456596629e-02
-3.8708567031360102e-08
2.2483589352604857e-02
-4.8267756312361261e-08
-2.2308557694905855e-02
-3.8982892039512655e-08
2.2308462052156228e-02
-4.7515691665399388e-08
-2.2260794943373786e-02
-3.8788895961894877e-08
2.2260699954188418e-02
-4.6834995460603431e-08
-2.2247779678629266e-02
-3.8875332789531311e-08
2.2247684983705569e-02
-4.7170372705870252e-08
-2.2244245384870853e-02
-3.8976913740787521e-08
2.2244150209427074e-02
-4.7246947985019232e-08
-2.2243297310838885e-02
-3.8877560253359940e-08
2.2243201976998892e-02
-4.7213548334592920e-08
-2.2243054965979905e-02
-3.9162373362433169e-08
2.2242959362096807e-02
-4.7335768174840478e-08
-2.2243004801308013e-02
-3.9192798734572827e-08
2.2242909235063123e-02
-4.7053808183028432e-08
-2.2243006748952205e-02
-3.8896552155086687e-08
2.2242911988818229e-02
-4.6850118801943879e-08
-2.2243022993367226e-02
-3.8327051888337069e-08
2.2242928871219668e-02
-4.6490837243840464e-08
-2.2243039026789722e-02
-3.8547204854037989e-08
2.2242944836327369e-02
-4.6587815581602425e-08
-2.2243055736248855e-02
-3.8692174351345755e-08
-2.9565236821345721e-04
-1.1907775950678360e-03
-2.6854666319195098e-03
-4.7797718016178905e-03
-7.4737455743177968e-03
-1.0767440348353958e-02
-1.4660908723664566e-02
1.4790243645311286e-09
1.4063063863998717e-02
3.4072074857848783e-09
9.7829066610395742e-10
-5.9944226321723452e-04
-1.7983786379768968e-03
-3.5968609610784103e-03
-5.9949410000270662e-03
-8.9926717549589450e-03
6.9753339418845982e-10
3.5983901492068835e-10
-5.9944094697555192e-04
-1.7983753330178202e-03
-3.5968552110786042e-03
4.4499825478854797e-10
4.4690602493686217e-10
-5.9944048690004342e-04
2.5852578321317818e-10
3.6765216087736398e-10
3.0167184208224416e-10
3.3333455154502452e-10
2.8001487699449608e-10
3.5056207254458706e-10
3.4110326992683968e-10
4.3824038351401737e-10
2.8692809044087484e-10
1.6254322765885577e-10
6.7131269369253872e-11
3.2067755896914680e-11
-1.7746692004205426e-10
-1.0101877008702522e-10
-1.7547087286343467e-10
-5.1078713596422222e-10
-7.2593062115841740e-10
-7.0976733065865582e-10
-9.2433166178794025e-10
-1.0132526668642484e-09
-1.0555883587036661e-09
-1.1756259481421781e-09
-1.0863669200344998e-09
-1.0790728114307073e-09
-1.2260329505228349e-09
-1.5370282485441692e-09
-1.6655081893025366e-09
-1.9866173187010923e-09
-2.2389975521099333e-09
-2.0929509888303972e-09
-2.2134099802505030e-09
-2.3798209347796696e-09
-2.4982276183665372e-09
-2.5281717056463304e-09
-2.7362928060982480e-09
-2.6889611158158858e-09
-2.7835501133839246e-09
-2.8195200609199221e-09
-3.0762029291169700e-09
-3.0629295657811649e-09
-2.8204280853341653e-09
-2.8127416866419931e-09
-2.8987403561909456e-09
-2.9681319821830491e-09
-2.9471088627034707e-09
-3.0354364703202949e-09
-3.1646771747717459e-09
-3.3827814704237000e-09
-3.5954728986105681e-09
-3.6743982461102120e-09
-4.0985496376490358e-09
-4.2021882921903536e-09
-4.1035003774813192e-09
-4.2621734934832481e-09
-4.3297736609777872e-09
-4.4300853542113598e-09
-4.7211159675007507e-09
-4.6230006866063193e-09
-4.4589344574943740e-09
-4.5162961526218315e-09
-4.6814742511231472e-09
-4.9936359991307098e-09
-5.1215242537978699e-09
-5.1866225913877222e-09
-5.1774138497258792e-09
-5.3651946726405963e-09
-5.5539139112305455e-09
-5.5296573151100508e-09
-5.6338834836779211e-09
-5.7256051480985609e-09
-5.7556107403443203e-09
-5.6472742725960595e-09
-5.9657882221581542e-09
-6.0064058537412474e-09
-6.1719299816997289e-09
-6.3498385725909126e-09
-6.3191175999302046e-09
-6.4590000980310812e-09
-6.5550316832682571e-09
-6.5554707523291555e-09
-6.5791228082375029e-09
-6.7188352921265410e-09
-6.6737779582118681e-09
-6.7872173233322699e-09
-6.9472230190123519e-09
-6.9752516040110232e-09
-7.0532542708648761e-09
-7.0911581148129605e-09
-7.2544910048737574e-09
-7.4360969676151898e-09
-7.6280639663380002e-09
-7.7437134468851838e-09
-7.7918459082183538e-09
-7.6413283066802436e-09
-8.2019875479439861e-09
-8.1550066979238492e-09
-8.1927808697986455e-09
-8.5239369515919832e-09
-8.4822102198645276e-09
-8.5176424055497225e-09
-8.5694854258847161e-09
-2.9973901496459687e-04
-1.1989814741300015e-03
-4.6311449861220895e-10
5.9973434245237103e-04
6.0017049396568110e-04
1.2555811539348425e-06
-1.1970623615904111e-03
-2.9948363586793409e-03
-5.3921183987707469e-03
-8.3889611277773914e-03
-1.1985417093946928e-02
4.5218325407590216e-10
1.1386305767346349e-02
7.9173894810351502e-10
-1.1986022297519100e-02
1.0967193721565978e-09
1.1386912496940646e-02
2.2174659972774909e-02
2.2711823049564583e-09
-2.2774599077098907e-02
6.4828781616191787e-09
2.2175724370377993e-02
5.5806275569316313e-09
-2.2775656889449058e-02
6.6466537284360296e-09
-3.9150997607092621e-08
-8.5039301794262985e-08
-1.3086555017511235e-07
-1.7673770934495529e-07
-2.2280247760601019e-07
-2.6860804424617829e-07
-3.1453112501856622e-07
-3.6036377938827538e-07
-4.0646524373344558e-07
-4.5255477087303215e-07
-4.9828418474709319e-07
-5.4399851842034140e-07
-5.9001473930444022e-07
-6.3596089170306110e-07
-6.8179081558181731e-07
-7.2782966830126949e-07
-7.7381004692896234e-07
-8.1956786571660984e-07
-8.6595743655249505e-07
-9.1174753660686041e-07
-9.5794591264062909e-07
-1.0037989490957170e-06
-1.0497695997589610e-06
-1.0956168165702532e-06
-1.1415626939482738e-06
-1.1875723604836964e-06
-1.2333928324592295e-06
-1.2793303923033722e-06
-1.3253827353732533e-06
-1.3716728516918097e-06
-1.4174874305179017e-06
-1.4633733137647131e-06
-1.5092046774114901e-06
-1.5551941930800691e-06
-1.6011411842288746e-06
-1.6471011517136726e-06
-1.6926801920874119e-06
-1.7388134844823192e-06
-1.7847988859710599e-06
-1.8307077142987895e-06
-1.8764716289269331e-06
-1.9225894906858873e-06
-1.9684301387701045e-06
-2.0143925306091924e-06
-2.0604197181644387e-06
-2.1065664168077870e-06
-2.1526127392740957e-06
-2.1986447030901599e-06
-2.2444809765434317e-06
-2.2902686598013472e-06
-2.3361915016917059e-06
-2.3815964787672940e-06
-2.4273768527569960e-06
-2.4732090882782082e-06
-2.5192284856807124e-06
-2.5650129288366838e-06
-2.6106919556985409e-06
-2.6564764608748330e-06
-2.7025742522292778e-06
-2.7486728051233580e-06
-2.7947637454922324e-06
-2.8405140936161995e-06
-2.8864244970491290e-06
-2.9323829440263555e-06
-2.9783209948401919e-06
-3.0242585910855150e-06
-3.0701288709793513e-06
-3.1160372360739624e-06
-3.1620479730251372e-06
-3.2078821357118163e-06
-3.2537742573086404e-06
-3.2995710903913285e-06
-3.3453734287137336e-06
-3.3912799595444972e-06
-3.4373537320683287e-06
-3.4836382813246748e-06
-3.5297242858834953e-06
-3.5755653944839605e-06
-3.6213771869024550e-06
-3.6673497011901485e-06
-3.7133646730758382e-06
-3.7592904864805380e-06
-3.8053035531100688e-06
-3.8512933666907424e-06
-3.8971071524555403e-06
-3.9432569722155413e-06
-3.9888476928065698e-06
-4.0348333263912944e-06
-4.0807125426571389e-06
-4.1266456300360854e-06
-4.1727611083653262e-06
-4.2187739040089891e-06
-4.2647754323784569e-06
-4.3106934946601364e-06
-4.3566506751487983e-06
-4.4026765345612364e-06
-4.4486129752037455e-06
-4.4945001057307156e-06
-4.5406789417992884e-06
-4.5863759886909480e-06
-2.9967643525464572e-04
-1.1940841147881484e-03
-2.6877573846812663e-03
-4.7806434056454341e-03
-7.4726902899487175e-03
-1.0763845582368637e-02
-1.4654056464042348e-02
1.1445508679107065e-09
1.4053073101959230e-02
2.5918919533850481e-09
3.2412927625293613e-10
-5.9939048571842088e-04
-1.7981173474018331e-03
-3.5961278277792559e-03
-5.9933694795327340e-03
-8.9897902803796493e-03
1.3114915297316727e-10
-3.2953506009438580e-10
-5.9938910881884334e-04
-1.7981139332072607e-03
-3.5961224433041228e-03
-4.8765486068788051e-10
-7.4999011864617265e-10
-5.9938931892979379e-04
-4.8850511776174550e-10
-5.0793254306928310e-10
-5.4695115931049632e-10
-7.3106405316998038e-10
-4.9818608332995724e-10
-4.4242089427072507e-10
-5.7348569828992622e-10
-5.8427654053149339e-10
-8.9593921783178637e-10
-1.2592777942990219e-09
-1.0815745852176983e-09
-1.1317321597203400e-09
-9.9135798403208039e-10
-8.0609765008636636e-10
-5.7829049612054240e-10
-6.9461169342705635e-10
-6.8950637740314633e-10
-3.3047012739903774e-10
-3.8098488564842617e-10
-3.9943047446865421e-10
-5.1942682845694510e-10
-6.4815605983132090e-10
-5.0866891284971648e-10
-5.8215872497033595e-10
-7.4106861405699615e-10
-9.1797542719515139e-10
-5.7057066693206477e-10
-8.5752600547167371e-10
-9.3963416853672758e-10
-1.2368152212658782e-09
-1.2986297351335647e-09
-1.0348902155064411e-09
-1.1221786005902295e-09
-1.1306218603328366e-09
-1.0286522485041262e-09
-7.1218575976044511e-10
-6.6464788668560700e-10
-7.0411763257953724e-10
-7.8631012627856013e-10
-8.3579515343719637e-10
-1.0140155210792524e-09
-1.1327466855815066e-09
-1.1063796452712737e-09
-1.1815331540616501e-09
-1.2794381152798121e-09
-1.2899905395188720e-09
-1.4098747633557344e-09
-1.5303694323530657e-09
-1.5925020902297703e-09
-1.6995738012676956e-09
-1.8708596337006742e-09
-1.9483909130511465e-09
-2.0346612790186979e-09
-2.1653601909494742e-09
-1.9940673829551816e-09
-2.0185984720438678e-09
-2.1038708887604030e-09
-2.1647713820615335e-09
-2.2538742032467471e-09
-2.2172808676175928e-09
-2.3636363199758187e-09
-2.4884653627642265e-09
-2.5927931296303630e-09
-2.7840998613630912e-09
-2.4886741272402350e-09
-2.6025841541516104e-09
-2.7728706973240839e-09
-2.8385996168229031e-09
-2.8733931453240745e-09
-2.8608496257242169e-09
-2.9124600776279136e-09
-3.1462216874589212e-09
-3.2423601575999502e-09
-3.3656603807644875e-09
-3.2957780616483079e-09
-3.1814231948026420e-09
-3.2592121566957543e-09
-3.4129388653264686e-09
-3.3531790693607482e-09
-3.6551259556334622e-09
-3.4388663792003539e-09
-3.6689023466548948e-09
-3.8951395746784035e-09
-3.8797408138621168e-09
-3.7547457273414919e-09
-3.5437074463077701e-09
-3.7069029349624390e-09
-3.9353897342197112e-09
-3.9937965027412134e-09
-3.8481267993567916e-09
-3.7372542841806231e-09
-3.7419011425234714e-09
-3.5850579700694520e-09
-3.3869565751679034e-09
-3.3426008324288891e-09
-3.1973708512252918e-09
-3.4249378575093934e-09
-3.4935573331742340e-09
-3.3755093441842783e-09
-3.4052584764321803e-09
-3.4265266034541109e-09
