0.0000000000000000e+00
-2.9967631588497906e-04
-1.1986698335407270e-03
-2.6969281992840904e-03
7.2829760909068416e-11
2.0971695471515709e-03
3.5946320429853548e-03
4.4924411049032387e-03
4.7906481527976823e-03
4.4893060707432300e-03
3.5884672356637109e-03
2.0881840068178140e-03
-1.1491213445405091e-05
-2.7105060750199461e-03
-6.0088080353118706e-03
-9.9063448806761007e-03
-1.8381983226234985e-04
-1.0939379013928173e-03
-6.4688538006048507e-04
-3.8283097588497105e-04
-2.2658018441340359e-04
-1.3411460773640532e-04
-7.9391936352921956e-05
-4.7003565605287131e-05
-2.7832047234266297e-05
-1.6482445317697298e-05
-2.4796667164530065e-03
-6.4672231897193455e-04
-3.8301520386393409e-04
-2.2661680230676772e-04
-1.3409819597261328e-04
-7.9350529126257204e-05
-4.6954063271354151e-05
-2.7783621178986190e-05
-1.6439996075408729e-05
-9.7277846285341085e-06
-5.7561089618848577e-06
-3.4060372279881272e-06
-2.0153912813367539e-06
-1.1926320668269950e-06
-7.0559204870552797e-07
-4.1744843988681795e-07
-2.4711311074617975e-07
-1.4627616819300313e-07
-2.2379024086942666e-02
-4.4682994630610617e-07
-4.5337065348213914e-03
-1.6409623454778796e-02
-1.5840552146945830e-07
8.2530074566361804e-04
-2.6009686355841269e-03
-7.1872645716086585e-03
-1.2090100408161242e-02
-1.7079354143362542e-02
-2.2092243305686154e-02
9.7191695487930194e-03
-4.0673375037734782e-08
-6.8942295490865514e-03
-9.5705558612642974e-03
-1.1096156200598360e-02
-1.2307815593496753e-02
-1.3433827259280454e-02
-1.4536475187157453e-02
-1.5632751821493610e-02
-1.6727292672233118e-02
-1.7821362920702868e-02
-1.8915307562352299e-02
-2.0009220772250390e-02
-2.1103128093957174e-02
-2.2197036499534535e-02
-2.3290947947408026e-02
-2.4384863345925531e-02
-2.5478782476607297e-02
-3.7483503123639014e-08
2.5478684966053787e-02
-6.1779116179614154e-08
-2.3125654447054438e-02
-3.8521949578055848e-08
2.3125558685049070e-02
-5.1010405166945421e-08
-2.2483685516233903e-02
-3.8980257785787239e-08
2.2483589789284459e-02
-4.8588113638091238e-08
-2.2308558830619215e-02
-3.9290492753869363e-08
2.2308462520806750e-02
-4.7800892406186051e-08
-2.2260796094893991e-02
-3.9148825340209191e-08
2.2260700283573825e-02
-4.7302432240778784e-08
-2.2247780946651727e-02
-3.9168093956859918e-08
2.2247685491138071e-02
-4.7438133557864929e-08
-2.2244246435376945e-02
-3.9163144823143598e-08
2.2244150951668699e-02
-4.7381110026217888e-08
-2.2243298300243738e-02
-3.9075835929910637e-08
2.2243202686791318e-02
-4.7304043431061454e-08
-2.2243055778349393e-02
-3.9128474293927259e-08
2.2242960228447649e-02
-4.7325178379286020e-08
-2.2243005743248022e-02
-3.9209232872700612e-08
2.2242910141398623e-02
-4.7014811057663883e-08
-2.2243007458290314e-02
-3.8831887466834831e-08
2.2242912783822288e-02
-4.6884869431639454e-08
-2.2243023744897526e-02
-3.8319818536405177e-08
2.2242929662101295e-02
-4.6356782843206078e-08
-2.2243039640378340e-02
-3.8371855459098109e-08
2.2242945535737843e-02
-4.6746847439933589e-08
-2.2243056632120332e-02
-3.8822958677413669e-08
-2.9565249102939708e-04
-1.1907777930794067e-03
-2.6854668788787342e-03
-4.7797720598096059e-03
-7.4737459408659723e-03
-1.0767440707492875e-02
-1.4660909031613628e-02
1.4568475252850260e-09
1.4063064110380967e-02
3.4528368923924791e-09
9.2821922639646904e-10
-5.9944232647881745e-04
-1.7983786592850502e-03
-3.5968608368371438e-03
-5.9949408747296843e-03
-8.9926714067855868e-03
1.0336735657671557e-09
5.3803251215928837e-10
-5.9944083676969219e-04
-1.7983753505584163e-03
-3.5968554264603041e-03
5.7499350610407870e-10
3.5800679276343874e-10
-5.9944067865762209e-04
2.1718093449416494e-10
3.1349731252813590e-10
2.5472987519721223e-10
2.4433416985789553e-10
2.1283418266265860e-10
3.0029471325601538e-10
1.7097193788414371e-10
2.5422744745696672e-10
1.1509230350150992e-10
-6.9358133646800382e-11
5.1759633918636001e-11
2.2639990882953536e-11
-1.1024521921710862e-10
-2.6366023191581828e-11
-1.6547094986695458e-10
-3.8395910762490054e-10
-5.3804149114020877e-10
-4.9120304189721092e-10
-7.4398020068906214e-10
-8.6095507394713637e-10
-8.8878052694244462e-10
-8.9971736634039461e-10
-8.8776180923246991e-10
-9.1019188674890638e-10
-9.7452129559356365e-10
-1.2373386274465262e-09
-1.3550537014625280e-09
-1.5801970155132114e-09
-1.6914358733788420e-09
-1.7042511011257532e-09
-1.7874651258269129e-09
-1.8834261605619946e-09
-1.9449035178291200e-09
-1.9259651840293901e-09
-2.0890166208406807e-09
-2.0195178695189977e-09
-2.0637146278236848e-09
-2.1713568930272062e-09
-2.3874914112124882e-09
-2.4175231151171384e-09
-2.1797267520611228e-09
-2.1592545340162155e-09
-2.3110122952855178e-09
-2.3640238676735772e-09
-2.3424020984764379e-09
-2.5669893176222572e-09
-2.5917794753650499e-09
-2.7943225285606840e-09
-2.9831815850573095e-09
-3.0592689713998060e-09
-3.4890826632847962e-09
-3.4970913719321149e-09
-3.4257519461301413e-09
-3.5275600897464033e-09
-3.5670873279560514e-09
-3.6639135414701246e-09
-3.7795463927175556e-09
-3.7406716719520911e-09
-3.5117664434630864e-09
-3.4686052155393031e-09
-3.5989336705109095e-09
-3.7669860814781411e-09
-3.9132151255812594e-09
-3.9727921750182490e-09
-3.9842411634383053e-09
-4.1222012780150416e-09
-4.3360796538136580e-09
-4.3482530250872356e-09
-4.3643646258761185e-09
-4.4061856830591569e-09
-4.4189300949587558e-09
-4.1682596718394406e-09
-4.4513535872938604e-09
-4.4811883916478947e-09
-4.6320508062435859e-09
-4.9477822060984477e-09
-4.8924278927489868e-09
-4.9815535010006556e-09
-5.1122612240341978e-09
-5.0139481868639809e-09
-5.0167886828356325e-09
-5.1037144607847202e-09
-5.1575299199974028e-09
-5.1589816107083303e-09
-5.2582359897173904e-09
-5.3014555428984719e-09
-5.4605697307113047e-09
-5.4820002972582073e-09
-5.5716999711125019e-09
-5.8120873449697351e-09
-5.9480696962056675e-09
-6.0100338851193291e-09
-5.9900999651723617e-09
-5.8254518034037003e-09
-6.3600111710473607e-09
-6.2057432314089175e-09
-6.1093483044191542e-09
-6.3965706571643963e-09
-6.3555441672645583e-09
-6.3535890514496868e-09
-6.4013315682145489e-09
-2.9973933592845474e-04
-1.1989842525660529e-03
-7.3695768533135783e-10
5.9973662585059218e-04
6.0017516666427103e-04
1.2627942888780295e-06
-1.1970526990717247e-03
-2.9948242233241882e-03
-5.3921037179720252e-03
-8.3889440176706347e-03
-1.1985397439959789e-02
2.8920722878147170e-10
1.1386285528094996e-02
5.9860691381535264e-10
-1.1986002453281786e-02
9.7857328252084490e-10
1.1386892448766034e-02
2.2174620016439300e-02
2.3412827161570815e-09
-2.2774558916563867e-02
6.6230317891128905e-09
2.2175684367957568e-02
5.8295761416718079e-09
-2.2775616641538592e-02
6.7871025006073543e-09
-3.9185516905981155e-08
-8.5160379697940075e-08
-1.3110450094448615e-07
-1.7700903518794021e-07
-2.2304841981833413e-07
-2.6886500952873475e-07
-3.1493168571278542e-07
-3.6079359381757743e-07
-4.0687692502021123e-07
-4.5301961409279700e-07
-4.9877333258733691e-07
-5.4453541805784375e-07
-5.9053464495898327e-07
-6.3656750689282974e-07
-6.8244470601302608e-07
-7.2849142050519236e-07
-7.7438384281693902e-07
-8.2022025869306693e-07
-8.6666682892705358e-07
-9.1252733956399711e-07
-9.5877447571264681e-07
-1.0046623565687285e-06
-1.0507159209689541e-06
-1.0966565154958259e-06
-1.1425535306410342e-06
-1.1886018071937105e-06
-1.2344754377126835e-06
-1.2804969718177925e-06
-1.3266149670392349e-06
-1.3728714186183574e-06
-1.4186701122991259e-06
-1.4646712832656124e-06
-1.5106540043638801e-06
-1.5565876595246542e-06
-1.6025854517971575e-06
-1.6485641657281141e-06
-1.6942350673043750e-06
-1.7403716577075333e-06
-1.7863891159378079e-06
-1.8322741955388604e-06
-1.8781076767011306e-06
-1.9242703650981731e-06
-1.9701813931077976e-06
-2.0161175155913596e-06
-2.0621701966989100e-06
-2.1082630838145944e-06
-2.1542268349938849e-06
-2.2003045593030917e-06
-2.2461873320262601e-06
-2.2920362898329426e-06
-2.3379754338572287e-06
-2.3835559030663351e-06
-2.4294590859688057e-06
-2.4753819496877074e-06
-2.5214316198356642e-06
-2.5671553176326440e-06
-2.6130097493347452e-06
-2.6587838694531593e-06
-2.7049139422897150e-06
-2.7510418534556623e-06
-2.7971458028649564e-06
-2.8429793771403938e-06
-2.8888720839162538e-06
-2.9349243032840519e-06
-2.9808957941288154e-06
-3.0268968577962386e-06
-3.0728612904760827e-06
-3.1187563211136184e-06
-3.1647302231334047e-06
-3.2106076407189827e-06
-3.2565515818681456e-06
-3.3024465704966680e-06
-3.3482440718046100e-06
-3.3942451522118806e-06
-3.4402815623571169e-06
-3.4865197319924390e-06
-3.5327210122521724e-06
-3.5785008631006779e-06
-3.6244037831308842e-06
-3.6703589842946742e-06
-3.7163973231235637e-06
-3.7623145042460364e-06
-3.8083726692063979e-06
-3.8543879769926967e-06
-3.9004317341287127e-06
-3.9466311899339377e-06
-3.9922890695827544e-06
-4.0382290390472963e-06
-4.0841502955866021e-06
-4.1300717850879755e-06
-4.1762531248476715e-06
-4.2223052322148767e-06
-4.2684251263861085e-06
-4.3143546039764506e-06
-4.3602734249662746e-06
-4.4063530868599825e-06
-4.4523455287093161e-06
-4.4983284337134600e-06
-4.5444853930643568e-06
-4.5902998984223901e-06
-2.9967567619203423e-04
-1.1940786379597088e-03
-2.6877471999540111e-03
-4.7806285931872418e-03
-7.4726708298874268e-03
-1.0763821388605021e-02
-1.4654027586195342e-02
1.9367319167614697e-09
1.4053045765713548e-02
3.2928433645126553e-09
1.0750427540853016e-09
-5.9938974371826284e-04
-1.7981165886347520e-03
-3.5961270270308374e-03
-5.9933686750251050e-03
-8.9897895584201398e-03
9.2024733161794801e-10
2.4810701085839024e-10
-5.9938857763492846e-04
-1.7981135127293137e-03
-3.5961220574315003e-03
9.2521127214962468e-11
-1.1186368069319299e-11
-5.9938867586495316e-04
1.1129850617046312e-10
1.2448401415795176e-10
7.0693556887824016e-11
-1.4878139696572337e-10
1.5461117506235914e-11
6.7059119490613618e-11
-1.1380114012185655e-10
-1.0355440454781900e-10
-3.3836793401588554e-10
-6.7035100416976512e-10
-4.4348256835234522e-10
-4.4418902734125769e-10
-2.1968630434563797e-10
-4.3185506090271654e-11
9.8900788105130318e-11
7.9338978516019628e-12
6.0156979017982813e-11
3.4357105635912731e-10
2.6014627634187382e-10
3.0430307314185960e-10
2.0510716162340039e-10
1.2130407826404213e-10
1.3143445496164818e-10
6.9275808862058039e-11
-2.4267159172200329e-11
-2.3082114552101069e-10
-1.0365635566968377e-11
-2.0496848445542155e-10
-3.0662065550530168e-10
-6.4439433366787139e-10
-5.5671944504407841e-10
-2.6113763039605612e-10
-3.6105515030798348e-10
-3.6292549404655606e-10
-2.9263351746318664e-10
-5.1336032160296679e-11
-1.6402772722188374e-11
-6.0436112792983911e-11
-1.1653626537714881e-10
-1.7172186832214406e-10
-3.7398360247607076e-10
-4.7359564368608340e-10
-5.5678311686400998e-10
-6.3779771472461820e-10
-7.4680691590698476e-10
-8.4797860025957018e-10
-9.5622812391558435e-10
-1.1316992414122968e-09
-1.1587042072599203e-09
-1.2884515261686312e-09
-1.3684059899033489e-09
-1.4655527966256849e-09
-1.4946982513043545e-09
-1.5594310383868408e-09
-1.3862364057992024e-09
-1.4977620523018954e-09
-1.5239214087361651e-09
-1.5255379412710007e-09
-1.6144904193361614e-09
-1.5064164965257971e-09
-1.5858087934762300e-09
-1.6543017176638490e-09
-1.7134269010613836e-09
-1.8365136630271519e-09
-1.5052188841737485e-09
-1.5291376259118186e-09
-1.5979416842714871e-09
-1.6445366075802128e-09
-1.6621195749013599e-09
-1.6403793831711327e-09
-1.6998858885427312e-09
-1.9234588034698175e-09
-2.0479503611494457e-09
-2.1155449207847292e-09
-2.0019756145338802e-09
-1.9696092055219285e-09
-2.0580187210418559e-09
-2.2068764863923804e-09
-2.2233157612093176e-09
-2.4860084127584649e-09
-2.2577921377124204e-09
-2.4408358252462470e-09
-2.7108987843411329e-09
-2.6487202343597579e-09
-2.5346645221915004e-09
-2.2442628469685683e-09
-2.3053576709068982e-09
-2.4137699726465504e-09
-2.4411289865028260e-09
-2.3691419277422110e-09
-2.2059146350038889e-09
-2.1521920178359087e-09
-2.1042345847112953e-09
-1.8590419576492518e-09
-1.8009825173925991e-09
-1.6475676138339615e-09
-1.8562952404722204e-09
-1.9741553470626683e-09
-1.9443875939251138e-09
-1.9939593011210388e-09
-1.9821523978283429e-09
