0.0000000000000000e+00
1.0000000000000001e-01
2.0000000000000001e-01
3.0000000000000004e-01
4.0000000000000002e-01
5.0000000000000000e-01
5.9999999999999998e-01
6.9999999999999996e-01
7.9999999999999993e-01
8.9999999999999991e-01
1.0000000000000000e+00
1.1000000000000001e+00
1.2000000000000002e+00
1.3000000000000003e+00
1.4000000000000004e+00
1.5000000000000004e+00
1.6000000000000005e+00
1.7000000000000006e+00
1.8000000000000007e+00
1.9000000000000008e+00
2.0000000000000000e+00
2.1000000000000001e+00
2.2000000000000002e+00
2.3000000000000003e+00
2.4000000000000004e+00
2.5000000000000004e+00
2.6000000000000005e+00
2.7000000000000006e+00
2.8000000000000007e+00
2.9000000000000008e+00
3.0000000000000000e+00
3.1000000000000001e+00
3.2000000000000002e+00
3.3000000000000003e+00
3.4000000000000004e+00
3.5000000000000004e+00
3.6000000000000005e+00
3.7000000000000006e+00
3.8000000000000007e+00
3.9000000000000008e+00
4.0000000000000000e+00
4.0999999999999996e+00
4.1999999999999993e+00
4.2999999999999989e+00
4.3999999999999986e+00
4.4999999999999982e+00
4.5999999999999979e+00
4.6999999999999975e+00
4.7999999999999972e+00
4.8999999999999968e+00
5.0000000000000000e+00
5.0999999999999996e+00
5.1999999999999993e+00
5.2999999999999989e+00
5.3999999999999986e+00
5.4999999999999982e+00
5.5999999999999979e+00
5.6999999999999975e+00
5.7999999999999972e+00
5.8999999999999968e+00
6.0000000000000000e+00
6.0999999999999996e+00
6.1999999999999993e+00
6.2999999999999989e+00
6.3999999999999986e+00
6.4999999999999982e+00
6.5999999999999979e+00
6.6999999999999975e+00
6.7999999999999972e+00
6.8999999999999968e+00
7.0000000000000000e+00
7.0999999999999996e+00
7.1999999999999993e+00
7.2999999999999989e+00
7.3999999999999986e+00
7.4999999999999982e+00
7.5999999999999979e+00
7.6999999999999975e+00
7.7999999999999972e+00
7.8999999999999968e+00
8.0000000000000000e+00
8.0999999999999996e+00
8.1999999999999993e+00
8.2999999999999989e+00
8.3999999999999986e+00
8.4999999999999982e+00
8.5999999999999979e+00
8.6999999999999975e+00
8.7999999999999972e+00
8.8999999999999968e+00
9.0000000000000000e+00
9.0999999999999996e+00
9.1999999999999993e+00
9.2999999999999989e+00
9.3999999999999986e+00
9.4999999999999982e+00
9.5999999999999979e+00
9.6999999999999975e+00
9.7999999999999972e+00
9.8999999999999968e+00
1.0000000000000000e+01
1.0100000000000000e+01
1.0199999999999999e+01
1.0299999999999999e+01
1.0399999999999999e+01
1.0499999999999998e+01
1.0599999999999998e+01
1.0699999999999998e+01
1.0799999999999997e+01
1.0899999999999997e+01
1.1000000000000000e+01
1.1100000000000000e+01
1.1199999999999999e+01
1.1299999999999999e+01
1.1399999999999999e+01
1.1499999999999998e+01
1.1599999999999998e+01
1.1699999999999998e+01
1.1799999999999997e+01
1.1899999999999997e+01
1.2000000000000000e+01
1.2100000000000000e+01
1.2199999999999999e+01
1.2299999999999999e+01
1.2399999999999999e+01
1.2499999999999998e+01
1.2599999999999998e+01
1.2699999999999998e+01
1.2799999999999997e+01
1.2899999999999997e+01
1.3000000000000000e+01
1.3100000000000000e+01
1.3199999999999999e+01
1.3299999999999999e+01
1.3399999999999999e+01
1.3499999999999998e+01
1.3599999999999998e+01
1.3699999999999998e+01
1.3799999999999997e+01
1.3899999999999997e+01
1.4000000000000000e+01
1.4100000000000000e+01
1.4199999999999999e+01
1.4299999999999999e+01
1.4399999999999999e+01
1.4499999999999998e+01
1.4599999999999998e+01
1.4699999999999998e+01
1.4799999999999997e+01
1.4899999999999997e+01
1.5000000000000000e+01
1.5100000000000000e+01
1.5199999999999999e+01
1.5299999999999999e+01
1.5399999999999999e+01
1.5499999999999998e+01
1.5599999999999998e+01
1.5699999999999998e+01
1.5799999999999997e+01
1.5899999999999997e+01
1.6000000000000000e+01
1.6100000000000001e+01
1.6200000000000003e+01
1.6300000000000004e+01
1.6400000000000006e+01
1.6500000000000007e+01
1.6600000000000009e+01
1.6700000000000010e+01
1.6800000000000011e+01
1.6900000000000013e+01
1.7000000000000000e+01
1.7100000000000001e+01
1.7200000000000003e+01
1.7300000000000004e+01
1.7400000000000006e+01
1.7500000000000007e+01
1.7600000000000009e+01
1.7700000000000010e+01
1.7800000000000011e+01
1.7900000000000013e+01
1.8000000000000000e+01
1.8100000000000001e+01
1.8200000000000003e+01
1.8300000000000004e+01
1.8400000000000006e+01
1.8500000000000007e+01
1.8600000000000009e+01
1.8700000000000010e+01
1.8800000000000011e+01
1.8900000000000013e+01
1.9000000000000000e+01
1.9100000000000001e+01
1.9200000000000003e+01
1.9300000000000004e+01
1.9400000000000006e+01
1.9500000000000007e+01
1.9600000000000009e+01
1.9700000000000010e+01
1.9800000000000011e+01
1.9900000000000013e+01
2.0000000000000000e+01
2.0100000000000001e+01
2.0200000000000003e+01
2.0300000000000004e+01
2.0400000000000006e+01
2.0500000000000007e+01
2.0600000000000009e+01
2.0700000000000010e+01
2.0800000000000011e+01
2.0900000000000013e+01
2.1000000000000000e+01
2.1100000000000001e+01
2.1200000000000003e+01
2.1300000000000004e+01
2.1400000000000006e+01
2.1500000000000007e+01
2.1600000000000009e+01
2.1700000000000010e+01
2.1800000000000011e+01
2.1900000000000013e+01
2.2000000000000000e+01
2.2100000000000001e+01
2.2200000000000003e+01
2.2300000000000004e+01
2.2400000000000006e+01
2.2500000000000007e+01
2.2600000000000009e+01
2.2700000000000010e+01
2.2800000000000011e+01
2.2900000000000013e+01
2.3000000000000000e+01
2.3100000000000001e+01
2.3200000000000003e+01
2.3300000000000004e+01
2.3400000000000006e+01
2.3500000000000007e+01
2.3600000000000009e+01
2.3700000000000010e+01
2.3800000000000011e+01
2.3900000000000013e+01
2.4000000000000000e+01
2.4100000000000001e+01
2.4200000000000003e+01
2.4300000000000004e+01
2.4400000000000006e+01
2.4500000000000007e+01
2.4600000000000009e+01
2.4700000000000010e+01
2.4800000000000011e+01
2.4900000000000013e+01
2.5000000000000000e+01
2.5100000000000001e+01
2.5200000000000003e+01
2.5300000000000004e+01
2.5400000000000006e+01
2.5500000000000007e+01
2.5600000000000009e+01
2.5700000000000010e+01
2.5800000000000011e+01
2.5900000000000013e+01
2.6000000000000000e+01
2.6100000000000001e+01
2.6200000000000003e+01
2.6300000000000004e+01
2.6400000000000006e+01
2.6500000000000007e+01
2.6600000000000009e+01
2.6700000000000010e+01
2.6800000000000011e+01
2.6900000000000013e+01
2.7000000000000000e+01
2.7100000000000001e+01
2.7200000000000003e+01
2.7300000000000004e+01
2.7400000000000006e+01
2.7500000000000007e+01
2.7600000000000009e+01
2.7700000000000010e+01
2.7800000000000011e+01
2.7900000000000013e+01
2.8000000000000000e+01
2.8100000000000001e+01
2.8200000000000003e+01
2.8300000000000004e+01
2.8400000000000006e+01
2.8500000000000007e+01
2.8600000000000009e+01
2.8700000000000010e+01
2.8800000000000011e+01
2.8900000000000013e+01
2.9000000000000000e+01
2.9100000000000001e+01
2.9200000000000003e+01
2.9300000000000004e+01
2.9400000000000006e+01
2.9500000000000007e+01
2.9600000000000009e+01
2.9700000000000010e+01
2.9800000000000011e+01
2.9900000000000013e+01
3.0000000000000000e+01
3.0100000000000001e+01
3.0200000000000003e+01
3.0300000000000004e+01
3.0400000000000006e+01
3.0500000000000007e+01
3.0600000000000009e+01
3.0700000000000010e+01
3.0800000000000011e+01
3.0900000000000013e+01
3.1000000000000000e+01
3.1100000000000001e+01
3.1200000000000003e+01
3.1300000000000004e+01
3.1400000000000006e+01
3.1500000000000007e+01
3.1600000000000009e+01
3.1700000000000010e+01
3.1800000000000011e+01
3.1900000000000013e+01
3.2000000000000000e+01
3.2100000000000001e+01
3.2200000000000003e+01
3.2300000000000004e+01
3.2400000000000006e+01
3.2500000000000007e+01
3.2600000000000009e+01
3.2700000000000010e+01
3.2800000000000011e+01
3.2900000000000013e+01
3.3000000000000000e+01
3.3100000000000001e+01
3.3200000000000003e+01
3.3300000000000004e+01
3.3400000000000006e+01
3.3500000000000007e+01
3.3600000000000009e+01
3.3700000000000010e+01
3.3800000000000011e+01
3.3900000000000013e+01
3.4000000000000000e+01
3.4100000000000001e+01
3.4200000000000003e+01
3.4300000000000004e+01
3.4400000000000006e+01
3.4500000000000007e+01
3.4600000000000009e+01
3.4700000000000010e+01
3.4800000000000011e+01
3.4900000000000013e+01
3.5000000000000000e+01
3.5100000000000001e+01
3.5200000000000003e+01
3.5300000000000004e+01
3.5400000000000006e+01
3.5500000000000007e+01
3.5600000000000009e+01
3.5700000000000010e+01
3.5800000000000011e+01
3.5900000000000013e+01
3.6000000000000000e+01
3.6100000000000001e+01
3.6200000000000003e+01
3.6300000000000004e+01
3.6400000000000006e+01
3.6500000000000007e+01
3.6600000000000009e+01
3.6700000000000010e+01
3.6800000000000011e+01
3.6900000000000013e+01
3.7000000000000000e+01
3.7100000000000001e+01
3.7200000000000003e+01
3.7300000000000004e+01
3.7400000000000006e+01
3.7500000000000007e+01
3.7600000000000009e+01
3.7700000000000010e+01
3.7800000000000011e+01
3.7900000000000013e+01
3.8000000000000000e+01
3.8100000000000001e+01
3.8200000000000003e+01
3.8300000000000004e+01
3.8400000000000006e+01
3.8500000000000007e+01
3.8600000000000009e+01
3.8700000000000010e+01
3.8800000000000011e+01
3.8900000000000013e+01
3.9000000000000000e+01
3.9100000000000001e+01
3.9200000000000003e+01
3.9300000000000004e+01
3.9400000000000006e+01
3.9500000000000007e+01
3.9600000000000009e+01
3.9700000000000010e+01
3.9800000000000011e+01
3.9900000000000013e+01
4.0000000000000000e+01
4.0100000000000001e+01
4.0200000000000003e+01
4.0300000000000004e+01
4.0400000000000006e+01
4.0500000000000007e+01
4.0600000000000009e+01
4.0700000000000010e+01
4.0800000000000011e+01
4.0900000000000013e+01
4.1000000000000000e+01
4.1100000000000001e+01
4.1200000000000003e+01
4.1300000000000004e+01
4.1400000000000006e+01
4.1500000000000007e+01
4.1600000000000009e+01
4.1700000000000010e+01
4.1800000000000011e+01
4.1900000000000013e+01
4.2000000000000000e+01
4.2100000000000001e+01
4.2200000000000003e+01
4.2300000000000004e+01
4.2400000000000006e+01
4.2500000000000007e+01
4.2600000000000009e+01
4.2700000000000010e+01
4.2800000000000011e+01
4.2900000000000013e+01
4.3000000000000000e+01
4.3100000000000001e+01
4.3200000000000003e+01
4.3300000000000004e+01
4.3400000000000006e+01
4.3500000000000007e+01
4.3600000000000009e+01
4.3700000000000010e+01
4.3800000000000011e+01
4.3900000000000013e+01
4.4000000000000000e+01
4.4100000000000001e+01
4.4200000000000003e+01
4.4300000000000004e+01
4.4400000000000006e+01
4.4500000000000007e+01
4.4600000000000009e+01
4.4700000000000010e+01
4.4800000000000011e+01
4.4900000000000013e+01
4.5000000000000000e+01
4.5100000000000001e+01
4.5200000000000003e+01
4.5300000000000004e+01
4.5400000000000006e+01
4.5500000000000007e+01
4.5600000000000009e+01
4.5700000000000010e+01
4.5800000000000011e+01
4.5900000000000013e+01
4.6000000000000000e+01
4.6100000000000001e+01
4.6200000000000003e+01
4.6300000000000004e+01
4.6400000000000006e+01
4.6500000000000007e+01
4.6600000000000009e+01
4.6700000000000010e+01
4.6800000000000011e+01
4.6900000000000013e+01
4.7000000000000000e+01
4.7100000000000001e+01
4.7200000000000003e+01
4.7300000000000004e+01
4.7400000000000006e+01
4.7500000000000007e+01
4.7600000000000009e+01
4.7700000000000010e+01
4.7800000000000011e+01
4.7900000000000013e+01
4.8000000000000000e+01
4.8100000000000001e+01
4.8200000000000003e+01
4.8300000000000004e+01
4.8400000000000006e+01
4.8500000000000007e+01
4.8600000000000009e+01
4.8700000000000010e+01
4.8800000000000011e+01
4.8900000000000013e+01
4.9000000000000000e+01
4.9100000000000001e+01
4.9200000000000003e+01
4.9300000000000004e+01
4.9400000000000006e+01
4.9500000000000007e+01
4.9600000000000009e+01
4.9700000000000010e+01
4.9800000000000011e+01
4.9900000000000013e+01
5.0000000000000000e+01
