0.0000000000000000e+00
0.0000000000000000e+00
0.0000000000000000e+00
0.0000000000000000e+00
0.0000000000000000e+00
0.0000000000000000e+00
6.6665558364738455e+00
2.9993997164390198e+01
5.3290809624400019e+01
7.6666629320743198e+01
9.9999882263313154e+01
9.9999882263313154e+01
9.9999882263313097e+01
9.9999882263313097e+01
9.9999882263313111e+01
9.9999882263313111e+01
9.9999882263313111e+01
9.9999882263313111e+01
9.9999882263313111e+01
9.9999882263313168e+01
9.9999882263313168e+01
9.9999882263313054e+01
9.9999882263313054e+01
9.9999882263313111e+01
9.9999882263313111e+01
8.6667011989410369e+01
6.3333539522669227e+01
4.0009787420680233e+01
1.6680248678882251e+01
-6.6477355360815640e+00
-2.9972554097717090e+01
-5.3291835783412751e+01
-7.6666633646214436e+01
-9.9999893197413542e+01
-9.9999893197413542e+01
-9.9999893197413542e+01
-9.9999893197413542e+01
-9.9999893197413542e+01
-9.9999893197413542e+01
-9.9999893197413542e+01
-9.9999893197413542e+01
-9.9999893197413542e+01
-9.9999893197413542e+01
-9.9999893197413542e+01
-9.9999893197413542e+01
-9.9999893197413542e+01
-9.9999893197413542e+01
-9.9999893197413542e+01
-8.6667034527041864e+01
-6.3333553782380847e+01
-4.0010269044231443e+01
-1.6680904984340160e+01
6.6468524960008146e+00
2.9971314201975119e+01
5.3290020187619646e+01
7.6666630062136164e+01
9.9999882336908442e+01
9.9999882336908385e+01
9.9999882336908385e+01
9.9999882336908385e+01
9.9999882336908399e+01
9.9999882336908399e+01
9.9999882336908399e+01
9.9999882336908399e+01
9.9999882336908399e+01
9.9999882336908342e+01
9.9999882336908342e+01
9.9999882336908385e+01
9.9999882336908385e+01
9.9999882336908385e+01
9.9999882336908385e+01
8.6667011989427351e+01
6.3333539522680539e+01
4.0009787420696028e+01
1.6680248678889299e+01
-6.6477355360735029e+00
-2.9972554097702083e+01
-5.3291835783410527e+01
-7.6666633646211736e+01
-9.9999893197409435e+01
-9.9999893197409435e+01
-9.9999893197409435e+01
-9.9999893197409435e+01
-9.9999893197409435e+01
-9.9999893197409435e+01
-9.9999893197409435e+01
-9.9999893197409435e+01
-9.9999893197409435e+01
-9.9999893197409435e+01
-9.9999893197409435e+01
-9.9999893197409435e+01
-9.9999893197409435e+01
-9.9999893197409435e+01
-9.9999893197409435e+01
-8.6667034527039092e+01
-6.3333553782380932e+01
-4.0010269044233901e+01
-1.6680904984348405e+01
6.6468524959821380e+00
2.9971314201967708e+01
5.3290020187608874e+01
7.6666630062132725e+01
9.9999882336908740e+01
9.9999882336908783e+01
9.9999882336908783e+01
9.9999882336908783e+01
9.9999882336908783e+01
9.9999882336908783e+01
9.9999882336908811e+01
9.9999882336908811e+01
9.9999882336908811e+01
9.9999882336908769e+01
9.9999882336908769e+01
9.9999882336908769e+01
9.9999882336908769e+01
9.9999882336908655e+01
9.9999882336908655e+01
8.6667011989428786e+01
6.3333539522694807e+01
4.0009787420715234e+01
1.6680248678926493e+01
-6.6477355360359587e+00
-2.9972554097674227e+01
-5.3291835783373386e+01
-7.6666633646171192e+01
-9.9999893197376949e+01
-9.9999893197376949e+01
-9.9999893197376949e+01
-9.9999893197376949e+01
-9.9999893197376949e+01
-9.9999893197376949e+01
-9.9999893197376949e+01
-9.9999893197376949e+01
-9.9999893197376949e+01
-9.9999893197376949e+01
-9.9999893197376949e+01
-9.9999893197376949e+01
-9.9999893197376949e+01
-9.9999893197376949e+01
-9.9999893197376949e+01
-8.6667034527000354e+01
-6.3333553782334846e+01
-4.0010269044191119e+01
-1.6680904984312157e+01
6.6468524960076127e+00
2.9971314201977528e+01
5.3290020187625146e+01
7.6666630062150261e+01
9.9999882336923008e+01
9.9999882336922923e+01
9.9999882336922923e+01
9.9999882336922923e+01
9.9999882336922880e+01
9.9999882336922880e+01
9.9999882336922795e+01
9.9999882336922795e+01
9.9999882336922795e+01
9.9999882336922838e+01
9.9999882336922838e+01
9.9999882336922724e+01
9.9999882336922724e+01
9.9999882336922710e+01
9.9999882336922710e+01
8.6667011989442415e+01
6.3333539522687516e+01
4.0009787420708840e+01
1.6680248678905038e+01
-6.6477355360605621e+00
-2.9972554097694069e+01
-5.3291835783398568e+01
-7.6666633646202328e+01
-9.9999893197398649e+01
-9.9999893197398649e+01
-9.9999893197398649e+01
-9.9999893197398649e+01
-9.9999893197398649e+01
-9.9999893197398649e+01
-9.9999893197398649e+01
-9.9999893197398649e+01
-9.9999893197398649e+01
-9.9999893197398649e+01
-9.9999893197398649e+01
-9.9999893197398649e+01
-9.9999893197398649e+01
-9.9999893197398649e+01
-9.9999893197398649e+01
-8.6667034527029259e+01
-6.3333553782360042e+01
-4.0010269044222945e+01
-1.6680904984334074e+01
6.6468524959963222e+00
2.9971314201970152e+01
5.3290020187615710e+01
7.6666630062130835e+01
9.9999882336909153e+01
9.9999882336909138e+01
9.9999882336909138e+01
9.9999882336909138e+01
9.9999882336909181e+01
9.9999882336909181e+01
9.9999882336909181e+01
9.9999882336909181e+01
9.9999882336909181e+01
9.9999882336909181e+01
9.9999882336909181e+01
9.9999882336909167e+01
9.9999882336909167e+01
9.9999882336909153e+01
9.9999882336909153e+01
8.6667011989396315e+01
6.3333539522648159e+01
4.0009787420673270e+01
1.6680248678874996e+01
-6.6477355360849471e+00
-2.9972554097721432e+01
-5.3291835783419657e+01
-7.6666633646222166e+01
-9.9999893197415815e+01
-9.9999893197415815e+01
-9.9999893197415815e+01
-9.9999893197415815e+01
-9.9999893197415815e+01
-9.9999893197415815e+01
-9.9999893197415815e+01
-9.9999893197415815e+01
-9.9999893197415815e+01
-9.9999893197415815e+01
-9.9999893197415815e+01
-9.9999893197415815e+01
-9.9999893197415815e+01
-9.9999893197415815e+01
