0.0000000000000000e+00
-5.1219512194805868e-05
-1.0244164796240434e-04
-1.5365853658170895e-04
-2.0487804850514191e-04
-2.5610018400089519e-04
-4.7972757231235435e-04
-1.2170069140659816e-03
-2.0621007054550003e-03
-3.0611107150840386e-03
-4.2789912854478643e-03
-4.2619184347200351e-03
-4.2448458754696539e-03
-4.2207021281961679e-03
-4.1865587084325287e-03
-4.1382746111494886e-03
-4.0870440820119829e-03
-4.0358161773067528e-03
-3.9846050576337715e-03
-3.9333855454391550e-03
-3.8821686565483661e-03
-3.8309465210496544e-03
-3.7797270091231450e-03
-3.7667964840043221e-03
-3.7155786135632182e-03
-3.4318088304154800e-03
-2.9375485876763354e-03
-2.4004696746594864e-03
-1.8109229280565053e-03
-1.1564710229220285e-03
-4.1936787255831946e-04
4.2655259127116589e-04
1.4255425100683273e-03
2.6434234829475997e-03
2.6263507002324570e-03
2.6092776260325324e-03
2.5851321553327367e-03
2.5509843079184590e-03
2.5026899682779888e-03
2.4514763465684312e-03
2.4002601018897189e-03
2.3490373221665131e-03
2.2978178099707256e-03
2.2465956742029913e-03
2.1953787855805572e-03
2.1441592736542604e-03
2.1312287485275292e-03
2.0800075923223882e-03
1.7962412672571011e-03
1.3019809054490461e-03
7.6491032156052370e-04
1.7536784910290401e-04
-4.7907777875608117e-04
-1.2161697624782184e-03
-2.0620693348319232e-03
-3.0611136614527674e-03
-4.2789941973990983e-03
-4.2619213464711913e-03
-4.2448487870203984e-03
-4.2207050394640786e-03
-4.1865616193005510e-03
-4.1382775214525358e-03
-4.0870469937623723e-03
-4.0358190905045522e-03
-3.9846079693821633e-03
-3.9333884571883873e-03
-3.8821715682983171e-03
-3.8309494327988703e-03
-3.7797299208723505e-03
-3.7667993957535700e-03
-3.7155815253132021e-03
-3.4318117408813124e-03
-2.9375514981423317e-03
-2.4004725851253629e-03
-1.8109258385224361e-03
-1.1564739333884072e-03
-4.1937078302444147e-04
4.2654968080446166e-04
1.4255395996018796e-03
2.6434205724805617e-03
2.6263477897659000e-03
2.6092747155658067e-03
2.5851292448657382e-03
2.5509813974522108e-03
2.5026870578115654e-03
2.4514734361047665e-03
2.4002571914282724e-03
2.3490344117023743e-03
2.2978148995063015e-03
2.2465927637369074e-03
2.1953758751139881e-03
2.1441563631877480e-03
2.1312258380615065e-03
2.0800046818584667e-03
1.7962383567908828e-03
1.3019779949830458e-03
7.6490741109395694e-04
1.7536493863592323e-04
-4.7908068922285300e-04
-1.2161726729448814e-03
-2.0620722452988822e-03
-3.0611165719198570e-03
-4.2789971078653621e-03
-4.2619242569373232e-03
-4.2448516974864974e-03
-4.2207079499306781e-03
-4.1865645297666544e-03
-4.1382804319184154e-03
-4.0870499042285078e-03
-4.0358220009713945e-03
-3.9846108798494663e-03
-3.9333913676547977e-03
-3.8821744787643150e-03
-3.8309523432648279e-03
-3.7797328313383272e-03
-3.7668023062186777e-03
-3.7155844357754106e-03
-3.4318146513470154e-03
-2.9375544086072979e-03
-2.4004754955911098e-03
-1.8109287489886147e-03
-1.1564768438540548e-03
-4.1937369348997368e-04
4.2654677033885377e-04
1.4255366891354568e-03
2.6434176620149822e-03
2.6263448793002581e-03
2.6092718051009475e-03
2.5851263344010373e-03
2.5509784869868534e-03
2.5026841473464348e-03
2.4514705256380304e-03
2.4002542809590252e-03
2.3490315012365316e-03
2.2978119890402502e-03
2.2465898532717655e-03
2.1953729646495856e-03
2.1441534527223290e-03
2.1312229275959088e-03
2.0800017713909387e-03
1.7962354463258886e-03
1.3019750845178323e-03
7.6490450062909597e-04
1.7536202817235465e-04
-4.7908359968691866e-04
-1.2161755834087908e-03
-2.0620751557629512e-03
-3.0611194823842920e-03
-4.2790000183306580e-03
-4.2619271674014855e-03
-4.2448546079506561e-03
-4.2207108603945775e-03
-4.1865674402319338e-03
-4.1382833423830780e-03
-4.0870528146922224e-03
-4.0358249114333805e-03
-3.9846137903133873e-03
-3.9333942781189244e-03
-3.8821773892291959e-03
-3.8309552537301407e-03
-3.7797357418040151e-03
-3.7668052166855300e-03
-3.7155873462461249e-03
-3.4318175618135924e-03
-2.9375573190736524e-03
-2.4004784060571386e-03
-1.8109316594535152e-03
-1.1564797543190581e-03
-4.1937660395538571e-04
4.2654385987390573e-04
1.4255337786715015e-03
2.6434147515509232e-03
2.6263419688365769e-03
2.6092688946366509e-03
2.5851234239371696e-03
2.5509755765233842e-03
2.5026812368820926e-03
2.4514676151737576e-03
2.4002513704969777e-03
2.3490285907716620e-03
2.2978090785761101e-03
2.2465869428069094e-03
2.1953700541842702e-03
2.1441505422581976e-03
2.1312200171314912e-03
2.0799988609275766e-03
1.7962325358610439e-03
1.3019721740527589e-03
7.6490159016384955e-04
1.7535911770684025e-04
-4.7908651015230445e-04
-1.2161784938743609e-03
-2.0620780662283671e-03
-3.0611223928482100e-03
-4.2790029287940951e-03
-4.2619300778662375e-03
-4.2448575184161254e-03
-4.2207137708598109e-03
-4.1865703506959529e-03
-4.1382862528470824e-03
-4.0870557251572711e-03
-4.0358278218993546e-03
-3.9846167007784464e-03
-3.9333971885840736e-03
-3.8821802996937432e-03
-3.8309581641947231e-03
-3.7797386522680290e-03
-3.7668081271489784e-03
-3.7155902567094583e-03
-3.4318204722753915e-03
-2.9375602295357074e-03
-2.4004813165185387e-03
-1.8109345699155654e-03
-1.1564826647819039e-03
-4.1937951441697755e-04
4.2654094941179212e-04
1.4255308682100632e-03
2.6434118410890704e-03
2.6263390583747557e-03
2.6092659841752590e-03
2.5851205134755717e-03
2.5509726660614155e-03
2.5026783264208183e-03
2.4514647047125917e-03
2.4002484600352428e-03
2.3490256803102259e-03
2.2978061681139072e-03
2.2465840323447821e-03
2.1953671437226516e-03
2.1441476317960568e-03
2.1312171066702064e-03
