0.0000000000000000e+00
0.0000000000000000e+00
0.0000000000000000e+00
0.0000000000000000e+00
0.0000000000000000e+00
0.0000000000000000e+00
3.4482165593838546e-04
1.7169756351407101e-03
3.3049342627063084e-03
5.2002704209253908e-03
7.5335929680057272e-03
7.5335929680057272e-03
7.5335929680057272e-03
7.5335929680057272e-03
7.5335929680057272e-03
7.5335929680057272e-03
7.5335929680057272e-03
7.5335929680057272e-03
7.5335929680057272e-03
7.5335929680057272e-03
7.5335929680057272e-03
7.5335929680057272e-03
7.5335929680057272e-03
7.5335929680057272e-03
7.5335929680057272e-03
7.9986925335739940e-03
8.8847730726893843e-03
9.8565564467193775e-03
1.0933236895631547e-02
1.2139738628602830e-02
1.3511565302694057e-02
1.5101066596655388e-02
1.6996319970000461e-02
1.9329643433070573e-02
1.9329643433070573e-02
1.9329643433070573e-02
1.9329643433070573e-02
1.9329643433070573e-02
1.9329643433070573e-02
1.9329643433070573e-02
1.9329643433070573e-02
1.9329643433070573e-02
1.9329643433070573e-02
1.9329643433070573e-02
1.9329643433070573e-02
1.9329643433070573e-02
1.9329643433070573e-02
1.9329643433070573e-02
1.9794742557299093e-02
2.0680823362783686e-02
2.1652585314096331e-02
2.2729254440135724e-02
2.3935738936585842e-02
2.5307534618973303e-02
2.6896977001520512e-02
2.8792377239614544e-02
3.1125699721632413e-02
3.1125699721632413e-02
3.1125699721632413e-02
3.1125699721632413e-02
3.1125699721632413e-02
3.1125699721632413e-02
3.1125699721632413e-02
3.1125699721632413e-02
3.1125699721632413e-02
3.1125699721632413e-02
3.1125699721632413e-02
3.1125699721632413e-02
3.1125699721632413e-02
3.1125699721632413e-02
3.1125699721632413e-02
3.1590799289767310e-02
3.2476879828882886e-02
3.3448663202912635e-02
3.4525343651825170e-02
3.5731845384796332e-02
3.7103672058887038e-02
3.8693173352849206e-02
4.0588426726194206e-02
4.2921750189264078e-02
4.2921750189264078e-02
4.2921750189264078e-02
4.2921750189264078e-02
4.2921750189264078e-02
4.2921750189264078e-02
4.2921750189264078e-02
4.2921750189264078e-02
4.2921750189264078e-02
4.2921750189264078e-02
4.2921750189264078e-02
4.2921750189264078e-02
4.2921750189264078e-02
4.2921750189264078e-02
4.2921750189264078e-02
4.3386849313492591e-02
4.4272930118977052e-02
4.5244692070289576e-02
4.6321361196328695e-02
4.7527845692778140e-02
4.8899641375166177e-02
5.0489083757713070e-02
5.2384483995807640e-02
5.4717806477825884e-02
5.4717806477825884e-02
5.4717806477825884e-02
5.4717806477825884e-02
5.4717806477825884e-02
5.4717806477825884e-02
5.4717806477825884e-02
5.4717806477825884e-02
5.4717806477825884e-02
5.4717806477825884e-02
5.4717806477825884e-02
5.4717806477825884e-02
5.4717806477825884e-02
5.4717806477825884e-02
5.4717806477825884e-02
5.5182906045960746e-02
5.6068986585075788e-02
5.7040769959105245e-02
5.8117450408016767e-02
5.9323952140987707e-02
6.0695778815078733e-02
6.2285280109039859e-02
6.4180533482383964e-02
6.6513856945453864e-02
6.6513856945453864e-02
6.6513856945453864e-02
6.6513856945453864e-02
6.6513856945453864e-02
6.6513856945453864e-02
6.6513856945453864e-02
6.6513856945453864e-02
6.6513856945453864e-02
6.6513856945453864e-02
6.6513856945453864e-02
6.6513856945453864e-02
6.6513856945453864e-02
6.6513856945453864e-02
6.6513856945453864e-02
6.6978956069682655e-02
6.7865036875167567e-02
6.8836798826480139e-02
6.9913467952519112e-02
7.1119952448968154e-02
7.2491748131355380e-02
7.4081190513902884e-02
7.5976590751997808e-02
7.8309913234016051e-02
7.8309913234016051e-02
7.8309913234016051e-02
7.8309913234016051e-02
7.8309913234016051e-02
7.8309913234016051e-02
7.8309913234016051e-02
7.8309913234016051e-02
7.8309913234016051e-02
7.8309913234016051e-02
7.8309913234016051e-02
7.8309913234016051e-02
7.8309913234016051e-02
7.8309913234016051e-02
7.8309913234016051e-02
7.8775012802150934e-02
7.9661093341266809e-02
8.0632876715296217e-02
8.1709557164208552e-02
8.2916058897179817e-02
8.4287885571270788e-02
8.5877386865232552e-02
8.7772640238577587e-02
9.0105963701647057e-02
9.0105963701647057e-02
9.0105963701647057e-02
9.0105963701647057e-02
9.0105963701647057e-02
9.0105963701647057e-02
9.0105963701647057e-02
9.0105963701647057e-02
9.0105963701647057e-02
9.0105963701647057e-02
9.0105963701647057e-02
9.0105963701647057e-02
9.0105963701647057e-02
9.0105963701647057e-02
9.0105963701647057e-02
9.0571062825875570e-02
9.1457143631360538e-02
9.2428905582672721e-02
9.3505574708712014e-02
9.4712059205161528e-02
9.6083854887548920e-02
9.7673297270096132e-02
9.9568697508189988e-02
1.0190201999020845e-01
1.0190201999020845e-01
1.0190201999020845e-01
1.0190201999020845e-01
1.0190201999020845e-01
1.0190201999020845e-01
1.0190201999020845e-01
1.0190201999020845e-01
1.0190201999020845e-01
1.0190201999020845e-01
1.0190201999020845e-01
1.0190201999020845e-01
1.0190201999020845e-01
1.0190201999020845e-01
1.0190201999020845e-01
1.0236711955834452e-01
1.0325320009746031e-01
1.0422498347148977e-01
1.0530166392040194e-01
1.0650816565337300e-01
1.0787999232746440e-01
1.0946949362142590e-01
1.1136474699477124e-01
1.1369807045784078e-01
1.1369807045784078e-01
1.1369807045784078e-01
1.1369807045784078e-01
1.1369807045784078e-01
1.1369807045784078e-01
1.1369807045784078e-01
1.1369807045784078e-01
1.1369807045784078e-01
1.1369807045784078e-01
1.1369807045784078e-01
1.1369807045784078e-01
1.1369807045784078e-01
1.1369807045784078e-01
