0.0000000000000000e+00
3.4999999999632031e+01
6.9991336706624224e+01
1.0499999999930046e+02
1.3999999731673779e+02
1.7499133134267836e+02
2.0999987759463275e+02
2.4499320560216685e+02
2.7995116853648767e+02
3.1499995584813274e+02
3.4999985520017935e+02
3.3833333318661562e+02
3.2666584841406603e+02
3.1016388948424367e+02
2.8682330740888227e+02
2.5380816236909598e+02
2.1883585864736472e+02
1.8385489724999741e+02
1.4883585864901656e+02
1.1383585864908069e+02
7.8827192673036933e+01
4.3835858648831262e+01
8.8358613329211693e+00
-1.0525909907002984e-09
-3.5005437287929681e+01
-6.9999684741290110e+01
-1.0499981371056892e+02
-1.3999120965250182e+02
-1.7498790624937976e+02
-2.0998333250619459e+02
-2.4497620190485463e+02
-2.7996478519493513e+02
-3.1499997312093785e+02
-3.4999991825382904e+02
-3.3833333347397507e+02
-3.2666771135851161e+02
-3.1017167352739295e+02
-2.8684603895883964e+02
-2.5386518050449178e+02
-2.1883585865479978e+02
-1.8381520949162933e+02
-1.4883585865242611e+02
-1.1383585865193240e+02
-7.8844521944217604e+01
-4.3835858651504232e+01
-8.8358613336410237e+00
-3.5350340334309798e-10
3.4994585231362677e+01
6.9999600798242540e+01
1.0499975873175237e+02
1.3998870695012621e+02
1.7498423402043088e+02
2.0997786534396448e+02
2.4496757927637731e+02
2.7995026218505410e+02
3.1499995672413263e+02
3.4999985529018613e+02
3.3833333318638921e+02
3.2666584832303522e+02
3.1016388926496165e+02
2.8682330700834370e+02
2.5380816171225337e+02
2.1883585864720112e+02
1.8385489790708749e+02
1.4883585864958263e+02
1.1383585864927093e+02
7.8827192673047847e+01
4.3835858649123615e+01
8.8358613333773164e+00
-5.8507236047481552e-10
-3.5005437287910240e+01
-6.9999684740916223e+01
-1.0499981371034383e+02
-1.3999120965211284e+02
-1.7498790624909273e+02
-2.0998333250611367e+02
-2.4497620190461629e+02
-2.7996478519471276e+02
-3.1499997312067666e+02
-3.4999991825370847e+02
-3.3833333347375151e+02
-3.2666771135811376e+02
-3.1017167352720566e+02
-2.8684603895852973e+02
-2.5386518050440179e+02
-2.1883585865435668e+02
-1.8381520949139664e+02
-1.4883585865213527e+02
-1.1383585865183223e+02
-7.8844521944419199e+01
-4.3835858651526422e+01
-8.8358613333430434e+00
-3.2832694699549814e-10
3.4994585230460054e+01
6.9999600798334995e+01
1.0499975873192761e+02
1.3998870695008267e+02
1.7498423402034680e+02
2.0997786534368231e+02
2.4496757927625674e+02
2.7995026218476795e+02
3.1499995672372279e+02
3.4999985529009393e+02
3.3833333318613580e+02
3.2666584832322962e+02
3.1016388926508586e+02
2.8682330700871000e+02
2.5380816171246991e+02
2.1883585864715869e+02
1.8385489790659952e+02
1.4883585864913391e+02
1.1383585864910364e+02
7.8827192672964728e+01
4.3835858649123928e+01
8.8358613332074167e+00
-4.8863892435468130e-10
-3.5005437286526472e+01
-6.9999684741000863e+01
-1.0499981371018521e+02
-1.3999120965206413e+02
-1.7498790624914017e+02
-2.0998333250599242e+02
-2.4497620190454546e+02
-2.7996478519492274e+02
-3.1499997312072429e+02
-3.4999991825378822e+02
-3.3833333347372087e+02
-3.2666771135828566e+02
-3.1017167352732713e+02
-2.8684603895876558e+02
-2.5386518050468158e+02
-2.1883585865447722e+02
-1.8381520949171545e+02
-1.4883585865252772e+02
-1.1383585865204147e+02
-7.8844521944314693e+01
-4.3835858651419272e+01
-8.8358613339079941e+00
-9.2017861193740178e-10
3.4994585230781801e+01
6.9999600798173148e+01
1.0499975873153232e+02
1.3998870694981568e+02
1.7498423402031779e+02
2.0997786534351400e+02
2.4496757927601251e+02
2.7995026218456144e+02
3.1499995672366998e+02
3.4999985528963282e+02
3.3833333318614757e+02
3.2666584832330688e+02
3.1016388926553941e+02
2.8682330700883745e+02
2.5380816171310843e+02
2.1883585864711108e+02
1.8385489790608938e+02
1.4883585864870841e+02
1.1383585864853188e+02
7.8827192672442280e+01
4.3835858648288422e+01
8.8358613322153730e+00
-1.5848138519603021e-09
-3.5005437288176907e+01
-6.9999684741881893e+01
-1.0499981371144420e+02
-1.3999120965318184e+02
-1.7498790624990232e+02
-2.0998333250678553e+02
-2.4497620190545703e+02
-2.7996478519549277e+02
-3.1499997312145558e+02
-3.4999991825437269e+02
-3.3833333347440680e+02
-3.2666771135904838e+02
-3.1017167352816551e+02
-2.8684603895962175e+02
-2.5386518050524720e+02
-2.1883585865527101e+02
-1.8381520949205739e+02
-1.4883585865318750e+02
-1.1383585865239792e+02
-7.8844521944723226e+01
-4.3835858652151359e+01
-8.8358613343823809e+00
-1.2847208370507567e-09
3.4994585230732461e+01
6.9999600797689624e+01
1.0499975873123455e+02
1.3998870694936795e+02
1.7498423401991698e+02
2.0997786534324703e+02
2.4496757927568592e+02
2.7995026218444679e+02
3.1499995672364730e+02
3.4999985529007483e+02
3.3833333318620572e+02
3.2666584832299321e+02
3.1016388926485655e+02
2.8682330700841868e+02
2.5380816171256333e+02
2.1883585864724532e+02
1.8385489790676090e+02
1.4883585864868564e+02
1.1383585864861224e+02
7.8827192672527119e+01
4.3835858648248127e+01
8.8358613324167639e+00
-1.3740244103407796e-09
-3.5005437288157225e+01
-6.9999684741373144e+01
-1.0499981371078280e+02
-1.3999120965262836e+02
-1.7498790624940523e+02
-2.0998333250629327e+02
-2.4497620190488325e+02
-2.7996478519516222e+02
-3.1499997312071503e+02
-3.4999991825364867e+02
-3.3833333347367585e+02
-3.2666771135828361e+02
-3.1017167352739955e+02
-2.8684603895897783e+02
-2.5386518050482695e+02
-2.1883585865463766e+02
-1.8381520949156103e+02
-1.4883585865256109e+02
-1.1383585865209508e+02
-7.8844521944475730e+01
-4.3835858651611858e+01
-8.8358613341201160e+00
-8.9170727645449947e-10
