0.0000000000000000e+00
-2.2323542135600195e-10
-4.4811719957387015e-03
6.0743691159543165e-10
-1.0695223992857893e-06
-4.4833106754673399e-03
4.3839873431617341e-05
2.2098555458144350e-03
1.4954099865227605e-02
1.1867002829274429e-05
3.1805195263005930e-05
8.3910796008375254e-08
-5.2960951658098253e-04
-2.1288779189979306e-03
-6.0911222300742592e-03
-1.5096220808560724e-02
3.2601871910162259e-09
1.0617211089292096e-02
5.6399029924836210e-10
5.5175500504306958e-10
-4.4822426793496017e-03
1.4483920646744373e-10
1.0717093345178440e-06
-7.8809733013485763e-10
-2.8110657656920147e-03
-2.0272533224869363e-04
-1.2299447655799171e-04
-5.8907834988695396e-03
-8.2792676835005581e-03
-1.1729202071095761e-02
-1.7370758259204429e-02
-2.7031519818321179e-02
-2.2651619211503680e-05
-7.8457703359571132e-05
8.1403746089270838e-08
-4.1931331929798946e-04
-1.8623763593774644e-03
-5.6028752387654712e-03
-1.4291575312808339e-02
2.6641138955846197e-09
9.8065597770942946e-03
3.1642169832099593e-10
3.8950286970113728e-10
-4.4811714663621745e-03
1.6988365187408522e-10
-1.0706221042093221e-06
-3.8679917844156548e-10
-2.8020748670884305e-03
1.5258882408273288e-04
8.9405333445255770e-05
4.1105164453533790e-03
5.5914969179529529e-03
7.5865999560565354e-03
1.0607973412105417e-02
1.5231903607884399e-02
1.1630923405104515e-05
3.1784840440540112e-05
8.3634854765174645e-08
-5.2959001950073233e-04
-2.1288306369096552e-03
-6.0910353100277082e-03
-1.5096077770964930e-02
3.2204392145863138e-09
1.0617068265563117e-02
1.1478116691942806e-09
8.2987071250779273e-10
-4.4822424967065335e-03
5.4321820053290496e-10
1.0721947030051337e-06
-3.6068795577540072e-10
-2.8110658874501088e-03
-2.0272496128608810e-04
-1.2299424481153600e-04
-5.8907831122957353e-03
-8.2792673855074071e-03
-1.1729201983685079e-02
-1.7370758050228700e-02
-2.7031519537385883e-02
-2.2651330122288173e-05
-7.8457559707834968e-05
8.1749039723119474e-08
-4.1931287187337376e-04
-1.8623759312842937e-03
-5.6028747696043827e-03
-1.4291575037127536e-02
3.1171692546080326e-09
9.8065598671608044e-03
5.5482905084946346e-10
3.3955638225423748e-10
-4.4811717970516364e-03
2.6396365549356968e-11
-1.0703657465848360e-06
-5.3731400474608774e-10
-2.8020763218586284e-03
1.5258882058813720e-04
8.9405454220558412e-05
4.1105163985514937e-03
5.5914968901738952e-03
7.5865997019395727e-03
1.0607973300169802e-02
1.5231903350918494e-02
1.1630505590576660e-05
3.1784722463183482e-05
8.3350965722598270e-08
-5.2959003487937730e-04
-2.1288306563399515e-03
-6.0910352588259570e-03
-1.5096077909682915e-02
2.7237120339209139e-09
1.0617067338599292e-02
2.6830065968918372e-10
1.8980462160723660e-10
-4.4822431083689114e-03
1.7282019821065884e-10
1.0718982165813379e-06
-5.2683746790114026e-10
-2.8110651611928314e-03
-2.0272517622344497e-04
-1.2299423529818290e-04
-5.8907831209430569e-03
-8.2792675376813542e-03
-1.1729201974035344e-02
-1.7370758051254324e-02
-2.7031519881088640e-02
-2.2651463250289281e-05
-7.8457749215982099e-05
8.1516171376199809e-08
-4.1931310441539011e-04
-1.8623762384009286e-03
-5.6028752371538957e-03
-1.4291575446410904e-02
2.7756089313827276e-09
9.8065596436705833e-03
1.5706697989420711e-10
1.0108942981926070e-10
-4.4811718124338458e-03
1.0642584453788749e-10
-1.0709653896303917e-06
-1.0765902427808544e-09
-2.8020761322750569e-03
1.5258856095619835e-04
8.9404943439054093e-05
4.1105160102793354e-03
5.5914967033442418e-03
7.5865994768025691e-03
1.0607973023433572e-02
1.5231903089732855e-02
1.1630425635605344e-05
3.1784227110588852e-05
8.3322290064836418e-08
-5.2959000658319864e-04
-2.1288301889770996e-03
-6.0910351436771594e-03
-1.5096077447817838e-02
2.7367150164652961e-09
1.0617067013956599e-02
-4.8098785693087382e-11
-3.6466256284485413e-10
-4.4822435768421195e-03
-6.9935786528911126e-10
1.0708021635606845e-06
-1.6150060886187613e-09
-2.8110662987089474e-03
-2.0272604022313851e-04
-1.2299549918203234e-04
-5.8907842593467243e-03
-8.2792682772209018e-03
-1.1729202726511088e-02
-1.7370758929307846e-02
-2.7031520382370274e-02
-2.2652176483004405e-05
-7.8458311073851086e-05
8.0969612693298491e-08
-4.1931380043738070e-04
-1.8623769447724545e-03
-5.6028759820215294e-03
-1.4291576074281749e-02
2.0854764598491641e-09
9.8065592317070124e-03
-5.1247999979586638e-10
-4.1175187413996468e-10
-4.4811722888834400e-03
-6.1288457331099983e-10
-1.0712898477293330e-06
-1.3095141098148708e-09
-2.8020759821765434e-03
1.5258817633305628e-04
8.9404721223049856e-05
4.1105156279941111e-03
5.5914963550309687e-03
7.5865992260271348e-03
1.0607972708829617e-02
1.5231903013764796e-02
1.1630407076538794e-05
3.1784692749219594e-05
8.3465611722338494e-08
-5.2959020021457184e-04
-2.1288307954419102e-03
-6.0910356643619126e-03
-1.5096078068147483e-02
2.8848022521082746e-09
1.0617067702427079e-02
-5.2348703799884441e-11
-1.7911252048757618e-10
-4.4822433914627818e-03
-5.3157028348280805e-10
1.0712305125056723e-06
-1.1804583737497001e-09
-2.8110663870253060e-03
-2.0272552240845304e-04
-1.2299476581049460e-04
-5.8907837117624755e-03
-8.2792677427984945e-03
-1.1729202150484026e-02
-1.7370758348597682e-02
-2.7031520061737674e-02
-2.2651416322458591e-05
-7.8457553170742256e-05
8.1633540164400890e-08
-4.1931311650112368e-04
-1.8623764074591808e-03
-5.6028756016724742e-03
-1.4291576063882558e-02
2.6382679123285550e-09
9.8065600787188203e-03
7.8381031566270863e-11
-7.6465875278521870e-11
-4.4811720584802669e-03
-5.9908123804728073e-11
-1.0711254330707830e-06
-1.1830875261082373e-09
