0.0000000000000000e+00
0.0000000000000000e+00
0.0000000000000000e+00
0.0000000000000000e+00
0.0000000000000000e+00
0.0000000000000000e+00
0.0000000000000000e+00
-5.2392845862995392e+00
-1.9903587567342193e+01
-3.3091954326776701e+01
-4.4162696043678139e+01
-4.4162696043678139e+01
-4.4162696043678139e+01
-4.4162696043678139e+01
-4.4162696043678139e+01
-4.4162696043678139e+01
-4.4162696043678139e+01
-4.4162696043678139e+01
-4.4162696043678139e+01
-4.4162696043678139e+01
-4.4162696043678139e+01
-4.4162696043678139e+01
-4.4162696043678139e+01
-4.4162696043678139e+01
-4.4162696043678139e+01
-4.4162696043678139e+01
-4.4162696043678139e+01
-4.4162696043678139e+01
-4.4162696043678139e+01
-3.6976315147997369e+01
-2.0173024572831963e+01
-3.9808926175305572e+00
1.1357267944552866e+01
2.5487062855782767e+01
2.5487062855782767e+01
2.5487062855782767e+01
2.5487062855782767e+01
2.5487062855782767e+01
2.5487062855782767e+01
2.5487062855782767e+01
2.5487062855782767e+01
2.5487062855782767e+01
2.5487062855782767e+01
2.5487062855782767e+01
2.5487062855782781e+01
2.5487062855782781e+01
2.5487062855782771e+01
2.5487062855782764e+01
2.5487062855782774e+01
2.5487062855782774e+01
2.5487062855782774e+01
2.5487062855782774e+01
2.5487062855782774e+01
2.5487062855782767e+01
1.6337453110122507e+01
3.2163525380554364e-01
-1.4774270733896078e+01
-1.4774270733896078e+01
-1.4774270733896078e+01
-1.4774270733896078e+01
-1.4774270733896078e+01
-1.4774270733896078e+01
-1.4774270733896078e+01
-1.4774270733896078e+01
-1.4774270733896078e+01
-1.4774270733896078e+01
-1.4774270733896078e+01
-1.4774270733896078e+01
-1.4774270733896078e+01
-1.4774270733896078e+01
-1.4774270733896078e+01
-1.4774270733896078e+01
-1.4774270733896078e+01
-1.4774270733896078e+01
-1.4774270733896078e+01
-6.9836856288240838e+00
8.5358002134114628e+00
8.5358002134114610e+00
8.5358002134114610e+00
8.5358002134114610e+00
8.5358002134114610e+00
8.5358002134114610e+00
8.5358002134114610e+00
8.5358002134114610e+00
8.5358002134114610e+00
8.5358002134114592e+00
8.5358002134114557e+00
8.5358002134114557e+00
8.5358002134114557e+00
8.5358002134114521e+00
8.5358002134114521e+00
8.5358002134114503e+00
8.5358002134114468e+00
8.5358002134114468e+00
8.5358002134114468e+00
8.5358002134114468e+00
-4.8864503943640596e+00
-4.8864503943640596e+00
-4.8864503943640596e+00
-4.8864503943640596e+00
-4.8864503943640596e+00
-4.8864503943640596e+00
-4.8864503943640596e+00
-4.8864503943640596e+00
-4.8864503943640596e+00
-4.8864503943640596e+00
-4.8864503943640596e+00
-4.8864503943640596e+00
-4.8864503943640596e+00
-4.8864503943640596e+00
-4.8864503943640596e+00
-4.8864503943640596e+00
-4.8864503943640596e+00
-4.8864503943640596e+00
-4.8864503943640596e+00
-4.8864503943640596e+00
2.8740266479989907e+00
2.8740266479989907e+00
2.8740266479989907e+00
2.8740266479989907e+00
2.8740266479989898e+00
2.8740266479989902e+00
2.8740266479989911e+00
2.8740266479989907e+00
2.8740266479989902e+00
2.8740266479989902e+00
2.8740266479989911e+00
2.8740266479989911e+00
2.8740266479989911e+00
2.8740266479989911e+00
2.8740266479989911e+00
2.8740266479989920e+00
2.8740266479989938e+00
2.8740266479989938e+00
2.8740266479989920e+00
2.8740266479989920e+00
-1.7015191813333002e+00
-1.7015191813333002e+00
-1.7015191813333002e+00
-1.7015191813333002e+00
-1.7015191813333002e+00
-1.7015191813333002e+00
-1.7015191813333002e+00
-1.7015191813333002e+00
-1.7015191813333002e+00
-1.7015191813333002e+00
-1.7015191813333002e+00
-1.7015191813333002e+00
-1.7015191813333002e+00
-1.7015191813333002e+00
-1.7015191813333002e+00
-1.7015191813333002e+00
-1.7015191813333002e+00
-1.7015191813333002e+00
-1.7015191813333002e+00
-1.7015191813333002e+00
1.0124583185621290e+00
1.0124583185621292e+00
1.0124583185621292e+00
1.0124583185621288e+00
1.0124583185621279e+00
1.0124583185621279e+00
1.0124583185621279e+00
1.0124583185621279e+00
1.0124583185621279e+00
1.0124583185621283e+00
1.0124583185621283e+00
1.0124583185621279e+00
1.0124583185621279e+00
1.0124583185621281e+00
1.0124583185621281e+00
1.0124583185621283e+00
1.0124583185621276e+00
1.0124583185621276e+00
1.0124583185621279e+00
1.0124583185621279e+00
-5.8243016534973235e-01
-5.8243016534973235e-01
-5.8243016534973235e-01
-5.8243016534973235e-01
-5.8243016534973235e-01
-5.8243016534973235e-01
-5.8243016534973235e-01
-5.8243016534973235e-01
-5.8243016534973235e-01
-5.8243016534973235e-01
-5.8243016534973235e-01
-5.8243016534973235e-01
-5.8243016534973235e-01
-5.8243016534973235e-01
-5.8243016534973235e-01
-5.8243016534973235e-01
-5.8243016534973235e-01
-5.8243016534973235e-01
-5.8243016534973235e-01
-5.8243016534973235e-01
3.6269972817754709e-01
3.6269972817754709e-01
3.6269972817754714e-01
3.6269972817754714e-01
3.6269972817754714e-01
3.6269972817754736e-01
3.6269972817754736e-01
3.6269972817754736e-01
3.6269972817754736e-01
3.6269972817754725e-01
3.6269972817754703e-01
