0.0000000000000000e+00
0.0000000000000000e+00
0.0000000000000000e+00
0.0000000000000000e+00
0.0000000000000000e+00
0.0000000000000000e+00
0.0000000000000000e+00
2.6196422931478707e+00
9.9517937836703467e+00
1.6545977163386880e+01
2.2081348021837236e+01
2.2081348021837236e+01
2.2081348021837243e+01
2.2081348021837258e+01
2.2081348021837247e+01
2.2081348021837243e+01
2.2081348021837236e+01
2.2081348021837250e+01
2.2081348021837258e+01
2.2081348021837243e+01
2.2081348021837183e+01
2.2081348021837201e+01
2.2081348021837179e+01
2.2081348021837183e+01
2.2081348021837222e+01
2.2081348021837194e+01
2.2081348021837186e+01
2.2081348021837222e+01
2.2081348021837208e+01
1.8488157573993337e+01
1.0086512286404291e+01
1.9904463087523110e+00
-5.6786339722878019e+00
-1.2743531427902187e+01
-1.2743531427902191e+01
-1.2743531427902171e+01
-1.2743531427902163e+01
-1.2743531427902163e+01
-1.2743531427902164e+01
-1.2743531427902184e+01
-1.2743531427902180e+01
-1.2743531427902180e+01
-1.2743531427902171e+01
-1.2743531427902155e+01
-1.2743531427902179e+01
-1.2743531427902171e+01
-1.2743531427902175e+01
-1.2743531427902173e+01
-1.2743531427902154e+01
-1.2743531427902147e+01
-1.2743531427902157e+01
-1.2743531427902134e+01
-1.2743531427902152e+01
-1.2743531427902143e+01
-8.1687265550617827e+00
-1.6081762689573098e-01
7.3871353669583826e+00
7.3871353669583808e+00
7.3871353669583737e+00
7.3871353669583799e+00
7.3871353669583621e+00
7.3871353669583542e+00
7.3871353669583701e+00
7.3871353669583639e+00
7.3871353669583701e+00
7.3871353669583639e+00
7.3871353669583684e+00
7.3871353669583790e+00
7.3871353669583719e+00
7.3871353669583542e+00
7.3871353669583621e+00
7.3871353669583613e+00
7.3871353669583613e+00
7.3871353669583470e+00
7.3871353669583524e+00
3.4918428144252829e+00
-4.2679001066884439e+00
-4.2679001066884421e+00
-4.2679001066884394e+00
-4.2679001066884332e+00
-4.2679001066884279e+00
-4.2679001066884208e+00
-4.2679001066884146e+00
-4.2679001066884110e+00
-4.2679001066884048e+00
-4.2679001066883977e+00
-4.2679001066883995e+00
-4.2679001066883950e+00
-4.2679001066883924e+00
-4.2679001066883959e+00
-4.2679001066883977e+00
-4.2679001066883968e+00
-4.2679001066883959e+00
-4.2679001066883995e+00
-4.2679001066883986e+00
-4.2679001066883986e+00
2.4432251971949417e+00
2.4432251971949390e+00
2.4432251971949337e+00
2.4432251971949310e+00
2.4432251971949301e+00
2.4432251971949297e+00
2.4432251971949310e+00
2.4432251971949301e+00
2.4432251971949306e+00
2.4432251971949297e+00
2.4432251971949293e+00
2.4432251971949319e+00
2.4432251971949359e+00
2.4432251971949359e+00
2.4432251971949350e+00
2.4432251971949315e+00
2.4432251971949324e+00
2.4432251971949333e+00
2.4432251971949310e+00
2.4432251971949310e+00
-1.4370133239908083e+00
-1.4370133239908069e+00
-1.4370133239908063e+00
-1.4370133239908065e+00
-1.4370133239908027e+00
-1.4370133239908032e+00
-1.4370133239908041e+00
-1.4370133239908047e+00
-1.4370133239908049e+00
-1.4370133239908058e+00
-1.4370133239908069e+00
-1.4370133239908074e+00
-1.4370133239908087e+00
-1.4370133239908109e+00
-1.4370133239908109e+00
-1.4370133239908105e+00
-1.4370133239908125e+00
-1.4370133239908129e+00
-1.4370133239908123e+00
-1.4370133239908132e+00
8.5075959067275364e-01
8.5075959067275331e-01
8.5075959067275253e-01
8.5075959067275297e-01
8.5075959067275186e-01
8.5075959067275175e-01
8.5075959067275098e-01
8.5075959067275087e-01
8.5075959067275098e-01
8.5075959067275098e-01
8.5075959067275120e-01
8.5075959067275075e-01
8.5075959067274842e-01
8.5075959067274887e-01
8.5075959067274931e-01
8.5075959067274820e-01
8.5075959067274887e-01
8.5075959067274920e-01
8.5075959067274964e-01
8.5075959067275053e-01
-5.0622915927526824e-01
-5.0622915927526790e-01
-5.0622915927526846e-01
-5.0622915927526924e-01
-5.0622915927526990e-01
-5.0622915927526946e-01
-5.0622915927526990e-01
-5.0622915927526990e-01
-5.0622915927526957e-01
-5.0622915927526968e-01
-5.0622915927527035e-01
-5.0622915927527101e-01
-5.0622915927527112e-01
-5.0622915927527035e-01
-5.0622915927527035e-01
-5.0622915927527079e-01
-5.0622915927527001e-01
-5.0622915927526957e-01
-5.0622915927526912e-01
-5.0622915927526946e-01
2.9121508267916074e-01
2.9121508267916107e-01
2.9121508267916085e-01
2.9121508267916085e-01
2.9121508267916046e-01
2.9121508267916019e-01
2.9121508267916041e-01
2.9121508267916052e-01
2.9121508267916041e-01
2.9121508267916030e-01
2.9121508267916041e-01
2.9121508267916035e-01
2.9121508267916030e-01
2.9121508267916035e-01
2.9121508267916030e-01
2.9121508267916013e-01
2.9121508267915991e-01
2.9121508267916008e-01
2.9121508267916052e-01
2.9121508267916063e-01
-1.8134986408470929e-01
-1.8134986408470924e-01
-1.8134986408470924e-01
-1.8134986408470968e-01
-1.8134986408470966e-01
-1.8134986408470966e-01
-1.8134986408470968e-01
-1.8134986408470979e-01
-1.8134986408470979e-01
-1.8134986408470991e-01
-1.8134986408470999e-01
