0.0000000000000000e+00
0.0000000000000000e+00
0.0000000000000000e+00
0.0000000000000000e+00
0.0000000000000000e+00
0.0000000000000000e+00
0.0000000000000000e+00
2.6196422931516636e+00
9.9517937836718264e+00
1.6545977163389850e+01
2.2081348021840927e+01
2.2081348021840942e+01
2.2081348021840949e+01
2.2081348021840938e+01
2.2081348021840952e+01
2.2081348021840927e+01
2.2081348021840913e+01
2.2081348021840931e+01
2.2081348021840963e+01
2.2081348021840952e+01
2.2081348021840896e+01
2.2081348021840927e+01
2.2081348021840913e+01
2.2081348021840917e+01
2.2081348021840959e+01
2.2081348021840938e+01
2.2081348021840927e+01
2.2081348021840924e+01
2.2081348021840892e+01
1.8488157574004092e+01
1.0086512286427721e+01
1.9904463087782782e+00
-5.6786339722650325e+00
-1.2743531427880551e+01
-1.2743531427880544e+01
-1.2743531427880534e+01
-1.2743531427880532e+01
-1.2743531427880534e+01
-1.2743531427880539e+01
-1.2743531427880553e+01
-1.2743531427880548e+01
-1.2743531427880550e+01
-1.2743531427880541e+01
-1.2743531427880525e+01
-1.2743531427880551e+01
-1.2743531427880551e+01
-1.2743531427880544e+01
-1.2743531427880541e+01
-1.2743531427880521e+01
-1.2743531427880512e+01
-1.2743531427880532e+01
-1.2743531427880523e+01
-1.2743531427880541e+01
-1.2743531427880527e+01
-8.1687265550606085e+00
-1.6081762690971668e-01
7.3871353669377839e+00
7.3871353669377768e+00
7.3871353669377751e+00
7.3871353669377786e+00
7.3871353669377591e+00
7.3871353669377555e+00
7.3871353669377546e+00
7.3871353669377555e+00
7.3871353669377617e+00
7.3871353669377644e+00
7.3871353669377644e+00
7.3871353669377724e+00
7.3871353669377662e+00
7.3871353669377502e+00
7.3871353669377520e+00
7.3871353669377520e+00
7.3871353669377520e+00
7.3871353669377431e+00
7.3871353669377458e+00
3.4918428143988094e+00
-4.2679001067230047e+00
-4.2679001067230029e+00
-4.2679001067229994e+00
-4.2679001067229967e+00
-4.2679001067229914e+00
-4.2679001067229816e+00
-4.2679001067229780e+00
-4.2679001067229736e+00
-4.2679001067229700e+00
-4.2679001067229603e+00
-4.2679001067229621e+00
-4.2679001067229567e+00
-4.2679001067229523e+00
-4.2679001067229523e+00
-4.2679001067229541e+00
-4.2679001067229541e+00
-4.2679001067229532e+00
-4.2679001067229523e+00
-4.2679001067229514e+00
-4.2679001067229532e+00
2.4432251971692360e+00
2.4432251971692334e+00
2.4432251971692303e+00
2.4432251971692258e+00
2.4432251971692254e+00
2.4432251971692245e+00
2.4432251971692271e+00
2.4432251971692258e+00
2.4432251971692232e+00
2.4432251971692236e+00
2.4432251971692245e+00
2.4432251971692263e+00
2.4432251971692298e+00
2.4432251971692289e+00
2.4432251971692289e+00
2.4432251971692267e+00
2.4432251971692276e+00
2.4432251971692276e+00
2.4432251971692294e+00
2.4432251971692289e+00
-1.4370133240080938e+00
-1.4370133240080913e+00
-1.4370133240080922e+00
-1.4370133240080909e+00
-1.4370133240080887e+00
-1.4370133240080893e+00
-1.4370133240080902e+00
-1.4370133240080909e+00
-1.4370133240080916e+00
-1.4370133240080911e+00
-1.4370133240080925e+00
-1.4370133240080927e+00
-1.4370133240080949e+00
-1.4370133240080971e+00
-1.4370133240080976e+00
-1.4370133240080964e+00
-1.4370133240080987e+00
-1.4370133240080987e+00
-1.4370133240080976e+00
-1.4370133240080991e+00
8.5075959066063345e-01
8.5075959066063334e-01
8.5075959066063378e-01
8.5075959066063378e-01
8.5075959066063334e-01
8.5075959066063278e-01
8.5075959066063322e-01
8.5075959066063378e-01
8.5075959066063289e-01
8.5075959066063245e-01
8.5075959066063189e-01
8.5075959066063100e-01
8.5075959066062956e-01
8.5075959066062945e-01
8.5075959066063001e-01
8.5075959066062923e-01
8.5075959066063001e-01
8.5075959066062945e-01
8.5075959066062934e-01
8.5075959066063001e-01
-5.0622915928678214e-01
-5.0622915928678192e-01
-5.0622915928678203e-01
-5.0622915928678303e-01
-5.0622915928678314e-01
-5.0622915928678269e-01
-5.0622915928678314e-01
-5.0622915928678303e-01
-5.0622915928678269e-01
-5.0622915928678325e-01
-5.0622915928678403e-01
-5.0622915928678491e-01
-5.0622915928678514e-01
-5.0622915928678447e-01
-5.0622915928678458e-01
-5.0622915928678469e-01
-5.0622915928678425e-01
-5.0622915928678358e-01
-5.0622915928678325e-01
-5.0622915928678347e-01
2.9121508267064056e-01
2.9121508267064022e-01
2.9121508267064017e-01
2.9121508267064028e-01
2.9121508267064028e-01
2.9121508267063989e-01
2.9121508267063978e-01
2.9121508267063972e-01
2.9121508267063972e-01
2.9121508267063967e-01
2.9121508267063989e-01
2.9121508267063989e-01
2.9121508267063978e-01
2.9121508267063984e-01
2.9121508267063989e-01
2.9121508267063934e-01
2.9121508267063922e-01
2.9121508267063934e-01
2.9121508267063989e-01
2.9121508267063989e-01
-1.8134986409277395e-01
-1.8134986409277393e-01
-1.8134986409277393e-01
-1.8134986409277426e-01
-1.8134986409277426e-01
-1.8134986409277426e-01
-1.8134986409277429e-01
-1.8134986409277434e-01
-1.8134986409277434e-01
-1.8134986409277418e-01
-1.8134986409277426e-01
