0.0000000000000000e+00
-1.4634146341497659e-04
-2.9270434578832378e-04
-4.3902439024689089e-04
-5.8536584739404839e-04
-7.3172872349713401e-04
-8.7811302482800209e-04
-1.3810376295150745e-03
-2.8574915562264249e-03
-4.7107157909192935e-03
-7.0893648562774325e-03
-7.0405853259428693e-03
-6.9918081749363158e-03
-6.9228309277618557e-03
-6.8252904907726859e-03
-6.6873637215305289e-03
-6.5409443159583453e-03
-6.3945463458903763e-03
-6.2482613891192730e-03
-6.1019199257022717e-03
-5.9555998749764054e-03
-5.8092369988709614e-03
-5.6628955417231206e-03
-5.6259511787276738e-03
-5.4796231001690591e-03
-5.3332682518999787e-03
-5.1869348202379113e-03
-5.0406227989153382e-03
-4.8942438616602080e-03
-4.4632295367645278e-03
-3.5183933419375112e-03
-2.4192857235716893e-03
-1.1074912009197103e-03
5.0638740034140257e-04
4.5760757535522739e-04
4.0882537078200279e-04
3.3983285281073499e-04
2.4225457170426473e-04
1.0424178689339255e-04
-4.2033433629431593e-05
-1.8833005372312893e-04
-3.3471636044965286e-04
-4.8105782386409870e-04
-6.2742070623795175e-04
-7.7374075069353823e-04
-9.2008220783814385e-04
-9.5702657083016204e-04
-1.1033814717045266e-03
-1.2497094976613859e-03
-1.3960589386431371e-03
-1.5424298009193648e-03
-1.6887338879105075e-03
-1.8350593829183828e-03
-1.9814062922119536e-03
-2.5833022767171782e-03
-3.7256255432370935e-03
-5.0986509391390718e-03
-4.9523098174675904e-03
-4.8059901083858511e-03
-4.6596918056304231e-03
-4.5132854089700138e-03
-4.3669004440035439e-03
-4.2205369044595415e-03
-4.0742610187171771e-03
-3.9279195553046480e-03
-3.7815780918853412e-03
-3.6352366284705031e-03
-3.4888951650552434e-03
-3.3425751143309171e-03
-3.1962122382275773e-03
-3.0498707810816851e-03
-2.9035507366241293e-03
-2.7572520985893988e-03
-2.6108463845786419e-03
-2.4644621020637044e-03
-1.8791691468647721e-03
-6.1360733560416670e-04
-7.5991292338060880e-04
-9.0623991961476919e-04
-1.0525883305713818e-03
-1.1989373009810738e-03
-1.3453076925474391e-03
-1.4916202278211737e-03
-1.6379616912280052e-03
-1.7843245735935226e-03
-1.9306446180612480e-03
-2.0769860814728270e-03
-2.2233275448883785e-03
-2.3696904272616746e-03
-2.5160104717199643e-03
-2.6623519288675162e-03
-2.8087148049722251e-03
-2.9550991063035338e-03
-3.1013763253885272e-03
-3.2476749446290316e-03
-3.3939949702878006e-03
-4.4484998484288002e-03
-4.3022943897406086e-03
-4.1561103039627371e-03
-4.0096114558492270e-03
-3.8631340665043565e-03
-3.7169285289633796e-03
-3.5705870655055932e-03
-3.4242670147375124e-03
-3.2779041386511178e-03
-3.1315626815220242e-03
-2.9852212118199623e-03
-2.8388797484047283e-03
-2.6925596976805962e-03
-2.5461968215795636e-03
-2.3998553644343878e-03
-2.2535353199772401e-03
-2.1072366819436111e-03
-1.9608309679300124e-03
-1.8144466854124928e-03
-1.6680838281165856e-03
-1.0139910576053076e-03
-1.1603130529123113e-03
-1.3066564614785863e-03
-1.4530212895729477e-03
-1.5993374396385549e-03
-1.7456750012523042e-03
-1.8920339806827488e-03
-2.0383618298844934e-03
-2.1847032932951014e-03
-2.3310447567137299e-03
-2.4773862201279365e-03
-2.6237276835425188e-03
-2.7700905659150355e-03
-2.9164106103735338e-03
-3.0627520675204564e-03
-3.2091149436247559e-03
-3.3554992449565729e-03
-3.5017764640401395e-03
-3.6480750832793992e-03
-3.7943951089362124e-03
-4.2345805839841197e-03
-4.0882415700751974e-03
-3.9419239681394895e-03
-3.7956277719127240e-03
-3.6492171776084520e-03
-3.5028280162276828e-03
-3.3565342507682308e-03
-3.2101927873530193e-03
-3.0638727366271417e-03
-2.9175098605233691e-03
-2.7711683971054285e-03
-2.6248269336916234e-03
-2.4785068829679215e-03
-2.3321440068657892e-03
-2.1858025497202265e-03
-2.0394825052623103e-03
-1.8931838672283435e-03
-1.7467781532178608e-03
-1.6003938707014132e-03
-1.4540310134086526e-03
-1.1354039912017354e-03
-1.2817451140425117e-03
-1.4281076557413480e-03
-1.5744916225710708e-03
-1.7207695024689411e-03
-1.8670687827152875e-03
-2.0133894695724833e-03
-2.1597938927041226e-03
-2.3061353561211148e-03
-2.4524768195312795e-03
-2.5988182829457351e-03
-2.7451597463595025e-03
-2.8915226287331386e-03
-3.0378426731914893e-03
-3.1841841303388504e-03
-3.3305470064428182e-03
-3.4769313077744135e-03
-3.6232085268591832e-03
-3.7695071460990930e-03
-3.9158271717568876e-03
-4.1626559760480691e-03
-4.0164874564919293e-03
-3.8703402990492826e-03
-3.7238045283088154e-03
-3.5772902271553053e-03
-3.4311216014081165e-03
-3.2847801379168027e-03
-3.1384600871158718e-03
-2.9920972110473541e-03
-2.8457557539353999e-03
-2.6994142842153212e-03
-2.5530728208008890e-03
-2.4067527700757561e-03
-2.2603898939736623e-03
-2.1140484368284721e-03
-1.9677283923719572e-03
-1.8214297543381940e-03
-1.6750240403246102e-03
-1.5286397578061991e-03
-1.3822769005097531e-03
-1.1766554373656849e-03
-1.3229338246127263e-03
-1.4692336123564636e-03
-1.6155548068594208e-03
-1.7619582133796565e-03
-1.9083830569952389e-03
-2.0546411402503888e-03
-2.2009826036283849e-03
-2.3473454859649855e-03
-2.4936655304579731e-03
-2.6400069938705265e-03
