0.0000000000000000e+00
4.3902439024113607e-05
8.7802950709303909e-05
1.3170731707518754e-04
1.7560975593118927e-04
2.1951026744867558e-04
2.6340885179541770e-04
4.8564062985252600e-04
1.1945946261285414e-03
2.0919431937346192e-03
3.2519993580542462e-03
3.2373658337255143e-03
3.2227320952539157e-03
3.2020364982610888e-03
3.1727677731267427e-03
3.1313740826256074e-03
3.0874735305355394e-03
3.0435710511021513e-03
2.9996686524806880e-03
2.9557662134550144e-03
2.9118618469206599e-03
2.8679613354053242e-03
2.8240588965503053e-03
2.8129755893607261e-03
2.7690719426120454e-03
2.7251707113132269e-03
2.6812675526119317e-03
2.6373624663387336e-03
2.5934633942427516e-03
2.4072244678304444e-03
1.9640742205086908e-03
1.4437891994970157e-03
8.1716022291312691e-04
3.9489189734256437e-05
5.4123041590852964e-05
6.8756679301720415e-05
8.9451402659755373e-05
1.1871743001532707e-04
1.6010438073564331e-04
2.0401534425773104e-04
2.4792437969138376e-04
2.9182022230042300e-04
3.3572266132432630e-04
3.7962317300861882e-04
4.2352753937333672e-04
4.6742997822861031e-04
4.7851328541391919e-04
5.2241451813812216e-04
5.6631816346348440e-04
6.1021988134278039e-04
6.5411967194552829e-04
6.9802548053861792e-04
7.4192936149682239e-04
7.8583131498833518e-04
1.0575044468978205e-03
1.5993975903015915e-03
2.2566425280324395e-03
2.2127402750906949e-03
2.1688360946560529e-03
2.1249299865599989e-03
2.0810329483867884e-03
2.0371339831797663e-03
1.9932330907699719e-03
1.9493256313081440e-03
1.9054231922856729e-03
1.8615207532580173e-03
1.8176183142334281e-03
1.7737158752087819e-03
1.7298115086757605e-03
1.6859109971613532e-03
1.6420085583082379e-03
1.5981041919462045e-03
1.5541978979064042e-03
1.5103012410698853e-03
1.4664026572330999e-03
1.2029988966558169e-03
5.9948527798165936e-04
6.4337109609935298e-04
6.8725498833651917e-04
7.3113695486200149e-04
7.7507840659024369e-04
8.1901792755312546e-04
8.6288328463586278e-04
9.0678572366239326e-04
9.5068623534864049e-04
9.9459060171287164e-04
1.0384930407354002e-03
1.0823954797602674e-03
1.1262959914450938e-03
1.1702003578110771e-03
1.2141027966667763e-03
1.2580033081839631e-03
1.3019018925304738e-03
1.3458101139137001e-03
1.3897164074489726e-03
1.4336207733066512e-03
1.9315623894775292e-03
1.8877325609144868e-03
1.8439008112139813e-03
1.7999276790814707e-03
1.7559526132268528e-03
1.7121228010221320e-03
1.6682203620038902e-03
1.6243159954773083e-03
1.5804154839565003e-03
1.5365130450962657e-03
1.4926106059058096e-03
1.4487081668817718e-03
1.4048038003480956e-03
1.3609032888343912e-03
1.3170008499803893e-03
1.2730964836185159e-03
1.2291901895779718e-03
1.1852935327418199e-03
1.1413949489037479e-03
1.0974944378962933e-03
7.9967791761568824e-04
8.4357116067379815e-04
8.8746247720059316e-04
9.3135186736388272e-04
9.7527847591544908e-04
1.0192031550048434e-03
1.0631259048009128e-03
1.1069857929824883e-03
1.1508882320093205e-03
1.1947906710333854e-03
1.2386931100574279e-03
1.2825955490814863e-03
1.3264960607661084e-03
1.3704004271312934e-03
1.4143028659883287e-03
1.4582033775053689e-03
1.5021019618519306e-03
1.5460101832349940e-03
1.5899164767705716e-03
1.6338208426291444e-03
1.8246073003866839e-03
1.7807061509418401e-03
1.7368030741008048e-03
1.6928980696957335e-03
1.6489988327005401e-03
1.6050976684769767e-03
1.5611939546455378e-03
1.5172915156206836e-03
1.4733871490871071e-03
1.4294866375721153e-03
1.3855841985453540e-03
1.3416817595212117e-03
1.2977773929879863e-03
1.2538768814743361e-03
1.2099744426199851e-03
1.1660700762581898e-03
1.1221637822173226e-03
1.0782671253821523e-03
1.0343685415472551e-03
9.9046803054093262e-04
8.6038491420272888e-04
9.0428719120076424e-04
9.4818754087300889e-04
9.9208596338872619e-04
1.0359945073252276e-03
1.0799011233864086e-03
1.1238058117404568e-03
1.1677018243926498e-03
1.2116042634184956e-03
1.2555067024395872e-03
1.2994091414643546e-03
1.3433115804889510e-03
1.3872120921730405e-03
1.4311164585389942e-03
1.4750188973951281e-03
1.5189194089116139e-03
1.5628179932585932e-03
1.6067262146420842e-03
1.6506325081782718e-03
1.6945368740369166e-03
1.7886410127374466e-03
1.7448290941289471e-03
1.7010152559520232e-03
1.6570242152741780e-03
1.6130312392981184e-03
1.5692193372117504e-03
1.5253168981957963e-03
1.4814125316703994e-03
1.4375120201487878e-03
1.3936095812870644e-03
1.3497071420981736e-03
1.3058047030731815e-03
1.2619003365396226e-03
1.2179998250259243e-03
1.1740973861724961e-03
1.1301930198101850e-03
1.0862867257700696e-03
1.0423900689344784e-03
9.9849148509786640e-04
9.5459097409058159e-04
8.8100923479833234e-04
9.2488154647595163e-04
9.6875193345840271e-04
1.0126203959141117e-03
1.0565888627741505e-03
1.1005553964937339e-03
1.1443937408210168e-03
1.1882961798490538e-03
1.2321966915375682e-03
1.2761010579012970e-03
1.3200034969231924e-03
