0.0000000000000000e+00
4.3902439023827479e-05
8.7802950709171148e-05
1.3170731707541747e-04
1.7560975593188170e-04
2.1951026744898978e-04
2.6340885179599146e-04
4.8564062985346937e-04
1.1945946261288662e-03
2.0919431937353765e-03
3.2519993580551699e-03
3.2373658337270916e-03
3.2227320952555641e-03
3.2020364982629848e-03
3.1727677731288430e-03
3.1313740826291094e-03
3.0874735305373362e-03
3.0435710511023629e-03
2.9996686524821387e-03
2.9557662134566745e-03
2.9118618469227897e-03
2.8679613354072818e-03
2.8240588965518201e-03
2.8129755893635169e-03
2.7690719426184439e-03
2.7251707113158524e-03
2.6812675526107768e-03
2.6373624663337922e-03
2.5934633942457197e-03
2.4072244678336806e-03
1.9640742205129865e-03
1.4437891995010880e-03
8.1716022291705443e-04
3.9489189739058213e-05
5.4123041595496114e-05
6.8756679305931158e-05
8.9451402664463778e-05
1.1871743001946983e-04
1.6010438074004035e-04
2.0401534426118948e-04
2.4792437969352993e-04
2.9182022230330563e-04
3.3572266132707773e-04
3.7962317301140283e-04
4.2352753937571752e-04
4.6742997823061853e-04
4.7851328541561201e-04
5.2241451813652545e-04
5.6631816346489809e-04
6.1021988134802490e-04
6.5411967195522181e-04
6.9802548054089279e-04
7.4192936149112306e-04
7.8583131497553748e-04
1.0575044468980725e-03
1.5993975903022930e-03
2.2566425280328307e-03
2.2127402750911755e-03
2.1688360946563547e-03
2.1249299865598666e-03
2.0810329483873860e-03
2.0371339831811554e-03
1.9932330907705682e-03
1.9493256313078064e-03
1.9054231922847674e-03
1.8615207532569965e-03
1.8176183142325606e-03
1.7737158752081244e-03
1.7298115086749413e-03
1.6859109971607915e-03
1.6420085583078265e-03
1.5981041919456923e-03
1.5541978979059581e-03
1.5103012410693575e-03
1.4664026572312997e-03
1.2029988966542544e-03
5.9948527797901727e-04
6.4337109609703929e-04
6.8725498833406052e-04
7.3113695485972662e-04
7.7507840658954687e-04
8.1901792755222189e-04
8.6288328463496214e-04
9.0678572366172236e-04
9.5068623534837692e-04
9.9459060171212701e-04
1.0384930407344786e-03
1.0823954797593797e-03
1.1262959914445296e-03
1.1702003578099604e-03
1.2141027966664072e-03
1.2580033081833833e-03
1.3019018925303234e-03
1.3458101139131986e-03
1.3897164074497140e-03
1.4336207733076484e-03
1.9315623894765499e-03
1.8877325609135106e-03
1.8439008112127345e-03
1.7999276790805169e-03
1.7559526132266392e-03
1.7121228010214273e-03
1.6682203620029729e-03
1.6243159954764056e-03
1.5804154839560596e-03
1.5365130450958055e-03
1.4926106059046126e-03
1.4487081668801141e-03
1.4048038003467162e-03
1.3609032888328358e-03
1.3170008499789098e-03
1.2730964836168319e-03
1.2291901895758860e-03
1.1852935327406793e-03
1.1413949489030620e-03
1.0974944378954025e-03
7.9967791761368506e-04
8.4357116067173372e-04
8.8746247719906737e-04
9.3135186736266245e-04
9.7527847591403474e-04
1.0192031550033016e-03
1.0631259047995758e-03
1.1069857929806015e-03
1.1508882320071070e-03
1.1947906710311127e-03
1.2386931100552517e-03
1.2825955490784198e-03
1.3264960607631004e-03
1.3704004271293173e-03
1.4143028659875634e-03
1.4582033775048409e-03
1.5021019618522366e-03
1.5460101832330344e-03
1.5899164767678167e-03
1.6338208426246767e-03
1.8246073003851493e-03
1.7807061509397229e-03
1.7368030740982753e-03
1.6928980696920624e-03
1.6489988326975991e-03
1.6050976684752931e-03
1.5611939546424924e-03
1.5172915156175517e-03
1.4733871490850562e-03
1.4294866375696956e-03
1.3855841985432533e-03
1.3416817595189798e-03
1.2977773929857318e-03
1.2538768814711709e-03
1.2099744426181305e-03
1.1660700762551410e-03
1.1221637822146871e-03
1.0782671253798325e-03
1.0343685415442252e-03
9.9046803053782812e-04
8.6038491419996070e-04
9.0428719119814351e-04
9.4818754087106741e-04
9.9208596338720158e-04
1.0359945073225979e-03
1.0799011233829264e-03
1.1238058117360717e-03
1.1677018243899065e-03
1.2116042634162185e-03
1.2555067024367615e-03
1.2994091414610580e-03
1.3433115804862708e-03
1.3872120921711456e-03
1.4311164585373258e-03
1.4750188973942458e-03
1.5189194089112925e-03
1.5628179932581274e-03
1.6067262146416024e-03
1.6506325081774328e-03
1.6945368740355037e-03
1.7886410127368787e-03
1.7448290941282133e-03
1.7010152559517604e-03
1.6570242152730843e-03
1.6130312392976468e-03
1.5692193372107721e-03
1.5253168981945639e-03
1.4814125316700915e-03
1.4375120201466486e-03
1.3936095812852102e-03
1.3497071420960384e-03
1.3058047030719436e-03
1.2619003365386355e-03
1.2179998250241354e-03
1.1740973861706781e-03
1.1301930198080244e-03
1.0862867257672702e-03
1.0423900689327866e-03
9.9849148509703416e-04
9.5459097409085621e-04
8.8100923479566369e-04
9.2488154647368359e-04
9.6875193345663513e-04
1.0126203959129364e-03
1.0565888627725381e-03
1.1005553964915959e-03
1.1443937408187369e-03
1.1882961798473622e-03
1.2321966915360798e-03
1.2761010578993357e-03
1.3200034969206137e-03
