0.0000000000000000e+00
0.0000000000000000e+00
0.0000000000000000e+00
0.0000000000000000e+00
0.0000000000000000e+00
0.0000000000000000e+00
0.0000000000000000e+00
3.5665219862710950e-04
1.6868559201599978e-03
3.3936434535898519e-03
5.6259511787277380e-03
5.6259511787277380e-03
5.6259511787277380e-03
5.6259511787277380e-03
5.6259511787277380e-03
5.6259511787277380e-03
5.6259511787277380e-03
5.6259511787277380e-03
5.6259511787277380e-03
5.6259511787277380e-03
5.6259511787277380e-03
5.6259511787277380e-03
5.6259511787277380e-03
5.6259511787277380e-03
5.6259511787277380e-03
5.6259511787277380e-03
5.6259511787277380e-03
5.6259511787277380e-03
5.6259511787277380e-03
5.9106270806022704e-03
6.7091389867831456e-03
7.6618850500865801e-03
8.8273382827134938e-03
1.0294875786624859e-02
1.0294875786624859e-02
1.0294875786624859e-02
1.0294875786624859e-02
1.0294875786624859e-02
1.0294875786624859e-02
1.0294875786624859e-02
1.0294875786624859e-02
1.0294875786624859e-02
1.0294875786624859e-02
1.0294875786624859e-02
1.0294875786624859e-02
1.0294875786624859e-02
1.0294875786624859e-02
1.0294875786624859e-02
1.0294875786624859e-02
1.0294875786624859e-02
1.0294875786624859e-02
1.0294875786624859e-02
1.0294875786624859e-02
1.0294875786624859e-02
1.0750434651958485e-02
1.1746417903511119e-02
1.2973085844261888e-02
1.2973085844261888e-02
1.2973085844261888e-02
1.2973085844261888e-02
1.2973085844261888e-02
1.2973085844261888e-02
1.2973085844261888e-02
1.2973085844261888e-02
1.2973085844261888e-02
1.2973085844261888e-02
1.2973085844261888e-02
1.2973085844261888e-02
1.2973085844261888e-02
1.2973085844261888e-02
1.2973085844261888e-02
1.2973085844261888e-02
1.2973085844261888e-02
1.2973085844261888e-02
1.2973085844261888e-02
1.3412092922356371e-02
1.4531336391257069e-02
1.4531336391257069e-02
1.4531336391257069e-02
1.4531336391257069e-02
1.4531336391257069e-02
1.4531336391257069e-02
1.4531336391257069e-02
1.4531336391257069e-02
1.4531336391257069e-02
1.4531336391257069e-02
1.4531336391257069e-02
1.4531336391257069e-02
1.4531336391257069e-02
1.4531336391257069e-02
1.4531336391257069e-02
1.4531336391257069e-02
1.4531336391257069e-02
1.4531336391257069e-02
1.4531336391257069e-02
1.4531336391257069e-02
1.5439571521599893e-02
1.5439571521599893e-02
1.5439571521599893e-02
1.5439571521599893e-02
1.5439571521599893e-02
1.5439571521599893e-02
1.5439571521599893e-02
1.5439571521599893e-02
1.5439571521599893e-02
1.5439571521599893e-02
1.5439571521599893e-02
1.5439571521599893e-02
1.5439571521599893e-02
1.5439571521599893e-02
1.5439571521599893e-02
1.5439571521599893e-02
1.5439571521599893e-02
1.5439571521599893e-02
1.5439571521599893e-02
1.5439571521599893e-02
1.5947406513293096e-02
1.5947406513293096e-02
1.5947406513293096e-02
1.5947406513293096e-02
1.5947406513293096e-02
1.5947406513293096e-02
1.5947406513293096e-02
1.5947406513293096e-02
1.5947406513293096e-02
1.5947406513293096e-02
1.5947406513293096e-02
1.5947406513293096e-02
1.5947406513293096e-02
1.5947406513293096e-02
1.5947406513293096e-02
1.5947406513293096e-02
1.5947406513293096e-02
1.5947406513293096e-02
1.5947406513293096e-02
1.5947406513293096e-02
1.6241188690271077e-02
1.6241188690271077e-02
1.6241188690271077e-02
1.6241188690271077e-02
1.6241188690271077e-02
1.6241188690271077e-02
1.6241188690271077e-02
1.6241188690271077e-02
1.6241188690271077e-02
1.6241188690271077e-02
1.6241188690271077e-02
1.6241188690271077e-02
1.6241188690271077e-02
1.6241188690271077e-02
1.6241188690271077e-02
1.6241188690271077e-02
1.6241188690271077e-02
1.6241188690271077e-02
1.6241188690271077e-02
1.6241188690271077e-02
1.6413538804433116e-02
1.6413538804433116e-02
1.6413538804433116e-02
1.6413538804433116e-02
1.6413538804433116e-02
1.6413538804433116e-02
1.6413538804433116e-02
1.6413538804433116e-02
1.6413538804433116e-02
1.6413538804433116e-02
1.6413538804433116e-02
1.6413538804433116e-02
1.6413538804433116e-02
1.6413538804433116e-02
1.6413538804433116e-02
1.6413538804433116e-02
1.6413538804433116e-02
1.6413538804433116e-02
1.6413538804433116e-02
1.6413538804433116e-02
1.6514134805703448e-02
1.6514134805703448e-02
1.6514134805703448e-02
1.6514134805703448e-02
1.6514134805703448e-02
1.6514134805703448e-02
1.6514134805703448e-02
1.6514134805703448e-02
1.6514134805703448e-02
1.6514134805703448e-02
1.6514134805703448e-02
1.6514134805703448e-02
1.6514134805703448e-02
1.6514134805703448e-02
1.6514134805703448e-02
1.6514134805703448e-02
1.6514134805703448e-02
1.6514134805703448e-02
1.6514134805703448e-02
1.6514134805703448e-02
1.6573542096049845e-02
1.6573542096049845e-02
1.6573542096049845e-02
1.6573542096049845e-02
1.6573542096049845e-02
1.6573542096049845e-02
1.6573542096049845e-02
1.6573542096049845e-02
1.6573542096049845e-02
1.6573542096049845e-02
1.6573542096049845e-02
