0.0000000000000000e+00
-3.0000000000193779e+01
-6.0006366698831265e+01
-9.0000000000320398e+01
-1.1999999831054478e+02
-1.5000636331852201e+02
-1.8001909671530154e+02
-2.0999927322320798e+02
-2.3998598817605480e+02
-2.6999988456375723e+02
-2.9999988303732187e+02
-2.9000000013228555e+02
-2.8000082448341368e+02
-2.6586106190759295e+02
-2.4586683206826467e+02
-2.1759554850151014e+02
-1.8757359313146796e+02
-1.5755800902696714e+02
-1.2757359313029133e+02
-9.7573593129914954e+01
-6.7579958138667166e+01
-3.7573593129523957e+01
-7.5735948189079423e+00
-4.4173883857432978e-10
2.9996020621282884e+01
5.9999999999387299e+01
8.9997613312866164e+01
1.1998886225124195e+02
1.4999999999893603e+02
1.7999950715304385e+02
2.0999669413445861e+02
2.3999997963477657e+02
2.6999995041427098e+02
2.9999988672058538e+02
2.8999999997601628e+02
2.7999940590323513e+02
2.6585522252666499e+02
2.4584991103808974e+02
2.1755329626542886e+02
1.8757359312721167e+02
1.5758752846339758e+02
1.2757359312819032e+02
9.7573593128123292e+01
6.7567226429135772e+01
3.7573593128097038e+01
7.5735948183309043e+00
-9.4599422138148201e-11
-3.0003993558945758e+01
-6.0000000000468781e+01
-9.0002372080219800e+01
-1.2001111148837458e+02
-1.5000000000132815e+02
-1.7999525226335371e+02
-2.0999686996449736e+02
-2.3999773841349335e+02
-2.6999755664352966e+02
-2.9999995246945230e+02
-2.7000000276169800e+02
-2.4000641803133686e+02
-2.1001919658988132e+02
-1.8000000000235144e+02
-1.4998717355561661e+02
-1.1998071555927753e+02
-9.0000000001267281e+01
-6.0000000001457373e+01
-3.0000000000932481e+01
-8.7623257567376009e-10
2.9999999999196369e+01
5.9993634990279546e+01
8.9999999999073879e+01
1.1999999830971748e+02
1.4999363161186255e+02
1.7998090159475746e+02
2.0999999999793428e+02
2.4001272832276882e+02
2.6999791316178784e+02
2.9999402925611804e+02
2.6999999806876684e+02
2.3999960342560303e+02
2.0999284363789289e+02
1.8000000000113016e+02
1.5000078824851454e+02
1.1999999999731396e+02
9.0000000000002700e+01
5.9993633303827721e+01
2.9999999999297302e+01
-2.8731628152030934e-10
-3.0000000000388006e+01
-6.0006366699073254e+01
-9.0000000000604189e+01
-1.1999999831091961e+02
-1.5000636331941527e+02
-1.8001909671634272e+02
-2.1000000000201186e+02
-2.3998726491762775e+02
-2.6998089315132751e+02
-2.9997964418250382e+02
-2.7000000108918886e+02
-2.4002671052006397e+02
-2.1000000003544045e+02
-1.7997966874517783e+02
-1.5000000002230112e+02
-1.2000000000898896e+02
-9.0006365004244572e+01
-6.0000000001657106e+01
-3.0000001697430790e+01
-1.6542608498604016e-09
2.9999999998547604e+01
5.9993634989449660e+01
8.9999999997677136e+01
1.1999999830786713e+02
1.4999363160997115e+02
1.7998090159231538e+02
2.0999999999651021e+02
2.4001272832192211e+02
2.7001908826042154e+02
2.9999680221225833e+02
2.6999999946147523e+02
2.3999683177602782e+02
2.0998729746556026e+02
1.7999999999905137e+02
1.5000633737676014e+02
1.2000630790877807e+02
8.9999999996940659e+01
5.9999999998639169e+01
2.9999999997456548e+01
-2.5116801697743074e-09
-3.0000000002622151e+01
-6.0006366701217317e+01
-9.0000000002726779e+01
-1.1999999831252275e+02
-1.5000636332087436e+02
-1.8001909671791026e+02
-2.1000000000346580e+02
-2.3998726491887044e+02
-2.6998089315208762e+02
-2.9999962940750322e+02
-2.7000000034179021e+02
-2.4000673606042423e+02
-2.1001983487455095e+02
-1.8000000000478227e+02
-1.4998653566109709e+02
-1.2000000000326625e+02
-9.0000000003238455e+01
-6.0006365011770029e+01
-3.0000000003060208e+01
-2.7037327769306075e-09
2.9999999997104844e+01
5.9993634988057536e+01
8.9999999996533816e+01
1.1999999830685829e+02
1.4999363160903772e+02
1.7998090159149132e+02
2.0999999999498246e+02
2.4001272832066803e+02
2.7001908825864274e+02
2.9999994405831654e+02
2.6999999971816027e+02
2.3999368871038530e+02
2.0998100934380477e+02
1.7999999999527574e+02
1.5001262895707538e+02
1.2001889454069926e+02
8.9999999996320085e+01
5.9999999996047528e+01
2.9999999996517200e+01
-3.4661367022813132e-09
-3.0000000003134453e+01
-6.0006366702027577e+01
-9.0000000003446132e+01
-1.1999999831369246e+02
-1.5000636332201015e+02
-1.8001909671898693e+02
-2.1000000000456365e+02
-2.3998726491999736e+02
-2.6998089315327587e+02
-2.9997368594446448e+02
-2.7000000023781882e+02
-2.4003266370457132e+02
-2.1000000005494690e+02
-1.7997371895779955e+02
-1.5000000003842669e+02
-1.2000000001535552e+02
-9.0006365001101926e+01
-6.0000000003845287e+01
-3.0000001704619375e+01
-3.4745493518536646e-09
2.9999999996408043e+01
5.9993634987701867e+01
8.9999999996187185e+01
1.1999999830650488e+02
1.4999363160825988e+02
1.7998090159074121e+02
2.0999999999503299e+02
2.4001272832102526e+02
2.7001908825985390e+02
2.9998971945153943e+02
2.6999999977159649e+02
2.4000391911320065e+02
2.1000147578802813e+02
1.7999999999591728e+02
1.4999215112789412e+02
1.1999999998391874e+02
8.9999999994922163e+01
5.9993633307264027e+01
2.9999999995617387e+01
-4.4176311802131021e-09
