0.0000000000000000e+00
-1.8340564644258472e-10
-3.2930203535822336e-03
4.5392811636290846e-10
6.7533783615857425e-07
-3.2916693905807436e-03
-9.8777093169620592e-03
-4.3315204643700140e-04
-9.4713040766091789e-03
-9.2352061592737705e-05
-1.3189944612112536e-04
7.7926540959931261e-08
-2.3376786519786920e-04
-1.1889261440148800e-03
-3.7884985877541834e-03
-9.9620451625392591e-03
1.1907679067107246e-09
6.6670689134534613e-03
-1.8302266899606390e-10
-3.9304467197339785e-10
-3.2923463151463082e-03
-3.9334978923475183e-10
-6.7486778815599756e-07
-9.3517795379976316e-10
-2.0591392052323608e-03
-7.0641413260460598e-10
-1.2336291475689837e-03
-5.7593500769575756e-03
-4.1993407381926244e-11
2.1739128312125668e-04
1.3970728820393713e-03
8.2604894689391218e-06
1.8801130533525935e-05
3.7717123257296451e-05
1.3124664745997217e-08
-4.0354561786609076e-04
-1.5988664480252857e-03
-4.5386360080448473e-03
-1.1195113338510358e-02
1.6552995076474342e-09
7.9040940836218633e-03
2.6389992024330421e-10
1.0396492597972090e-10
-3.2930204749029544e-03
1.3978549516195091e-10
6.7495878522179398e-07
-1.2274262069725558e-10
-2.0647991840399000e-03
-2.7578472579531242e-11
-1.2277978466288943e-03
-5.7488673708868815e-03
2.5641474383286676e-10
2.4570251674267572e-03
1.6215324732648123e-03
-1.3101666775465000e-03
-1.5021030566081750e-03
-3.1302963448842563e-05
1.6388666396778935e-06
-3.2577468105819130e-03
-9.8087858380156451e-03
1.0539218794827070e-09
6.5143820087044651e-03
9.7350317657927832e-03
-1.4340943558243458e-10
3.2512697761714803e-10
-4.0790762135594717e-10
-3.7583095366790550e-10
-4.0899073804637624e-10
-3.2923460922951041e-03
-1.1174761533742462e-10
-6.7392630892912881e-07
-3.2936933658210166e-03
-9.8783837678160027e-03
1.2054202432415450e-09
6.5840167490604090e-03
8.8407101628481361e-04
2.3105885741985083e-03
1.0999313651167379e-06
-5.5995920050523340e-03
-1.4492161365408034e-02
5.4584941082766823e-10
1.1197531376764576e-02
-2.1136135458312161e-09
-2.9959705914583568e-10
-3.2930190478378716e-03
-8.2001409320079975e-11
-4.4368432516354125e-10
-3.3792158798943894e-10
-3.2930206072954967e-03
1.4329305124522854e-10
6.7496042616745313e-07
-3.2916701083776511e-03
-9.8777101495452890e-03
1.0855698233449389e-09
6.5867154992293271e-03
9.8817593989948219e-03
-1.2539461362203049e-02
6.4234947514279142e-07
9.2556167627429065e-03
-1.4303924935626882e-08
-1.2555890054594834e-02
-1.1751239450523302e-08
-4.2357240065167799e-09
-3.2923421375340299e-03
-7.2923471109975520e-10
-6.7941367842762074e-07
-1.2741845421670577e-09
-1.1300827972247430e-09
-3.2923470484392675e-03
-1.1517042678882278e-09
-6.7548332922894275e-07
-3.2936947966075167e-03
-9.8783856981052715e-03
-9.4884471056261299e-11
6.5840153993146988e-03
9.8743367767671984e-03
1.3231604340211180e-03
3.0571477751508081e-07
-4.6145766084352479e-03
-1.2522161800650281e-02
-2.4511260928519982e-10
9.2291806563330053e-03
1.5164706071728056e-02
-2.9955768915550699e-09
-1.5643201131365844e-09
-2.1991944428723959e-09
-2.2867011344533864e-09
-2.4688177409962005e-09
-3.2930227860905707e-03
-2.1237375177368910e-09
6.7330578104054935e-07
-3.2916716795931421e-03
-9.8777117340087470e-03
-6.6467970254515506e-10
6.5867137977482842e-03
9.8817580259112046e-03
-2.1849396033207013e-04
1.9669385772050169e-07
-3.0733289736595785e-03
-9.4383965675741144e-03
-9.7910062897542760e-10
6.1437666067438784e-03
-2.1710708815376384e-09
-2.2990290793475126e-09
-3.2923479147632917e-03
-2.2269224611285876e-09
-2.7057801166310065e-09
-2.7746877670294888e-09
-3.2923484469065570e-03
-2.5428158641734449e-09
-6.7678296751020137e-07
-3.2936962078593374e-03
-9.8783871187613104e-03
-1.5715492601874098e-09
6.5840148606468515e-03
9.8743364753978696e-03
2.3753876489368031e-05
1.5751649176873857e-07
-3.3164417264195884e-03
-9.9267192398257813e-03
-1.6045421161714475e-09
6.6356856259332251e-03
9.9796679630950284e-03
-2.7670975948932567e-09
-2.4497730330548594e-09
-3.1883525535544104e-09
-3.2019075876696473e-09
-2.9306017836909352e-09
-3.2930234836458850e-03
-2.6504846726729949e-09
6.7227910704429540e-07
-3.2916728239967595e-03
-9.8777128163360199e-03
-1.4782119415221302e-09
6.5867131750817591e-03
9.8817574748339791e-03
-1.5231862386822325e-02
1.3367948130075132e-07
1.1948896148043980e-02
-2.4038711887890056e-08
-1.5251089629159704e-02
-2.0950562020325134e-08
-8.6606440963409033e-09
-3.2923420014769880e-03
-3.2081209787994467e-09
-6.8441659699808796e-07
-3.5612970241001962e-09
-3.7147024854050830e-09
-3.2923493453970200e-03
-3.3214150729113011e-09
-6.7737402913565591e-07
-3.2936970809703671e-03
-9.8783877440318611e-03
-2.0292535082099848e-09
6.5840141117067185e-03
9.8743358138750417e-03
4.4172829427914671e-03
1.2575688887533793e-07
-7.7068257754514986e-03
-1.8704245973001399e-02
-5.0361958613724819e-09
1.5406783628378438e-02
-1.0830027902685487e-08
-5.0709558508071665e-09
-3.2930195266079260e-03
-3.7452054445493578e-09
-4.5208601968380365e-09
