0.0000000000000000e+00
-2.2853361040538813e-10
-3.2930203671517775e-03
5.1754209116590214e-10
6.7546297874344600e-07
-3.2916693156409319e-03
-9.8777092231865128e-03
-4.3315194506189517e-04
-9.4713040860935297e-03
-9.2352044028260610e-05
-1.3189943010227746e-04
7.8057636810733998e-08
-2.3376772166975454e-04
-1.1889259168699306e-03
-3.7884983527084479e-03
-9.9620447565259961e-03
1.3694691216225436e-09
6.6670688495534675e-03
-3.2731619848485008e-11
-1.7193631670357470e-10
-3.2923460612163018e-03
-2.0262285169633407e-10
-6.7472161364539530e-07
-6.8015092207581402e-10
-2.0591383794955533e-03
-3.8868983302701549e-10
-1.2336293891372374e-03
-5.7593509352507569e-03
3.3551569702690037e-10
2.1739156834348387e-04
1.3970731330160207e-03
8.2606159719545398e-06
1.8801190488831860e-05
3.7717200807086906e-05
1.3190367332166130e-08
-4.0354560270455852e-04
-1.5988663390204014e-03
-4.5386360120163796e-03
-1.1195113339491646e-02
1.5579405027288449e-09
7.9040937663227874e-03
5.4901224181076584e-11
-1.3281413683815114e-10
-3.2930207034535253e-03
-1.4783036801158030e-10
6.7461458917593811e-07
-5.2742627853835033e-10
-2.0648001392278431e-03
-4.9621983527351757e-10
-1.2277976971933867e-03
-5.7488666012859195e-03
-1.2989864069466750e-10
2.4570235964571172e-03
1.6215297430412991e-03
-1.3101671728370338e-03
-1.5021032852750751e-03
-3.1303109433361958e-05
1.6387182918461322e-06
-3.2577469695758169e-03
-9.8087860052217413e-03
9.6092184702492188e-10
6.5143820385455062e-03
9.7350317194553129e-03
-2.8851422190510914e-10
3.1685424561728858e-11
-7.1731000297423582e-10
-7.0438564114864037e-10
-7.5853836273806986e-10
-3.2923464363855447e-03
-4.0644572703580105e-10
-6.7417095137326181e-07
-3.2936935882155248e-03
-9.8783839797155076e-03
9.3008743357699891e-10
6.5840162856795146e-03
8.8407075240280503e-04
2.3105883425803462e-03
1.0997186918477743e-06
-5.5995921949217597e-03
-1.4492161535972180e-02
6.2414903565484457e-10
1.1197531406888596e-02
-2.0521031940642079e-09
-2.3079809311638545e-10
-3.2930189327288746e-03
-4.6156038010444331e-11
-4.4248165576828549e-10
-2.7693632457016148e-10
-3.2930205198337232e-03
1.6401940513580802e-10
6.7508625164136456e-07
-3.2916700032893723e-03
-9.8777099936244814e-03
1.2327727304809303e-09
6.5867158133427577e-03
9.8817597555697148e-03
-1.2539461353472992e-02
6.4236511730079767e-07
9.2556167891422528e-03
-1.4247749281323560e-08
-1.2555889955249727e-02
-1.1717440563536621e-08
-4.2493110526099927e-09
-3.2923421014141234e-03
-5.4984383122133480e-10
-6.7922923266598044e-07
-1.2460891873109466e-09
-1.1299638392129220e-09
-3.2923469414421849e-03
-1.1155011378113285e-09
-6.7536202349161243e-07
-3.2936947038224927e-03
-9.8783856509067174e-03
8.6740442575125354e-11
6.5840156482958878e-03
9.8743370929094861e-03
1.3231605652371929e-03
3.0578695962719150e-07
-4.6145764259591000e-03
-1.2522161602636573e-02
-2.7656021797908482e-11
9.2291808134434255e-03
1.5164706304792289e-02
-2.8302342073630222e-09
-1.4456281164805930e-09
-2.0931904512890733e-09
-2.1766395940823676e-09
-2.4563440900955961e-09
-3.2930227896789425e-03
-1.9848688749454922e-09
6.7365839704542137e-07
-3.2916713000150435e-03
-9.8777112246550072e-03
-4.9559223765242616e-10
6.5867139007952163e-03
9.8817578069676140e-03
-2.1849379305717277e-04
1.9682460413272115e-07
-3.0733289583234338e-03
-9.4383967381195030e-03
-1.0152103776776934e-09
6.1437668224441138e-03
-2.2064527273473334e-09
-2.4041092079358687e-09
-3.2923478660158612e-03
-2.1266959396363969e-09
-2.5739881437660980e-09
-2.6917718849996796e-09
-3.2923483326307676e-03
-2.4855142646596746e-09
-6.7664561717568808e-07
-3.2936962387074401e-03
-9.8783870592528498e-03
-1.4994620053600501e-09
6.5840148576504411e-03
9.8743364565895535e-03
2.3753872547506637e-05
1.5758082522197024e-07
-3.3164415661872532e-03
-9.9267190158562335e-03
-1.5087972513746513e-09
6.6356855539859228e-03
9.9796677825694825e-03
-2.7472224273609558e-09
-2.3315312068499055e-09
-3.1702797698797808e-09
-3.2161190290149390e-09
-2.8660379675631954e-09
-3.2930233348609579e-03
-2.4693458629977283e-09
6.7258369016326809e-07
-3.2916724348169904e-03
-9.8777124449942882e-03
-1.0952189694358579e-09
6.5867135018429068e-03
9.8817577063516383e-03
-1.5231862051282651e-02
1.3403044851067272e-07
1.1948896529254923e-02
-2.3734659406288056e-08
-1.5251089223736641e-02
-2.0653444316387253e-08
-8.3473993850891117e-09
-3.2923415811011349e-03
-3.0287662464514139e-09
-6.8424257044904223e-07
-3.3932404426727037e-09
-3.4221923639182271e-09
-3.2923490164508910e-03
-3.1628673185633286e-09
-6.7727042387381129e-07
-3.2936969674368915e-03
-9.8783877790656963e-03
-1.8377920280371772e-09
6.5840144177797683e-03
9.8743363439328779e-03
4.4172830052315905e-03
1.2583065084585820e-07
-7.7068256341016822e-03
-1.8704245703259390e-02
-4.8649457605957156e-09
1.5406783739931455e-02
-1.0742392081195766e-08
-4.8385821565052986e-09
-3.2930192532069930e-03
-3.5451318081295392e-09
-4.3901296642919587e-09
