0.0000000000000000e+00
2.9999999999987818e+01
6.0003073678470926e+01
9.0000000000806153e+01
1.1999999898594511e+02
1.5000307164916887e+02
1.8000921900603146e+02
2.0999884007121230e+02
2.3997651687197347e+02
2.6999979221170435e+02
2.9999975113788372e+02
2.9000000021027728e+02
2.8000059071562004e+02
2.6585987298156249e+02
2.4586304356979431e+02
2.1758558645655054e+02
1.8757359313274804e+02
1.5756467609584880e+02
1.2757359313018341e+02
9.7573593129632485e+01
6.7576665792478977e+01
3.7573593129225927e+01
7.5735941441132395e+00
3.3612419414762951e-10
2.9998079760075228e+01
5.9999999999934843e+01
8.9998846942134577e+01
1.1999462160174807e+02
1.4999999999878932e+02
1.7999928976161812e+02
2.0999529706145108e+02
2.3999997137422395e+02
2.6999993161311033e+02
2.9999984900342361e+02
2.8999999996285879e+02
2.7999980944884538e+02
2.6585682139305862e+02
2.4585444967409970e+02
2.1756449137876780e+02
1.8757359312560496e+02
1.5757962436947264e+02
1.2757359312803104e+02
9.7573593128137688e+01
6.7570519449724969e+01
3.7573593128101045e+01
7.5735941435442156e+00
4.0185298833812414e-10
3.0001928759284130e+01
6.0000000000206875e+01
9.0001144282447854e+01
1.2000536262138841e+02
1.5000000000139147e+02
1.7999770928773566e+02
2.0999849149560538e+02
2.3999642824656803e+02
2.6999605454035861e+02
2.9999992116641562e+02
2.7000000440049041e+02
2.4000316028444689e+02
2.1000938780395975e+02
1.8000000000335882e+02
1.4999368793764023e+02
1.1999045059102016e+02
9.0000000001051291e+01
6.0000000001635783e+01
3.0000000000369866e+01
5.2218087819676244e-10
2.9999999999780162e+01
5.9996927336543862e+01
8.9999999999332942e+01
1.1999999898376601e+02
1.4999692530533960e+02
1.7999077997863125e+02
2.0999999999686668e+02
2.4000614430625134e+02
2.6999702909090342e+02
2.9999171866765971e+02
2.6999999696894190e+02
2.4000520301770294e+02
2.1000733579934368e+02
1.8000000000054513e+02
1.4998959071712267e+02
1.1999999999939686e+02
9.0000000000267931e+01
5.9996926322817998e+01
2.9999999999361386e+01
3.8835053097195179e-10
3.0000000000080583e+01
6.0003073678509672e+01
9.0000000000757822e+01
1.1999999898594297e+02
1.5000307164935947e+02
1.8000921900627122e+02
2.1000000000317107e+02
2.3999385163328415e+02
2.6999077491090480e+02
2.9996710472114597e+02
2.7000000173154621e+02
2.4003596613683982e+02
2.1000000002116465e+02
1.7996711285517290e+02
1.5000000001056671e+02
1.2000000000474643e+02
9.0003072662125106e+01
6.0000000001017547e+01
3.0000001018109323e+01
3.4307418199265084e-10
2.9999999999677630e+01
5.9996927336444628e+01
8.9999999998810722e+01
1.1999999898328981e+02
1.4999692530472134e+02
1.7999077997798980e+02
2.0999999999651436e+02
2.4000614430639826e+02
2.7000921392348664e+02
2.9999547905175871e+02
2.6999999915572431e+02
2.4000144635254492e+02
2.0999981962726190e+02
1.7999999999918774e+02
1.4999710819602538e+02
1.1999114320258984e+02
8.9999999999853515e+01
6.0000000000144155e+01
2.9999999999602732e+01
2.3828589621151563e-10
3.0000000000159574e+01
6.0003073678429423e+01
9.0000000000672472e+01
1.1999999898600484e+02
1.5000307164938442e+02
1.8000921900643112e+02
2.1000000000288571e+02
2.3999385163271975e+02
2.6999077491000406e+02
2.9999941091362672e+02
2.7000000053854944e+02
2.4000366273145823e+02
2.1001039647789798e+02
1.8000000000378523e+02
1.4999267942781154e+02
1.2000000000107742e+02
9.0000000000886899e+01
6.0003072663879621e+01
3.0000000000883396e+01
6.3473329834893804e-11
2.9999999999838053e+01
5.9996927336447300e+01
8.9999999999047958e+01
1.1999999898357260e+02
1.4999692530526099e+02
1.7999077997858043e+02
2.0999999999651777e+02
2.4000614430580870e+02
2.7000921392217674e+02
2.9999992030444190e+02
2.6999999956061163e+02
2.3999700515203162e+02
2.0999093606293252e+02
1.7999999999683246e+02
1.5000599327148544e+02
1.2000891487282644e+02
8.9999999999077275e+01
5.9999999998438177e+01
2.9999999999696534e+01
1.7674537361113465e-10
3.0000000000236149e+01
6.0003073678618300e+01
9.0000000000886260e+01
1.1999999898612380e+02
1.5000307164938079e+02
1.8000921900635632e+02
2.1000000000327697e+02
2.3999385163333568e+02
2.6999077491086649e+02
2.9995845408224540e+02
2.7000000037167371e+02
2.4004461260091000e+02
2.1000000003106010e+02
1.7995846786837322e+02
1.5000000001762461e+02
1.2000000000685154e+02
9.0003072659310675e+01
6.0000000000726871e+01
3.0000001020289798e+01
1.6461513169212620e-10
2.9999999999976502e+01
5.9996927336882827e+01
8.9999999999429392e+01
1.1999999898382715e+02
1.4999692530528412e+02
1.7999077997850281e+02
2.0999999999696647e+02
2.4000614430676069e+02
2.7000921392377501e+02
2.9998530216856534e+02
2.6999999964580252e+02
2.4001162593890552e+02
2.1002018003386624e+02
1.8000000000086789e+02
1.4997674434420998e+02
1.1999999999470498e+02
8.9999999999876934e+01
5.9996926326653934e+01
2.9999999999262549e+01
2.6946827176523832e-10
