2.0000000000000020e+02
2.0000000000000020e+02
2.0000000000000020e+02
2.0000000000000020e+02
2.0000000000000020e+02
2.0000000000000020e+02
2.0000000000000020e+02
2.0213991319176273e+02
2.1012113552096014e+02
2.2036186072153927e+02
2.3375570707236665e+02
2.3375570707236665e+02
2.3375570707236665e+02
2.3375570707236665e+02
2.3375570707236665e+02
2.3375570707236665e+02
2.3375570707236665e+02
2.3375570707236665e+02
2.3375570707236665e+02
2.3375570707236665e+02
2.3375570707236665e+02
2.3375570707236665e+02
2.3375570707236665e+02
2.3375570707236665e+02
2.3375570707236665e+02
2.3375570707236665e+02
2.3375570707236665e+02
2.3375570707236665e+02
2.3375570707236665e+02
2.3546376248361386e+02
2.4025483392069901e+02
2.4597131030051960e+02
2.5296402969628124e+02
2.6176925471974926e+02
2.6176925471974926e+02
2.6176925471974926e+02
2.6176925471974926e+02
2.6176925471974926e+02
2.6176925471974926e+02
2.6176925471974926e+02
2.6176925471974926e+02
2.6176925471974926e+02
2.6176925471974926e+02
2.6176925471974926e+02
2.6176925471974926e+02
2.6176925471974926e+02
2.6176925471974926e+02
2.6176925471974926e+02
2.6176925471974926e+02
2.6176925471974926e+02
2.6176925471974926e+02
2.6176925471974926e+02
2.6176925471974926e+02
2.6176925471974926e+02
2.6450260791175106e+02
2.7047850742106692e+02
2.7783851506557141e+02
2.7783851506557141e+02
2.7783851506557141e+02
2.7783851506557141e+02
2.7783851506557141e+02
2.7783851506557141e+02
2.7783851506557141e+02
2.7783851506557141e+02
2.7783851506557141e+02
2.7783851506557141e+02
2.7783851506557141e+02
2.7783851506557141e+02
2.7783851506557141e+02
2.7783851506557141e+02
2.7783851506557141e+02
2.7783851506557141e+02
2.7783851506557141e+02
2.7783851506557141e+02
2.7783851506557141e+02
2.8047255753413845e+02
2.8718801834754242e+02
2.8718801834754242e+02
2.8718801834754242e+02
2.8718801834754242e+02
2.8718801834754242e+02
2.8718801834754242e+02
2.8718801834754242e+02
2.8718801834754242e+02
2.8718801834754242e+02
2.8718801834754242e+02
2.8718801834754242e+02
2.8718801834754242e+02
2.8718801834754242e+02
2.8718801834754242e+02
2.8718801834754242e+02
2.8718801834754242e+02
2.8718801834754242e+02
2.8718801834754242e+02
2.8718801834754242e+02
2.8718801834754242e+02
2.9263742912959952e+02
2.9263742912959952e+02
2.9263742912959952e+02
2.9263742912959952e+02
2.9263742912959952e+02
2.9263742912959952e+02
2.9263742912959952e+02
2.9263742912959952e+02
2.9263742912959952e+02
2.9263742912959952e+02
2.9263742912959952e+02
2.9263742912959952e+02
2.9263742912959952e+02
2.9263742912959952e+02
2.9263742912959952e+02
2.9263742912959952e+02
2.9263742912959952e+02
2.9263742912959952e+02
2.9263742912959952e+02
2.9263742912959952e+02
2.9568443907975876e+02
2.9568443907975876e+02
2.9568443907975876e+02
2.9568443907975876e+02
2.9568443907975876e+02
2.9568443907975876e+02
2.9568443907975876e+02
2.9568443907975876e+02
2.9568443907975876e+02
2.9568443907975876e+02
2.9568443907975876e+02
2.9568443907975876e+02
2.9568443907975876e+02
2.9568443907975876e+02
2.9568443907975876e+02
2.9568443907975876e+02
2.9568443907975876e+02
2.9568443907975876e+02
2.9568443907975876e+02
2.9568443907975876e+02
2.9744713214162658e+02
2.9744713214162658e+02
2.9744713214162658e+02
2.9744713214162658e+02
2.9744713214162658e+02
2.9744713214162658e+02
2.9744713214162658e+02
2.9744713214162658e+02
2.9744713214162658e+02
2.9744713214162658e+02
2.9744713214162658e+02
2.9744713214162658e+02
2.9744713214162658e+02
2.9744713214162658e+02
2.9744713214162658e+02
2.9744713214162658e+02
2.9744713214162658e+02
2.9744713214162658e+02
2.9744713214162658e+02
2.9744713214162658e+02
2.9848123282659895e+02
2.9848123282659895e+02
2.9848123282659895e+02
2.9848123282659895e+02
2.9848123282659895e+02
2.9848123282659895e+02
2.9848123282659895e+02
2.9848123282659895e+02
2.9848123282659895e+02
2.9848123282659895e+02
2.9848123282659895e+02
2.9848123282659895e+02
2.9848123282659895e+02
2.9848123282659895e+02
2.9848123282659895e+02
2.9848123282659895e+02
2.9848123282659895e+02
2.9848123282659895e+02
2.9848123282659895e+02
2.9848123282659895e+02
2.9908480883422089e+02
2.9908480883422089e+02
2.9908480883422089e+02
2.9908480883422089e+02
2.9908480883422089e+02
2.9908480883422089e+02
2.9908480883422089e+02
2.9908480883422089e+02
2.9908480883422089e+02
2.9908480883422089e+02
2.9908480883422089e+02
2.9908480883422089e+02
2.9908480883422089e+02
2.9908480883422089e+02
2.9908480883422089e+02
2.9908480883422089e+02
2.9908480883422089e+02
2.9908480883422089e+02
2.9908480883422089e+02
2.9908480883422089e+02
2.9944125257629923e+02
2.9944125257629923e+02
2.9944125257629923e+02
2.9944125257629923e+02
2.9944125257629923e+02
2.9944125257629923e+02
2.9944125257629923e+02
2.9944125257629923e+02
2.9944125257629923e+02
2.9944125257629923e+02
2.9944125257629923e+02
