0.0000000000000000e+00
0.0000000000000000e+00
0.0000000000000000e+00
0.0000000000000000e+00
0.0000000000000000e+00
0.0000000000000000e+00
0.0000000000000000e+00
9.1357031903874013e+03
4.6529140729987288e+04
1.0090331098636065e+05
1.8038487569913507e+05
1.8038487569913507e+05
1.8038487569913507e+05
1.8038487569913507e+05
1.8038487569913507e+05
1.8038487569913507e+05
1.8038487569913507e+05
1.8038487569913507e+05
1.8038487569913507e+05
1.8038487569913507e+05
1.8038487569913507e+05
1.8038487569913507e+05
1.8038487569913507e+05
1.8038487569913507e+05
1.8038487569913507e+05
1.8038487569913507e+05
1.8038487569913507e+05
1.8038487569913507e+05
1.8038487569913507e+05
1.8656987276931625e+05
2.0604078117283439e+05
2.3284830131850234e+05
2.7001566844653740e+05
3.2232583392505284e+05
3.2232583392505284e+05
3.2232583392505284e+05
3.2232583392505284e+05
3.2232583392505284e+05
3.2232583392505284e+05
3.2232583392505284e+05
3.2232583392505284e+05
3.2232583392505284e+05
3.2232583392505284e+05
3.2232583392505284e+05
3.2232583392505284e+05
3.2232583392505284e+05
3.2232583392505284e+05
3.2232583392505284e+05
3.2232583392505284e+05
3.2232583392505284e+05
3.2232583392505284e+05
3.2232583392505284e+05
3.2232583392505284e+05
3.2232583392505284e+05
3.3551799727733881e+05
3.6724864894733654e+05
4.1092402395271772e+05
4.1092402395271772e+05
4.1092402395271772e+05
4.1092402395271772e+05
4.1092402395271772e+05
4.1092402395271772e+05
4.1092402395271772e+05
4.1092402395271772e+05
4.1092402395271772e+05
4.1092402395271772e+05
4.1092402395271772e+05
4.1092402395271772e+05
4.1092402395271772e+05
4.1092402395271772e+05
4.1092402395271772e+05
4.1092402395271772e+05
4.1092402395271772e+05
4.1092402395271772e+05
4.1092402395271772e+05
4.2535463084052067e+05
4.6524913272410148e+05
4.6524913272410148e+05
4.6524913272410148e+05
4.6524913272410148e+05
4.6524913272410148e+05
4.6524913272410148e+05
4.6524913272410148e+05
4.6524913272410148e+05
4.6524913272410148e+05
4.6524913272410148e+05
4.6524913272410148e+05
4.6524913272410148e+05
4.6524913272410148e+05
4.6524913272410148e+05
4.6524913272410148e+05
4.6524913272410148e+05
4.6524913272410148e+05
4.6524913272410148e+05
4.6524913272410148e+05
4.6524913272410148e+05
4.9783384964464681e+05
4.9783384964464681e+05
4.9783384964464681e+05
4.9783384964464681e+05
4.9783384964464681e+05
4.9783384964464681e+05
4.9783384964464681e+05
4.9783384964464681e+05
4.9783384964464681e+05
4.9783384964464681e+05
4.9783384964464681e+05
4.9783384964464681e+05
4.9783384964464681e+05
4.9783384964464681e+05
4.9783384964464681e+05
4.9783384964464681e+05
4.9783384964464681e+05
4.9783384964464681e+05
4.9783384964464681e+05
4.9783384964464681e+05
5.1642153905949398e+05
5.1642153905949398e+05
5.1642153905949398e+05
5.1642153905949398e+05
5.1642153905949398e+05
5.1642153905949398e+05
5.1642153905949398e+05
5.1642153905949398e+05
5.1642153905949398e+05
5.1642153905949398e+05
5.1642153905949398e+05
5.1642153905949398e+05
5.1642153905949398e+05
5.1642153905949398e+05
5.1642153905949398e+05
5.1642153905949398e+05
5.1642153905949398e+05
5.1642153905949398e+05
5.1642153905949398e+05
5.1642153905949398e+05
5.2727392264206451e+05
5.2727392264206451e+05
5.2727392264206451e+05
5.2727392264206451e+05
5.2727392264206451e+05
5.2727392264206451e+05
5.2727392264206451e+05
5.2727392264206451e+05
5.2727392264206451e+05
5.2727392264206451e+05
5.2727392264206451e+05
5.2727392264206451e+05
5.2727392264206451e+05
5.2727392264206451e+05
5.2727392264206451e+05
5.2727392264206451e+05
5.2727392264206451e+05
5.2727392264206451e+05
5.2727392264206451e+05
5.2727392264206451e+05
5.3368562542092265e+05
5.3368562542092265e+05
5.3368562542092265e+05
5.3368562542092265e+05
5.3368562542092265e+05
5.3368562542092265e+05
5.3368562542092265e+05
5.3368562542092265e+05
5.3368562542092265e+05
5.3368562542092265e+05
5.3368562542092265e+05
5.3368562542092265e+05
5.3368562542092265e+05
5.3368562542092265e+05
5.3368562542092265e+05
5.3368562542092265e+05
5.3368562542092265e+05
5.3368562542092265e+05
5.3368562542092265e+05
5.3368562542092265e+05
5.3743653014958114e+05
5.3743653014958114e+05
5.3743653014958114e+05
5.3743653014958114e+05
5.3743653014958114e+05
5.3743653014958114e+05
5.3743653014958114e+05
5.3743653014958114e+05
5.3743653014958114e+05
5.3743653014958114e+05
5.3743653014958114e+05
5.3743653014958114e+05
5.3743653014958114e+05
5.3743653014958114e+05
5.3743653014958114e+05
5.3743653014958114e+05
5.3743653014958114e+05
5.3743653014958114e+05
5.3743653014958114e+05
5.3743653014958114e+05
5.3965884284849861e+05
5.3965884284849861e+05
5.3965884284849861e+05
5.3965884284849861e+05
5.3965884284849861e+05
5.3965884284849861e+05
5.3965884284849861e+05
5.3965884284849861e+05
5.3965884284849861e+05
5.3965884284849861e+05
5.3965884284849861e+05
