0.0000000000000000e+00
9.5980035114805808e+00
1.9199999999984460e+01
2.8799171403014565e+01
3.8395518345172420e+01
4.7989041451145994e+01
5.7600000000644840e+01
6.7208132341911906e+01
9.8293367331326905e+01
1.2309959299380053e+02
1.4367183209845541e+02
1.3407086035474134e+02
1.2446706359204171e+02
1.1486044118491718e+02
1.0527086031576333e+02
9.5678456197447261e+01
8.6083228206588402e+01
7.6470860315518564e+01
6.6870860315389891e+01
5.7268035261256991e+01
4.7670860314864527e+01
3.8070860939490196e+01
2.8468036510684069e+01
1.8870860315066185e+01
9.2708596901256435e+00
-3.3196598885399720e-01
-9.9376173467669133e+00
-1.9546095008730813e+01
-2.9129139684691637e+01
-3.8715005665391537e+01
-7.3853563460044910e+01
-6.4237937285883461e+01
-5.4625129840177934e+01
-4.5037937324001994e+01
-3.5437937307690341e+01
-2.5840761720737738e+01
-1.6246409938655685e+01
-6.6379373035750238e+00
2.9620626963899586e+00
1.2562062696508420e+01
2.2162062696662183e+01
3.1759238267500365e+01
4.1362062696790382e+01
5.0962062072459709e+01
6.0559237019035166e+01
7.0153588160917565e+01
7.9762062696772276e+01
8.9367710929268952e+01
9.8970533484155141e+01
1.0857053098558063e+02
1.1816770405894793e+02
1.0856206277058206e+02
9.8953595181387982e+01
8.9362062696217606e+01
7.9767707028821292e+01
7.0170527555809400e+01
6.0570523651986910e+01
5.0967694693077902e+01
4.1362040054634626e+01
3.1762062696266842e+01
2.2162062696097536e+01
1.2562062696365709e+01
2.9592376426355891e+00
-6.6379373035817588e+00
-1.6237936678509929e+01
-2.5840761107185649e+01
-3.5446411214218983e+01
-4.5054887625035306e+01
-5.4637937302495196e+01
-6.4223808286541995e+01
-7.3881995262321425e+01
-6.4281991890836238e+01
-5.4684812947504852e+01
-4.5090457808545622e+01
-3.5481991897214606e+01
-2.5876352289929432e+01
-1.6273538362221089e+01
-6.6819918973639414e+00
2.9180081029851257e+00
1.2518008103122257e+01
2.2118008103089021e+01
3.1715183673877497e+01
4.1318008103158220e+01
5.0918007479086882e+01
6.0515182425664399e+01
7.0109533567636774e+01
7.9718008103229636e+01
8.9323656335629636e+01
9.8926478890334167e+01
1.0852647639176632e+02
1.1812364946491380e+02
1.0851800817676040e+02
9.8909540587813211e+01
8.9318008102195932e+01
7.9723652434499883e+01
7.0126472960682861e+01
6.0526469056439026e+01
5.0923640097189306e+01
4.1317985457914460e+01
3.1718008102113565e+01
2.2118008102071510e+01
1.2518008102192564e+01
2.9151830484114365e+00
-6.6819918975523587e+00
-1.6281991273025138e+01
-2.5884815701804644e+01
-3.5490465809005919e+01
-4.5098942219870032e+01
-5.4681991897210921e+01
-6.4267862881231750e+01
-7.3856555794683743e+01
-6.4281991891210581e+01
-5.4681991897330569e+01
-4.5084816332548577e+01
-3.5490464572551154e+01
-2.5881991897218068e+01
-1.6276345524319318e+01
-6.6819918969593051e+00
2.9180081031863097e+00
1.2518008103025275e+01
2.2118008103021776e+01
3.1715183673720325e+01
4.1318008103016417e+01
5.0918007478581771e+01
6.0515182425324923e+01
7.0109533566855916e+01
7.9718008102958862e+01
8.9323656335748325e+01
9.8926478890816853e+01
1.0852647639287451e+02
1.1812364946631300e+02
1.0851800817767224e+02
9.8909540588112890e+01
8.9318008103225239e+01
7.9723652436293335e+01
7.0126472962987890e+01
6.0526469059453021e+01
5.0923640101006086e+01
4.1317985462790809e+01
3.1718008102977606e+01
2.2118008103008645e+01
1.2518008102804405e+01
2.9151830487539501e+00
-6.6819918973484267e+00
-1.6281991272388119e+01
-2.5884815700907481e+01
-3.5490465808177987e+01
-4.5098942219109645e+01
-5.4681991896277324e+01
-6.4267862880111025e+01
-7.3856555793923562e+01
-6.4281991890532112e+01
-5.4681991896681069e+01
-4.5084816331726088e+01
-3.5490464571844086e+01
-2.5881991896723267e+01
-1.6276345523940254e+01
-6.6819918967505947e+00
2.9180081034871366e+00
1.2518008103349466e+01
2.2118008103431141e+01
3.1715183674619613e+01
4.1318008103742116e+01
5.0918007479223533e+01
6.0515182425891602e+01
7.0109533567629256e+01
7.9718008103809652e+01
8.9323656336633604e+01
9.8926478891718588e+01
1.0852647639364653e+02
1.1812364946707760e+02
1.0851800817732162e+02
9.8909540587135552e+01
8.9318008103076821e+01
7.9723652437028178e+01
7.0126472964759358e+01
6.0526469062308301e+01
5.0923640104858400e+01
4.1317985467330018e+01
3.1718008103159114e+01
2.2118008103340422e+01
1.2518008103473850e+01
2.9151830493556448e+00
-6.6819918966705378e+00
-1.6281991271861305e+01
-2.5884815700831766e+01
-3.5490465808094960e+01
-4.5098942219116651e+01
-5.4681991896652065e+01
-6.4267862881021827e+01
-7.3856555794890198e+01
-6.4281991890653870e+01
-5.4681991896758433e+01
-4.5084816331884120e+01
-3.5490464571998167e+01
-2.5881991897118084e+01
-1.6276345524582261e+01
-6.6819918968210068e+00
2.9180081029539471e+00
1.2518008103009985e+01
2.2118008102733999e+01
