0.0000000000000000e+00
2.8439183290884689e+01
5.6884444270295489e+01
8.5327089416497103e+01
1.1376711966151827e+02
1.4220453596181093e+02
1.7065333281033935e+02
1.9909951160263896e+02
2.2368389139859340e+02
2.5028111919819838e+02
2.7760818381519999e+02
2.4961287589455847e+02
2.2172894683897081e+02
1.9400557740056564e+02
1.6653512797649040e+02
1.3945001665805509e+02
1.1302957392300387e+02
8.7878267432576948e+01
6.5482645784447897e+01
4.9712319142069028e+01
4.7670860314596098e+01
6.0759014502323048e+01
8.2031712458194264e+01
1.0669447951667982e+02
1.3287821198497357e+02
1.5983857545085394e+02
1.8724158655475330e+02
2.1491903338633040e+02
2.4274976214706260e+02
2.7070713493861496e+02
2.9017873656369602e+02
2.6185871505209769e+02
2.3356227808258444e+02
2.0522163100956638e+02
1.7696260462624986e+02
1.4877619530255168e+02
1.2071143254416664e+02
9.2859141880827309e+01
6.5531258403613563e+01
3.9796877081268811e+01
2.2162062695666219e+01
3.1880673340149819e+01
5.6210748241506010e+01
8.3191187497974624e+01
1.1090224287555536e+02
1.3890573650579248e+02
1.6706786228094907e+02
1.9531101239916330e+02
2.2360348848440745e+02
2.5192778710966377e+02
2.8027346504403249e+02
2.5192031951061034e+02
2.2358865279616680e+02
1.9530610897820253e+02
1.6707269903151891e+02
1.3891998756147191e+02
1.1091145397889861e+02
8.3195528322371047e+01
5.6210721966177381e+01
3.1881697263260172e+01
2.2162062695509995e+01
3.9796877081233404e+01
6.5534166148351147e+01
9.2859141878934366e+01
1.2070300081643128e+02
1.4877619436103683e+02
1.7697087852872227e+02
2.0523807880590670e+02
2.3352514264195099e+02
2.6184512627157039e+02
2.9020046171009989e+02
2.6184529940108314e+02
2.3351403882256309e+02
2.0521549137811121e+02
1.7694753263443437e+02
1.4875181528305535e+02
1.2067713356626118e+02
9.2839527107623454e+01
6.5507765111372933e+01
3.9765271105348901e+01
2.2118008101584763e+01
3.1858912802827490e+01
5.6203427608250337e+01
8.3189630562664206e+01
1.1090361654822831e+02
1.3890886181178735e+02
1.6707214986162839e+02
1.9531612439140309e+02
2.2360921494888495e+02
2.5193398890269069e+02
2.8028004528895735e+02
2.5192652049937814e+02
2.2359437741390764e+02
1.9531122024921802e+02
1.6707698748158660e+02
1.3892311613088435e+02
1.1091283053033759e+02
8.3193973462199907e+01
5.6203401324788032e+01
3.1859940029037517e+01
2.2118008101632881e+01
3.9765271105429747e+01
6.5510672632132639e+01
9.2839527107654007e+01
1.2068557523732767e+02
1.4876016136084215e+02
1.7695580582740232e+02
2.0522370711975734e+02
2.3351130661059497e+02
2.6183171151072247e+02
2.9017608489603282e+02
2.6184529940115493e+02
2.3351130661055507e+02
2.0521000075733079e+02
1.7695580396407348e+02
1.4875738234319215e+02
1.2067995938139227e+02
9.2839527107860420e+01
6.5507765111388295e+01
3.9765271106022425e+01
2.2118008102416738e+01
3.1858912803259248e+01
5.6203427608309525e+01
8.3189630562479422e+01
1.1090361654809780e+02
1.3890886181151913e+02
1.6707214986137029e+02
1.9531612439108073e+02
2.2360921494846752e+02
2.5193398890222579e+02
2.8028004528858037e+02
2.5192652049908031e+02
2.2359437741368112e+02
1.9531122024880071e+02
1.6707698748107973e+02
1.3892311613021846e+02
1.1091283052955009e+02
8.3193973461228751e+01
5.6203401323586377e+01
3.1859940029524662e+01
2.2118008102601760e+01
3.9765271106074351e+01
6.5510672632517625e+01
9.2839527108137020e+01
1.2068557523793487e+02
1.4876016136133745e+02
1.7695580582800645e+02
2.0522370712049064e+02
2.3351130661072892e+02
2.6183171151023623e+02
2.9017608489511849e+02
2.6184529940131443e+02
2.3351130661073950e+02
2.0521000075745781e+02
1.7695580396417014e+02
1.4875738234333576e+02
1.2067995938159206e+02
9.2839527108091801e+01
6.5507765111548835e+01
3.9765271106101842e+01
2.2118008102620280e+01
3.1858912803466026e+01
5.6203427608539229e+01
8.3189630562714484e+01
1.1090361654825278e+02
1.3890886181169984e+02
1.6707214986144132e+02
1.9531612439112212e+02
2.2360921494828517e+02
2.5193398890198876e+02
2.8028004528810527e+02
2.5192652049892683e+02
2.2359437741390011e+02
1.9531122024869154e+02
1.6707698748041247e+02
1.3892311612904001e+02
1.1091283052794158e+02
8.3193973458901709e+01
5.6203401320328183e+01
3.1859940029280992e+01
2.2118008102816724e+01
3.9765271106491788e+01
6.5510672632902157e+01
9.2839527108491751e+01
1.2068557523825312e+02
1.4876016136176861e+02
1.7695580582837476e+02
2.0522370712085379e+02
2.3351130661104179e+02
2.6183171151055143e+02
2.9017608489521376e+02
2.6184529940171637e+02
2.3351130661102104e+02
2.0521000075772810e+02
1.7695580396427414e+02
1.4875738234361060e+02
1.2067995938202307e+02
9.2839527108416064e+01
6.5507765111903382e+01
3.9765271106359364e+01
2.2118008102720825e+01
