2.0000000000000020e+02
2.0000000000000020e+02
2.0000000000000020e+02
2.0000000000000020e+02
2.0000000000000020e+02
2.0000000000000020e+02
2.0000000000000020e+02
2.0000000000000020e+02
2.2368389139859337e+02
2.5028111919819861e+02
2.7760818381520005e+02
2.7760818381520005e+02
2.7760818381520005e+02
2.7760818381520005e+02
2.7760818381520005e+02
2.7760818381520005e+02
2.7760818381520005e+02
2.7760818381520005e+02
2.7760818381520005e+02
2.7760818381520005e+02
2.7760818381520005e+02
2.7760818381520005e+02
2.7760818381520005e+02
2.7760818381520005e+02
2.7760818381520005e+02
2.7760818381520005e+02
2.7760818381520005e+02
2.7760818381520005e+02
2.7760818381520005e+02
2.7760818381520005e+02
2.9017873656369596e+02
2.9017873656369596e+02
2.9017873656369596e+02
2.9017873656369596e+02
2.9017873656369596e+02
2.9017873656369596e+02
2.9017873656369596e+02
2.9017873656369596e+02
2.9017873656369596e+02
2.9017873656369596e+02
2.9017873656369596e+02
2.9017873656369596e+02
2.9017873656369596e+02
2.9017873656369596e+02
2.9017873656369596e+02
2.9017873656369596e+02
2.9017873656369596e+02
2.9017873656369596e+02
2.9017873656369596e+02
2.9017873656369596e+02
2.9017873656369596e+02
2.9017873656369596e+02
2.9017873656369596e+02
2.9017873656369596e+02
2.9017873656369596e+02
2.9017873656369596e+02
2.9017873656369596e+02
2.9017873656369596e+02
2.9017873656369596e+02
2.9017873656369596e+02
2.9017873656369596e+02
2.9017873656369596e+02
2.9017873656369596e+02
2.9017873656369596e+02
2.9017873656369596e+02
2.9017873656369596e+02
2.9017873656369596e+02
2.9017873656369596e+02
2.9017873656369596e+02
2.9017873656369596e+02
2.9020046171010000e+02
2.9020046171010000e+02
2.9020046171010000e+02
2.9020046171010000e+02
2.9020046171010000e+02
2.9020046171010000e+02
2.9020046171010000e+02
2.9020046171010000e+02
2.9020046171010000e+02
2.9020046171010000e+02
2.9020046171010000e+02
2.9020046171010000e+02
2.9020046171010000e+02
2.9020046171010000e+02
2.9020046171010000e+02
2.9020046171010000e+02
2.9020046171010000e+02
2.9020046171010000e+02
2.9020046171010000e+02
2.9020046171010000e+02
2.9020046171010000e+02
2.9020046171010000e+02
2.9020046171010000e+02
2.9020046171010000e+02
2.9020046171010000e+02
2.9020046171010000e+02
2.9020046171010000e+02
2.9020046171010000e+02
2.9020046171010000e+02
2.9020046171010000e+02
2.9020046171010000e+02
2.9020046171010000e+02
2.9020046171010000e+02
2.9020046171010000e+02
2.9020046171010000e+02
2.9020046171010000e+02
2.9020046171010000e+02
2.9020046171010000e+02
2.9020046171010000e+02
2.9020046171010000e+02
2.9020046171010000e+02
2.9020046171010000e+02
2.9020046171010000e+02
2.9020046171010000e+02
2.9020046171010000e+02
2.9020046171010000e+02
2.9020046171010000e+02
2.9020046171010000e+02
2.9020046171010000e+02
2.9020046171010000e+02
2.9020046171010000e+02
2.9020046171010000e+02
2.9020046171010000e+02
2.9020046171010000e+02
2.9020046171010000e+02
2.9020046171010000e+02
2.9020046171010000e+02
2.9020046171010000e+02
2.9020046171010000e+02
2.9020046171010000e+02
2.9020046171010000e+02
2.9020046171010000e+02
2.9020046171010000e+02
2.9020046171010000e+02
2.9020046171010000e+02
2.9020046171010000e+02
2.9020046171010000e+02
2.9020046171010000e+02
2.9020046171010000e+02
2.9020046171010000e+02
2.9020046171010000e+02
2.9020046171010000e+02
2.9020046171010000e+02
2.9020046171010000e+02
2.9020046171010000e+02
2.9020046171010000e+02
2.9020046171010000e+02
2.9020046171010000e+02
2.9020046171010000e+02
2.9020046171010000e+02
2.9020046171010000e+02
2.9020046171010000e+02
2.9020046171010000e+02
2.9020046171010000e+02
2.9020046171010000e+02
2.9020046171010000e+02
2.9020046171010000e+02
2.9020046171010000e+02
2.9020046171010000e+02
2.9020046171010000e+02
2.9020046171010000e+02
2.9020046171010000e+02
2.9020046171010000e+02
2.9020046171010000e+02
2.9020046171010000e+02
2.9020046171010000e+02
2.9020046171010000e+02
2.9020046171010000e+02
2.9020046171010000e+02
2.9020046171010000e+02
2.9020046171010000e+02
2.9020046171010000e+02
2.9020046171010000e+02
2.9020046171010000e+02
2.9020046171010000e+02
2.9020046171010000e+02
2.9020046171010000e+02
2.9020046171010000e+02
2.9020046171010000e+02
2.9020046171010000e+02
2.9020046171010000e+02
2.9020046171010000e+02
2.9020046171010000e+02
2.9020046171010000e+02
2.9020046171010000e+02
2.9020046171010000e+02
2.9020046171010000e+02
2.9020046171010000e+02
2.9020046171010000e+02
2.9020046171010000e+02
2.9020046171010000e+02
2.9020046171010000e+02
2.9020046171010000e+02
2.9020046171010000e+02
2.9020046171010000e+02
2.9020046171010000e+02
2.9020046171010000e+02
2.9020046171010000e+02
2.9020046171010000e+02
2.9020046171010000e+02
2.9020046171010000e+02
