0.0000000000000000e+00
0.0000000000000000e+00
0.0000000000000000e+00
0.0000000000000000e+00
0.0000000000000000e+00
0.0000000000000000e+00
0.0000000000000000e+00
0.0000000000000000e+00
5.9075876953582651e-01
4.1956929155601435e+00
1.0119599973714028e+01
1.7827287017238817e+01
2.6907085378433113e+01
3.3890831060331905e+01
3.6111106531141580e+01
3.6111106531141580e+01
3.6111106531141580e+01
3.6111106531141580e+01
3.6111106531141566e+01
3.6111106531141573e+01
3.6111106531141573e+01
3.6111106531141573e+01
3.6111106531141544e+01
3.6111106531141544e+01
3.6111106531141530e+01
3.6111106531141530e+01
3.6111106531141530e+01
3.6111106531141530e+01
3.6111106531141530e+01
3.6111106531141544e+01
3.6111106531141544e+01
3.6111106531141544e+01
3.3670927651453596e+01
2.8643075180372719e+01
2.1624810606359045e+01
1.3075425468708474e+01
3.3482351603863130e+00
-7.2849710982902396e+00
-1.5465242266614048e+01
-1.8608071616591769e+01
-1.8608071616591769e+01
-1.8608071616591769e+01
-1.8608071616591769e+01
-1.8608071616591769e+01
-1.8608071616591769e+01
-1.8608071616591769e+01
-1.8608071616591769e+01
-1.8608071616591769e+01
-1.8608071616591769e+01
-1.8608071616591769e+01
-1.8608071616591769e+01
-1.8608071616591769e+01
-1.8608071616591769e+01
-1.8608071616591769e+01
-1.8608071616591769e+01
-1.8608071616591769e+01
-1.8608071616591769e+01
-1.8608071616591769e+01
-1.8608071616591769e+01
-1.5623632657161771e+01
-1.0177056726884402e+01
-2.8365390827040518e+00
5.9608262475713660e+00
1.2727343280380520e+01
1.4780523163245993e+01
1.4780523163245993e+01
1.4780523163245993e+01
1.4780523163245988e+01
1.4780523163245981e+01
1.4780523163245981e+01
1.4780523163245981e+01
1.4780523163245981e+01
1.4780523163245988e+01
1.4780523163245988e+01
1.4780523163245977e+01
1.4780523163245977e+01
1.4780523163245977e+01
1.4780523163245975e+01
1.4780523163245975e+01
1.4780523163245974e+01
1.4780523163245974e+01
1.4780523163245974e+01
1.4780523163245974e+01
1.4780523163245974e+01
1.4043435197345215e+01
1.0325423279899640e+01
4.3147555573681924e+00
-3.4595391241700666e+00
-9.4403623933452927e+00
-1.0891276296821720e+01
-1.0891276296821720e+01
-1.0891276296821720e+01
-1.0891276296821720e+01
-1.0891276296821720e+01
-1.0891276296821720e+01
-1.0891276296821720e+01
-1.0891276296821720e+01
-1.0891276296821720e+01
-1.0891276296821720e+01
-1.0891276296821720e+01
-1.0891276296821720e+01
-1.0891276296821720e+01
-1.0891276296821720e+01
-1.0891276296821720e+01
-1.0891276296821720e+01
-1.0891276296821720e+01
-1.0891276296821720e+01
-1.0891276296821720e+01
-1.0891276296821720e+01
-1.0891276296821720e+01
-8.9064212111976833e+00
-4.2289424508045261e+00
2.5199768489792946e+00
7.7109715403876748e+00
8.5522386341698322e+00
8.5522386341698358e+00
8.5522386341698358e+00
8.5522386341698358e+00
8.5522386341698358e+00
8.5522386341698393e+00
8.5522386341698393e+00
8.5522386341698393e+00
8.5522386341698375e+00
8.5522386341698375e+00
8.5522386341698340e+00
8.5522386341698322e+00
8.5522386341698322e+00
8.5522386341698322e+00
8.5522386341698322e+00
8.5522386341698322e+00
8.5522386341698322e+00
8.5522386341698322e+00
8.5522386341698340e+00
8.5522386341698340e+00
8.5522386341698340e+00
7.8964671947792837e+00
4.2410003257883728e+00
-1.7215550439288139e+00
-6.3085433328882541e+00
-6.6872501278185190e+00
-6.6872501278185190e+00
-6.6872501278185190e+00
-6.6872501278185190e+00
-6.6872501278185190e+00
-6.6872501278185190e+00
-6.6872501278185190e+00
-6.6872501278185190e+00
-6.6872501278185190e+00
-6.6872501278185190e+00
-6.6872501278185190e+00
-6.6872501278185190e+00
