0.0000000000000000e+00
0.0000000000000000e+00
0.0000000000000000e+00
0.0000000000000000e+00
0.0000000000000000e+00
0.0000000000000000e+00
0.0000000000000000e+00
0.0000000000000000e+00
-2.9537938476766318e-01
-2.0978464577783411e+00
-5.0597999868551717e+00
-8.9136435086175432e+00
-1.3453542689215872e+01
-1.6945415530166219e+01
-1.8055553265571568e+01
-1.8055553265571561e+01
-1.8055553265571572e+01
-1.8055553265571568e+01
-1.8055553265571568e+01
-1.8055553265571568e+01
-1.8055553265571568e+01
-1.8055553265571582e+01
-1.8055553265571600e+01
-1.8055553265571582e+01
-1.8055553265571618e+01
-1.8055553265571600e+01
-1.8055553265571600e+01
-1.8055553265571604e+01
-1.8055553265571604e+01
-1.8055553265571596e+01
-1.8055553265571589e+01
-1.8055553265571572e+01
-1.6835463825730034e+01
-1.4321537590193685e+01
-1.0812405303192017e+01
-6.5377127343716790e+00
-1.6741175802138251e+00
3.6424855491210835e+00
7.7326211332828603e+00
9.3040358082707382e+00
9.3040358082707328e+00
9.3040358082707328e+00
9.3040358082707204e+00
9.3040358082707115e+00
9.3040358082707151e+00
9.3040358082707044e+00
9.3040358082707009e+00
9.3040358082707062e+00
9.3040358082707151e+00
9.3040358082707169e+00
9.3040358082707098e+00
9.3040358082707044e+00
9.3040358082706991e+00
9.3040358082706902e+00
9.3040358082706867e+00
9.3040358082706867e+00
9.3040358082706920e+00
9.3040358082706813e+00
9.3040358082706902e+00
7.8118163285582307e+00
5.0885283634236007e+00
1.4182695413376856e+00
-2.9804131237973439e+00
-6.3636716402004989e+00
-7.3902615816323802e+00
-7.3902615816323696e+00
-7.3902615816323660e+00
-7.3902615816323589e+00
-7.3902615816323571e+00
-7.3902615816323465e+00
-7.3902615816323474e+00
-7.3902615816323376e+00
-7.3902615816323252e+00
-7.3902615816323145e+00
-7.3902615816323163e+00
-7.3902615816323189e+00
-7.3902615816323145e+00
-7.3902615816323047e+00
-7.3902615816323136e+00
-7.3902615816323154e+00
-7.3902615816323109e+00
-7.3902615816323154e+00
-7.3902615816323056e+00
-7.3902615816322932e+00
-7.0217175986817155e+00
-5.1627116399585038e+00
-2.1573777786904671e+00
1.7297695620790199e+00
4.7201811966672667e+00
5.4456381484052958e+00
5.4456381484052887e+00
5.4456381484052763e+00
5.4456381484052692e+00
5.4456381484052798e+00
5.4456381484052780e+00
5.4456381484052843e+00
5.4456381484052949e+00
5.4456381484052958e+00
5.4456381484052976e+00
5.4456381484052976e+00
5.4456381484052994e+00
5.4456381484052985e+00
5.4456381484052940e+00
5.4456381484052905e+00
5.4456381484053011e+00
5.4456381484052923e+00
5.4456381484052958e+00
5.4456381484052940e+00
5.4456381484052931e+00
5.4456381484052896e+00
4.4532106055926457e+00
2.1144712253957620e+00
-1.2599884244965909e+00
-3.8554857702005552e+00
-4.2761193170915588e+00
-4.2761193170915606e+00
-4.2761193170915632e+00
-4.2761193170915597e+00
-4.2761193170915561e+00
-4.2761193170915535e+00
-4.2761193170915517e+00
-4.2761193170915526e+00
-4.2761193170915535e+00
-4.2761193170915561e+00
-4.2761193170915561e+00
-4.2761193170915544e+00
-4.2761193170915552e+00
-4.2761193170915570e+00
-4.2761193170915481e+00
-4.2761193170915464e+00
-4.2761193170915446e+00
-4.2761193170915401e+00
-4.2761193170915401e+00
-4.2761193170915339e+00
-4.2761193170915401e+00
-3.9482335973958884e+00
-2.1205001628994689e+00
8.6077752195981583e-01
3.1542716664400423e+00
3.3436250639052201e+00
3.3436250639052241e+00
3.3436250639052250e+00
3.3436250639052219e+00
3.3436250639052245e+00
3.3436250639052236e+00
3.3436250639052272e+00
3.3436250639052258e+00
3.3436250639052276e+00
3.3436250639052219e+00
3.3436250639052227e+00
3.3436250639052227e+00
