0.0000000000000000e+00
0.0000000000000000e+00
0.0000000000000000e+00
0.0000000000000000e+00
0.0000000000000000e+00
0.0000000000000000e+00
0.0000000000000000e+00
0.0000000000000000e+00
-2.9537938476816333e-01
-2.0978464577818006e+00
-5.0597999868588657e+00
-8.9136435086213126e+00
-1.3453542689217265e+01
-1.6945415530165686e+01
-1.8055553265569998e+01
-1.8055553265569980e+01
-1.8055553265569994e+01
-1.8055553265569987e+01
-1.8055553265569991e+01
-1.8055553265569998e+01
-1.8055553265569984e+01
-1.8055553265569994e+01
-1.8055553265570005e+01
-1.8055553265570001e+01
-1.8055553265570026e+01
-1.8055553265570015e+01
-1.8055553265570019e+01
-1.8055553265570015e+01
-1.8055553265570019e+01
-1.8055553265570005e+01
-1.8055553265569998e+01
-1.8055553265569969e+01
-1.6835463825723551e+01
-1.4321537590178998e+01
-1.0812405303167022e+01
-6.5377127343367505e+00
-1.6741175801724637e+00
3.6424855491691552e+00
7.7326211333311781e+00
9.3040358083210162e+00
9.3040358083210091e+00
9.3040358083210126e+00
9.3040358083210215e+00
9.3040358083210144e+00
9.3040358083210180e+00
9.3040358083210180e+00
9.3040358083210055e+00
9.3040358083210091e+00
9.3040358083210162e+00
9.3040358083210144e+00
9.3040358083210126e+00
9.3040358083210020e+00
9.3040358083210055e+00
9.3040358083209984e+00
9.3040358083209966e+00
9.3040358083209878e+00
9.3040358083209966e+00
9.3040358083209966e+00
9.3040358083210055e+00
7.8118163286034479e+00
5.0885283634607239e+00
1.4182695413662831e+00
-2.9804131237741052e+00
-6.3636716401800957e+00
-7.3902615816137107e+00
-7.3902615816137072e+00
-7.3902615816137027e+00
-7.3902615816136965e+00
-7.3902615816136965e+00
-7.3902615816136894e+00
-7.3902615816136876e+00
-7.3902615816136841e+00
-7.3902615816136752e+00
-7.3902615816136645e+00
-7.3902615816136619e+00
-7.3902615816136610e+00
-7.3902615816136557e+00
-7.3902615816136574e+00
-7.3902615816136663e+00
-7.3902615816136681e+00
-7.3902615816136752e+00
-7.3902615816136770e+00
-7.3902615816136645e+00
-7.3902615816136530e+00
-7.0217175986634857e+00
-5.1627116399411026e+00
-2.1573777786776978e+00
1.7297695620910720e+00
4.7201811966780483e+00
5.4456381484164398e+00
5.4456381484164318e+00
5.4456381484164229e+00
5.4456381484164158e+00
5.4456381484164238e+00
5.4456381484164256e+00
5.4456381484164380e+00
5.4456381484164469e+00
5.4456381484164487e+00
5.4456381484164531e+00
5.4456381484164504e+00
5.4456381484164504e+00
5.4456381484164487e+00
5.4456381484164469e+00
5.4456381484164433e+00
5.4456381484164496e+00
5.4456381484164407e+00
5.4456381484164416e+00
5.4456381484164398e+00
5.4456381484164433e+00
5.4456381484164362e+00
4.4532106056050340e+00
2.1144712254087592e+00
-1.2599884244827062e+00
-3.8554857701871157e+00
-4.2761193170782725e+00
-4.2761193170782743e+00
-4.2761193170782743e+00
-4.2761193170782725e+00
-4.2761193170782699e+00
-4.2761193170782663e+00
-4.2761193170782645e+00
-4.2761193170782636e+00
-4.2761193170782636e+00
-4.2761193170782636e+00
-4.2761193170782628e+00
-4.2761193170782636e+00
-4.2761193170782628e+00
-4.2761193170782636e+00
-4.2761193170782548e+00
-4.2761193170782557e+00
-4.2761193170782530e+00
-4.2761193170782512e+00
-4.2761193170782450e+00
-4.2761193170782406e+00
-4.2761193170782432e+00
-3.9482335973833456e+00
-2.1205001628888556e+00
8.6077752196904689e-01
3.1542716664482557e+00
3.3436250639133345e+00
3.3436250639133354e+00
3.3436250639133305e+00
3.3436250639133291e+00
3.3436250639133323e+00
3.3436250639133331e+00
3.3436250639133358e+00
3.3436250639133345e+00
3.3436250639133358e+00
3.3436250639133309e+00
3.3436250639133336e+00
3.3436250639133327e+00
