0.0000000000000000e+00
1.2486089731869897e-04
2.4975609755835523e-04
3.7463570093467099e-04
4.9949971134296319e-04
6.2434813267618172e-04
7.4926829267894411e-04
8.7417284958439187e-04
1.0359460389852170e-03
1.3861129762610959e-03
1.8812434543240295e-03
2.4878568290488514e-03
3.1802251627876229e-03
3.6166699801237672e-03
3.6304897249939132e-03
3.5057152759221250e-03
3.3809252562455507e-03
3.2559685484284590e-03
3.1310904996553184e-03
3.0061968544074051e-03
2.8812876087881954e-03
2.7564563533125385e-03
2.6316095130493062e-03
2.5067002557565663e-03
2.3818222069768155e-03
2.2569441581982309e-03
2.1320661094180950e-03
2.0071724641627727e-03
1.8823100118554052e-03
1.7574319669691929e-03
1.6325383256090981e-03
1.5076290838789150e-03
1.2302733915021307e-03
7.9115290326789423e-04
2.2763944512326216e-04
-4.3157156071367612e-04
-1.1643968675243599e-03
-1.9538490483487349e-03
-2.4651657677136800e-03
-2.5367854083313281e-03
-2.4117873936002504e-03
-2.2868050014199443e-03
-2.1620288663004557e-03
-2.0371508175067148e-03
-1.9122883612925664e-03
-1.7874414937659965e-03
-1.6625166711628236e-03
-1.5376074528212211e-03
-1.4127605735971783e-03
-1.2878825248161406e-03
-1.1630044760350118e-03
-1.0381264272543685e-03
-9.1326397105324583e-04
-7.8837032969417326e-04
-6.6349228480925572e-04
-5.3862983250242062e-04
-4.1378296888219921e-04
-2.8895169005545778e-04
-1.6398008580613817e-04
1.4740557349665300e-04
6.1270088996736292e-04
1.1963667973698057e-03
1.8710834338912510e-03
2.2939532783782563e-03
2.2973298479723871e-03
2.1725520704209459e-03
2.0477587214330741e-03
1.9228070879380851e-03
1.7979290391645776e-03
1.6730353939159613e-03
1.5481261482960266e-03
1.4232948928211725e-03
1.2984480525584832e-03
1.1735387952647722e-03
1.0486607464845082e-03
9.2378269770555376e-04
7.9890464892473938e-04
6.7401100366895161e-04
5.4914855136181954e-04
4.2427050647475247e-04
2.9937686511505144e-04
1.7446762338472197e-04
4.9542777386925443e-05
-7.5241692558483374e-05
-2.4618895667074636e-04
-6.0346132672679201e-04
-1.1039979825155097e-03
-1.7147646580294401e-03
-2.0885972973544000e-03
-2.0544692900165769e-03
-1.9295039352212177e-03
-1.8045541948155607e-03
-1.6797291588005081e-03
-1.5549197021299745e-03
-1.4299730612461056e-03
-1.3050420300757765e-03
-1.1802169636762237e-03
-1.0553389148946633e-03
-9.3047645869268026e-04
-8.0558281733214977e-04
-6.8070476854995812e-04
-5.5582671977054854e-04
-4.3096426357022894e-04
-3.0607062220980747e-04
-1.8119257732308655e-04
-5.6330125015178600e-05
6.8516738605846277e-05
1.9334801743364207e-04
3.1831962167765235e-04
4.4327560997098868e-04
6.9212041346456007e-04
1.1093334244694131e-03
1.6560255248111849e-03
1.9804388132372334e-03
1.9080732284054219e-03
1.7832922330505872e-03
1.6584956654544466e-03
1.5335393048698002e-03
1.4086612560962957e-03
1.2837676108480045e-03
1.1588583652286809e-03
1.0340271097538441e-03
9.0918026949173079e-04
7.8427101219769773e-04
6.5939296341677839e-04
5.3451491463774286e-04
4.0963686585742157e-04
2.8474322060302533e-04
1.5988076829516736e-04
3.5002723408784340e-05
-8.9890917951260084e-05
-2.1480015968091320e-04
-3.3972500567862557e-04
-4.6450947562290434e-04
-5.8930951867415418e-04
-7.5525225713875548e-04
-1.1086160343187815e-03
-1.6061455921193646e-03
-1.8928511025976165e-03
-1.7917078741001944e-03
-1.6667342765082506e-03
-1.5417762953648232e-03
-1.4169775232403272e-03
-1.2920994744532368e-03
-1.1672370182452892e-03
-1.0423901507243200e-03
-9.1746532811102935e-04
-7.9255610975996395e-04
-6.6770923054477354e-04
-5.4283118176390560e-04
-4.1795313298180790e-04
