0.0000000000000000e+00
-3.7461309495952866e-05
-7.4926829267280869e-05
-1.1239375275685219e-04
-1.4986208006915311e-04
-1.8733181130975018e-04
-2.2478048780000427e-04
-2.6223056674654533e-04
-3.1816876396746272e-04
-4.6829221709995101e-04
-6.9087523727737231e-04
-9.6920239873535740e-04
-1.2904086392197035e-03
-1.5086531604414210e-03
-1.5405877823988598e-03
-1.5031064579318185e-03
-1.4656265382612841e-03
-1.4281793961575218e-03
-1.3907159815326766e-03
-1.3532539703621073e-03
-1.3157933625411913e-03
-1.2783257376309655e-03
-1.2408595164911372e-03
-1.2033989083663711e-03
-1.1659354937318834e-03
-1.1284720790980839e-03
-1.0910086644635361e-03
-1.0535466532838218e-03
-1.0160818351946416e-03
-9.7861842066490016e-04
-9.4115640959001063e-04
-9.0369580186519505e-04
-7.8997658257994312e-04
-5.9539327565851245e-04
-3.3860726786563944e-04
-3.3974486059618583e-05
3.0746426628268153e-04
6.7721575685371392e-04
9.3284489056158894e-04
9.9357980280415483e-04
9.5613632263616801e-04
9.1869144040121649e-04
8.8120955511152184e-04
8.4374614046438506e-04
8.0628132225678707e-04
7.6881510038389787e-04
7.3135589655842271e-04
6.9389528948887572e-04
6.5642906728655267e-04
6.1896565265298403e-04
5.8150223801713293e-04
5.4403882338361091e-04
5.0657400518959569e-04
4.6911199411681824e-04
4.3164857958919410e-04
3.9418376150093397e-04
3.5671753974905382e-04
3.1924991422556100e-04
2.8179492095870457e-04
1.5106181492242145e-04
-5.6605175329545822e-05
-3.2345810527927238e-04
-6.3583820233511460e-04
-8.4729392894498977e-04
-8.7400668859457836e-04
-8.3652577117707973e-04
-7.9904625852427066e-04
-7.6159866591013372e-04
-7.2413525128422725e-04
-6.8667324011272707e-04
-6.4921263229093774e-04
-6.1174500738251324e-04
-5.7427878624428919e-04
-5.3681817811743833e-04
-4.9935476348264953e-04
-4.6189134884967221e-04
-4.2442793421494564e-04
-3.8696592303497334e-04
-3.4950110494610216e-04
-3.1203769041674410e-04
-2.7457567934154183e-04
-2.3711507161740134e-04
-1.9965586713756252e-04
-1.6218403176578047e-04
-1.0168698101798366e-04
5.1958710845425701e-05
2.7725791497131295e-04
5.5766947476912950e-04
7.4456975592062952e-04
7.5243357118922748e-04
7.1498606129079658e-04
6.7753714902376683e-04
6.4005970135704601e-04
6.0258084907857125e-04
5.6513287209593657e-04
5.2768349270906195e-04
4.9020604281823884e-04
4.5274262818149912e-04
4.1527780998516084e-04
3.7781579891105665e-04
3.4035238427513172e-04
3.0288896964117298e-04
2.6542415144706696e-04
2.2796214037459404e-04
1.9049872584731001e-04
1.5303390775918394e-04
1.1556768600512877e-04
7.8100060481706463e-05
4.0645067214602924e-05
3.1886710191086215e-06
-9.6311129868488515e-05
-2.7994795672803605e-04
-5.2831311476906652e-04
-6.9053075972234641e-04
-6.7937026537850844e-04
-6.4189168764212576e-04
-6.0441451449619571e-04
-5.6696477437788093e-04
-5.2950135975089198e-04
-4.9203934857890760e-04
-4.5457874075686153e-04
-4.1711111584944902e-04
-3.7964489471274253e-04
-3.4218428658406701e-04
-3.0472087195063065e-04
-2.6725745731684365e-04
-2.2979404268266639e-04
-1.9233203150351323e-04
-1.5486721341269314e-04
-1.1740379888266899e-04
-7.9941787806945939e-05
-4.2481180080881910e-05
-5.0219755989807305e-06
3.2449859769402266e-05
6.9920291051693971e-05
1.2786926039368512e-04
2.7956026246747737e-04
5.0335599146593532e-04
6.4670161562984003e-04
6.2105987773078582e-04
5.8361069858671216e-04
5.4616011694960404e-04
5.0868388358304582e-04
4.7122046894238157e-04
4.3375565074201824e-04
3.9628942887660488e-04
3.5883022504022764e-04
3.2136961795947412e-04
2.8390339576884739e-04
2.4643998113464417e-04
2.0897656649894846e-04
