0.0000000000000000e+00
-3.7461309496178868e-05
-7.4926829267813117e-05
-1.1239375275749789e-04
-1.4986208007002443e-04
-1.8733181131124797e-04
-2.2478048780142572e-04
-2.6223056674774239e-04
-3.1816876396802395e-04
-4.6829221710096262e-04
-6.9087523727774029e-04
-9.6920239873566694e-04
-1.2904086392196020e-03
-1.5086531604412094e-03
-1.5405877823983273e-03
-1.5031064579311888e-03
-1.4656265382612195e-03
-1.4281793961573204e-03
-1.3907159815317591e-03
-1.3532539703610838e-03
-1.3157933625403111e-03
-1.2783257376302577e-03
-1.2408595164907724e-03
-1.2033989083646980e-03
-1.1659354937308332e-03
-1.1284720790973944e-03
-1.0910086644624639e-03
-1.0535466532834866e-03
-1.0160818351931035e-03
-9.7861842066291390e-04
-9.4115640958792593e-04
-9.0369580186240388e-04
-7.8997658257818845e-04
-5.9539327565646190e-04
-3.3860726786275112e-04
-3.3974486056534197e-05
3.0746426628551487e-04
6.7721575685709750e-04
9.3284489056455803e-04
9.9357980280755293e-04
9.5613632263943460e-04
9.1869144040402370e-04
8.8120955511429393e-04
8.4374614046705079e-04
8.0628132225951221e-04
7.6881510038661770e-04
7.3135589655982719e-04
6.9389528948935939e-04
6.5642906728863000e-04
6.1896565265393520e-04
5.8150223801909881e-04
5.4403882338484311e-04
5.0657400519104289e-04
4.6911199411764712e-04
4.3164857958942986e-04
3.9418376150154714e-04
3.5671753974827385e-04
3.1924991422412595e-04
2.8179492095739642e-04
1.5106181492168552e-04
-5.6605175330692548e-05
-3.2345810528070201e-04
-6.3583820233630733e-04
-8.4729392894611539e-04
-8.7400668859618114e-04
-8.3652577117867991e-04
-7.9904625852685355e-04
-7.6159866591266967e-04
-7.2413525128641723e-04
-6.8667324011503024e-04
-6.4921263229333263e-04
-6.1174500738355592e-04
-5.7427878624461087e-04
-5.3681817811824432e-04
-4.9935476348458342e-04
-4.6189134885052152e-04
-4.2442793421667825e-04
-3.8696592303797507e-04
-3.4950110494772494e-04
-3.1203769041801424e-04
-2.7457567934227280e-04
-2.3711507161670550e-04
-1.9965586713594936e-04
-1.6218403176741268e-04
-1.0168698101884370e-04
5.1958710844613213e-05
2.7725791496946157e-04
5.5766947476794209e-04
7.4456975591930582e-04
7.5243357118838711e-04
7.1498606128885108e-04
6.7753714902079080e-04
6.4005970135507634e-04
6.0258084907778900e-04
5.6513287209364348e-04
5.2768349270543888e-04
4.9020604281665536e-04
4.5274262817963045e-04
4.1527780998257767e-04
3.7781579890933603e-04
3.4035238427440525e-04
3.0288896964000221e-04
2.6542415144583276e-04
2.2796214037255146e-04
1.9049872584377922e-04
1.5303390775536370e-04
1.1556768600197956e-04
7.8100060478406057e-05
4.0645067212437941e-05
3.1886710174539710e-06
-9.6311129869620991e-05
-2.7994795672957090e-04
-5.2831311477060121e-04
-6.9053075972414781e-04
-6.7937026538045459e-04
-6.4189168764299085e-04
-6.0441451449693589e-04
-5.6696477437841815e-04
-5.2950135975163011e-04
-4.9203934857965982e-04
-4.5457874075759586e-04
-4.1711111584977526e-04
-3.7964489471263552e-04
-3.4218428658516320e-04
-3.0472087195104779e-04
-2.6725745731814399e-04
-2.2979404268396768e-04
-1.9233203150459399e-04
-1.5486721341452471e-04
-1.1740379888444396e-04
-7.9941787809212627e-05
-4.2481180083196729e-05
-5.0219756018092107e-06
3.2449859766396438e-05
6.9920291049516879e-05
1.2786926039090880e-04
2.7956026246522565e-04
5.0335599146394809e-04
6.4670161562778569e-04
6.2105987772890223e-04
5.8361069858554730e-04
5.4616011694804485e-04
5.0868388358129332e-04
4.7122046894057935e-04
4.3375565073861363e-04
3.9628942887273488e-04
3.5883022503748136e-04
3.2136961795722050e-04
2.8390339576586340e-04
2.4643998113198625e-04
2.0897656649627330e-04
