0.0000000000000000e+00
0.0000000000000000e+00
0.0000000000000000e+00
0.0000000000000000e+00
0.0000000000000000e+00
0.0000000000000000e+00
0.0000000000000000e+00
0.0000000000000000e+00
3.6922423095989162e-05
2.6223080722250901e-04
6.3247499835712652e-04
1.1142054385774268e-03
1.6816928361520701e-03
2.1181769412707452e-03
2.2569441581963487e-03
2.2569441581963487e-03
2.2569441581963487e-03
2.2569441581963487e-03
2.2569441581963487e-03
2.2569441581963487e-03
2.2569441581963487e-03
2.2569441581963487e-03
2.2569441581963487e-03
2.2569441581963487e-03
2.2569441581963487e-03
2.2569441581963487e-03
2.2569441581963487e-03
2.2569441581963487e-03
2.2569441581963487e-03
2.2569441581963487e-03
2.2569441581963487e-03
2.2569441581963487e-03
2.4094553381768468e-03
2.7236961176194019e-03
3.1623376534952569e-03
3.6966742245984167e-03
4.3046236188685498e-03
4.9691990100358329e-03
5.4804659580560706e-03
5.6768927924296820e-03
5.6768927924296820e-03
5.6768927924296820e-03
5.6768927924296820e-03
5.6768927924296820e-03
5.6768927924296820e-03
5.6768927924296820e-03
5.6768927924296820e-03
5.6768927924296820e-03
5.6768927924296820e-03
5.6768927924296820e-03
5.6768927924296820e-03
5.6768927924296820e-03
5.6768927924296820e-03
5.6768927924296820e-03
5.6768927924296820e-03
5.6768927924296820e-03
5.6768927924296820e-03
5.6768927924296820e-03
5.6768927924296820e-03
5.8634202273940544e-03
6.2038312230363905e-03
6.6626135757976599e-03
7.2124489089398745e-03
7.6353562234904495e-03
7.7636799661695436e-03
7.7636799661695436e-03
7.7636799661695436e-03
7.7636799661695436e-03
7.7636799661695436e-03
7.7636799661695436e-03
7.7636799661695436e-03
7.7636799661695436e-03
7.7636799661695436e-03
7.7636799661695436e-03
7.7636799661695436e-03
7.7636799661695436e-03
7.7636799661695436e-03
7.7636799661695436e-03
7.7636799661695436e-03
7.7636799661695436e-03
7.7636799661695436e-03
7.7636799661695436e-03
7.7636799661695436e-03
7.7636799661695436e-03
7.8097479640383367e-03
8.0421237088786849e-03
8.4177904415369004e-03
8.9036838591330415e-03
9.2774853134564902e-03
9.3681674324237688e-03
9.3681674324237688e-03
9.3681674324237688e-03
9.3681674324237688e-03
9.3681674324237688e-03
9.3681674324237688e-03
9.3681674324237688e-03
9.3681674324237688e-03
9.3681674324237688e-03
9.3681674324237688e-03
9.3681674324237688e-03
9.3681674324237688e-03
9.3681674324237688e-03
9.3681674324237688e-03
9.3681674324237688e-03
9.3681674324237688e-03
9.3681674324237688e-03
9.3681674324237688e-03
9.3681674324237688e-03
9.3681674324237688e-03
9.3681674324237688e-03
9.4922208752752663e-03
9.7845632977998417e-03
1.0206370754036333e-02
1.0530807922249360e-02
1.0583387115610741e-02
1.0583387115610741e-02
1.0583387115610741e-02
1.0583387115610741e-02
1.0583387115610741e-02
1.0583387115610741e-02
1.0583387115610741e-02
1.0583387115610741e-02
1.0583387115610741e-02
1.0583387115610741e-02
1.0583387115610741e-02
1.0583387115610741e-02
1.0583387115610741e-02
1.0583387115610741e-02
1.0583387115610741e-02
1.0583387115610741e-02
1.0583387115610741e-02
1.0583387115610741e-02
1.0583387115610741e-02
1.0583387115610741e-02
1.0583387115610741e-02
1.0624372830572647e-02
1.0852839509884582e-02
1.1225499220491902e-02
1.1512185988551863e-02
1.1535855163235005e-02
1.1535855163235005e-02
1.1535855163235005e-02
1.1535855163235005e-02
1.1535855163235005e-02
1.1535855163235005e-02
1.1535855163235005e-02
1.1535855163235005e-02
1.1535855163235005e-02
1.1535855163235005e-02
1.1535855163235005e-02
1.1535855163235005e-02
