0.0000000000000000e+00
2.5595764802340767e+01
5.1199999999438461e+01
7.6799599028801225e+01
1.0239456294061178e+02
1.2798489278420109e+02
1.5359999999979109e+02
1.7921046962578095e+02
2.0479973063925522e+02
2.3039296768813179e+02
2.5599583008659687e+02
2.8159752684740602e+02
3.0719853013748497e+02
3.0718710428699853e+02
2.8156453332584141e+02
2.5599735922510814e+02
2.3042555594790508e+02
2.0479999999981169e+02
1.7919999999965879e+02
1.5359536400146177e+02
1.2798609095456757e+02
1.0239999999911683e+02
7.6809276196000837e+01
5.1199999999712439e+01
2.5599999999867187e+01
3.0642319343527897e-10
-2.5599999999476552e+01
-5.1204635997743566e+01
-7.6799999999721862e+01
-1.0239999894969675e+02
-1.2800463389769115e+02
-1.5361390589395907e+02
-1.7920460036642515e+02
-2.0480517612785957e+02
-2.3040305371127988e+02
-2.5600180052854267e+02
-2.8160105948838742e+02
-3.0720062205053915e+02
-3.0721538367585612e+02
-2.8163850637611165e+02
-2.5600068511991014e+02
-2.3036750672965962e+02
-2.0480000000074293e+02
-1.7920000000018578e+02
-1.5360463494785424e+02
-1.2801390379460480e+02
-1.0240000000045291e+02
-7.6790734303532446e+01
-5.1199999999949171e+01
-2.5599999999823616e+01
9.6654142450382444e-11
2.5600000000151912e+01
5.1195365052094800e+01
7.6800000000242363e+01
1.0239999895032085e+02
1.2799536295264170e+02
1.5358609305631379e+02
1.7917219031052349e+02
2.0479999999889742e+02
2.3039311615353691e+02
2.5599530167247923e+02
2.8159721398402468e+02
3.0719834491729944e+02
3.0718751514374361e+02
2.8156505629787648e+02
2.5599686738186674e+02
2.3042404906742172e+02
2.0480000000009528e+02
1.7920000000015034e+02
1.5359536400193164e+02
1.2798609095503363e+02
1.0239999999955808e+02
7.6809276196386875e+01
5.1200000000037235e+01
2.5600000000130514e+01
4.0972594310329871e-10
-2.5599999999661655e+01
-5.1204635998004314e+01
-7.6799999999990121e+01
-1.0239999895026934e+02
-1.2800463389795860e+02
-1.5361390589440222e+02
-1.7922781598981993e+02
-2.0480000000260236e+02
-2.3040042179652778e+02
-2.5600687165598055e+02
-2.8160405611803935e+02
-3.0720239426841164e+02
-3.0721110562801175e+02
-2.8163312084654609e+02
-2.5600526566273379e+02
-2.3038205116410361e+02
-2.0480000000023958e+02
-1.7922258038088643e+02
-1.5360000000034469e+02
-1.2798205902284556e+02
-1.0240000000002036e+02
-7.6800000000366467e+01
-5.1204634948812227e+01
-2.5600000000443657e+01
-2.6955580673205559e-10
2.5599999999452880e+01
5.1195365051095678e+01
7.6799999999635517e+01
1.0239999895020341e+02
1.2799536295281467e+02
1.5358609305644447e+02
1.7917219031107106e+02
2.0479999999803022e+02
2.3042316843666364e+02
2.5599695974118163e+02
2.8159438037278727e+02
3.0719666988936297e+02
3.0719030213241973e+02
2.8156873583486555e+02
2.5599910550441251e+02
2.3042484559470330e+02
2.0479999999979267e+02
1.7920000000003517e+02
1.5359536400198104e+02
1.2798609095532797e+02
1.0239999999958749e+02
7.6809276196141013e+01
5.1200000000101070e+01
2.5599999999842446e+01
1.1713545239180090e-12
-2.5599999999976376e+01
-5.1204635997996398e+01
-7.6799999999984735e+01
-1.0239999895003349e+02
-1.2800463389788783e+02
-1.5361390589385891e+02
-1.7922781598890998e+02
-2.0480000000185376e+02
-2.3037681371354711e+02
-2.5600033508611273e+02
-2.8160695252201947e+02
-3.0720410753691675e+02
-3.0720874984566620e+02
-2.8162991936142703e+02
-2.5600018432335435e+02
-2.3037509056810219e+02
-2.0479999999935620e+02
-1.7919999999911579e+02
-1.5360463494702955e+02
-1.2801390379358185e+02
-1.0239999999899462e+02
-7.6790734301870160e+01
-5.1199999998185433e+01
-2.5599999998065517e+01
2.0396704956420560e-09
