0.0000000000000000e+00
-1.1985799697103762e-03
1.2975097863532604e-12
-1.1994379113225001e-03
-4.7964743339116607e-03
-1.0790690448866271e-02
1.2530582794832373e-09
8.3924352148247016e-03
-1.8436316576276961e-04
-4.7949411327324245e-03
-2.8389775737964326e-03
-1.6803319444962518e-03
-9.9470456460246039e-04
-6.6144630149795750e-03
-2.0513112646558154e-02
-1.1998475935988389e-03
1.5718079933887564e-02
4.0083996546416721e-09
1.2441104095330459e-09
-2.3978694398613378e-03
-7.1940277081032119e-03
7.9431596766566058e-10
4.7974189380618091e-03
-2.6582943862155682e-11
8.2576382664602276e-11
1.3756537608429559e-10
3.2923703597667812e-10
-2.3978677796582804e-03
4.3053094005578518e-10
4.1989220401071082e-07
-2.3970287473410916e-03
-7.1927648128223658e-03
-3.1418166516803212e-03
-3.5342485886451194e-03
-2.0901124026158776e-03
-1.2362738228277187e-03
-7.3108882564903684e-04
-4.3222624648031220e-04
-8.0297256018545156e-03
-2.2358759362807217e-02
-3.1169881977441177e-04
1.9334956694311768e-02
5.7205600987476948e-09
2.1401440803071218e-09
-2.3974504842398511e-03
-7.1919333307284734e-03
9.0975729827755916e-10
4.7932291470589063e-03
1.0223779491165409e-10
2.1842591193634755e-10
-1.7618383656384914e-10
-9.3004320304974721e-11
-2.3974489344912508e-03
3.4372804320046169e-10
-4.1853560920749040e-07
-2.3982861846273229e-03
-7.1931835398167951e-03
-1.4384692281999944e-02
3.1738263125263356e-09
-4.6997214003895284e-03
-3.2001395294522150e-03
-1.8941227366094586e-03
-1.1212218695157380e-03
-6.3685727975025894e-03
-2.0182511855881356e-02
-1.4233750322080315e-03
1.4940338478095483e-02
3.7645855499088285e-09
1.3933700272145558e-09
-2.3978690428378500e-03
-7.1940270558341363e-03
1.0101713297141270e-09
4.7974187498800083e-03
2.6154997599822371e-10
4.0102258155249646e-10
2.5476662695964014e-10
3.0167276796858554e-10
-2.3978677872439512e-03
3.7484239507012598e-10
4.1955881052932905e-07
-2.3970288060242741e-03
-7.1927651244277999e-03
-1.4387208293523284e-02
2.0201264337835474e-09
-2.8702139746052271e-04
-4.6898385112374751e-03
-2.7735389808843333e-03
-1.6406677406919511e-03
-5.5047248938201844e-03
-1.8989910070595157e-02
-2.3941587221116859e-03
1.1802033824682858e-02
1.7017890773083074e-09
-1.4198328582089208e-02
3.7800566087118700e-09
1.1799316517688558e-02
1.2493880311839135e-09
3.3708538471008270e-10
-2.3974493929661278e-03
-3.1860403942869414e-10
-6.8120332142361039e-10
-7.1736497822822116e-10
-2.3974497441282333e-03
-2.8444815024931303e-10
-4.1889109803539595e-07
-2.3982863652709015e-03
-7.1931841696504092e-03
-1.4384692592659759e-02
2.2070935358255430e-09
1.1984732943736079e-02
-2.0779788858335283e-03
-3.8279902815282012e-03
-2.2655319932973774e-03
-4.7195329590887887e-03
-1.7864146182537483e-02
-4.0795064104549378e-04
1.4652795095203178e-02
3.3813994374839357e-09
1.3542015784530140e-09
-2.3978688707100996e-03
-7.1940266924139500e-03
8.8864812255352809e-10
4.7974180525009033e-03
1.9679847222044449e-10
-7.7971636500376756e-11
-1.7853428696454319e-10
-1.7473050492008735e-10
-2.3978682748762394e-03
2.7237258441654546e-10
4.1974149480509501e-07
-2.3970286232894021e-03
-7.1927642771661242e-03
-1.4387206785621210e-02
2.6497433796062320e-09
1.1991858948441096e-02
-2.2739855830371264e-04
-4.7480201557561557e-03
-2.8085873202273424e-03
-4.1421090080331641e-03
-1.6995721954681867e-02
-8.3169136159828762e-05
1.4429532257711500e-02
4.3580064280317187e-09
2.5220204493882198e-09
-2.3974483132633475e-03
-7.1919288259736144e-03
2.5509421044211498e-09
4.7932277618157673e-03
2.0830292837216585e-09
2.1585789524752630e-09
1.7831281414399130e-09
