0.0000000000000000e+00
-1.1985800053489577e-03
-8.7038001502813452e-11
-1.1994380343768574e-03
-4.7964744919198731e-03
-1.0790690704224629e-02
9.9484595880262993e-10
8.3924349976904032e-03
-1.8436328134545244e-04
-4.7949412588590666e-03
-2.8389775837797220e-03
-1.6803319498750911e-03
-9.9470451934030092e-04
-6.6144629676121733e-03
-2.0513112572625575e-02
-1.1998475024858212e-03
1.5718079917069194e-02
4.0066025747348499e-09
1.3597046120300777e-09
-2.3978693110682124e-03
-7.1940275934074347e-03
8.9721119840901479e-10
4.7974189942407578e-03
2.6677790642439008e-10
2.8332658743402520e-10
2.7043812862447174e-10
5.5362403125958706e-10
-2.3978676535093700e-03
7.4605032087100940e-10
4.2027858842458963e-07
-2.3970283005731812e-03
-7.1927642800224357e-03
-3.1418163376530257e-03
-3.5342483044238926e-03
-2.0901121204145935e-03
-1.2362735743673677e-03
-7.3108865778775739e-04
-4.3222607369146235e-04
-8.0297255478376257e-03
-2.2358759207187370e-02
-3.1169867412712837e-04
1.9334956828830106e-02
5.7980698372694596e-09
2.2289033366402314e-09
-2.3974504057212454e-03
-7.1919331794768060e-03
8.9789332167817213e-10
4.7932289532089910e-03
1.3246187506792236e-10
8.7912643648033290e-11
-1.7616159072658319e-10
-1.3887577937216517e-10
-2.3974489783389198e-03
1.8592094787027378e-10
-4.1874447565342275e-07
-2.3982863862829092e-03
-7.1931839074447466e-03
-1.4384692696469602e-02
2.7565683819650370e-09
-4.6997216443403350e-03
-3.2001397606306308e-03
-1.8941229292013494e-03
-1.1212219673170931e-03
-6.3685728577021171e-03
-2.0182511982640660e-02
-1.4233751661958051e-03
1.4940338153516808e-02
3.4589132213078717e-09
1.1387941743057771e-09
-2.3978693105131473e-03
-7.1940273399689544e-03
9.1255024770140817e-10
4.7974187398901382e-03
1.8058455153250614e-10
1.6170849075513799e-10
1.8591977035599013e-10
1.1527051733915528e-10
-2.3978681854095020e-03
1.7258391609963786e-10
4.1941978352877899e-07
-2.3970288765862730e-03
-7.1927649852267066e-03
-1.4387208017099357e-02
1.7976321544259390e-09
-2.8702147394468264e-04
-4.6898385340374367e-03
-2.7735391161524915e-03
-1.6406677471410944e-03
-5.5047249246019548e-03
-1.8989910015495461e-02
-2.3941588426201117e-03
1.1802033574350581e-02
1.6493319042245629e-09
-1.4198328443550399e-02
3.6827238386914412e-09
1.1799316209416400e-02
1.2415889993335351e-09
3.0921811768291981e-10
-2.3974495085313657e-03
-3.1395899710249836e-10
-5.4475190569441648e-10
-6.6865026300716402e-10
-2.3974497013755564e-03
-3.2336403323859886e-10
-4.1909795298786353e-07
-2.3982866306093056e-03
-7.1931843342164011e-03
-1.4384692798444485e-02
2.1474654331351778e-09
1.1984733015892464e-02
-2.0779787610483874e-03
-3.8279902436070944e-03
-2.2655319529087873e-03
-4.7195329625059051e-03
-1.7864146201669564e-02
-4.0795051248778184e-04
1.4652795231344405e-02
3.5551304426804033e-09
1.5155098861803659e-09
-2.3978687234048192e-03
-7.1940265422904531e-03
1.0933990819732214e-09
4.7974183058591569e-03
2.8417926139358277e-10
1.0829265292811719e-10
-1.5288928594873025e-10
-1.4439361449826704e-10
-2.3978682080676209e-03
2.2157261079243963e-10
4.1970395532918404e-07
-2.3970287308633965e-03
-7.1927643917201441e-03
-1.4387206955316669e-02
2.4240363973470903e-09
1.1991858844411570e-02
-2.2739875118270468e-04
-4.7480202464582431e-03
-2.8085873581024687e-03
-4.1421090438936298e-03
-1.6995721994838522e-02
-8.3169105164996831e-05
1.4429532199552718e-02
4.3200551825653713e-09
2.4817584767512661e-09
-2.3974485049025659e-03
-7.1919291115318832e-03
2.4195718083064661e-09
4.7932276991604402e-03
1.9181214729818742e-09
2.0065040115804095e-09
1.6347219303667585e-09
