0.0000000000000000e+00
2.5596963382328298e+01
5.1199999999481363e+01
7.6800798466774083e+01
1.0239935941502472e+02
1.2799568347477759e+02
1.5359999999866704e+02
1.7920207719067474e+02
2.0479991500247877e+02
2.3039776262932756e+02
2.5599866906417563e+02
2.8159920717935302e+02
3.0719952484202696e+02
3.0719371874998996e+02
2.8158504643845095e+02
2.5599855907265612e+02
2.3040983786797958e+02
2.0479999999580420e+02
1.7919999999835687e+02
1.5359776187083725e+02
1.2799328498221834e+02
1.0239999999827104e+02
7.6804478777034703e+01
5.1199999999592322e+01
2.5599999999684236e+01
1.9335285139657065e-11
2.5599999999917994e+01
5.1202238130026977e+01
7.6800000000310192e+01
1.0239999936978207e+02
1.2800223686916721e+02
1.5360671312941264e+02
1.7920145854993049e+02
2.0480164187941301e+02
2.3040096359901850e+02
2.5600056425484416e+02
2.8160032839964549e+02
3.0720018982437898e+02
3.0720735395028129e+02
2.8161614761682648e+02
2.5600037342116309e+02
2.3038684168642129e+02
2.0480000000650216e+02
1.7920000000237039e+02
1.5360223749740925e+02
1.2800671186134963e+02
1.0240000000135677e+02
7.6795527532582568e+01
5.1200000000066524e+01
2.5599999999976788e+01
1.1616985457485042e-10
2.5600000000267844e+01
5.1197762501051173e+01
7.6799999999977501e+01
1.0239999936896092e+02
1.2799776123892703e+02
1.5359328624003751e+02
1.7918657500301288e+02
2.0479999999593232e+02
2.3039781587505948e+02
2.5599850181212443e+02
2.8159910810685739e+02
3.0719946613921786e+02
3.0719388371657112e+02
2.8158523880979578e+02
2.5599829075696584e+02
2.3040910872910604e+02
2.0479999999648359e+02
1.7919999999888424e+02
1.5359776187110836e+02
1.2799328498223156e+02
1.0239999999859677e+02
7.6804478777642032e+01
5.1199999999816157e+01
2.5599999999849125e+01
6.9286392880646115e-11
2.5599999999870128e+01
5.1202238130017982e+01
7.6800000000263807e+01
1.0239999936975859e+02
1.2800223686911735e+02
1.5360671312934730e+02
1.7921342878166467e+02
2.0480000000451128e+02
2.3040013477509203e+02
2.5600218181745782e+02
2.8160128257899083e+02
3.0720075360066761e+02
3.0720560090310261e+02
2.8161413093650305e+02
2.5600287150395144e+02
2.3039385319780314e+02
2.0480000000191507e+02
1.7920838205237357e+02
1.5360000000407598e+02
1.2799385833920910e+02
1.0240000000126584e+02
7.6800000000689664e+01
5.1202237499361502e+01
2.5600000000127380e+01
1.9618051230032390e-10
2.5600000000145904e+01
5.1197762500818435e+01
7.6799999999939416e+01
1.0239999936919784e+02
1.2799776123931268e+02
1.5359328624069641e+02
1.7918657500376651e+02
2.0479999999585289e+02
2.3041118370368397e+02
2.5599903772000511e+02
2.8159820836304976e+02
3.0719893542133599e+02
3.0719502166538030e+02
2.8158659998105793e+02
2.5599951345498937e+02
2.3041019279954003e+02
2.0479999999632452e+02
1.7919999999860033e+02
1.5359776187077813e+02
1.2799328498194531e+02
1.0239999999859651e+02
7.6804478777961791e+01
5.1199999999860559e+01
2.5599999999827279e+01
2.0748542007030670e-10
2.5599999999816788e+01
5.1202238129754896e+01
7.6800000000231719e+01
1.0239999936975619e+02
1.2800223686921075e+02
1.5360671312952442e+02
1.7921342878203959e+02
2.0480000000439077e+02
2.3038880557244354e+02
2.5600010768745796e+02
2.8160220450181851e+02
3.0720129894957745e+02
3.0720460773664030e+02
2.8161292363945205e+02
2.5600010115423356e+02
2.3038952010033088e+02
2.0480000000369537e+02
1.7920000000161767e+02
1.5360223749862041e+02
1.2800671186461318e+02
1.0240000000147992e+02
7.6795527529600633e+01
5.1200000000185995e+01
2.5600000000148057e+01
1.7371962899894272e-10
