2.0000000000000020e+02
2.0000000000000020e+02
2.0000000000000020e+02
2.0000000000000020e+02
2.0000000000000020e+02
2.0000000000000020e+02
2.0000000000000020e+02
2.0000000000000020e+02
2.0391377684817508e+02
2.2410422325598719e+02
2.4081926910360457e+02
2.5485827665349481e+02
2.6683889677437702e+02
2.5635747215949192e+02
2.2741838664173881e+02
2.1354166494917831e+02
2.1354166494917831e+02
2.1354166494917831e+02
2.1354166494917831e+02
2.1354166494917831e+02
2.1354166494917831e+02
2.1354166494917831e+02
2.1354166494917831e+02
2.1354166494917831e+02
2.1354166494917831e+02
2.1354166494917831e+02
2.1354166494917831e+02
2.1354166494917831e+02
2.1354166494917831e+02
2.1354166494917831e+02
2.1354166494917831e+02
2.1354166494917831e+02
2.2970785002711102e+02
2.4776625464997213e+02
2.6283817950855712e+02
2.7561370245790687e+02
2.8662268114022481e+02
2.9627273317694352e+02
2.8400949055036040e+02
2.5370404019193893e+02
2.3406135675457824e+02
2.3406135675457824e+02
2.3406135675457824e+02
2.3406135675457824e+02
2.3406135675457824e+02
2.3406135675457824e+02
2.3406135675457824e+02
2.3406135675457824e+02
2.3406135675457824e+02
2.3406135675457824e+02
2.3406135675457824e+02
2.3406135675457824e+02
2.3406135675457824e+02
2.3406135675457824e+02
2.3406135675457824e+02
2.3406135675457824e+02
2.3406135675457824e+02
2.3406135675457824e+02
2.3406135675457824e+02
2.5383326486080205e+02
2.7126408690245103e+02
2.8585391673091340e+02
2.9825822676786072e+02
2.8810286879600011e+02
2.5941445406492670e+02
2.4658207979701743e+02
2.4658207979701743e+02
2.4658207979701743e+02
2.4658207979701743e+02
2.4658207979701743e+02
2.4658207979701743e+02
2.4658207979701743e+02
2.4658207979701743e+02
2.4658207979701743e+02
2.4658207979701743e+02
2.4658207979701743e+02
2.4658207979701743e+02
2.4658207979701743e+02
2.4658207979701743e+02
2.4658207979701743e+02
2.4658207979701743e+02
2.4658207979701743e+02
2.4658207979701743e+02
2.4658207979701743e+02
2.5146528757110994e+02
2.7149031673730713e+02
2.8807341591504314e+02
3.0201144491441261e+02
2.9304505731308416e+02
2.6527721649127051e+02
2.5620900459454288e+02
2.5620900459454288e+02
2.5620900459454288e+02
2.5620900459454288e+02
2.5620900459454288e+02
2.5620900459454288e+02
2.5620900459454288e+02
2.5620900459454288e+02
2.5620900459454288e+02
2.5620900459454288e+02
2.5620900459454288e+02
2.5620900459454288e+02
2.5620900459454288e+02
2.5620900459454288e+02
2.5620900459454288e+02
2.5620900459454288e+02
2.5620900459454288e+02
2.5620900459454288e+02
2.5620900459454288e+02
2.5620900459454288e+02
2.6935866953680153e+02
2.8794162203925657e+02
3.0341897014786679e+02
2.9562856435479881e+02
2.6875824202980300e+02
2.6350032269366454e+02
2.6350032269366454e+02
2.6350032269366454e+02
2.6350032269366454e+02
2.6350032269366454e+02
2.6350032269366454e+02
2.6350032269366454e+02
2.6350032269366454e+02
2.6350032269366454e+02
2.6350032269366454e+02
2.6350032269366454e+02
2.6350032269366454e+02
2.6350032269366454e+02
2.6350032269366454e+02
2.6350032269366454e+02
2.6350032269366454e+02
2.6350032269366454e+02
2.6350032269366454e+02
2.6350032269366454e+02
2.6350032269366454e+02
2.6784480847962692e+02
2.8796370499050101e+02
3.0461896638368404e+02
2.9774179273730783e+02
2.7158204844772433e+02
2.6921513097941022e+02
2.6921513097941022e+02
2.6921513097941022e+02
2.6921513097941022e+02
2.6921513097941022e+02
2.6921513097941022e+02
2.6921513097941022e+02
2.6921513097941022e+02
2.6921513097941022e+02
2.6921513097941022e+02
2.6921513097941022e+02
