0.0000000000000000e+00
0.0000000000000000e+00
0.0000000000000000e+00
0.0000000000000000e+00
0.0000000000000000e+00
0.0000000000000000e+00
0.0000000000000000e+00
0.0000000000000000e+00
0.0000000000000000e+00
-1.3333333374629246e+01
-2.6666666758262526e+01
-2.6666666758262526e+01
-2.6666666758262526e+01
-2.6666666758262526e+01
-2.6666666758262526e+01
-2.6666666758262526e+01
-2.6666666758262526e+01
-2.6666666758262526e+01
-2.6666666758262526e+01
-2.6666666758262526e+01
-2.6666666758262526e+01
-2.6666666758262526e+01
-2.6666666758262526e+01
-2.6666666758262526e+01
-2.6666666758262526e+01
-2.6666666758262526e+01
-2.6666666758262526e+01
-2.4000298311159526e+01
-1.0666666720177640e+01
2.6666665506868954e+00
1.5999999878836036e+01
1.5999999878836027e+01
1.5999999878836027e+01
1.5999999878836027e+01
1.5999999878836022e+01
1.5999999878836020e+01
1.5999999878836020e+01
1.5999999878836020e+01
1.5999999878836016e+01
1.5999999878836013e+01
1.5999999878836020e+01
1.5999999878836009e+01
1.5999999878836004e+01
1.5999999878836004e+01
1.5999999878836006e+01
1.5999999878836006e+01
1.5999999878836000e+01
1.5999999878836000e+01
1.5999999878836000e+01
3.7333332919005757e+00
-9.6000367745337609e+00
-9.6000367745337609e+00
-9.6000367745337609e+00
-9.6000367745337609e+00
-9.6000367745337609e+00
-9.6000367745337609e+00
-9.6000367745337609e+00
-9.6000367745337609e+00
-9.6000367745337609e+00
-9.6000367745337609e+00
-9.6000367745337609e+00
-9.6000367745337609e+00
-9.6000367745337609e+00
-9.6000367745337609e+00
-9.6000367745337609e+00
-9.6000367745337609e+00
-9.6000367745337609e+00
-9.6000367745337609e+00
-9.6000367745337609e+00
-7.5735172901506376e+00
5.7599852806812351e+00
5.7599852806812351e+00
5.7599852806812359e+00
5.7599852806812359e+00
5.7599852806812359e+00
5.7599852806812342e+00
5.7599852806812333e+00
5.7599852806812333e+00
5.7599852806812297e+00
5.7599852806812315e+00
5.7599852806812297e+00
5.7599852806812279e+00
5.7599852806812253e+00
5.7599852806812253e+00
5.7599852806812253e+00
5.7599852806812244e+00
5.7599852806812208e+00
5.7599852806812208e+00
5.7599852806812208e+00
5.7599852806812208e+00
-3.4559911992224208e+00
-3.4559911992224208e+00
-3.4559911992224208e+00
-3.4559911992224208e+00
-3.4559911992224208e+00
-3.4559911992224208e+00
-3.4559911992224208e+00
-3.4559911992224208e+00
-3.4559911992224208e+00
-3.4559911992224208e+00
-3.4559911992224208e+00
-3.4559911992224208e+00
-3.4559911992224208e+00
-3.4559911992224208e+00
-3.4559911992224208e+00
-3.4559911992224208e+00
-3.4559911992224208e+00
-3.4559911992224208e+00
-3.4559911992224208e+00
-3.4559911992224208e+00
2.0723309838100672e+00
2.0723309838100676e+00
2.0723309838100676e+00
2.0723309838100676e+00
2.0723309838100663e+00
2.0723309838100663e+00
2.0723309838100668e+00
2.0723309838100668e+00
2.0723309838100668e+00
2.0723309838100650e+00
2.0723309838100654e+00
2.0723309838100663e+00
2.0723309838100659e+00
2.0723309838100659e+00
2.0723309838100659e+00
2.0723309838100663e+00
2.0723309838100663e+00
2.0723309838100663e+00
2.0723309838100663e+00
2.0723309838100654e+00
-1.2451247842078197e+00
-1.2451247842078197e+00
-1.2451247842078197e+00
-1.2451247842078197e+00
-1.2451247842078197e+00
-1.2451247842078197e+00
-1.2451247842078197e+00
-1.2451247842078197e+00
-1.2451247842078197e+00
-1.2451247842078197e+00
-1.2451247842078197e+00
-1.2451247842078197e+00
-1.2451247842078197e+00
-1.2451247842078197e+00
-1.2451247842078197e+00
-1.2451247842078197e+00
-1.2451247842078197e+00
-1.2451247842078197e+00
-1.2451247842078197e+00
-1.2451247842078197e+00
7.4645020446726751e-01
7.4645020446726762e-01
7.4645020446726762e-01
7.4645020446726762e-01
7.4645020446726762e-01
7.4645020446726762e-01
7.4645020446726762e-01
7.4645020446726762e-01
7.4645020446726762e-01
7.4645020446726762e-01
7.4645020446726762e-01
7.4645020446726762e-01
7.4645020446726762e-01
7.4645020446726762e-01
7.4645020446726762e-01
7.4645020446726740e-01
7.4645020446726751e-01
7.4645020446726751e-01
7.4645020446726751e-01
7.4645020446726751e-01
-4.4809336595397908e-01
-4.4809336595397908e-01
-4.4809336595397908e-01
-4.4809336595397908e-01
-4.4809336595397908e-01
-4.4809336595397908e-01
-4.4809336595397908e-01
-4.4809336595397908e-01
-4.4809336595397908e-01
-4.4809336595397908e-01
-4.4809336595397908e-01
-4.4809336595397908e-01
-4.4809336595397908e-01
-4.4809336595397908e-01
-4.4809336595397908e-01
-4.4809336595397908e-01
-4.4809336595397908e-01
-4.4809336595397908e-01
-4.4809336595397908e-01
-4.4809336595397908e-01
2.6877460547565041e-01
2.6877460547565041e-01
2.6877460547565041e-01
2.6877460547565035e-01
2.6877460547565035e-01
2.6877460547565041e-01
2.6877460547565041e-01
2.6877460547565041e-01
2.6877460547565052e-01
2.6877460547565041e-01
2.6877460547565046e-01
