0.0000000000000000e+00
0.0000000000000000e+00
0.0000000000000000e+00
0.0000000000000000e+00
0.0000000000000000e+00
0.0000000000000000e+00
0.0000000000000000e+00
0.0000000000000000e+00
0.0000000000000000e+00
6.6666666873048515e+00
1.3333333379116789e+01
1.3333333379116773e+01
1.3333333379116780e+01
1.3333333379116780e+01
1.3333333379116809e+01
1.3333333379116812e+01
1.3333333379116846e+01
1.3333333379116842e+01
1.3333333379116837e+01
1.3333333379116826e+01
1.3333333379116823e+01
1.3333333379116826e+01
1.3333333379116841e+01
1.3333333379116837e+01
1.3333333379116841e+01
1.3333333379116860e+01
1.3333333379116857e+01
1.2000149155564555e+01
5.3333333600699726e+00
-1.3333332753643186e+00
-7.9999999394398023e+00
-7.9999999394397960e+00
-7.9999999394398049e+00
-7.9999999394397951e+00
-7.9999999394398014e+00
-7.9999999394397925e+00
-7.9999999394397916e+00
-7.9999999394397889e+00
-7.9999999394397783e+00
-7.9999999394397792e+00
-7.9999999394397774e+00
-7.9999999394397792e+00
-7.9999999394397845e+00
-7.9999999394397712e+00
-7.9999999394397845e+00
-7.9999999394397623e+00
-7.9999999394397587e+00
-7.9999999394397516e+00
-7.9999999394397383e+00
-1.8666666459703638e+00
4.8000183872502893e+00
4.8000183872502964e+00
4.8000183872502999e+00
4.8000183872503035e+00
4.8000183872503035e+00
4.8000183872503106e+00
4.8000183872503062e+00
4.8000183872503062e+00
4.8000183872503079e+00
4.8000183872503097e+00
4.8000183872503026e+00
4.8000183872503044e+00
4.8000183872503008e+00
4.8000183872503044e+00
4.8000183872503053e+00
4.8000183872503133e+00
4.8000183872503124e+00
4.8000183872503133e+00
4.8000183872503044e+00
3.7867586450604356e+00
-2.8799926403512943e+00
-2.8799926403512961e+00
-2.8799926403512917e+00
-2.8799926403512925e+00
-2.8799926403512930e+00
-2.8799926403512925e+00
-2.8799926403512917e+00
-2.8799926403512917e+00
-2.8799926403512921e+00
-2.8799926403512890e+00
-2.8799926403512921e+00
-2.8799926403512903e+00
-2.8799926403512899e+00
-2.8799926403512890e+00
-2.8799926403512890e+00
-2.8799926403512863e+00
-2.8799926403512845e+00
-2.8799926403512837e+00
-2.8799926403512854e+00
-2.8799926403512841e+00
1.7279955995942498e+00
1.7279955995942500e+00
1.7279955995942538e+00
1.7279955995942544e+00
1.7279955995942555e+00
1.7279955995942551e+00
1.7279955995942555e+00
1.7279955995942571e+00
1.7279955995942613e+00
1.7279955995942624e+00
1.7279955995942615e+00
1.7279955995942615e+00
1.7279955995942584e+00
1.7279955995942540e+00
1.7279955995942533e+00
1.7279955995942526e+00
1.7279955995942533e+00
1.7279955995942522e+00
1.7279955995942531e+00
1.7279955995942520e+00
-1.0361654919256040e+00
-1.0361654919256043e+00
-1.0361654919256034e+00
-1.0361654919256043e+00
-1.0361654919256034e+00
-1.0361654919256049e+00
-1.0361654919256051e+00
-1.0361654919256043e+00
-1.0361654919256047e+00
-1.0361654919256040e+00
-1.0361654919256031e+00
-1.0361654919256036e+00
-1.0361654919256014e+00
-1.0361654919256014e+00
-1.0361654919256009e+00
-1.0361654919256011e+00
-1.0361654919256000e+00
-1.0361654919255989e+00
-1.0361654919255994e+00
-1.0361654919255974e+00
6.2256239208340458e-01
6.2256239208340403e-01
6.2256239208340292e-01
6.2256239208340258e-01
6.2256239208340247e-01
6.2256239208340280e-01
6.2256239208340258e-01
6.2256239208340292e-01
6.2256239208340236e-01
6.2256239208340236e-01
6.2256239208340314e-01
6.2256239208340169e-01
6.2256239208340181e-01
6.2256239208340158e-01
6.2256239208340125e-01
6.2256239208340125e-01
6.2256239208340092e-01
6.2256239208340181e-01
6.2256239208340169e-01
6.2256239208340136e-01
-3.7322510225389238e-01
-3.7322510225389188e-01
-3.7322510225389177e-01
-3.7322510225389172e-01
-3.7322510225389138e-01
-3.7322510225389149e-01
-3.7322510225389116e-01
-3.7322510225389116e-01
-3.7322510225389172e-01
-3.7322510225389138e-01
-3.7322510225389149e-01
-3.7322510225389161e-01
-3.7322510225389144e-01
-3.7322510225389149e-01
-3.7322510225389138e-01
-3.7322510225389133e-01
-3.7322510225389127e-01
-3.7322510225389188e-01
-3.7322510225389166e-01
-3.7322510225389205e-01
2.2404668295789626e-01
2.2404668295789607e-01
2.2404668295789587e-01
2.2404668295789620e-01
2.2404668295789609e-01
2.2404668295789604e-01
2.2404668295789593e-01
2.2404668295789607e-01
2.2404668295789582e-01
2.2404668295789543e-01
2.2404668295789543e-01
2.2404668295789537e-01
2.2404668295789565e-01
2.2404668295789529e-01
2.2404668295789507e-01
2.2404668295789534e-01
2.2404668295789590e-01
2.2404668295789598e-01
2.2404668295789543e-01
2.2404668295789537e-01
-1.3438730275713148e-01
-1.3438730275713148e-01
-1.3438730275713123e-01
-1.3438730275713137e-01
-1.3438730275713126e-01
-1.3438730275713104e-01
-1.3438730275713118e-01
-1.3438730275713104e-01
-1.3438730275713115e-01
-1.3438730275713082e-01
-1.3438730275713076e-01
