0.0000000000000000e+00
0.0000000000000000e+00
0.0000000000000000e+00
0.0000000000000000e+00
0.0000000000000000e+00
0.0000000000000000e+00
0.0000000000000000e+00
0.0000000000000000e+00
0.0000000000000000e+00
6.6666666873244109e+00
1.3333333379145742e+01
1.3333333379145719e+01
1.3333333379145708e+01
1.3333333379145701e+01
1.3333333379145715e+01
1.3333333379145708e+01
1.3333333379145726e+01
1.3333333379145721e+01
1.3333333379145714e+01
1.3333333379145710e+01
1.3333333379145703e+01
1.3333333379145722e+01
1.3333333379145738e+01
1.3333333379145742e+01
1.3333333379145756e+01
1.3333333379145758e+01
1.3333333379145767e+01
1.2000149155595063e+01
5.3333333601077335e+00
-1.3333332753225144e+00
-7.9999999393961909e+00
-7.9999999393961794e+00
-7.9999999393961954e+00
-7.9999999393961936e+00
-7.9999999393961909e+00
-7.9999999393961856e+00
-7.9999999393961883e+00
-7.9999999393961847e+00
-7.9999999393961723e+00
-7.9999999393961740e+00
-7.9999999393961714e+00
-7.9999999393961749e+00
-7.9999999393961740e+00
-7.9999999393961696e+00
-7.9999999393961820e+00
-7.9999999393961581e+00
-7.9999999393961554e+00
-7.9999999393961394e+00
-7.9999999393961332e+00
-1.8666666459301129e+00
4.8000183872835533e+00
4.8000183872835622e+00
4.8000183872835649e+00
4.8000183872835649e+00
4.8000183872835658e+00
4.8000183872835729e+00
4.8000183872835684e+00
4.8000183872835729e+00
4.8000183872835711e+00
4.8000183872835720e+00
4.8000183872835684e+00
4.8000183872835702e+00
4.8000183872835667e+00
4.8000183872835755e+00
4.8000183872835755e+00
4.8000183872835809e+00
4.8000183872835853e+00
4.8000183872835862e+00
4.8000183872835755e+00
3.7867586450903219e+00
-2.8799926403298066e+00
-2.8799926403298062e+00
-2.8799926403298017e+00
-2.8799926403298031e+00
-2.8799926403298031e+00
-2.8799926403298066e+00
-2.8799926403298044e+00
-2.8799926403298048e+00
-2.8799926403298048e+00
-2.8799926403298022e+00
-2.8799926403298066e+00
-2.8799926403298066e+00
-2.8799926403298066e+00
-2.8799926403298048e+00
-2.8799926403298031e+00
-2.8799926403298013e+00
-2.8799926403297995e+00
-2.8799926403297960e+00
-2.8799926403297964e+00
-2.8799926403297960e+00
1.7279955996283280e+00
1.7279955996283283e+00
1.7279955996283307e+00
1.7279955996283296e+00
1.7279955996283307e+00
1.7279955996283298e+00
1.7279955996283289e+00
1.7279955996283292e+00
1.7279955996283329e+00
1.7279955996283345e+00
1.7279955996283338e+00
1.7279955996283343e+00
1.7279955996283312e+00
1.7279955996283278e+00
1.7279955996283267e+00
1.7279955996283243e+00
1.7279955996283280e+00
1.7279955996283274e+00
1.7279955996283265e+00
1.7279955996283269e+00
-1.0361654918842820e+00
-1.0361654918842822e+00
-1.0361654918842822e+00
-1.0361654918842826e+00
-1.0361654918842811e+00
-1.0361654918842822e+00
-1.0361654918842820e+00
-1.0361654918842811e+00
-1.0361654918842818e+00
-1.0361654918842818e+00
-1.0361654918842809e+00
-1.0361654918842809e+00
-1.0361654918842789e+00
-1.0361654918842789e+00
-1.0361654918842782e+00
-1.0361654918842782e+00
-1.0361654918842769e+00
-1.0361654918842760e+00
-1.0361654918842760e+00
-1.0361654918842740e+00
6.2256239212461029e-01
6.2256239212461006e-01
6.2256239212460951e-01
6.2256239212460873e-01
6.2256239212460829e-01
6.2256239212460862e-01
6.2256239212460873e-01
6.2256239212460840e-01
6.2256239212460673e-01
6.2256239212460662e-01
6.2256239212460684e-01
6.2256239212460573e-01
6.2256239212460573e-01
6.2256239212460540e-01
6.2256239212460485e-01
6.2256239212460529e-01
6.2256239212460551e-01
6.2256239212460562e-01
6.2256239212460551e-01
6.2256239212460529e-01
-3.7322510221319333e-01
-3.7322510221319277e-01
-3.7322510221319266e-01
-3.7322510221319272e-01
-3.7322510221319238e-01
-3.7322510221319238e-01
-3.7322510221319216e-01
-3.7322510221319205e-01
-3.7322510221319222e-01
-3.7322510221319227e-01
-3.7322510221319238e-01
-3.7322510221319227e-01
-3.7322510221319238e-01
-3.7322510221319222e-01
-3.7322510221319166e-01
-3.7322510221319161e-01
-3.7322510221319161e-01
-3.7322510221319233e-01
-3.7322510221319227e-01
-3.7322510221319227e-01
2.2404668299626770e-01
2.2404668299626718e-01
2.2404668299626695e-01
2.2404668299626745e-01
2.2404668299626740e-01
2.2404668299626743e-01
2.2404668299626740e-01
2.2404668299626754e-01
2.2404668299626751e-01
2.2404668299626695e-01
2.2404668299626690e-01
2.2404668299626693e-01
2.2404668299626745e-01
2.2404668299626720e-01
2.2404668299626726e-01
2.2404668299626715e-01
2.2404668299626723e-01
2.2404668299626707e-01
2.2404668299626651e-01
2.2404668299626640e-01
-1.3438730271833529e-01
-1.3438730271833527e-01
-1.3438730271833507e-01
-1.3438730271833521e-01
-1.3438730271833499e-01
-1.3438730271833502e-01
-1.3438730271833496e-01
-1.3438730271833488e-01
-1.3438730271833499e-01
-1.3438730271833477e-01
-1.3438730271833468e-01
