0.0000000000000000e+00
-1.2196758116783931e-04
-2.4390243902662042e-04
-3.6585216680751350e-04
-4.8781676813899639e-04
-6.0979624664784962e-04
-7.3170731707552280e-04
-8.5363325162501815e-04
-9.7557405392004225e-04
-1.9308943118722427e-03
-2.8861788679700293e-03
-2.7642276485113229e-03
-2.6422912993386821e-03
-2.5203698168266651e-03
-2.3983739894698078e-03
-2.2763930432799684e-03
-2.1544269746263194e-03
-2.0325203309274841e-03
-1.9105691114161879e-03
-1.7886178919020383e-03
-1.6666666723896102e-03
-1.5447154528774253e-03
-1.4227791036512749e-03
-1.3008130138541770e-03
-1.1788617979692473e-03
-1.0569254523704031e-03
-9.3500397343128968e-04
-6.4636990089966763e-04
3.0894308594593196e-04
1.2642276346288555e-03
2.2195121871135884e-03
2.0975609675016448e-03
1.9755948739751290e-03
1.8536139029071306e-03
1.7317073094970750e-03
1.6097858530581309e-03
1.4878495299639671e-03
1.3658536509640119e-03
1.2439024314504943e-03
1.1219512119410165e-03
9.9999999242888940e-04
8.7804877291659854e-04
7.5608267949046914e-04
6.3414633389152590e-04
5.1219511800564357e-04
3.9022902820699617e-04
2.6824806086748863e-04
1.4625221235564138e-04
2.4390236315694110e-05
-8.6422764511262377e-04
-1.8195159583215546e-03
-1.6975632745264506e-03
-1.5756254613743979e-03
-1.4537025152396841e-03
-1.3317944324983829e-03
-1.2097583959838143e-03
-1.0878071764590673e-03
-9.6587082722091218e-04
-8.4390473743210510e-04
-7.2195352155604369e-04
-6.0000229840606600e-04
-4.7805107889405308e-04
-3.5611472966811200e-04
-2.3414863987096068e-04
-1.1219742398723975e-04
9.7389216117976253e-06
1.3166040055068162e-04
2.5356701645613247e-04
3.7560745767794169e-04
6.2421051800552795e-04
1.5795112749888698e-03
1.4575600551200501e-03
1.3355939613364583e-03
1.2136129900102268e-03
1.0917063971145917e-03
9.6978494118930391e-04
8.4784861861058030e-04
7.2585273858257826e-04
6.0390151906921654e-04
4.8195029956022778e-04
3.5999908004727226e-04
2.3804786053480207e-04
1.1608176710974029e-04
-5.8545784901065173e-06
-1.2780579437668351e-04
-2.4977188417487912e-04
-3.7175285151485281e-04
-4.9374870002678861e-04
-6.1561067606689457e-04
-7.3748750425826350e-04
-1.4355116451497474e-03
-1.3135604260710802e-03
-1.1916240772789869e-03
-1.0697025951470519e-03
-9.4770676702636569e-04
-8.2572582007225752e-04
-7.0375975065459066e-04
-5.8185310848445494e-04
-4.5990188897376111e-04
-3.3795066945879851e-04
-2.1599944994677402e-04
-9.4048230434604874e-05
2.7888118791437822e-05
1.4985420858955003e-04
2.7180542447402046e-04
3.9374177007217174e-04
5.1566324901191870e-04
6.3756986491594913e-04
7.5961030613542124e-04
8.8163585530369275e-04
1.3489909653884233e-03
1.2270816615710565e-03
1.1051574940633454e-03
9.8317922308207477e-04
8.6118607158734359e-04
7.3927678405557576e-04
6.1732556454277944e-04
4.9535947111552995e-04
3.7342312551597295e-04
2.5147190963022533e-04
1.2952068649247828e-04
7.5694669803838272e-06
-1.1439662644606717e-04
-2.3633297204583487e-04
-3.5828418793126945e-04
-4.8025027773025122e-04
-6.0223124507000796e-04
-7.2422709358134041e-04
-8.4608906962060568e-04
-9.6796589781319748e-04
-1.2973476609088007e-03
-1.1753812751368103e-03
-1.0534297633487295e-03
-9.3149312191807506e-04
-8.0957134721991193e-04
-6.8766443562923542e-04
-5.6562517708104876e-04
-4.4360081029659392e-04
-3.2172273805427675e-04
-1.9977151853094112e-04
-7.7820299009609157e-05
4.4130920502617624e-05
1.6606726972838700e-04
2.8803335952569154e-04
4.0998457541057705e-04
5.3192092100982631e-04
6.5384239994932471e-04
7.7574901585369428e-04
8.9778945707222552e-04
1.0198150062393418e-03
1.2661599108641096e-03
1.1442141128638272e-03
1.0222534422721838e-03
9.0027789546076945e-04
7.7828746880006215e-04
6.5640923533103563e-04
5.3451614574696145e-04
4.1250679631040638e-04
2.9055557680266841e-04
1.6860435729543720e-04
4.6653137783123644e-05
-7.5298081729396562e-05
-1.9726417515561872e-04
-3.1920052075543927e-04
-4.4115173664055279e-04
-5.6311782643861689e-04
-6.8509879377837840e-04
-8.0709464228958183e-04
-9.2895661833089374e-04
-1.0508334465229047e-03
-1.2475200076270000e-03
-1.1255668114958420e-03
-1.0036284861335428e-03
-8.8170502791341885e-04
-7.5979643321067466e-04
-6.3776193294352585e-04
-5.1581071342005633e-04
-3.9387436418280436e-04
-2.7190827439347367e-04
-1.4995705851721667e-04
-2.8005835367500749e-05
9.3945384144833194e-05
2.1588173337012829e-04
3.3784782316704425e-04
4.5979903905138983e-04
5.8173538464976256e-04
7.0365686358921499e-04
8.2556347949296202e-04
9.4760392071341348e-04
1.0696294698817543e-03
1.2363099118345726e-03
1.1143593879269444e-03
9.9239399027531536e-04
8.7041371525135001e-04
7.4850572991363637e-04
6.2658288120746538e-04
5.0464516550754361e-04
3.8269257918765255e-04
2.6072511862013689e-04
1.3874278017667063e-04
1.6798412844462122e-05
