0.0000000000000000e+00
3.6587373701128602e-05
7.3170731707008425e-05
1.0975275142056136e-04
1.4633343293911770e-04
1.8291277636071907e-04
2.1951219512595722e-04
2.5611027442255720e-04
2.9270701435045947e-04
7.4593496078185822e-04
1.1991869953633324e-03
1.1626016291463826e-03
1.1260149243924049e-03
1.0894268810009641e-03
1.0528455313212088e-03
1.0162628433969709e-03
9.7967881713108751e-04
9.4308943375739527e-04
9.0650406790418415e-04
8.6991870204840901e-04
8.3333333619465210e-04
7.9674797034112472e-04
7.6016126594916403e-04
7.2357723863399320e-04
6.8699187287911455e-04
6.5040516858693592e-04
6.1381712565787084e-04
4.9390551476447605e-04
4.0650408233415556e-05
-4.1260162185069937e-04
-8.6585365418425839e-04
-8.2926828861775294e-04
-7.9268426149077227e-04
-7.5610157270623770e-04
-7.1951219133260488e-04
-6.8292414869372325e-04
-6.4633744469059064e-04
-6.0975609377578513e-04
-5.7317072792093351e-04
-5.3658536206935932e-04
-4.9999999621560230e-04
-4.6341463036185456e-04
-4.2683060294781549e-04
-3.9024389865310405e-04
-3.5365853289686479e-04
-3.1707450558079092e-04
-2.8049181660620926e-04
-2.4391046587577490e-04
-2.0731706937303444e-04
2.1260162741335362e-04
6.6585378006423857e-04
6.2926944215577890e-04
5.9268376578532945e-04
5.5609675085365579e-04
5.1950839726260152e-04
4.8292797848207609e-04
4.4634261262122021e-04
4.0975590822234188e-04
3.7317188091282190e-04
3.3658651516352972e-04
3.0000114920474116e-04
2.6341578335160171e-04
2.2682907896131769e-04
1.9024505164588212e-04
1.5365968589065124e-04
1.1707298159762882e-04
8.0484938668689865e-05
4.3895557006652708e-05
7.3182223892197062e-06
-9.2599491809319126e-05
-5.4585319848276799e-04
-5.0926783242194440e-04
-4.7268380480085145e-04
-4.3610111552322238e-04
-3.9951173513722786e-04
-3.6292369348582987e-04
-3.2633699046950751e-04
-2.8975563757966749e-04
-2.5317027172540681e-04
-2.1658490587375768e-04
-1.7999954002022339e-04
-1.4341417416758779e-04
-1.0683014675395388e-04
-7.0243442458682091e-05
-3.3658076701483064e-05
2.9259506153534763e-06
3.9508639590022399e-05
7.6089990320338534e-05
1.1268338681852643e-04
1.4927544428899989e-04
4.7385338354445736e-04
4.3726801792864695e-04
4.0068131377388281e-04
3.6409327098425040e-04
3.2751192010172642e-04
2.9092923097472388e-04
2.5434520350531438e-04
2.1775582253766356e-04
1.8117045668482556e-04
1.4458509083043950e-04
1.0799972497618529e-04
7.1414359122750978e-05
3.4827654731178565e-05
-1.7563725834595539e-06
-3.8341738338123934e-05
-7.4928442631088288e-05
-1.1151648555945794e-04
-1.4810586722258467e-04
-1.8468320184110589e-04
-2.2126187441012961e-04
-4.3064089199348828e-04
-3.9402863564889083e-04
-3.5741771971227172e-04
-3.2085790421659013e-04
-2.8429942529198062e-04
-2.4768717250214762e-04
-2.1110180665689552e-04
-1.7451777925224038e-04
-1.3793107495080849e-04
-1.0134570918732730e-04
-6.4760343244797138e-05
-2.8174977390410690e-05
8.4090500234965453e-06
4.4995754317410907e-05
8.1581120073096733e-05
1.1816514738950998e-04
1.5474783636313888e-04
1.9132918709317397e-04
2.2792258359562991e-04
2.6451464106963551e-04
4.0475414011969943e-04
3.6817844246216373e-04
3.3160140697349207e-04
2.9502303355792700e-04
2.5844332211521554e-04
2.2186227254815486e-04
1.8525161292731485e-04
1.4863961291748627e-04
1.1208088121588135e-04
7.5495515363099738e-05
3.8910149507901500e-05
2.3247836546645341e-06
-3.4261920736644767e-05
-7.0845948052012156e-05
-1.0743131380732790e-04
-1.4401801810090263e-04
-1.8060606103008079e-04
-2.1719544269334612e-04
-2.5377277731159989e-04
-2.9035144987951184e-04
-3.8918372088789829e-04
-3.5259486129394390e-04
-3.1600734039630027e-04
-2.7942115809678384e-04
-2.4283631429667109e-04
-2.0625339814900795e-04
-1.6967182026269569e-04
-1.3308266644512396e-04
-9.6497300592889116e-05
-5.9911934740665333e-05
-2.3326568887219362e-05
1.3258796966512902e-05
4.9842824379472314e-05
8.6429528674182552e-05
1.2301489443182283e-04
1.5959892174901590e-04
1.9618161072434018e-04
2.3276296145587701e-04
2.6935635795276720e-04
3.0594841542210059e-04
3.7985532492678937e-04
3.4327121064396551e-04
3.0668575791455318e-04
2.7009896664053723e-04
2.3351083672433246e-04
1.9692974696581796e-04
1.6034438110565171e-04
1.2375767670633347e-04
8.7173649396644573e-05
5.0588283646860588e-05
1.4002917688245458e-05
-2.2582448166050693e-05
-5.9169152557264160e-05
-9.5753179871877704e-05
-1.3233854562661132e-04
-1.6892524991978739e-04
-2.0551329284816349e-04
-2.4210267451087837e-04
-2.7868000913059950e-04
-3.1525868170163959e-04
-3.7425331889530400e-04
-3.3766749882585128e-04
-3.0108301722990577e-04
-2.6449987400853174e-04
-2.2791140153837622e-04
-1.9132426773532641e-04
-1.5473847250237088e-04
-1.1815401573948112e-04
-8.1570897351868668e-05
-4.4989117238665396e-05
-8.3992064193475830e-06
