0.0000000000000000e+00
0.0000000000000000e+00
0.0000000000000000e+00
0.0000000000000000e+00
0.0000000000000000e+00
0.0000000000000000e+00
0.0000000000000000e+00
0.0000000000000000e+00
0.0000000000000000e+00
8.3333333591432859e-04
1.6666666723914091e-03
1.6666666723914091e-03
1.6666666723914091e-03
1.6666666723914091e-03
1.6666666723914091e-03
1.6666666723914091e-03
1.6666666723914091e-03
1.6666666723914091e-03
1.6666666723914091e-03
1.6666666723914091e-03
1.6666666723914091e-03
1.6666666723914091e-03
1.6666666723914091e-03
1.6666666723914091e-03
1.6666666723914091e-03
1.6666666723914091e-03
1.6666666723914091e-03
1.8333147003353461e-03
2.6666666747717149e-03
3.5000000042007492e-03
4.3333333372100680e-03
4.3333333372100680e-03
4.3333333372100680e-03
4.3333333372100680e-03
4.3333333372100680e-03
4.3333333372100680e-03
4.3333333372100680e-03
4.3333333372100680e-03
4.3333333372100680e-03
4.3333333372100680e-03
4.3333333372100680e-03
4.3333333372100680e-03
4.3333333372100680e-03
4.3333333372100680e-03
4.3333333372100680e-03
4.3333333372100680e-03
4.3333333372100680e-03
4.3333333372100680e-03
4.3333333372100680e-03
5.0999999988935330e-03
5.9333356280456793e-03
5.9333356280456793e-03
5.9333356280456793e-03
5.9333356280456793e-03
5.9333356280456793e-03
5.9333356280456793e-03
5.9333356280456793e-03
5.9333356280456793e-03
5.9333356280456793e-03
5.9333356280456793e-03
5.9333356280456793e-03
5.9333356280456793e-03
5.9333356280456793e-03
5.9333356280456793e-03
5.9333356280456793e-03
5.9333356280456793e-03
5.9333356280456793e-03
5.9333356280456793e-03
5.9333356280456793e-03
6.0599930958196253e-03
6.8933370064966169e-03
6.8933370064966169e-03
6.8933370064966169e-03
6.8933370064966169e-03
6.8933370064966169e-03
6.8933370064966169e-03
6.8933370064966169e-03
6.8933370064966169e-03
6.8933370064966169e-03
6.8933370064966169e-03
6.8933370064966169e-03
6.8933370064966169e-03
6.8933370064966169e-03
6.8933370064966169e-03
6.8933370064966169e-03
6.8933370064966169e-03
6.8933370064966169e-03
6.8933370064966169e-03
6.8933370064966169e-03
6.8933370064966169e-03
7.4693355364905921e-03
7.4693355364905921e-03
7.4693355364905921e-03
7.4693355364905921e-03
7.4693355364905921e-03
7.4693355364905921e-03
7.4693355364905921e-03
7.4693355364905921e-03
7.4693355364905921e-03
7.4693355364905921e-03
7.4693355364905921e-03
7.4693355364905921e-03
7.4693355364905921e-03
7.4693355364905921e-03
7.4693355364905921e-03
7.4693355364905921e-03
7.4693355364905921e-03
7.4693355364905921e-03
7.4693355364905921e-03
7.4693355364905921e-03
7.8148556729301308e-03
7.8148556729301308e-03
7.8148556729301308e-03
7.8148556729301308e-03
7.8148556729301308e-03
7.8148556729301308e-03
7.8148556729301308e-03
7.8148556729301308e-03
7.8148556729301308e-03
7.8148556729301308e-03
7.8148556729301308e-03
7.8148556729301308e-03
7.8148556729301308e-03
7.8148556729301308e-03
7.8148556729301308e-03
7.8148556729301308e-03
7.8148556729301308e-03
7.8148556729301308e-03
7.8148556729301308e-03
7.8148556729301308e-03
8.0221966584312424e-03
8.0221966584312424e-03
8.0221966584312424e-03
8.0221966584312424e-03
8.0221966584312424e-03
8.0221966584312424e-03
8.0221966584312424e-03
8.0221966584312424e-03
8.0221966584312424e-03
8.0221966584312424e-03
8.0221966584312424e-03
8.0221966584312424e-03
8.0221966584312424e-03
8.0221966584312424e-03
8.0221966584312424e-03
8.0221966584312424e-03
8.0221966584312424e-03
8.0221966584312424e-03
8.0221966584312424e-03
8.0221966584312424e-03
8.1466700952234419e-03
8.1466700952234419e-03
8.1466700952234419e-03
8.1466700952234419e-03
8.1466700952234419e-03
8.1466700952234419e-03
8.1466700952234419e-03
8.1466700952234419e-03
8.1466700952234419e-03
8.1466700952234419e-03
8.1466700952234419e-03
8.1466700952234419e-03
8.1466700952234419e-03
8.1466700952234419e-03
8.1466700952234419e-03
8.1466700952234419e-03
8.1466700952234419e-03
8.1466700952234419e-03
8.1466700952234419e-03
8.1466700952234419e-03
8.2213290683747671e-03
8.2213290683747671e-03
8.2213290683747671e-03
8.2213290683747671e-03
8.2213290683747671e-03
8.2213290683747671e-03
8.2213290683747671e-03
8.2213290683747671e-03
8.2213290683747671e-03
8.2213290683747671e-03
8.2213290683747671e-03
8.2213290683747671e-03
8.2213290683747671e-03
8.2213290683747671e-03
8.2213290683747671e-03
8.2213290683747671e-03
8.2213290683747671e-03
8.2213290683747671e-03
8.2213290683747671e-03
8.2213290683747671e-03
8.2661333165891145e-03
8.2661333165891145e-03
8.2661333165891145e-03
8.2661333165891145e-03
8.2661333165891145e-03
8.2661333165891145e-03
8.2661333165891145e-03
8.2661333165891145e-03
8.2661333165891145e-03
8.2661333165891145e-03
8.2661333165891145e-03
