0.0000000000000000e+00
-1.1435251150976292e-03
-1.3928898656282293e-10
-1.1427256811894057e-03
-4.5720921221352670e-03
-1.0288490004282107e-02
1.6567686330585617e-09
8.0024653238992983e-03
1.3718511418469885e-02
1.5330684795272854e-08
1.9542886638005337e-07
4.5833324846599870e-08
-2.2864936086236542e-03
-6.8590335603807544e-03
1.5546812483269241e-09
4.5714751917093482e-03
6.8557788318804689e-03
1.2516180849741092e-09
1.2587278593556098e-09
7.7296279968984868e-10
8.7940098688738206e-10
7.8653493120152576e-10
-2.2863895251265427e-03
8.6322270768883433e-10
-3.8905687165450627e-07
-2.2871689996514918e-03
-6.8599491442931605e-03
-3.6207701138304830e-03
6.9949450662775304e-09
1.6722016692456590e-07
1.7263929158573227e-07
4.7673671828184497e-08
-2.2868579795054136e-03
-6.8609346552751744e-03
1.5685603073606569e-09
4.5753285940112664e-03
6.8646561576609783e-03
3.4812857440549260e-10
8.0567224160889433e-10
3.2222194804731650e-10
5.5912903188322063e-10
4.3090791603684648e-10
-2.2867801333659320e-03
7.6437134634361492e-10
3.9148582512232857e-07
-2.2859986347521680e-03
-6.8595592913935823e-03
-1.3720682005199752e-02
3.5820234647281298e-09
1.1931003717024761e-08
-5.7838076986779004e-04
4.6438588750815931e-08
-1.7079290370082556e-03
-5.7019169221838020e-03
-1.1981527627306530e-02
2.4744494853156835e-09
1.1252744105775431e-09
-2.2863903803772494e-03
1.1532131267732918e-09
-3.8763267814152270e-07
1.1481950961838499e-09
1.2028104938920196e-09
-2.2863885414932780e-03
1.4891586777893546e-09
-3.8896103728461939e-07
-2.2871692380984883e-03
-6.8599495543777344e-03
-1.3718339355885730e-02
4.5100331000954584e-09
-2.0904219995460070e-03
9.2561837223646817e-09
4.8718273532392068e-08
-2.2866926223794803e-03
-6.8606052541034194e-03
2.5889058332176037e-09
4.5750012012258584e-03
6.8640009560065980e-03
1.9867515654960340e-09
2.1845470771176921e-09
1.8283684688682821e-09
1.5624891611549069e-09
1.3452700238152239e-09
-2.2867790763957353e-03
1.5834703321238931e-09
3.9196804539895441e-07
-2.2859977980563707e-03
-6.8595589176703199e-03
-1.3720681654428520e-02
3.5900459128138474e-09
1.1436250455534855e-02
4.5982752236625065e-09
4.6892809364588660e-08
-2.2863011123874189e-03
-6.8586488582116165e-03
2.0971613990621243e-09
4.5710918107178464e-03
6.8550111289501217e-03
1.4987049867832984e-09
1.7689833119613204e-09
1.4990623889542325e-09
1.4216696654075579e-09
1.2892633518035430e-09
-2.2863888255273889e-03
1.7726607577664108e-09
-3.8841603593627750e-07
-2.2871687035289018e-03
-6.8599488005301867e-03
-1.3718338829297658e-02
4.0352866115293416e-09
1.1429614137118448e-02
-1.5558347624077698e-02
4.8253842507506758e-08
1.3272096813854793e-02
3.1680879298829077e-09
-1.5558914651258502e-02
5.5566742383328260e-09
2.2163565685602270e-09
-2.2867819728317872e-03
1.6889879085009200e-09
3.9524746834884647e-07
1.5475470563029961e-09
1.6727269461250037e-09
-2.2867788739619247e-03
1.7662753603512497e-09
3.9233802946327618e-07
-2.2859976522795317e-03
-6.8595587126340576e-03
-1.3720681446216680e-02
3.9218663500104439e-09
1.1436250359277342e-02
-5.6051549404347104e-03
4.7085983607353414e-08
3.3187006338072419e-03
4.3511961056375836e-03
3.0979233054606072e-03
-4.4072765357365778e-04
5.7253049586523559e-10
-1.8489311396149210e-03
-7.6098692805376877e-10
8.5779685499317175e-10
1.4670148137282486e-09
1.5109142857097266e-09
-2.2863886525899290e-03
1.6205950326889881e-09
-3.8862009321589638e-07
-2.2871688795791973e-03
-6.8599489393226104e-03
-1.3718338816510309e-02
3.5847233024809118e-09
1.1429613500605749e-02
-2.0184897800995865e-03
4.8137852790264822e-08
-2.6813922574399910e-04
-2.8234420775208944e-03
-7.6662508950478339e-03
2.4001157055102989e-09
5.3816507670951105e-03
1.4609756408155528e-09
1.6111741982642446e-09
1.4677829101626353e-09
1.3710558216746195e-09
1.3546822022571559e-09
-2.2867793646603684e-03
1.3157578733237015e-09
3.9217049120836442e-07
-2.2859976061327656e-03
-6.8595584382943183e-03
-1.3720680936311350e-02
3.6371894972602643e-09
1.1436249882114981e-02
-7.2713352654286707e-04
4.7375216643885120e-08
-1.5591830027002376e-03
-5.4044342486552505e-03
-1.1535316216341820e-02
3.2165063883123856e-09
1.7412671474108964e-09
-2.2863899719899662e-03
1.4049906556839080e-09
-3.8767381139677478e-07
1.0986728639910274e-09
1.2099773826020502e-09
-2.2863888933315453e-03
1.4463119818869200e-09
-3.8867580106014577e-07
-2.2871689090322792e-03
-6.8599488572538853e-03
-1.3718338641086330e-02
3.7760364272213181e-09
1.1429613213036901e-02
-2.6128658921221125e-04
4.7878159557983531e-08
-2.0253912347933524e-03
-6.3379943922285808e-03
1.8983845823764448e-09
4.0523754048071804e-03
5.8187354675804052e-03
5.2986923864137125e-03
2.4918550790621759e-03
-2.6021662637882286e-03
1.2299712044015918e-09
