0.0000000000000000e+00
2.5002896729354219e+01
5.0000000000370058e+01
7.4999237105251126e+01
1.0000060863161639e+02
1.2500411516678693e+02
1.5000000000108355e+02
1.7499801756918384e+02
1.9999816845812080e+02
2.2500000007743006e+02
2.5000000017174256e+02
2.2500000012289422e+02
2.0000213392675300e+02
1.7500640099582606e+02
1.5000000000170081e+02
1.2499573462223110e+02
9.9993604269652607e+01
7.5000000000402238e+01
5.0000000000598192e+01
2.4999999999988866e+01
8.1493505342157478e-11
2.5000000000029019e+01
4.9997866147504027e+01
7.4999999999746805e+01
9.9999999412118058e+01
1.2499786497185006e+02
1.4999359726643252e+02
1.7499944073527288e+02
1.9999999996836416e+02
2.2499999985123489e+02
2.4999999984151458e+02
2.2499999987105761e+02
1.9999786546035853e+02
1.7499359602203600e+02
1.4999999999848612e+02
1.2500427129768340e+02
1.0000640933239485e+02
7.4999999999699114e+01
4.9999999999256602e+01
2.4999999999979586e+01
9.5224646367599945e-11
2.5000000000034404e+01
5.0002134440183148e+01
7.5000000000294079e+01
9.9999999413121813e+01
1.2500213326581314e+02
1.5000640214617263e+02
1.7501280664200740e+02
2.0000000000448654e+02
2.2500000005551030e+02
2.5000006893007517e+02
2.2500000012294282e+02
2.0000206523663206e+02
1.7500626368383760e+02
1.5001259487760345e+02
1.2500000000415277e+02
1.0000000000105965e+02
7.5002133850647425e+01
5.0000000000557975e+01
2.5000000590447790e+01
1.6514381307124363e-10
2.4999999999684981e+01
4.9997866146892413e+01
7.4999999999257156e+01
9.9999999411583815e+01
1.2499786497152513e+02
1.4999359726609762e+02
1.7498719688257989e+02
1.9999999999557298e+02
2.2499968263969188e+02
2.4999999996000150e+02
2.2499999987109999e+02
1.9999786534199865e+02
1.7499359578516138e+02
1.4999999999842285e+02
1.2500427153435309e+02
1.0000640980586036e+02
7.4999999999637453e+01
4.9999999999342229e+01
2.5000000000156838e+01
-1.6895303487792192e-11
2.4999999999909704e+01
5.0002134439896764e+01
7.5000000000166864e+01
9.9999999413106238e+01
1.2500213326584378e+02
1.5000640214610985e+02
1.7501280664197012e+02
2.0000000000413797e+02
2.2498932428196386e+02
2.5000000001777769e+02
2.2500000012357370e+02
2.0000213408200614e+02
1.7500640130584711e+02
1.5000000000148202e+02
1.2499573431178084e+02
9.9993603648866994e+01
7.5000000000149129e+01
5.0000000000545405e+01
2.4999999999919641e+01
-5.2298556586643492e-11
2.5000000000106709e+01
4.9997866147429214e+01
7.4999999999821810e+01
9.9999999412189837e+01
1.2499786497191168e+02
1.4999359726655723e+02
1.7498719688292348e+02
1.9999999999580629e+02
2.2501066573126118e+02
2.4999763051329595e+02
2.2499999987240426e+02
2.0000023671385350e+02
1.7500000000018275e+02
1.4999762751085495e+02
1.2499999999875666e+02
1.0000000000002518e+02
7.4997865561116740e+01
4.9999999999743146e+01
2.5000000585820093e+01
9.6497661050152752e-11
2.4999999999948479e+01
5.0002134440157832e+01
7.5000000000361112e+01
9.9999999413068466e+01
1.2500213326585249e+02
1.5000640214606941e+02
1.7501280664180786e+02
2.0000000000405021e+02
2.2498932428214323e+02
2.5000086712689944e+02
2.2500000012447265e+02
2.0000126766933514e+02
1.7500466917427886e+02
1.5001020405203428e+02
1.2501787171556340e+02
1.0000000000442310e+02
7.4984265240858633e+01
5.0000000003393012e+01
2.5000000001770275e+01
3.3268974556274924e-10
2.4999999999861682e+01
4.9997866147165432e+01
7.4999999999511246e+01
9.9999999411978905e+01
1.2499786497194306e+02
1.4999359726658270e+02
1.7498719688293846e+02
1.9999999999575431e+02
2.2501066573101707e+02
2.4999969587804162e+02
2.2499999987279000e+02
1.9999816967639171e+02
1.7499420470117934e+02
1.4998810435928092e+02
1.2499999999678232e+02
1.0000976397269318e+02
7.4999999997969184e+01
4.9999999998825615e+01
2.4999999999873204e+01
3.2906946401169595e-10
2.5000000000112813e+01
5.0002134440189828e+01
7.5000000000441133e+01
9.9999999413260184e+01
1.2500213326597878e+02
1.5000640214632637e+02
1.7501280664217501e+02
2.0000000000431464e+02
2.2498932428203574e+02
2.5000011445917988e+02
2.2500000012463505e+02
2.0000201973323590e+02
1.7500617269761679e+02
1.5001245843077524e+02
1.2500000000373112e+02
1.0000000000087401e+02
7.5002133850530925e+01
5.0000000000270404e+01
2.5000000590019404e+01
2.6677057351480525e-10
2.5000000000159613e+01
4.9997866147389402e+01
7.4999999999616662e+01
9.9999999411934454e+01
1.2499786497170940e+02
1.4999359726624868e+02
1.7498719688246584e+02
1.9999999999573421e+02
2.2501066573148640e+02
2.4999996180774824e+02
2.2499999987290596e+02
1.9999790352996808e+02
1.7499367219127154e+02
1.4999999999849695e+02
1.2500419506434999e+02
1.0000625680181619e+02
7.5006184623511587e+01
5.0003977942046156e+01
2.4999636169702448e+01
3.7616843555948197e-10
