2.0000000000000020e+02
2.0000000000000020e+02
2.0000000000000020e+02
2.0000000000000020e+02
2.0000000000000020e+02
2.0000000000000020e+02
2.0000000000000020e+02
2.0000000000000020e+02
2.0000000000000020e+02
2.0500000001548614e+02
2.1000000003434860e+02
2.1000000003434860e+02
2.1000000003434860e+02
2.1000000003434860e+02
2.1000000003434860e+02
2.1000000003434860e+02
2.1000000003434860e+02
2.1000000003434860e+02
2.1000000003434860e+02
2.1000000003434860e+02
2.1000000003434860e+02
2.1000000003434860e+02
2.1000000003434860e+02
2.1000000003434860e+02
2.1000000003434860e+02
2.1000000003434860e+02
2.1000000003434860e+02
2.1099988820201219e+02
2.1600000004863045e+02
2.2100000002520460e+02
2.2600000002326058e+02
2.2600000002326058e+02
2.2600000002326058e+02
2.2600000002326058e+02
2.2600000002326058e+02
2.2600000002326058e+02
2.2600000002326058e+02
2.2600000002326058e+02
2.2600000002326058e+02
2.2600000002326058e+02
2.2600000002326058e+02
2.2600000002326058e+02
2.2600000002326058e+02
2.2600000002326058e+02
2.2600000002326058e+02
2.2600000002326058e+02
2.2600000002326058e+02
2.2600000002326058e+02
2.2600000002326058e+02
2.3059999999336139e+02
2.3560001376827429e+02
2.3560001376827429e+02
2.3560001376827429e+02
2.3560001376827429e+02
2.3560001376827429e+02
2.3560001376827429e+02
2.3560001376827429e+02
2.3560001376827429e+02
2.3560001376827429e+02
2.3560001376827429e+02
2.3560001376827429e+02
2.3560001376827429e+02
2.3560001376827429e+02
2.3560001376827429e+02
2.3560001376827429e+02
2.3560001376827429e+02
2.3560001376827429e+02
2.3560001376827429e+02
2.3560001376827429e+02
2.3635995857491790e+02
2.4136002203897988e+02
2.4136002203897988e+02
2.4136002203897988e+02
2.4136002203897988e+02
2.4136002203897988e+02
2.4136002203897988e+02
2.4136002203897988e+02
2.4136002203897988e+02
2.4136002203897988e+02
2.4136002203897988e+02
2.4136002203897988e+02
2.4136002203897988e+02
2.4136002203897988e+02
2.4136002203897988e+02
2.4136002203897988e+02
2.4136002203897988e+02
2.4136002203897988e+02
2.4136002203897988e+02
2.4136002203897988e+02
2.4136002203897988e+02
2.4481601321894385e+02
2.4481601321894385e+02
2.4481601321894385e+02
2.4481601321894385e+02
2.4481601321894385e+02
2.4481601321894385e+02
2.4481601321894385e+02
2.4481601321894385e+02
2.4481601321894385e+02
2.4481601321894385e+02
2.4481601321894385e+02
2.4481601321894385e+02
2.4481601321894385e+02
2.4481601321894385e+02
2.4481601321894385e+02
2.4481601321894385e+02
2.4481601321894385e+02
2.4481601321894385e+02
2.4481601321894385e+02
2.4481601321894385e+02
2.4688913403758096e+02
2.4688913403758096e+02
2.4688913403758096e+02
2.4688913403758096e+02
2.4688913403758096e+02
2.4688913403758096e+02
2.4688913403758096e+02
2.4688913403758096e+02
2.4688913403758096e+02
2.4688913403758096e+02
2.4688913403758096e+02
2.4688913403758096e+02
2.4688913403758096e+02
2.4688913403758096e+02
2.4688913403758096e+02
2.4688913403758096e+02
2.4688913403758096e+02
2.4688913403758096e+02
2.4688913403758096e+02
2.4688913403758096e+02
2.4813317995058762e+02
2.4813317995058762e+02
2.4813317995058762e+02
2.4813317995058762e+02
2.4813317995058762e+02
2.4813317995058762e+02
2.4813317995058762e+02
2.4813317995058762e+02
2.4813317995058762e+02
2.4813317995058762e+02
2.4813317995058762e+02
2.4813317995058762e+02
2.4813317995058762e+02
2.4813317995058762e+02
2.4813317995058762e+02
2.4813317995058762e+02
2.4813317995058762e+02
2.4813317995058762e+02
2.4813317995058762e+02
2.4813317995058762e+02
2.4888002057134076e+02
2.4888002057134076e+02
2.4888002057134076e+02
2.4888002057134076e+02
2.4888002057134076e+02
2.4888002057134076e+02
2.4888002057134076e+02
2.4888002057134076e+02
2.4888002057134076e+02
2.4888002057134076e+02
2.4888002057134076e+02
2.4888002057134076e+02
2.4888002057134076e+02
2.4888002057134076e+02
2.4888002057134076e+02
2.4888002057134076e+02
2.4888002057134076e+02
2.4888002057134076e+02
2.4888002057134076e+02
2.4888002057134076e+02
2.4932797441024866e+02
2.4932797441024866e+02
2.4932797441024866e+02
2.4932797441024866e+02
2.4932797441024866e+02
2.4932797441024866e+02
2.4932797441024866e+02
2.4932797441024866e+02
2.4932797441024866e+02
2.4932797441024866e+02
2.4932797441024866e+02
2.4932797441024866e+02
2.4932797441024866e+02
2.4932797441024866e+02
2.4932797441024866e+02
2.4932797441024866e+02
2.4932797441024866e+02
2.4932797441024866e+02
2.4932797441024866e+02
2.4932797441024866e+02
2.4959679989953486e+02
2.4959679989953486e+02
2.4959679989953486e+02
2.4959679989953486e+02
2.4959679989953486e+02
2.4959679989953486e+02
2.4959679989953486e+02
2.4959679989953486e+02
2.4959679989953486e+02
2.4959679989953486e+02
2.4959679989953486e+02
