0.0000000000000000e+00
-2.5004040254486299e+01
-5.0000000000581849e+01
-7.5000379830981032e+01
-1.0000518072381935e+02
-1.2501440365684152e+02
-1.4999999999954173e+02
-1.7499001510400183e+02
-1.9998444994679846e+02
-2.2500000006220938e+02
-2.4999999997637747e+02
-2.2500000007709846e+02
-2.0000442042034473e+02
-1.7501326002935429e+02
-1.5000000000018099e+02
-1.2499116314711665e+02
-9.9986748490999361e+01
-7.4999999999231264e+01
-4.9999999999401453e+01
-2.4999999999311711e+01
7.7354839121670115e-10
2.5000000000725059e+01
4.9995579757932674e+01
7.5000000000515087e+01
9.9999999022939960e+01
1.2499557780274868e+02
1.4998673731714663e+02
1.7499581996510224e+02
1.9999999997530102e+02
2.2500000001841181e+02
2.5000000001412195e+02
2.2499999991870311e+02
1.9999557860240660e+02
1.7498673508741518e+02
1.5000000000009851e+02
1.2500884662628685e+02
1.0001327398857411e+02
7.5000000000098510e+01
5.0000000000056403e+01
2.5000000000297732e+01
4.5926778084102146e-10
-2.4999999999630464e+01
-5.0004421220318314e+01
-7.4999999999522259e+01
-9.9999999021696425e+01
-1.2500441926448678e+02
-1.5001326170553315e+02
-1.7502652732404897e+02
-2.0000000000087380e+02
-2.2500000004357838e+02
-2.5000064731082045e+02
-2.2500000007649663e+02
-2.0000377316557550e+02
-1.7501196560068769e+02
-1.5002457640514106e+02
-1.2500000000158870e+02
-9.9999999999845471e+01
-7.5004420240930770e+01
-4.9999999999312557e+01
-2.5000000978026065e+01
9.7936160307046043e-10
2.5000000000982428e+01
4.9995579758462327e+01
7.5000000000922853e+01
9.9999999022809675e+01
1.2499557780248492e+02
1.4998673731675208e+02
1.7497347854351926e+02
2.0000000000022723e+02
2.2499759221780909e+02
2.4999999996929782e+02
2.2499999991985533e+02
1.9999557864948224e+02
1.7498673517997668e+02
1.5000000000106820e+02
1.2500884653552745e+02
1.0001327380673995e+02
7.5000000001630141e+01
5.0000000001494030e+01
2.5000000001939394e+01
1.6223294304911092e-09
-2.4999999998640106e+01
-5.0004421219057456e+01
-7.4999999998563453e+01
-9.9999999021005266e+01
-1.2500441926351687e+02
-1.5001326170480669e+02
-1.7502652732338001e+02
-2.0000000000067737e+02
-2.2497788803201462e+02
-2.5000000001330784e+02
-2.2500000007673827e+02
-2.0000442038316800e+02
-1.7501325995474332e+02
-1.4999999999944106e+02
-1.2499116322004953e+02
-9.9986748637884290e+01
-7.4999999998739838e+01
-4.9999999998914888e+01
-2.4999999998482174e+01
1.4192532108638974e-09
2.5000000001350436e+01
4.9995579758559153e+01
7.5000000001538424e+01
9.9999999023776610e+01
1.2499557780320097e+02
1.4998673731780931e+02
1.7497347854413465e+02
1.9999999999983692e+02
2.2502209534536644e+02
2.4998207216554337e+02
2.2499999992053671e+02
2.0001350881055407e+02
1.7500000000322729e+02
1.4998206859600973e+02
1.2500000000423336e+02
1.0000000000216349e+02
7.4995578779048046e+01
5.0000000001295952e+01
2.5000000980884245e+01
1.4073129344160776e-09
-2.4999999998424475e+01
-5.0004421219153187e+01
-7.4999999998754518e+01
-9.9999999020961894e+01
-1.2500441926374899e+02
-1.5001326170505385e+02
-1.7502652732352055e+02
-2.0000000000029220e+02
-2.2497788803184332e+02
-2.5000647228185753e+02
-2.2500000007732820e+02
-1.9999794896866979e+02
-1.7500031797805798e+02
-1.5000710612858296e+02
-1.2501831244304302e+02
-1.0000000000382755e+02
-7.4986114172150536e+01
-5.0000000004132282e+01
-2.5000000000886978e+01
1.3299439964009261e-09
2.5000000001398814e+01
4.9995579758573285e+01
7.5000000001166256e+01
9.9999999023400619e+01
1.2499557780304710e+02
1.4998673731759234e+02
1.7497347854399553e+02
1.9999999999929452e+02
2.2502209534458385e+02
2.4999767738826205e+02
2.2499999992092756e+02
1.9999790153718149e+02
1.7499138125911389e+02
1.4998043810836694e+02
1.2499999999928110e+02
1.0001514562364513e+02
7.4999999999562164e+01
5.0000000000497849e+01
2.5000000001441855e+01
1.3948840379429838e-09
-2.4999999998685848e+01
-5.0004421219502149e+01
-7.4999999999039801e+01
-9.9999999020934538e+01
-1.2500441926335043e+02
-1.5001326170444318e+02
-1.7502652732266998e+02
-2.0000000000060709e+02
-2.2497788803243117e+02
-2.5000084159256369e+02
-2.2500000007712418e+02
-2.0000357891608590e+02
-1.7501157713170008e+02
-1.5002399374680897e+02
-1.2500000000044186e+02
-9.9999999999012047e+01
-7.5004420240433319e+01
-4.9999999998792909e+01
-2.5000000977609414e+01
1.3546464153443136e-09
2.5000000001382471e+01
4.9995579758523611e+01
7.5000000001119545e+01
9.9999999023319390e+01
1.2499557780280992e+02
1.4998673731742787e+02
1.7497347854380055e+02
1.9999999999946672e+02
2.2502209534459615e+02
2.4999970052109029e+02
2.2499999992070917e+02
1.9999587813863235e+02
1.7498733419680065e+02
1.5000000000034518e+02
1.2500824743969660e+02
1.0001207553721525e+02
7.5011483315891795e+01
5.0006469797089508e+01
2.4997034003422794e+01
8.2975169116062336e-10
