0.0000000000000000e+00
0.0000000000000000e+00
0.0000000000000000e+00
0.0000000000000000e+00
0.0000000000000000e+00
0.0000000000000000e+00
0.0000000000000000e+00
3.3332810333317195e+00
1.3332154893923583e+01
2.3322893107881903e+01
3.3317536616141773e+01
3.3317536616141730e+01
3.3317536616141737e+01
3.3317536616141794e+01
3.3317536616141716e+01
3.3317536616141659e+01
3.3317536616141645e+01
3.3317536616141659e+01
3.3317536616141680e+01
3.3317536616141673e+01
3.3317536616141659e+01
3.3317536616141652e+01
3.3317536616141730e+01
3.3317536616141652e+01
3.3317536616141680e+01
3.3317536616141673e+01
3.3317536616141716e+01
2.6666959003795480e+01
1.6666709356086873e+01
6.6708211919356479e+00
-3.3276516986894826e+00
-1.3325551645483902e+01
-2.3322274201597480e+01
-3.3316999357784368e+01
-3.3316999357784290e+01
-3.3316999357784312e+01
-3.3316999357784297e+01
-3.3316999357784255e+01
-3.3316999357784233e+01
-3.3316999357784240e+01
-3.3316999357784248e+01
-3.3316999357784276e+01
-3.3316999357784340e+01
-3.3316999357784340e+01
-3.3316999357784319e+01
-3.3316999357784312e+01
-3.3316999357784354e+01
-3.3316999357784361e+01
-3.3316999357784397e+01
-3.3316999357784368e+01
-2.6666941736861563e+01
-1.6666706612462900e+01
-6.6706328409803719e+00
3.3279058742803422e+00
1.3325889512940527e+01
2.3322741738841867e+01
3.3317671760720621e+01
3.3317671760720650e+01
3.3317671760720664e+01
3.3317671760720636e+01
3.3317671760720586e+01
3.3317671760720557e+01
3.3317671760720557e+01
3.3317671760720529e+01
3.3317671760720508e+01
3.3317671760720515e+01
3.3317671760720508e+01
3.3317671760720522e+01
3.3317671760720515e+01
3.3317671760720515e+01
3.3317671760720515e+01
3.3317671760720494e+01
3.3317671760720515e+01
2.6666959026526492e+01
1.6666709350657356e+01
6.6708211916045679e+00
-3.3276516986144085e+00
-1.3325551645457995e+01
-2.3322274201583681e+01
-3.3316999357779601e+01
-3.3316999357779594e+01
-3.3316999357779572e+01
-3.3316999357779572e+01
-3.3316999357779565e+01
-3.3316999357779558e+01
-3.3316999357779544e+01
-3.3316999357779537e+01
-3.3316999357779629e+01
-3.3316999357779622e+01
-3.3316999357779601e+01
-3.3316999357779537e+01
-3.3316999357779522e+01
-3.3316999357779466e+01
-3.3316999357779437e+01
-3.3316999357779473e+01
-3.3316999357779501e+01
-2.6666941736872090e+01
-1.6666706612473135e+01
-6.6706328409892173e+00
3.3279058742735135e+00
1.3325889512943657e+01
2.3322741738839742e+01
3.3317671760709757e+01
3.3317671760709793e+01
3.3317671760709800e+01
3.3317671760709821e+01
3.3317671760709764e+01
3.3317671760709743e+01
3.3317671760709821e+01
3.3317671760709864e+01
3.3317671760709864e+01
3.3317671760709864e+01
3.3317671760709857e+01
3.3317671760709864e+01
3.3317671760709885e+01
3.3317671760709885e+01
3.3317671760709878e+01
3.3317671760709935e+01
3.3317671760709899e+01
2.6666959026527906e+01
1.6666709350659225e+01
6.6708211916053299e+00
-3.3276516986196012e+00
-1.3325551645466607e+01
-2.3322274201592833e+01
-3.3316999357788120e+01
-3.3316999357788106e+01
-3.3316999357788127e+01
-3.3316999357788113e+01
-3.3316999357788170e+01
-3.3316999357788141e+01
-3.3316999357788156e+01
-3.3316999357788156e+01
-3.3316999357788255e+01
-3.3316999357788234e+01
-3.3316999357788212e+01
-3.3316999357788134e+01
-3.3316999357788106e+01
-3.3316999357788042e+01
-3.3316999357788035e+01
-3.3316999357788113e+01
-3.3316999357788049e+01
-2.6666941736847409e+01
-1.6666706612444496e+01
-6.6706328409583548e+00
3.3279058743102365e+00
1.3325889512968267e+01
2.3322741738862717e+01
3.3317671760735621e+01
3.3317671760735649e+01
3.3317671760735614e+01
3.3317671760735642e+01
3.3317671760735600e+01
3.3317671760735607e+01
3.3317671760735607e+01
3.3317671760735593e+01
3.3317671760735614e+01
3.3317671760735614e+01
3.3317671760735593e+01
3.3317671760735571e+01
3.3317671760735614e+01
3.3317671760735578e+01
3.3317671760735593e+01
3.3317671760735649e+01
3.3317671760735692e+01
2.6666959026525792e+01
1.6666709350654902e+01
6.6708211916041753e+00
-3.3276516986282547e+00
-1.3325551645477654e+01
-2.3322274201599427e+01
-3.3316999357788617e+01
-3.3316999357788589e+01
-3.3316999357788568e+01
-3.3316999357788511e+01
-3.3316999357788546e+01
-3.3316999357788625e+01
-3.3316999357788632e+01
-3.3316999357788639e+01
-3.3316999357788688e+01
-3.3316999357788639e+01
-3.3316999357788617e+01
-3.3316999357788681e+01
-3.3316999357788717e+01
-3.3316999357788632e+01
-3.3316999357788582e+01
-3.3316999357788525e+01
-3.3316999357788525e+01
-2.6666941736855460e+01
-1.6666706612446202e+01
-6.6706328409586764e+00
3.3279058743045615e+00
1.3325889512959495e+01
2.3322741738858085e+01
3.3317671760726292e+01
3.3317671760726292e+01
3.3317671760726306e+01
3.3317671760726327e+01
3.3317671760726348e+01
3.3317671760726334e+01
3.3317671760726313e+01
3.3317671760726242e+01
3.3317671760726213e+01
3.3317671760726242e+01
3.3317671760726178e+01
3.3317671760726128e+01
3.3317671760726128e+01
3.3317671760726142e+01
3.3317671760726220e+01
3.3317671760726213e+01
3.3317671760726220e+01
2.6666959026535181e+01
1.6666709350655466e+01
6.6708211915979865e+00
-3.3276516986314126e+00
-1.3325551645482923e+01
-2.3322274201605168e+01
-3.3316999357798089e+01
-3.3316999357798096e+01
-3.3316999357798089e+01
-3.3316999357798068e+01
-3.3316999357798096e+01
-3.3316999357798061e+01
-3.3316999357798025e+01
-3.3316999357797940e+01
-3.3316999357797918e+01
-3.3316999357797854e+01
-3.3316999357797847e+01
-3.3316999357797791e+01
-3.3316999357797755e+01
-3.3316999357797762e+01
