0.0000000000000000e+00
-1.4634146341497659e-04
-2.9270434578832378e-04
-4.3902439024689089e-04
-5.8536584739404839e-04
-7.3172872349713401e-04
-8.7811302482800209e-04
-1.3692115916199544e-03
-2.6692398710473548e-03
-4.1184313786751525e-03
-5.7635504122761543e-03
-5.7149603715078651e-03
-5.6663726916165724e-03
-5.5971938564079666e-03
-5.4996328806248117e-03
-5.3616770719799936e-03
-5.2153736358283046e-03
-5.0689778988584700e-03
-4.9226035904626590e-03
-4.7762507043697840e-03
-4.6299192343106851e-03
-4.4836091740173192e-03
-4.3372705817766675e-03
-4.3003262250491305e-03
-4.1539981713128171e-03
-4.0076432982206816e-03
-3.8613098417446304e-03
-3.1899197942713790e-03
-2.1864111350909615e-03
-1.1030455132169975e-03
7.7539758615837877e-05
1.3773535989023858e-03
2.8273835733164778e-03
4.4724956331248632e-03
4.4239323442254149e-03
4.3753666968186283e-03
4.3061658288032325e-03
4.2086048533866039e-03
4.0706165482813266e-03
3.9242370375685591e-03
3.7779498717929469e-03
3.6316413029528240e-03
3.4853113247822216e-03
3.3389599310152578e-03
3.1925871153830328e-03
3.0462425547284218e-03
3.0092981980043869e-03
2.8629433219658539e-03
2.7166152711739578e-03
2.5702658053494958e-03
1.8989323238067935e-03
8.9542524543755704e-04
-1.8796515993101082e-04
-1.3685624067564296e-03
-2.6683939478973906e-03
-4.1184547653886376e-03
-5.7636232702274453e-03
-5.7150315990583704e-03
-5.6664422889249055e-03
-5.5972650839533509e-03
-5.4997041081735216e-03
-5.3617482995316455e-03
-5.2154448633840575e-03
-5.0690491264084253e-03
-4.9226748180088362e-03
-4.7763219319112210e-03
-4.6299904618468824e-03
-4.4836804015483869e-03
-4.3373418093276333e-03
-4.3003974525998006e-03
-4.1540693988625001e-03
-4.0077145257719146e-03
-3.8613810692964623e-03
-3.1899803547224405e-03
-2.1864716927204281e-03
-1.1031060713884093e-03
7.7479200396363086e-05
1.3772930406891102e-03
2.8273230151045180e-03
4.4724350749132174e-03
4.4238717860137135e-03
4.3753061386062964e-03
4.3061052705909266e-03
4.2085442951739277e-03
4.0705559900687284e-03
3.9241764793565420e-03
3.7778893135800655e-03
3.6315807447377222e-03
3.4852507665662918e-03
3.3388993727983944e-03
3.1925265571650248e-03
3.0461819965134536e-03
3.0092376397897903e-03
2.8628827637512343e-03
2.7165547129599224e-03
2.5702052471353993e-03
1.8988717655930298e-03
8.9536468722398828e-04
-1.8802571814405426e-04
-1.3686229649693719e-03
-2.6684545061105079e-03
-4.1185153236006867e-03
-5.7636838284391726e-03
-5.7150921572702469e-03
-5.6665028471368827e-03
-5.5973256421663932e-03
-5.4997646663862750e-03
-5.3618088577451666e-03
-5.2155054215973062e-03
-5.0691096846221858e-03
-4.9227353762209694e-03
-4.7763824901222232e-03
-4.6300510200569895e-03
-4.4837409597581288e-03
-4.3374023675413782e-03
-4.3004580108134639e-03
-4.1541299570755962e-03
-4.0077750839856690e-03
-3.8614416275102085e-03
-3.1900409129370639e-03
-2.1865322509356474e-03
-1.1031666296030785e-03
7.7418642181211362e-05
1.3772324824739871e-03
2.8272624568897011e-03
4.4723745166977951e-03
4.4238112277984335e-03
4.3752455803914292e-03
4.3060447123752501e-03
4.2084837369583683e-03
4.0704954318537033e-03
3.9241159211404648e-03
3.7778287553661407e-03
3.6315201865251882e-03
3.4851902083544838e-03
3.3388388145864558e-03
3.1924659989536878e-03
3.0461214382991372e-03
3.0091770815747335e-03
2.8628222055362678e-03
2.7164941547437758e-03
2.5701446889191191e-03
1.8988112073771756e-03
8.9530412900871200e-04
-1.8808627635957559e-04
-1.3686835231854042e-03
-2.6685150643257442e-03
-4.1185758818165939e-03
-5.7637443866548413e-03
-5.7151527154863649e-03
-5.6665634053529330e-03
-5.5973862003823992e-03
-5.4998252246010139e-03
-5.3618694159587362e-03
-5.2155659798110276e-03
-5.0691702428363669e-03
-4.9227959344354871e-03
-4.7764430483373775e-03
-4.6301115782724760e-03
-4.4838015179734791e-03
-4.3374629257549461e-03
-4.3005185690272486e-03
-4.1541905152888275e-03
-4.0078356421994815e-03
-3.8615021857256225e-03
-3.1901014711499722e-03
-2.1865928091481580e-03
-1.1032271878168929e-03
7.7358083968973078e-05
1.3771719242619634e-03
2.8272018986773909e-03
4.4723139584858769e-03
4.4237506695864372e-03
4.3751850221789446e-03
4.3059841541634716e-03
4.2084231787467303e-03
4.0704348736424999e-03
3.9240553629301964e-03
3.7777681971530200e-03
3.6314596283094215e-03
3.4851296501366702e-03
3.3387782563667357e-03
3.1924054407318414e-03
3.0460608800853212e-03
3.0091165233614866e-03
2.8627616473228283e-03
2.7164335965313632e-03
2.5700841307075796e-03
1.8987506491639945e-03
8.9524357079473721e-04
-1.8814683457394444e-04
-1.3687440813994259e-03
-2.6685756225395068e-03
-4.1186364400294445e-03
-5.7638049448672218e-03
-5.7152132736983351e-03
-5.6666239635651417e-03
-5.5974467585947450e-03
-5.4998857828143250e-03
-5.3619299741721064e-03
-5.2156265380249641e-03
-5.0692308010498194e-03
-4.9228564926494202e-03
-4.7765036065517304e-03
-4.6301721364871082e-03
-4.4838620761883594e-03
-4.3375234839680855e-03
-4.3005791272405728e-03
-4.1542510735030616e-03
-4.0078962004128403e-03
-3.8615627439369743e-03
-3.1901620293634915e-03
-2.1866533673618798e-03
-1.1032877460301724e-03
7.7297525755440176e-05
1.3771113660473689e-03
2.8271413404626763e-03
4.4722534002703705e-03
4.4236901113706272e-03
4.3751244639632317e-03
4.3059235959471620e-03
4.2083626205298118e-03
4.0703743154249031e-03
3.9239948047130558e-03
3.7777076389380890e-03
3.6313990700955513e-03
3.4850690919246063e-03
3.3387176981569851e-03
3.1923448825232036e-03
3.0460003218711180e-03
3.0090559651471420e-03
