0.0000000000000000e+00
0.0000000000000000e+00
0.0000000000000000e+00
0.0000000000000000e+00
0.0000000000000000e+00
0.0000000000000000e+00
0.0000000000000000e+00
3.4482198930154437e-04
1.4985225166837092e-03
2.8014848504110232e-03
4.3003262250504845e-03
4.3003262250504845e-03
4.3003262250504845e-03
4.3003262250504845e-03
4.3003262250504845e-03
4.3003262250504845e-03
4.3003262250504845e-03
4.3003262250504845e-03
4.3003262250504845e-03
4.3003262250504845e-03
4.3003262250504845e-03
4.3003262250504845e-03
4.3003262250504845e-03
4.3003262250504845e-03
4.3003262250504845e-03
4.3003262250504845e-03
4.3003262250504845e-03
4.8253706142619762e-03
5.6825345561353881e-03
6.6196125735780518e-03
7.6538765659518934e-03
8.8073768346703975e-03
1.0111109105290502e-02
1.1609950648102441e-02
1.1609950648102441e-02
1.1609950648102441e-02
1.1609950648102441e-02
1.1609950648102441e-02
1.1609950648102441e-02
1.1609950648102441e-02
1.1609950648102441e-02
1.1609950648102441e-02
1.1609950648102441e-02
1.1609950648102441e-02
1.1609950648102441e-02
1.1609950648102441e-02
1.1609950648102441e-02
1.1609950648102441e-02
1.1609950648102441e-02
1.1609950648102441e-02
1.2134954057021578e-02
1.2992116774198304e-02
1.3929213846303251e-02
1.4963487367083885e-02
1.6117001788227763e-02
1.7420758919430023e-02
1.8919646298708223e-02
1.8919646298708223e-02
1.8919646298708223e-02
1.8919646298708223e-02
1.8919646298708223e-02
1.8919646298708223e-02
1.8919646298708223e-02
1.8919646298708223e-02
1.8919646298708223e-02
1.8919646298708223e-02
1.8919646298708223e-02
1.8919646298708223e-02
1.8919646298708223e-02
1.8919646298708223e-02
1.8919646298708223e-02
1.8919646298708223e-02
1.8919646298708223e-02
1.9444701355315876e-02
2.0301865299643729e-02
2.1238943316611619e-02
2.2273207308942916e-02
2.3426707577666746e-02
2.4730439848287714e-02
2.6229281391099878e-02
2.6229281391099878e-02
2.6229281391099878e-02
2.6229281391099878e-02
2.6229281391099878e-02
2.6229281391099878e-02
2.6229281391099878e-02
2.6229281391099878e-02
2.6229281391099878e-02
2.6229281391099878e-02
2.6229281391099878e-02
2.6229281391099878e-02
2.6229281391099878e-02
2.6229281391099878e-02
2.6229281391099878e-02
2.6229281391099878e-02
2.6229281391099878e-02
2.6754284800018218e-02
2.7611447517194871e-02
2.8548544589299455e-02
2.9582818110079769e-02
3.0736332531223501e-02
3.2040089662424970e-02
3.3538977041702653e-02
3.3538977041702653e-02
3.3538977041702653e-02
3.3538977041702653e-02
3.3538977041702653e-02
3.3538977041702653e-02
3.3538977041702653e-02
3.3538977041702653e-02
3.3538977041702653e-02
3.3538977041702653e-02
3.3538977041702653e-02
3.3538977041702653e-02
3.3538977041702653e-02
3.3538977041702653e-02
3.3538977041702653e-02
3.3538977041702653e-02
3.3538977041702653e-02
3.4064032098308911e-02
3.4921196042636139e-02
3.5858274059603873e-02
3.6892538051935139e-02
3.8046038320659170e-02
3.9349770591280295e-02
4.0848612134092299e-02
4.0848612134092299e-02
4.0848612134092299e-02
4.0848612134092299e-02
4.0848612134092299e-02
4.0848612134092299e-02
4.0848612134092299e-02
4.0848612134092299e-02
4.0848612134092299e-02
4.0848612134092299e-02
4.0848612134092299e-02
4.0848612134092299e-02
4.0848612134092299e-02
4.0848612134092299e-02
4.0848612134092299e-02
4.0848612134092299e-02
4.0848612134092299e-02
4.1373615543012429e-02
4.2230778260188707e-02
4.3167875332293465e-02
4.4202148853074462e-02
4.5355663274218097e-02
4.6659420405419608e-02
4.8158307784697374e-02
4.8158307784697374e-02
4.8158307784697374e-02
4.8158307784697374e-02
4.8158307784697374e-02
4.8158307784697374e-02
4.8158307784697374e-02
4.8158307784697374e-02
4.8158307784697374e-02
4.8158307784697374e-02
4.8158307784697374e-02
4.8158307784697374e-02
4.8158307784697374e-02
4.8158307784697374e-02
4.8158307784697374e-02
4.8158307784697374e-02
4.8158307784697374e-02
4.8683362841305700e-02
4.9540526785633053e-02
5.0477604802600343e-02
5.1511868794932157e-02
5.2665369063656306e-02
5.3969101334277160e-02
5.5467942877089227e-02
5.5467942877089227e-02
5.5467942877089227e-02
5.5467942877089227e-02
5.5467942877089227e-02
5.5467942877089227e-02
5.5467942877089227e-02
5.5467942877089227e-02
5.5467942877089227e-02
5.5467942877089227e-02
5.5467942877089227e-02
5.5467942877089227e-02
5.5467942877089227e-02
5.5467942877089227e-02
5.5467942877089227e-02
5.5467942877089227e-02
5.5467942877089227e-02
5.5992946286008545e-02
5.6850109003185240e-02
5.7787206075289865e-02
5.8821479596070599e-02
5.9974994017213921e-02
6.1278751148415342e-02
6.2777638527693136e-02
6.2777638527693136e-02
6.2777638527693136e-02
6.2777638527693136e-02
6.2777638527693136e-02
6.2777638527693136e-02
6.2777638527693136e-02
6.2777638527693136e-02
6.2777638527693136e-02
6.2777638527693136e-02
6.2777638527693136e-02
6.2777638527693136e-02
6.2777638527693136e-02
6.2777638527693136e-02
6.2777638527693136e-02
6.2777638527693136e-02
6.2777638527693136e-02
6.3302693584299616e-02
6.4159857528627143e-02
6.5096935545594661e-02
6.6131199537926413e-02
6.7284699806650500e-02
6.8588432077271416e-02
7.0087273620083476e-02
7.0087273620083476e-02
7.0087273620083476e-02
7.0087273620083476e-02
7.0087273620083476e-02
7.0087273620083476e-02
7.0087273620083476e-02
7.0087273620083476e-02
7.0087273620083476e-02
7.0087273620083476e-02
7.0087273620083476e-02
7.0087273620083476e-02
7.0087273620083476e-02
7.0087273620083476e-02
