0.0000000000000000e+00
-3.0000000000193779e+01
-6.0006366698831265e+01
-9.0000000000320398e+01
-1.1999999831054478e+02
-1.5000636331852201e+02
-1.8001909671530154e+02
-2.0999990653817775e+02
-2.3999794708865187e+02
-2.6998207674984991e+02
-2.9997348118038570e+02
-2.9000000001741415e+02
-2.8002722026397299e+02
-2.6585786445028134e+02
-2.4585786439993035e+02
-2.1757842239928715e+02
-1.8758972628266548e+02
-1.5757359312971369e+02
-1.2756382926741853e+02
-9.7560433005325692e+01
-6.7563402653522985e+01
-3.7572736522165471e+01
-7.5735931285368858e+00
4.0553549134805195e-10
2.9996013931325471e+01
6.0000000000515371e+01
8.9997620002498977e+01
1.1999936182054461e+02
1.4999990602565612e+02
1.7999080655801981e+02
2.0998733427288954e+02
2.3998248994091168e+02
2.6997481163282760e+02
2.9996218839064579e+02
2.8999999998271363e+02
2.8003711070701644e+02
2.6585786429438269e+02
2.4585786434721095e+02
2.1756876276565328e+02
1.8755745347724593e+02
1.5757359312858159e+02
1.2758337036589191e+02
9.7586783500287638e+01
6.7583830842242989e+01
3.7574510701968521e+01
7.5735931297911936e+00
1.3144344690918103e-09
-3.0003986861693736e+01
-5.9999999998619330e+01
-9.0002378775957709e+01
-1.1999950126972024e+02
-1.4999992832099571e+02
-1.7999292964687243e+02
-2.0999041502617592e+02
-2.3998701265072594e+02
-2.6998181685726286e+02
-2.9997370860866369e+02
-2.9000000001584544e+02
-2.8002699288279979e+02
-2.6585786444722248e+02
-2.4585786439786153e+02
-2.1757842239804501e+02
-1.8758972628250527e+02
-1.5757359312795285e+02
-1.2756382926468896e+02
-9.7560433001286441e+01
-6.7563402647956110e+01
-3.7572736515070474e+01
-7.5735931268179000e+00
2.2334312604642452e-09
2.9996013933866625e+01
6.0000000002094524e+01
8.9997620003341524e+01
1.1999936177239923e+02
1.4999990603898993e+02
1.7999080655988428e+02
2.0998733427368484e+02
2.3998248994196058e+02
2.6997481163407360e+02
2.9996218839188748e+02
2.8999999998370384e+02
2.8003711070798306e+02
2.6585786429533988e+02
2.4585786434815873e+02
2.1756876276681035e+02
1.8755745347846371e+02
1.5757359312928020e+02
1.2758337036581538e+02
9.7586783499619997e+01
6.7583830841204872e+01
3.7574510700565796e+01
7.5735931298211678e+00
1.1988946304913086e-09
-3.0003986861583133e+01
-5.9999999998817430e+01
-9.0002378776445454e+01
-1.1999950127000885e+02
-1.4999992832136587e+02
-1.7999292964725146e+02
-2.0999041502663971e+02
-2.3998701265134144e+02
-2.6998181685780827e+02
-2.9997370860928032e+02
-2.9000000001649147e+02
-2.8002699288344968e+02
-2.6585786444805763e+02
-2.4585786439872948e+02
-2.1757842239937892e+02
-1.8758972628383344e+02
-1.5757359312918661e+02
-1.2756382926528258e+02
-9.7560433001470642e+01
-6.7563402647693181e+01
-3.7572736514587994e+01
-7.5735931283015683e+00
8.6125562195167528e-10
2.9996013932403798e+01
6.0000000000810111e+01
8.9997620002464302e+01
1.1999936177099640e+02
1.4999990603761989e+02
1.7999080655885462e+02
2.0998733427261945e+02
2.3998248994061834e+02
2.6997481163279343e+02
2.9996218839045321e+02
2.8999999998238536e+02
2.8003711070650843e+02
2.6585786429377629e+02
2.4585786434654057e+02
2.1756876276500870e+02
1.8755745347631853e+02
1.5757359312801941e+02
1.2758337036518917e+02
9.7586783499092974e+01
6.7583830840763099e+01
3.7574510700407593e+01
7.5735931289664755e+00
3.5779048740798739e-10
-3.0003986862742394e+01
-5.9999999999786162e+01
-9.0002378777153950e+01
-1.1999950127064406e+02
-1.4999992832181141e+02
-1.7999292964773215e+02
-2.0999041502702229e+02
-2.3998701265127590e+02
-2.6998181685803331e+02
-2.9997370860937627e+02
-2.9000000001685953e+02
-2.8002699288371730e+02
-2.6585786444839488e+02
-2.4585786439867439e+02
-2.1757842239885946e+02
-1.8758972628324227e+02
-1.5757359312887533e+02
-1.2756382926519439e+02
-9.7560433001503796e+01
-6.7563402648008633e+01
-3.7572736514987817e+01
-7.5735931278729023e+00
1.0695992680597593e-09
2.9996013932929209e+01
6.0000000001062567e+01
8.9997620002145055e+01
1.1999936177109542e+02
1.4999990603784858e+02
1.7999080655869997e+02
2.0998733427278719e+02
2.3998248994103255e+02
2.6997481163323903e+02
2.9996218839095303e+02
2.8999999998294237e+02
2.8003711070711472e+02
2.6585786429457755e+02
2.4585786434722996e+02
2.1756876276591439e+02
1.8755745347755163e+02
1.5757359312843340e+02
1.2758337036473543e+02
9.7586783498404259e+01
6.7583830839452830e+01
3.7574510698531128e+01
7.5735931288851042e+00
4.7650679704825702e-10
-3.0003986862427293e+01
-5.9999999999415124e+01
-9.0002378776792384e+01
-1.1999950127078134e+02
-1.4999992832218587e+02
-1.7999292964834288e+02
-2.0999041502756646e+02
-2.3998701265199850e+02
-2.6998181685828695e+02
-2.9997370860944960e+02
-2.9000000001669167e+02
-2.8002699288366478e+02
-2.6585786444845473e+02
-2.4585786439889665e+02
-2.1757842239905784e+02
-1.8758972628383870e+02
-1.5757359312916924e+02
-1.2756382926560343e+02
-9.7560433001999584e+01
-6.7563402648376112e+01
-3.7572736515192247e+01
-7.5735931279178663e+00
1.1704338247566026e-09
2.9996013932477585e+01
6.0000000001125755e+01
8.9997620002976788e+01
1.1999936177158804e+02
1.4999990603811480e+02
1.7999080655910595e+02
2.0998733427324035e+02
2.3998248994098091e+02
2.6997481163308663e+02
2.9996218839052472e+02
2.8999999998244971e+02
2.8003711070653503e+02
2.6585786429386485e+02
2.4585786434661068e+02
2.1756876276545864e+02
1.8755745347713722e+02
1.5757359312830141e+02
1.2758337036471097e+02
9.7586783498498093e+01
6.7583830839901580e+01
3.7574510698915546e+01
7.5735931288502227e+00
2.4522925545242119e-10
