0.0000000000000000e+00
-1.8340564644258472e-10
-3.2930203535822336e-03
4.5392811636290846e-10
6.7533783615857425e-07
-3.2916693905807436e-03
-9.8777093169620592e-03
-6.3438221899081817e-05
-1.4824068922204530e-03
-1.3397426204676601e-02
-2.0871331950520374e-02
1.0513855900651244e-08
2.0508970026235352e-02
-3.6779314563080824e-08
-1.2116716264249002e-08
-2.4979646665974106e-03
-8.3451222717145224e-03
1.4367887214061775e-09
5.0510702340669155e-03
6.8087588301559516e-03
5.2737417892064313e-03
4.4669399989665187e-04
4.6965640694011906e-10
1.5066271613532876e-10
-2.0618082960137921e-03
5.5980610892711944e-10
-1.2309587892683751e-03
2.3883190207727974e-04
3.4093920787707834e-05
3.2701338511579693e-03
4.3791768461311298e-03
5.8350044795000226e-03
7.9890280441328627e-03
1.1190317309285429e-02
1.1361317335717896e-08
-1.1552584085211755e-02
-3.3106201264878876e-08
-1.0981531110097441e-08
-2.4984026542473055e-03
-8.3477232325164588e-03
2.3611750195612779e-09
5.0564184280948894e-03
6.8208507431180929e-03
5.2926244039645659e-03
4.7106505979284033e-04
1.4555118951169234e-09
1.3290153850353912e-09
-2.0621239619335137e-03
1.8881645336375060e-09
-1.2304702373711006e-03
-3.2648028793572711e-04
-4.8158389719181238e-05
-4.8281698343969172e-03
-6.6974033459304191e-03
-9.3441119081833744e-03
-1.3591640724170637e-02
-2.0693326475323830e-02
1.2155851687007342e-08
2.0330938380438097e-02
-3.4320020877366751e-08
-1.0189246659209589e-08
-2.4979632392437877e-03
-8.3451211207308199e-03
3.2368568674902627e-09
5.0510722561580186e-03
6.8087613155538591e-03
5.2737450628686563e-03
4.4669803403181289e-04
2.5049976313296605e-09
2.2080514739629960e-09
-2.0618052819882529e-03
2.4656555542042056e-09
-1.2309578906288246e-03
2.3885204495489734e-04
3.4091006179086596e-05
3.2701347052372597e-03
4.3791778448130821e-03
5.8350055715887224e-03
7.9890292887494982e-03
1.1190318526917648e-02
1.2323651534037562e-08
-1.1552583187162775e-02
-3.2314066217063980e-08
-1.0149381877912952e-08
-2.4984015012201278e-03
-8.3477219141851102e-03
3.0175794669207748e-09
5.0564182611684766e-03
6.8208496677229511e-03
5.2926228416901172e-03
4.7106299592347082e-04
1.4237757669993990e-09
1.1073102024649412e-09
-2.0621237146223525e-03
1.4691679908477484e-09
-1.2304711646028575e-03
-3.2648068430633998e-04
-4.8158786747815613e-05
-4.8281702157197846e-03
-6.6974038168836521e-03
-9.3441124805576301e-03
-1.3591641302246223e-02
-2.0693327167171299e-02
1.1427355725573507e-08
2.0330937535384772e-02
-3.4941781433973892e-08
-1.0945895431681260e-08
-2.4979644690064006e-03
-8.3451223594125205e-03
2.1179801112027322e-09
5.0510715528267079e-03
6.8087608302530899e-03
5.2737448077674930e-03
4.4669790854722001e-04
1.0306154652670531e-09
9.9496616915154330e-10
-2.0618067813023499e-03
1.4111760093739147e-09
-1.2309583065091419e-03
2.3885056984973891e-04
3.4089585618319603e-05
3.2701336702712623e-03
4.3791767426352348e-03
5.8350042130053889e-03
7.9890280013295532e-03
1.1190317082489546e-02
1.1021079059182558e-08
-1.1552584656088091e-02
-3.3786826139334181e-08
-1.1620975028727040e-08
-2.4984032748804281e-03
-8.3477239757344061e-03
1.7547985222400518e-09
5.0564176263034992e-03
6.8208492224581998e-03
5.2926225333402976e-03
4.7106310009618722e-04
9.3123084130922323e-10
7.1413122953707746e-10
-2.0621245749480634e-03
1.1547346178314587e-09
-1.2304710373946303e-03
-3.2648109115201177e-04
-4.8159079471178144e-05
-4.8281706030409892e-03
-6.6974040955794303e-03
-9.3441123984360809e-03
-1.3591641462200692e-02
-2.0693327177711385e-02
1.1167821198632062e-08
2.0330937467876710e-02
-3.5364824588594919e-08
-1.1094384259845811e-08
-2.4979642052095716e-03
-8.3451219590123058e-03
2.3329072034953628e-09
5.0510713666783915e-03
6.8087605585969765e-03
5.2737440635725486e-03
4.4669698044054934e-04
9.6721087742457441e-10
6.4502225388447490e-10
-2.0618067554813487e-03
1.2101801482196433e-09
-1.2309589707554470e-03
2.3885062061436142e-04
3.4089783628506531e-05
3.2701334959005300e-03
4.3791768636872496e-03
5.8350045836539858e-03
7.9890284347108372e-03
1.1190317597573879e-02
1.1541641646764671e-08
-1.1552583925463208e-02
-3.2868251355712794e-08
-1.1050796863492806e-08
-2.4984027202199204e-03
-8.3477232503557028e-03
1.9852437015064547e-09
5.0564173673057020e-03
6.8208491016387412e-03
5.2926222679966686e-03
4.7106259783694343e-04
8.8301635709321416e-10
8.9391857729713486e-10
-2.0621239693500485e-03
1.4255898299105387e-09
-1.2304711063771913e-03
-3.2648123865616936e-04
-4.8159470431213011e-05
-4.8281712135767995e-03
-6.6974046881892275e-03
-9.3441131619332266e-03
-1.3591641723743454e-02
-2.0693327305424617e-02
1.1263470018505100e-08
2.0330937409492614e-02
-3.5430570672589308e-08
-1.1128143928527072e-08
-2.4979640956672806e-03
-8.3451222721013536e-03
2.2194093484793783e-09
5.0510713151499399e-03
6.8087604956443924e-03
5.2737444191639391e-03
4.4669761428365999e-04
1.2925172324939234e-09
1.1770473339979635e-09
-2.0618069645683794e-03
1.6596680337137535e-09
-1.2309578326073838e-03
2.3885109725701149e-04
3.4090027341087443e-05
3.2701338699752803e-03
4.3791773369144475e-03
5.8350045187301764e-03
7.9890282823695778e-03
1.1190317144478761e-02
1.1049565886185267e-08
-1.1552584645286447e-02
-3.3546832298316774e-08
-1.1476543189120683e-08
-2.4984025623387613e-03
-8.3477230805353402e-03
1.9691623694087804e-09
5.0564170893571386e-03
6.8208485009835784e-03
5.2926214477362152e-03
4.7106133490304268e-04
8.1163022620101402e-10
4.5362267522591156e-10
