0.0000000000000000e+00
0.0000000000000000e+00
0.0000000000000000e+00
0.0000000000000000e+00
0.0000000000000000e+00
0.0000000000000000e+00
0.0000000000000000e+00
8.8326920924844617e+03
4.1265947753008419e+04
8.2774303725220612e+04
1.3613338968781475e+05
1.3613338968781475e+05
1.3613338968781475e+05
1.3613338968781475e+05
1.3613338968781475e+05
1.3613338968781475e+05
1.3613338968781475e+05
1.3613338968781475e+05
1.3613338968781475e+05
1.3613338968781475e+05
1.3613338968781475e+05
1.3613338968781475e+05
1.3613338968781475e+05
1.3613338968781475e+05
1.3613338968781475e+05
1.3613338968781475e+05
1.3613338968781475e+05
1.4335577507099556e+05
1.5782422048799251e+05
1.7715699170275475e+05
2.0237491892987676e+05
2.3482850990340696e+05
2.7640112108111515e+05
3.2981943114869850e+05
3.2981943114869850e+05
3.2981943114869850e+05
3.2981943114869850e+05
3.2981943114869850e+05
3.2981943114869850e+05
3.2981943114869850e+05
3.2981943114869850e+05
3.2981943114869850e+05
3.2981943114869850e+05
3.2981943114869850e+05
3.2981943114869850e+05
3.2981943114869850e+05
3.2981943114869850e+05
3.2981943114869850e+05
3.2981943114869850e+05
3.2981943114869850e+05
3.3703831049998192e+05
3.5149902402165014e+05
3.7081967447606375e+05
3.9601862325626978e+05
4.2844413020501466e+05
4.6997623791540781e+05
5.2333695709448442e+05
5.2333695709448442e+05
5.2333695709448442e+05
5.2333695709448442e+05
5.2333695709448442e+05
5.2333695709448442e+05
5.2333695709448442e+05
5.2333695709448442e+05
5.2333695709448442e+05
5.2333695709448442e+05
5.2333695709448442e+05
5.2333695709448442e+05
5.2333695709448442e+05
5.2333695709448442e+05
5.2333695709448442e+05
5.2333695709448442e+05
5.2333695709448442e+05
5.3055947590656439e+05
5.4502792136221426e+05
5.6436069256818434e+05
5.8957861979432264e+05
6.2203221076799789e+05
6.6360482194574038e+05
7.1702313201332791e+05
7.1702313201332791e+05
7.1702313201332791e+05
7.1702313201332791e+05
7.1702313201332791e+05
7.1702313201332791e+05
7.1702313201332791e+05
7.1702313201332791e+05
7.1702313201332791e+05
7.1702313201332791e+05
7.1702313201332791e+05
7.1702313201332791e+05
7.1702313201332791e+05
7.1702313201332791e+05
7.1702313201332791e+05
7.1702313201332791e+05
7.1702313201332791e+05
7.2424201136461133e+05
7.3870272488628095e+05
7.5802337534069503e+05
7.8322232412089827e+05
8.1564783106964873e+05
8.5717993878003722e+05
9.1054065795911429e+05
9.1054065795911429e+05
9.1054065795911429e+05
9.1054065795911429e+05
9.1054065795911429e+05
9.1054065795911429e+05
9.1054065795911429e+05
9.1054065795911429e+05
9.1054065795911429e+05
9.1054065795911429e+05
9.1054065795911429e+05
9.1054065795911429e+05
9.1054065795911429e+05
9.1054065795911429e+05
9.1054065795911429e+05
9.1054065795911429e+05
9.1054065795911429e+05
9.1776317677119421e+05
9.3223162222684594e+05
9.5156439343281509e+05
9.7678232065895153e+05
1.0092359116326296e+06
1.0508085228103721e+06
1.1042268328779531e+06
1.1042268328779531e+06
1.1042268328779531e+06
1.1042268328779531e+06
1.1042268328779531e+06
1.1042268328779531e+06
1.1042268328779531e+06
1.1042268328779531e+06
1.1042268328779531e+06
1.1042268328779531e+06
1.1042268328779531e+06
1.1042268328779531e+06
1.1042268328779531e+06
1.1042268328779531e+06
1.1042268328779531e+06
1.1042268328779531e+06
1.1042268328779531e+06
1.1114457122292374e+06
1.1259064257509043e+06
1.1452270762053193e+06
1.1704260249855244e+06
1.2028515319342711e+06
1.2443836396446605e+06
1.2977443588237432e+06
1.2977443588237432e+06
1.2977443588237432e+06
1.2977443588237432e+06
1.2977443588237432e+06
1.2977443588237432e+06
1.2977443588237432e+06
1.2977443588237432e+06
1.2977443588237432e+06
1.2977443588237432e+06
1.2977443588237432e+06
1.2977443588237432e+06
1.2977443588237432e+06
1.2977443588237432e+06
1.2977443588237432e+06
1.2977443588237432e+06
1.2977443588237432e+06
1.3049668776358240e+06
1.3194353230914739e+06
1.3387680942974431e+06
1.3639860215235823e+06
1.3964396124972557e+06
1.4380122236749944e+06
1.4914305337425829e+06
1.4914305337425829e+06
1.4914305337425829e+06
1.4914305337425829e+06
1.4914305337425829e+06
1.4914305337425829e+06
1.4914305337425829e+06
1.4914305337425829e+06
1.4914305337425829e+06
1.4914305337425829e+06
1.4914305337425829e+06
1.4914305337425829e+06
1.4914305337425829e+06
1.4914305337425829e+06
1.4914305337425829e+06
1.4914305337425829e+06
1.4914305337425829e+06
1.4986494130938672e+06
1.5131101266155341e+06
1.5324307770699509e+06
1.5576297258501598e+06
1.5900552327989084e+06
1.6315873405092978e+06
1.6849480596883674e+06
1.6849480596883674e+06
1.6849480596883674e+06
1.6849480596883674e+06
1.6849480596883674e+06
1.6849480596883674e+06
1.6849480596883674e+06
1.6849480596883674e+06
1.6849480596883674e+06
1.6849480596883674e+06
1.6849480596883674e+06
1.6849480596883674e+06
1.6849480596883674e+06
1.6849480596883674e+06
1.6849480596883674e+06
1.6849480596883674e+06
1.6849480596883674e+06
1.6921705785004483e+06
1.7066390239561000e+06
1.7259717951620710e+06
1.7511897223882102e+06
1.7836433133618855e+06
1.8252159245396317e+06
1.8786342346072071e+06
1.8786342346072071e+06
1.8786342346072071e+06
1.8786342346072071e+06
1.8786342346072071e+06
1.8786342346072071e+06
1.8786342346072071e+06
1.8786342346072071e+06
1.8786342346072071e+06
1.8786342346072071e+06
1.8786342346072071e+06
1.8786342346072071e+06
1.8786342346072071e+06
1.8786342346072071e+06
