0.0000000000000000e+00
0.0000000000000000e+00
0.0000000000000000e+00
0.0000000000000000e+00
0.0000000000000000e+00
0.0000000000000000e+00
0.0000000000000000e+00
-4.5333333289238507e+00
-1.2799999997938434e+01
-2.1066666566807598e+01
-2.9333333233466259e+01
-2.9333333233466242e+01
-2.9333333233466263e+01
-2.9333333233466252e+01
-2.9333333233466263e+01
-2.9333333233466291e+01
-2.9333333233466306e+01
-2.9333333233466259e+01
-2.9333333233466274e+01
-2.9333333233466234e+01
-2.9333333233466231e+01
-2.9333333233466252e+01
-2.9333333233466259e+01
-2.9333333233466259e+01
-2.9333333233466316e+01
-2.3733333283139984e+01
-1.5466098953039538e+01
-7.1999998264352572e+00
1.0666667917936845e+00
9.3333334736085192e+00
1.7600000140277125e+01
1.7600000140277121e+01
1.7600000140277128e+01
1.7600000140277178e+01
1.7600000140277189e+01
1.7600000140277146e+01
1.7600000140277150e+01
1.7600000140277182e+01
1.7600000140277178e+01
1.7600000140277192e+01
1.7600000140277221e+01
1.7600000140277249e+01
1.7600000140277277e+01
1.7600000140277274e+01
1.7600000140277260e+01
1.7600000140277274e+01
1.7600000140277288e+01
1.4240943758893417e+01
5.9733333556100137e+00
-2.2933332415474164e+00
-1.0559999883994118e+01
-1.0559999883994140e+01
-1.0559999883994131e+01
-1.0559999883994120e+01
-1.0559999883994120e+01
-1.0559999883994109e+01
-1.0559999883994102e+01
-1.0559999883994090e+01
-1.0559999883994097e+01
-1.0559999883994077e+01
-1.0559999883994065e+01
-1.0559999883994051e+01
-1.0559999883994061e+01
-1.0559999883994044e+01
-1.0559999883994045e+01
-1.0559999883994038e+01
-1.0559999883994040e+01
-1.0559999883994044e+01
-1.0197322184900973e+01
-1.9306665957499063e+00
6.3360001302223061e+00
6.3360001302222999e+00
6.3360001302223097e+00
6.3360001302223043e+00
6.3360001302222972e+00
6.3360001302222990e+00
6.3360001302222893e+00
6.3360001302222901e+00
6.3360001302222928e+00
6.3360001302222946e+00
6.3360001302222893e+00
6.3360001302222750e+00
6.3360001302222662e+00
6.3360001302222626e+00
6.3360001302222582e+00
6.3360001302222653e+00
6.3360001302222715e+00
6.3360001302222733e+00
6.3360001302222804e+00
4.4653564965651888e+00
-3.8015999606785553e+00
-3.8015999606785571e+00
-3.8015999606785540e+00
-3.8015999606785540e+00
-3.8015999606785544e+00
-3.8015999606785509e+00
-3.8015999606785496e+00
-3.8015999606785424e+00
-3.8015999606785371e+00
-3.8015999606785336e+00
-3.8015999606785242e+00
-3.8015999606785336e+00
-3.8015999606785300e+00
-3.8015999606785229e+00
-3.8015999606785176e+00
-3.8015999606785269e+00
-3.8015999606785202e+00
-3.8015999606785140e+00
-3.8015999606785140e+00
-3.8015999606785176e+00
2.2809600081321415e+00
2.2809600081321411e+00
2.2809600081321411e+00
2.2809600081321411e+00
2.2809600081321357e+00
2.2809600081321366e+00
2.2809600081321335e+00
2.2809600081321308e+00
2.2809600081321308e+00
2.2809600081321268e+00
2.2809600081321300e+00
2.2809600081321295e+00
2.2809600081321313e+00
2.2809600081321286e+00
2.2809600081321264e+00
2.2809600081321264e+00
2.2809600081321277e+00
2.2809600081321273e+00
2.2809600081321260e+00
2.2809600081321286e+00
-1.3674709941432559e+00
-1.3674709941432555e+00
-1.3674709941432548e+00
-1.3674709941432557e+00
-1.3674709941432548e+00
-1.3674709941432532e+00
-1.3674709941432535e+00
-1.3674709941432517e+00
-1.3674709941432508e+00
-1.3674709941432535e+00
-1.3674709941432552e+00
-1.3674709941432566e+00
-1.3674709941432552e+00
-1.3674709941432550e+00
-1.3674709941432555e+00
-1.3674709941432521e+00
-1.3674709941432521e+00
-1.3674709941432515e+00
-1.3674709941432497e+00
-1.3674709941432506e+00
8.2198796732778678e-01
8.2198796732778590e-01
8.2198796732778534e-01
8.2198796732778412e-01
8.2198796732778545e-01
8.2198796732778567e-01
8.2198796732778601e-01
8.2198796732778778e-01
8.2198796732778967e-01
8.2198796732779056e-01
8.2198796732778900e-01
8.2198796732778745e-01
8.2198796732778845e-01
8.2198796732778789e-01
8.2198796732778934e-01
8.2198796732778801e-01
8.2198796732778923e-01
8.2198796732779011e-01
8.2198796732779011e-01
8.2198796732779089e-01
-4.9264955830133922e-01
-4.9264955830133861e-01
-4.9264955830133839e-01
-4.9264955830133839e-01
-4.9264955830133833e-01
-4.9264955830133811e-01
-4.9264955830133805e-01
-4.9264955830133816e-01
-4.9264955830133822e-01
-4.9264955830133744e-01
-4.9264955830133772e-01
-4.9264955830133794e-01
-4.9264955830133750e-01
-4.9264955830133744e-01
-4.9264955830133683e-01
-4.9264955830133639e-01
-4.9264955830133617e-01
-4.9264955830133766e-01
-4.9264955830133750e-01
-4.9264955830133816e-01
2.9578486978487667e-01
2.9578486978487672e-01
2.9578486978487667e-01
2.9578486978487656e-01
2.9578486978487639e-01
2.9578486978487667e-01
2.9578486978487722e-01
2.9578486978487684e-01
2.9578486978487678e-01
2.9578486978487711e-01
2.9578486978487722e-01
