0.0000000000000000e+00
0.0000000000000000e+00
0.0000000000000000e+00
0.0000000000000000e+00
0.0000000000000000e+00
0.0000000000000000e+00
0.0000000000000000e+00
-4.5333333289288493e+00
-1.2799999997949810e+01
-2.1066666566821294e+01
-2.9333333233483405e+01
-2.9333333233483394e+01
-2.9333333233483408e+01
-2.9333333233483401e+01
-2.9333333233483419e+01
-2.9333333233483426e+01
-2.9333333233483447e+01
-2.9333333233483408e+01
-2.9333333233483408e+01
-2.9333333233483391e+01
-2.9333333233483387e+01
-2.9333333233483412e+01
-2.9333333233483430e+01
-2.9333333233483415e+01
-2.9333333233483465e+01
-2.3733333283157474e+01
-1.5466098953052668e+01
-7.1999998264529639e+00
1.0666667917746442e+00
9.3333334735879987e+00
1.7600000140255410e+01
1.7600000140255421e+01
1.7600000140255439e+01
1.7600000140255460e+01
1.7600000140255467e+01
1.7600000140255432e+01
1.7600000140255428e+01
1.7600000140255467e+01
1.7600000140255460e+01
1.7600000140255482e+01
1.7600000140255510e+01
1.7600000140255545e+01
1.7600000140255567e+01
1.7600000140255567e+01
1.7600000140255570e+01
1.7600000140255581e+01
1.7600000140255602e+01
1.4240943758879082e+01
5.9733333556010759e+00
-2.2933332415570487e+00
-1.0559999884004597e+01
-1.0559999884004615e+01
-1.0559999884004609e+01
-1.0559999884004592e+01
-1.0559999884004588e+01
-1.0559999884004577e+01
-1.0559999884004570e+01
-1.0559999884004556e+01
-1.0559999884004567e+01
-1.0559999884004551e+01
-1.0559999884004537e+01
-1.0559999884004515e+01
-1.0559999884004528e+01
-1.0559999884004508e+01
-1.0559999884004515e+01
-1.0559999884004505e+01
-1.0559999884004499e+01
-1.0559999884004501e+01
-1.0197322184909222e+01
-1.9306665957373588e+00
6.3360001302538498e+00
6.3360001302538480e+00
6.3360001302538631e+00
6.3360001302538560e+00
6.3360001302538471e+00
6.3360001302538436e+00
6.3360001302538302e+00
6.3360001302538329e+00
6.3360001302538294e+00
6.3360001302538302e+00
6.3360001302538222e+00
6.3360001302538089e+00
6.3360001302538027e+00
6.3360001302537921e+00
6.3360001302537947e+00
6.3360001302538018e+00
6.3360001302538080e+00
6.3360001302538098e+00
6.3360001302538116e+00
4.4653564965988526e+00
-3.8015999606381472e+00
-3.8015999606381561e+00
-3.8015999606381525e+00
-3.8015999606381503e+00
-3.8015999606381579e+00
-3.8015999606381534e+00
-3.8015999606381521e+00
-3.8015999606381441e+00
-3.8015999606381379e+00
-3.8015999606381357e+00
-3.8015999606381317e+00
-3.8015999606381401e+00
-3.8015999606381348e+00
-3.8015999606381259e+00
-3.8015999606381223e+00
-3.8015999606381286e+00
-3.8015999606381223e+00
-3.8015999606381170e+00
-3.8015999606381161e+00
-3.8015999606381210e+00
2.2809600081740822e+00
2.2809600081740808e+00
2.2809600081740813e+00
2.2809600081740822e+00
2.2809600081740813e+00
2.2809600081740813e+00
2.2809600081740822e+00
2.2809600081740782e+00
2.2809600081740795e+00
2.2809600081740737e+00
2.2809600081740768e+00
2.2809600081740777e+00
2.2809600081740808e+00
2.2809600081740791e+00
2.2809600081740782e+00
2.2809600081740786e+00
2.2809600081740795e+00
2.2809600081740791e+00
2.2809600081740791e+00
2.2809600081740813e+00
-1.3674709941043159e+00
-1.3674709941043155e+00
-1.3674709941043157e+00
-1.3674709941043166e+00
-1.3674709941043153e+00
-1.3674709941043144e+00
-1.3674709941043133e+00
-1.3674709941043122e+00
-1.3674709941043111e+00
-1.3674709941043139e+00
-1.3674709941043171e+00
-1.3674709941043182e+00
-1.3674709941043175e+00
-1.3674709941043173e+00
-1.3674709941043182e+00
-1.3674709941043153e+00
-1.3674709941043144e+00
-1.3674709941043166e+00
-1.3674709941043148e+00
-1.3674709941043144e+00
8.2198796738012392e-01
8.2198796738012303e-01
8.2198796738012192e-01
8.2198796738012148e-01
8.2198796738012270e-01
8.2198796738012381e-01
8.2198796738012336e-01
8.2198796738012414e-01
8.2198796738012581e-01
8.2198796738012647e-01
8.2198796738012547e-01
8.2198796738012281e-01
8.2198796738012381e-01
8.2198796738012336e-01
8.2198796738012436e-01
8.2198796738012370e-01
8.2198796738012392e-01
8.2198796738012525e-01
8.2198796738012581e-01
8.2198796738012514e-01
-4.9264955824374840e-01
-4.9264955824374823e-01
-4.9264955824374784e-01
-4.9264955824374768e-01
-4.9264955824374806e-01
-4.9264955824374790e-01
-4.9264955824374768e-01
-4.9264955824374768e-01
-4.9264955824374757e-01
-4.9264955824374690e-01
-4.9264955824374723e-01
-4.9264955824374768e-01
-4.9264955824374690e-01
-4.9264955824374712e-01
-4.9264955824374645e-01
-4.9264955824374629e-01
-4.9264955824374634e-01
-4.9264955824374729e-01
-4.9264955824374734e-01
-4.9264955824374773e-01
2.9578486984389357e-01
2.9578486984389391e-01
2.9578486984389374e-01
2.9578486984389385e-01
2.9578486984389413e-01
2.9578486984389435e-01
2.9578486984389485e-01
2.9578486984389452e-01
2.9578486984389424e-01
2.9578486984389424e-01
2.9578486984389440e-01
