0.0000000000000000e+00
1.5121951219441315e-04
3.0241616050564606e-04
4.5365853658257439e-04
6.0487804186173369e-04
7.5607468325923340e-04
9.0724846768815203e-04
1.6252032514074530e-03
2.8097560972696585e-03
3.9943089295745495e-03
5.1788617751021785e-03
5.0276422626641419e-03
4.8763998794255289e-03
4.7251346184688419e-03
4.5739837273425735e-03
4.4228099861697073e-03
4.2715447029622869e-03
4.1203251907672832e-03
3.9690828077730417e-03
3.8178861663779370e-03
3.6666666541859691e-03
3.5154471419904156e-03
3.3642047589959282e-03
3.2130081175974776e-03
3.0617886123177080e-03
2.2105690992463537e-03
1.0259066501354481e-03
-1.5853660857044615e-04
-1.3430894473635358e-03
-2.5276422949955342e-03
-3.7121951405242244e-03
-3.5609756284875277e-03
-3.4097789803347583e-03
-3.2586051891512259e-03
-3.1073170907163403e-03
-2.9560518769077984e-03
-2.8048780663155488e-03
-2.6536585541201748e-03
-2.5024619058080198e-03
-2.3512195297295310e-03
-2.2000000175306234e-03
-2.0487805053361532e-03
-1.8975838570245529e-03
-1.7463414809483005e-03
-1.5951219756705215e-03
-1.4439253342740680e-03
-1.2927515498460912e-03
-7.2164349402668035e-04
4.6308942800667738e-04
1.6476422642551498e-03
2.8321951064179188e-03
2.6809755939787919e-03
2.5297332107394486e-03
2.3784679497825569e-03
2.2273170586573090e-03
2.0761433174857286e-03
1.9248780342777580e-03
1.7736585220825606e-03
1.6224161390881412e-03
1.4712194976917400e-03
1.3199999854995941e-03
1.1687804733039242e-03
1.0175380903089102e-03
8.6634144891081224e-04
7.1512194363145421e-04
5.6387956755483797e-04
4.1261431376054831e-04
2.6146340011969657e-04
6.4908449217477218e-05
-1.1196422859755615e-03
-2.3041951392683262e-03
-2.1529756272359703e-03
-2.0017789790867336e-03
-1.8506051879078151e-03
-1.6993170894643791e-03
-1.5480518756481707e-03
-1.3968780650637552e-03
-1.2456585528686354e-03
-1.0944619045572732e-03
-9.4321952847888156e-04
-7.9200001628045849e-04
-6.4078050408627649e-04
-4.8958385577464866e-04
-3.3834147969765733e-04
-1.8712197441909074e-04
-3.5925333021119476e-05
1.1524845140673613e-04
2.6653656907212292e-04
4.1780180210576953e-04
8.0278684223374878e-04
1.9873951167368579e-03
1.8361756035592993e-03
1.6849332195820370e-03
1.5336679578867099e-03
1.3825170682374723e-03
1.2313433285434168e-03
1.0800780438584103e-03
9.2885853166354204e-04
7.7761614866902746e-04
6.2641950727283736e-04
4.7519999508142507e-04
3.2398048288605468e-04
1.7273809989074221e-04
2.1541458492061892e-05
-1.2967804678808061e-04
-2.8092042286498504e-04
-4.3218567665832201e-04
-5.8333659029855369e-04
-7.3451035399130010e-04
-8.8570697464633835e-04
-1.7973151232124444e-03
-1.6460956119828600e-03
-1.4948989646365524e-03
-1.3437251742595263e-03
-1.1924370742048627e-03
-1.0411718587766689e-03
-8.8999804980359194e-04
-7.3877853760897507e-04
-5.8758188929755411e-04
-4.3633951321906642e-04
-2.8512000102105339e-04
-1.3390048882606318e-04
1.7296159484609799e-05
1.6853853556026007e-04
3.1975804083837094e-04
4.7095468223556437e-04
6.2212846666411404e-04
7.7341658433059202e-04
9.2468181736416746e-04
1.0759241726887049e-03
1.6830558890377815e-03
1.5319094827584662e-03
1.3807402277892047e-03
1.2294704596409254e-03
1.0782509474369158e-03
9.2700856443287381e-04
7.7581192304130154e-04
6.2459241776865754e-04
4.7335004169918088e-04
3.2215338645618578e-04
1.7093387426390439e-04
1.9714362067937001e-05
-1.3152802092654349e-04
-2.8272466232447953e-04
-4.3394416760429651e-04
-5.8518654368154316e-04
-7.3645179747493575e-04
-8.8760271111516277e-04
-1.0387764748074242e-03
-1.1899730954620686e-03
-1.6149699936002485e-03
-1.4637241068963165e-03
-1.3125010920511581e-03
-1.1613009421484991e-03
-1.0101236502753255e-03
-8.5896920952087570e-04
-7.0762654474902707e-04
-5.5640703251803847e-04
-4.0521038417021000e-04
-2.5396800811899937e-04
-1.0274849592099814e-04
4.8471016273797160e-05
1.9966766458422822e-04
3.5091004065981423e-04
5.0212954593796750e-04
6.5332618733511885e-04
8.0449997176332754e-04
9.5578808942954488e-04
1.1070533224620714e-03
1.2582956777854567e-03
1.5737668369964605e-03
1.4225568032824073e-03
1.2713239016365232e-03
1.1200681251416170e-03
9.6878946687538759e-04
8.1767875572500239e-04
6.6654520667650875e-04
5.1523973134484213e-04
3.6402021915999847e-04
2.1280070697586448e-04
6.1581194780897187e-05
-8.9638317414215122e-05
-2.4088070040885357e-04
-3.9207734180794746e-04
-5.4329684708815133e-04
-6.9453922316610808e-04
-8.4580447696089127e-04
-9.9695539059928241e-04
-1.1481291542901164e-03
-1.2993257749430221e-03
-1.5491716582314422e-03
-1.3979487197072666e-03
-1.2467486461030645e-03
-1.0955714305039060e-03
-9.4429018191293217e-04
-7.9303181587611182e-04
-6.4179632547182465e-04
-4.9058370378265450e-04
-3.3939394389346036e-04
-1.8819262092239789e-04
-3.6973108729109585e-05
