0.0000000000000000e+00
-4.5365853659165800e-05
-9.0733765471347373e-05
-1.3609756097325974e-04
-1.8146341444330927e-04
-2.2683132606649144e-04
-2.7220129603127042e-04
-6.0089430863736635e-04
-1.1629268291256779e-03
-1.7249593420119412e-03
-2.2869918623367800e-03
-2.2416260093526953e-03
-2.1962622143370161e-03
-2.1509004771011536e-03
-2.1055284490339205e-03
-2.0601584794940446e-03
-2.0147967417238023e-03
-1.9694308880655684e-03
-1.9240670923751061e-03
-1.8786991807491068e-03
-1.8333333270923644e-03
-1.7879674734336845e-03
-1.7426036777414529e-03
-1.6972357661146631e-03
-1.6518699126411240e-03
-1.2565040618332593e-03
-6.9446120888249415e-04
-1.3243901187706689e-04
4.2959350494974286e-04
9.9162602637161779e-04
1.5536585466967825e-03
1.5082926923244999e-03
1.4629247797983567e-03
1.4175548089316846e-03
1.3721951307266239e-03
1.3268333949279639e-03
1.2814634234023044e-03
1.2360975697438543e-03
1.1907296579315861e-03
1.1453658624266474e-03
1.1000000087660533e-03
1.0546341551077056e-03
1.0092662432953545e-03
9.6390244779268064e-04
9.1853659432230986e-04
8.7316868269861358e-04
8.2779871273387662e-04
5.7245834245082646e-04
1.0406505498425238e-05
-5.5162600942123706e-04
-1.1136585279950665e-03
-1.0682926750113007e-03
-1.0229288799949868e-03
-9.7756714275906123e-04
-9.3219511469283534e-04
-8.8682514515427385e-04
-8.4146340738335348e-04
-7.9609755372469593e-04
-7.5073375803279708e-04
-7.0536584640800543e-04
-6.5999999275178018e-04
-6.1463413909337980e-04
-5.6927034340233606e-04
-5.2390243177454008e-04
-4.7853657830095427e-04
-4.3317278279497902e-04
-3.8781104506951144e-04
-3.4243901713371420e-04
-2.7440626922678403e-04
2.8762602097259793e-04
8.4965854606637884e-04
8.0429269169712651e-04
7.5892477917410199e-04
7.1355480831018878e-04
6.6819513009924172e-04
6.2283339429391744e-04
5.7746342277458960e-04
5.3209756911638611e-04
4.8672965730381406e-04
4.4136586179959364e-04
3.9600000813861226e-04
3.5063415448059108e-04
3.0526624266863215e-04
2.5990244716664806e-04
2.1453659369636562e-04
1.6916868207249080e-04
1.2379871210732392e-04
7.8439032539127641e-05
3.3077295377382779e-05
-1.2922021556240033e-04
-6.9125853400657706e-04
-6.4589267980203814e-04
-6.0052888356637243e-04
-5.5516714511042267e-04
-5.0979511948386026e-04
-4.6442515238422538e-04
-4.1906341217410410e-04
-3.7369755851544129e-04
-3.2833376282391264e-04
-2.8296585119822121e-04
-2.3759999754198018e-04
-1.9223414388312747e-04
-1.4687034819097872e-04
-1.0150243656398142e-04
-5.6136583090591692e-05
-1.0772787584821014e-05
3.4588950141081320e-05
7.9960978077148800e-05
1.2533094748608099e-04
1.7069885855499045e-04
5.9621853719343863e-04
5.5085268407111443e-04
5.0548477279458142e-04
4.6011480317813920e-04
4.1475512246820468e-04
3.6939338416531201e-04
3.2402341514457377e-04
2.7865756148619860e-04
2.3328964967360151e-04
1.8792585416901850e-04
1.4256000050830294e-04
9.7194146849357169e-05
5.1826235036712127e-05
6.4624395347129203e-06
-3.8903413934982275e-05
-8.4271325558340086e-05
-1.2964129552213330e-04
-1.7500097509177363e-04
-2.2036271225591008e-04
-2.6572650720060122e-04
-5.3917230354108624e-04
-4.9375961940159997e-04
-4.4834899748120700e-04
-4.0302791273408637e-04
-3.5766205907979381e-04
-3.1229826339241695e-04
-2.6693035176544074e-04
-2.2156449829225321e-04
-1.7620070278668909e-04
-1.3083279078994372e-04
-8.5466937133694536e-05
-4.0101083474756798e-05
5.2627122163378042e-06
5.0630623845155562e-05
9.5996477319118537e-05
1.4136027282604202e-04
1.8672201055270230e-04
2.3209403848574776e-04
2.7746400789145360e-04
3.2283191895650474e-04
5.0501592991563857e-04
4.5966693152772568e-04
4.1431587651414073e-04
3.6896276469013524e-04
3.2360759586727491e-04
2.7825036985933284e-04
2.3283766260265792e-04
1.8747180893650706e-04
1.4210389711645621e-04
9.6740101622023431e-05
5.1374247961011139e-05
6.0083943027720932e-06
-3.9359517509955137e-05
-8.4723313012811615e-05
-1.3008916648338440e-04
-1.7545707810749840e-04
-2.2082704807274914e-04
-2.6618672764053622e-04
-3.1154846480221921e-04
-3.5691225974398340e-04
-4.8445521672477735e-04
-4.3908327966324932e-04
-3.9371340112093954e-04
-3.4834558091080938e-04
-3.0297981884622410e-04
-2.5761986567146745e-04
-2.1226196992832634e-04
-1.6688815836166522e-04
-1.2152230470513342e-04
-7.6156451050397777e-05
-3.0790597391917281e-05
1.4575256266407311e-05
5.9939051958377240e-05
1.0530696358577111e-04
1.5067281705972432e-04
1.9603661256630518e-04
2.4139835029209333e-04
2.8677037822699551e-04
3.3214034763373189e-04
3.7750825870000004e-04
4.7214290681067857e-04
4.2677923793161594e-04
3.8141351109689472e-04
3.3604572612030444e-04
2.9068167632199883e-04
2.4531556853333680e-04
1.9994740256700403e-04
1.5457717823717272e-04
1.0920489535658902e-04
6.3852408023899916e-05
1.8486554364320852e-05
