0.0000000000000000e+00
0.0000000000000000e+00
0.0000000000000000e+00
0.0000000000000000e+00
0.0000000000000000e+00
0.0000000000000000e+00
0.0000000000000000e+00
5.6666666611579464e-04
1.5999999997430160e-03
2.6333333208518072e-03
3.6666666541843567e-03
3.6666666541843567e-03
3.6666666541843567e-03
3.6666666541843567e-03
3.6666666541843567e-03
3.6666666541843567e-03
3.6666666541843567e-03
3.6666666541843567e-03
3.6666666541843567e-03
3.6666666541843567e-03
3.6666666541843567e-03
3.6666666541843567e-03
3.6666666541843567e-03
3.6666666541843567e-03
3.6666666541843567e-03
4.3666666479751249e-03
5.4000709392379546e-03
6.4333333300632071e-03
7.4666666573417403e-03
8.4999999925685060e-03
9.5333333259020048e-03
9.5333333259020048e-03
9.5333333259020048e-03
9.5333333259020048e-03
9.5333333259020048e-03
9.5333333259020048e-03
9.5333333259020048e-03
9.5333333259020048e-03
9.5333333259020048e-03
9.5333333259020048e-03
9.5333333259020048e-03
9.5333333259020048e-03
9.5333333259020048e-03
9.5333333259020048e-03
9.5333333259020048e-03
9.5333333259020048e-03
9.5333333259020048e-03
9.9532153735745355e-03
1.0986666673984621e-02
1.2019999998629342e-02
1.3053333328935234e-02
1.3053333328935234e-02
1.3053333328935234e-02
1.3053333328935234e-02
1.3053333328935234e-02
1.3053333328935234e-02
1.3053333328935234e-02
1.3053333328935234e-02
1.3053333328935234e-02
1.3053333328935234e-02
1.3053333328935234e-02
1.3053333328935234e-02
1.3053333328935234e-02
1.3053333328935234e-02
1.3053333328935234e-02
1.3053333328935234e-02
1.3053333328935234e-02
1.3053333328935234e-02
1.3098668041322011e-02
1.4131999989967187e-02
1.5165333330714906e-02
1.5165333330714906e-02
1.5165333330714906e-02
1.5165333330714906e-02
1.5165333330714906e-02
1.5165333330714906e-02
1.5165333330714906e-02
1.5165333330714906e-02
1.5165333330714906e-02
1.5165333330714906e-02
1.5165333330714906e-02
1.5165333330714906e-02
1.5165333330714906e-02
1.5165333330714906e-02
1.5165333330714906e-02
1.5165333330714906e-02
1.5165333330714906e-02
1.5165333330714906e-02
1.5165333330714906e-02
1.5399163784921913e-02
1.6432533342076956e-02
1.6432533342076956e-02
1.6432533342076956e-02
1.6432533342076956e-02
1.6432533342076956e-02
1.6432533342076956e-02
1.6432533342076956e-02
1.6432533342076956e-02
1.6432533342076956e-02
1.6432533342076956e-02
1.6432533342076956e-02
1.6432533342076956e-02
1.6432533342076956e-02
1.6432533342076956e-02
1.6432533342076956e-02
1.6432533342076956e-02
1.6432533342076956e-02
1.6432533342076956e-02
1.6432533342076956e-02
1.6432533342076956e-02
1.7192853338178386e-02
1.7192853338178386e-02
1.7192853338178386e-02
1.7192853338178386e-02
1.7192853338178386e-02
1.7192853338178386e-02
1.7192853338178386e-02
1.7192853338178386e-02
1.7192853338178386e-02
1.7192853338178386e-02
1.7192853338178386e-02
1.7192853338178386e-02
1.7192853338178386e-02
1.7192853338178386e-02
1.7192853338178386e-02
1.7192853338178386e-02
1.7192853338178386e-02
1.7192853338178386e-02
1.7192853338178386e-02
1.7192853338178386e-02
1.7648907213462992e-02
1.7648907213462992e-02
1.7648907213462992e-02
1.7648907213462992e-02
1.7648907213462992e-02
1.7648907213462992e-02
1.7648907213462992e-02
1.7648907213462992e-02
1.7648907213462992e-02
1.7648907213462992e-02
1.7648907213462992e-02
1.7648907213462992e-02
1.7648907213462992e-02
1.7648907213462992e-02
1.7648907213462992e-02
1.7648907213462992e-02
1.7648907213462992e-02
1.7648907213462992e-02
1.7648907213462992e-02
1.7648907213462992e-02
1.7922589583647716e-02
1.7922589583647716e-02
1.7922589583647716e-02
1.7922589583647716e-02
1.7922589583647716e-02
1.7922589583647716e-02
1.7922589583647716e-02
1.7922589583647716e-02
1.7922589583647716e-02
1.7922589583647716e-02
1.7922589583647716e-02
1.7922589583647716e-02
1.7922589583647716e-02
1.7922589583647716e-02
1.7922589583647716e-02
1.7922589583647716e-02
1.7922589583647716e-02
1.7922589583647716e-02
1.7922589583647716e-02
1.7922589583647716e-02
1.8086919274351038e-02
1.8086919274351038e-02
1.8086919274351038e-02
1.8086919274351038e-02
1.8086919274351038e-02
1.8086919274351038e-02
1.8086919274351038e-02
1.8086919274351038e-02
1.8086919274351038e-02
1.8086919274351038e-02
1.8086919274351038e-02
1.8086919274351038e-02
1.8086919274351038e-02
1.8086919274351038e-02
1.8086919274351038e-02
1.8086919274351038e-02
1.8086919274351038e-02
1.8086919274351038e-02
1.8086919274351038e-02
1.8086919274351038e-02
1.8185473577861901e-02
1.8185473577861901e-02
1.8185473577861901e-02
1.8185473577861901e-02
1.8185473577861901e-02
1.8185473577861901e-02
1.8185473577861901e-02
1.8185473577861901e-02
1.8185473577861901e-02
1.8185473577861901e-02
1.8185473577861901e-02
