0.0000000000000000e+00
3.1999999999676191e+01
6.3992758097864851e+01
9.5999999999350507e+01
1.2799999794949107e+02
1.5999275399847772e+02
1.9197827019611458e+02
2.2399999994716086e+02
2.5598922651570541e+02
2.8799999999464637e+02
3.2000000005492143e+02
2.8799999977825752e+02
2.5599275554931688e+02
2.2397826531609516e+02
1.9199999999782045e+02
1.6001449688137316e+02
1.2799999999944504e+02
9.5999999999444555e+01
6.3992756046997719e+01
3.1999999999236238e+01
-9.7003285582907125e-11
-3.2000000000001783e+01
-6.4007243952514258e+01
-9.6000000000572498e+01
-1.2799999794963992e+02
-1.6000000016703555e+02
-1.9199999996489183e+02
-2.2399999996477820e+02
-2.5599999996456413e+02
-2.8799999996468301e+02
-3.1999999996490510e+02
-2.8800000020573594e+02
-2.5600724234828760e+02
-2.2402172434290054e+02
-1.9200000000211236e+02
-1.5998552371316342e+02
-1.2800000000051730e+02
-9.6000000000428457e+01
-6.4007241902083109e+01
-3.2000000000429218e+01
2.0766532068805504e-10
3.1999999999829800e+01
6.3992758097867409e+01
9.5999999999158064e+01
1.2799999794900030e+02
1.5999275399798449e+02
1.9197827019570337e+02
2.2399999997802200e+02
2.5597255734369884e+02
2.8799999992422528e+02
3.2000000007810871e+02
2.8799999977772882e+02
2.5599275552513106e+02
2.2397826526822348e+02
1.9199999999785513e+02
1.6001449692874621e+02
1.2799999999921266e+02
9.5999999999192397e+01
6.3992756046760483e+01
3.1999999998982393e+01
-3.1242236329782379e-10
-3.2000000000312518e+01
-6.4007243952901575e+01
-9.6000000000944056e+01
-1.2799999794982395e+02
-1.6000723985068606e+02
-1.9202172775465090e+02
-2.2400000000230361e+02
-2.5600438220684356e+02
-2.8800000008296695e+02
-3.1999999995805757e+02
-2.8800000020623600e+02
-2.5600724235570641e+02
-2.2402172435731660e+02
-1.9200000000204756e+02
-1.5998552369879593e+02
-1.2800000000056593e+02
-9.6000000000449731e+01
-6.4007241902137366e+01
-3.2000000000381391e+01
9.9638980200128501e-11
3.1999999999837243e+01
6.3992758098219525e+01
9.5999999999805055e+01
1.2799999794947999e+02
1.5999275399830302e+02
1.9197827019587621e+02
2.2399999999876724e+02
2.5601448174782900e+02
2.8798503044471346e+02
3.1999999995890113e+02
2.8799999977880049e+02
2.5599275564628024e+02
2.2397826550951143e+02
1.9199999999871136e+02
1.6001449668935220e+02
1.2799999999994722e+02
9.6000000000004874e+01
6.3992756047679322e+01
3.2000000000070166e+01
5.6634759862220917e-10
-3.1999999999560174e+01
-6.4007243951946720e+01
-9.6000000000178588e+01
-1.2799999794915590e+02
-1.6000723985010745e+02
-1.9202172775441480e+02
-2.2400000000148481e+02
-2.5598551004936400e+02
-2.8797825994629062e+02
-3.2000000006096775e+02
-2.8800000020673571e+02
-2.5600724225424096e+02
-2.2402172415339140e+02
-1.9200000000162674e+02
-1.5998552390234968e+02
-1.2800000000016345e+02
-9.6000000000369852e+01
-6.4007241901659370e+01
-3.2000000000187157e+01
3.0584741955611939e-10
3.2000000000171980e+01
6.3992758098480301e+01
9.5999999999798632e+01
1.2799999794941999e+02
1.5999275399810790e+02
1.9197827019531260e+02
2.2399999999838428e+02
2.5601448174763289e+02
2.8802171749527815e+02
3.1996280934966211e+02
2.8799999978166204e+02
2.5602995252114124e+02
2.2400000000878791e+02
1.9200000000303686e+02
1.5999275604524448e+02
1.2799999999966873e+02
9.6000002053430762e+01
6.3992760155492277e+01
3.2000000000146379e+01
5.5923340970199354e-10
-3.1999999999575731e+01
-6.4007243951810253e+01
-9.5999999999907899e+01
-1.2799999794895885e+02
-1.6000723984966521e+02
-1.9202172775376647e+02
-2.2400000000130854e+02
-2.5598551004939250e+02
-2.8797825994682182e+02
-3.2001340630652049e+02
-2.8800000020935784e+02
-2.5599383827321009e+02
-2.2399491844724881e+02
-1.9200323868120535e+02
-1.6001879692601710e+02
-1.2800000001156894e+02
-9.6000000002591051e+01
-6.4007241895298733e+01
-3.2000000000236611e+01
9.7125741183279761e-11
3.2000000000172065e+01
6.3992758098248338e+01
9.5999999999772484e+01
1.2799999794976561e+02
1.5999275399844157e+02
1.9197827019592026e+02
2.2399999999850368e+02
2.5601448174694917e+02
2.8802171749422087e+02
3.1999517373759329e+02
2.8799999978299684e+02
2.5599758268741164e+02
2.2398792040048431e+02
1.9197101086968411e+02
1.5999999999382302e+02
1.2802175503688625e+02
9.5999999995177760e+01
6.3999999998028947e+01
3.2000000000182688e+01
2.8884238064099963e-11
-3.1999999999750838e+01
-6.4007243952019238e+01
-9.6000000000220780e+01
-1.2799999794920566e+02
-1.6000723984998788e+02
-1.9202172775353890e+02
-2.2400000000114500e+02
-2.5598551004972902e+02
-2.8797825994756397e+02
-3.2000174048370570e+02
-2.8800000021026733e+02
-2.5600550213172994e+02
-2.2401824419855919e+02
-1.9200000000165471e+02
-1.5998900326969235e+02
-1.2798525195057940e+02
-9.5988743992909576e+01
-6.3999477346111568e+01
-3.1999999999364029e+01
-5.9510714722509747e-10
