0.0000000000000000e+00
-8.4137424252678324e-11
-3.5154815465318649e-03
7.1075385414839425e-10
-7.4315737147429121e-07
-3.5169681667985577e-03
-1.0547930442770918e-02
3.3831477717101132e-09
1.7926829342567950e-09
4.0661066729658085e-07
4.0662863125353644e-07
1.1194943990552701e-07
-3.5164088921666955e-03
-1.0549900266361550e-02
2.3648716565957455e-09
7.0359127221025592e-03
8.0034478435817657e-10
5.6024546712708002e-10
-3.5162253593920660e-03
7.6539236000013333e-10
3.5084901088635884e-10
4.9337161852547456e-10
-3.5162253557836994e-03
1.0860643251642001e-09
7.4600121816846057e-07
7.9354753355885845e-09
-1.4484044443719611e-02
4.7865340759643935e-07
3.7333184545074884e-07
4.0761813438822649e-07
4.0760255994407411e-07
1.0746885479853258e-07
-3.5156743170153817e-03
-1.0546193380517694e-02
2.2090647711042954e-09
7.0284840347722309e-03
1.0027794434760633e-09
9.5349949196258161e-10
-3.5154805960846648e-03
7.9468569960614307e-10
4.1854644088348579e-10
4.1190666129733998e-10
-3.5154810581758998e-03
9.1918899309612096e-10
-7.4305202792723688e-07
-3.5169684328233380e-03
-1.0547931059491531e-02
-2.2983547082554200e-02
4.2401396610960680e-09
3.5282423448854421e-07
4.0657180325698540e-07
1.1141787583495892e-07
-3.5164097593792035e-03
-1.0549901119224048e-02
1.6234247067986591e-09
7.0359121211411657e-03
2.1267137896911954e-11
7.6106733807524375e-11
-3.5162256453910084e-03
-1.7449470528357228e-10
-7.7206980698287679e-10
-7.5004609324915776e-10
-3.5162268103530363e-03
-5.0264740703324390e-10
7.4445006631565842e-07
-3.5147363538942885e-03
-1.0547187319397138e-02
6.2016349472828793e-10
-2.6801379400374968e-04
2.8969950655016813e-08
4.0566929767980439e-07
1.0623713541601686e-07
-3.5156743725362509e-03
-1.0546192790685104e-02
1.5067663853394822e-09
7.0284814862350024e-03
-2.2749281449690452e-10
-1.3780659882553375e-10
-3.5154815805185694e-03
-8.1308860980685937e-11
-5.6839953552838717e-10
-6.1627377233809572e-10
-3.5154817857305336e-03
3.8105310258888786e-10
-7.4344728412787397e-07
-3.5169684332279744e-03
-1.0547931041149136e-02
1.7762336122461845e-09
7.0302200070350247e-03
-7.1258422445495320e-03
1.2062440382779692e-08
1.1099582543057095e-07
-3.5160164124613960e-03
-1.0549114127629338e-02
1.1608465366485761e-09
7.0351246184979562e-03
-4.2966427780254583e-10
-2.7326688344444210e-10
-3.5162260521000460e-03
-3.3026918689143608e-10
-6.8380704402869103e-10
-6.6231395108617001e-10
-3.5162266746724931e-03
-4.0664647670343258e-10
7.4446325032111910e-07
-3.5147363895012798e-03
-1.0547187376881328e-02
1.2889033115238506e-09
7.0331966392804101e-03
1.0551655764200828e-02
9.9879176514829835e-09
1.0710267974304047e-07
-3.5152772465152815e-03
-1.0545398901632773e-02
1.1140142853284920e-09
7.0276873559038510e-03
-2.6848688394325366e-10
-2.0518569291334255e-10
-3.5154818139849120e-03
-3.9430799903354946e-10
-1.0276485728499219e-09
-1.0308096194526385e-09
-3.5154826786536210e-03
-6.0130356151507385e-10
-7.4440754267743351e-07
-3.5169693704661686e-03
-1.0547931571431600e-02
1.0662788565926078e-09
7.0302187793525300e-03
1.0543466912260114e-02
-2.7108086735264998e-02
1.0956377581795702e-07
2.3593018854580337e-02
4.0862486684277179e-09
1.2917314127980004e-09
-3.5162272307856491e-03
-6.1973560780670937e-10
7.4495357754680245e-07
-3.5147351287892464e-03
-5.2262806197795214e-10
-1.2857082193963187e-09
-1.4014960998195708e-09
-3.5162272704194735e-03
-8.9654177322554160e-10
7.4415274780067665e-07
-3.5147366125707767e-03
-1.0547187456922446e-02
6.3513485005177008e-10
7.0331956055682977e-03
1.0551654102213114e-02
-9.7640519786580462e-03
1.0679967997590086e-07
6.2484435428409452e-03
8.9817028059955874e-03
8.2006285325266024e-03
3.9059646183513597e-03
-3.5481815855702939e-09
-2.2110089435933789e-09
-3.5154826325630223e-03
-2.0152267316615187e-10
-8.5534419978604308e-10
-8.5690658127144387e-10
-3.5154825465259099e-03
-7.1253025827754820e-10
-7.4459985809615195e-07
-3.5169695673321769e-03
-1.0547932064253585e-02
7.8426138631139716e-10
7.0302185531914731e-03
1.0543467140542995e-02
-3.5191687194739280e-03
1.0864085172343343e-07
3.2817813308672299e-06
-3.5103938201469023e-03
-1.0541663223702570e-02
3.5042076618095636e-10
7.0295404477188541e-03
-1.3978619564308863e-09
-1.2247727715290562e-09
-1.3012637659614362e-09
-9.9576900176291426e-10
-1.1773218882348362e-09
-3.5162271460043026e-03
-8.8443423387110387e-10
7.4430927487652154e-07
-3.5147362257374813e-03
-1.0547187144244746e-02
5.0648858915587325e-10
7.0331952454559506e-03
1.0551653566352258e-02
-1.2664293554020959e-03
1.0736484388097631e-07
-2.2488818248308892e-03
-8.0126525811199667e-03
4.9537243739263864e-10
4.4950283998237261e-03
5.4731758213501158e-03
2.9351877139313816e-03
-3.1181917519629804e-03
7.7245964482157544e-12
-5.7815977463276896e-10
