0.0000000000000000e+00
-1.8386424509538319e-10
-3.7459323023738091e-03
5.7173776882299274e-10
-8.1708917144904825e-07
-3.7475667498220568e-03
-1.1239430027991156e-02
1.2769687275831965e-08
-9.2683318819504357e-03
5.0900086421412451e-07
4.3807478193567932e-07
1.2663381730093727e-07
-3.7469356468741145e-03
-1.1241568182643087e-02
1.9511334522156809e-09
7.4972782611108782e-03
3.5243675374592351e-10
5.0273031550464080e-10
-3.7467504038460444e-03
2.7634416828948000e-10
-1.5471495334806598e-10
1.2941897607321208e-10
-3.7467507498949865e-03
4.3409663014158118e-10
8.1975051771906780e-07
4.0494356042917730e-08
4.6236490766188391e-07
4.6247643982842776e-07
4.6272291942066817e-07
4.6264004111838832e-07
4.6241934419258251e-07
1.2180502725912256e-07
-3.7461509907394724e-03
-1.1237537762155293e-02
2.0831750650258668e-09
7.4891545400288737e-03
3.5030444512272984e-10
3.9275573297284897e-10
-3.7459318275756240e-03
3.4677016284048050e-10
-5.9806989146310878e-12
-2.0124277492434120e-10
-3.7459324843703034e-03
1.7956413203928031e-10
-8.1773856047051911e-07
-3.7475674070999881e-03
-1.1239430698931591e-02
4.8655461732641748e-09
-2.3718120213590189e-02
5.8514047736975645e-07
4.0182644979761840e-07
1.2603584496899039e-07
-3.7469002873575965e-03
-1.1241496953979607e-02
1.9150841333852383e-09
7.4972066808049629e-03
3.0284632091723772e-10
2.3446526319455581e-10
-3.7467507508091380e-03
1.8542544667494745e-10
-1.2651881184967399e-10
-2.9573788029432259e-12
-3.7467509379649246e-03
3.6355610961461063e-10
8.1991723394172712e-07
-3.7451113680746664e-03
-1.1238612307465213e-02
2.3472105814080466e-09
-3.7978822006155943e-03
2.0133462158671989e-08
4.5244801993436651e-07
1.2137345896790474e-07
-3.7461417363331049e-03
-1.1237518787323774e-02
2.1010540251348631e-09
7.4891354056733197e-03
3.1562889528021861e-10
4.1750149975699690e-10
-3.7459318344765756e-03
5.9430978880034222e-10
-4.1928695603765488e-11
-6.6178617695820862e-11
-3.7459322490258759e-03
5.4429282078485186e-10
-8.1745920612964225e-07
-3.7475672418125000e-03
-1.1239430503131774e-02
2.7397182958599755e-09
7.4910474148193783e-03
-1.2986943172419430e-02
1.0143729407954330e-08
1.2711470129319631e-07
-3.7465068249365715e-03
-1.1240711118113998e-02
2.8032178105146235e-09
7.4964225551488184e-03
9.9067294153801033e-10
9.0113217387589954e-10
-3.7467500527182110e-03
1.0182967599800634e-09
4.4219436809788834e-10
5.6337306175110814e-10
-3.7467503266852805e-03
8.1307702867559477e-10
8.2027339031275499e-07
-3.7451111109776370e-03
-1.1238612238962678e-02
2.5449008439678805e-09
7.4943224045401300e-03
1.1243529569408332e-02
1.4966083245633708e-08
1.2249525662613598e-07
-3.7457022240091880e-03
-1.1236640579664909e-02
2.5168061645371588e-09
7.4882577605903718e-03
7.7228286410455154e-10
6.6092544502724649e-10
-3.7459312370927188e-03
7.1322545480202667e-10
1.5801922269753607e-10
6.7004779336991728e-11
-3.7459320065540910e-03
5.9172594984987720e-10
-8.1733102388343914e-07
-3.7475671243746749e-03
-1.1239430669627737e-02
2.1865769325670296e-09
7.4910469335608010e-03
1.1234522587963251e-02
-3.2259187004222790e-02
1.2565446178099614e-07
2.8513840721810357e-02
8.3233749933799858e-09
3.5986727321071093e-09
-3.7467518143472723e-03
5.4691969159266686e-10
8.2117271769654886e-07
-3.7451086229224719e-03
8.7961200764880423e-10
1.7431521789750337e-10
2.4206877508637037e-10
-3.7467505206094289e-03
7.6845550084740545e-10
8.2012893836549423e-07
-3.7451110878731928e-03
-1.1238612027826049e-02
2.2681212926158917e-09
7.4943218303602970e-03
1.1243528586258373e-02
-1.1619730892631365e-02
1.2284360461745502e-07
7.8736262654488121e-03
1.2001598088761983e-02
1.2384857006000487e-02
9.0242211962321007e-03
-3.6505579369543199e-09
-1.6478523027962104e-09
-3.7459318709643077e-03
4.3144100203793337e-10
-3.0940191694604748e-10
-1.9387215173204262e-10
-3.7459324158245384e-03
2.9098942789600432e-10
-8.1746812594275858e-07
-3.7475674443867581e-03
-1.1239430928090448e-02
2.1468312035442333e-09
7.4910467060242273e-03
1.1234522548175195e-02
-4.1885873160560586e-03
1.2513957833937119e-07
4.4223554250979351e-04
-2.8630741093676497e-03
-9.9166235764809249e-03
1.3501966748762022e-09
6.1743408082712854e-03
-6.0652907262770917e-10
1.5241519561649686e-10
-1.7484543168257262e-10
-3.8915453047611576e-10
-1.9529212684652734e-10
-3.7467511275617593e-03
6.0609105242898541e-11
8.1969919787143323e-07
-3.7451112894409527e-03
-1.1238611576316912e-02
2.2468444300131999e-09
7.4943207695232009e-03
1.1243526795382874e-02
-1.5071894364767687e-03
1.2301428024359808e-07
-2.2385509859455897e-03
-8.2223932764605920e-03
1.4460330460335209e-09
4.4741176970735852e-03
5.2007743935755003e-03
2.1807907983241591e-03
-4.5850144707047583e-03
5.1950757979928739e-10
-5.1027664074212074e-10
