2.0000000000000020e+02
2.0000000000000020e+02
2.0000000000000020e+02
2.0000000000000020e+02
2.0000000000000020e+02
2.0000000000000020e+02
2.0000000000000020e+02
2.0339999999669487e+02
2.0959999999845826e+02
2.1579999992511108e+02
2.2199999992510627e+02
2.2199999992510627e+02
2.2199999992510627e+02
2.2199999992510627e+02
2.2199999992510627e+02
2.2199999992510627e+02
2.2199999992510627e+02
2.2199999992510627e+02
2.2199999992510627e+02
2.2199999992510627e+02
2.2199999992510627e+02
2.2199999992510627e+02
2.2199999992510627e+02
2.2199999992510627e+02
2.2199999992510627e+02
2.2619999988785091e+02
2.3240042563542784e+02
2.3859999998037932e+02
2.4479999994405068e+02
2.5099999995541123e+02
2.5719999995541230e+02
2.5719999995541230e+02
2.5719999995541230e+02
2.5719999995541230e+02
2.5719999995541230e+02
2.5719999995541230e+02
2.5719999995541230e+02
2.5719999995541230e+02
2.5719999995541230e+02
2.5719999995541230e+02
2.5719999995541230e+02
2.5719999995541230e+02
2.5719999995541230e+02
2.5719999995541230e+02
2.5719999995541230e+02
2.5719999995541230e+02
2.5719999995541230e+02
2.5971929224144742e+02
2.6592000004390792e+02
2.7211999999177613e+02
2.7831999997361163e+02
2.7831999997361163e+02
2.7831999997361163e+02
2.7831999997361163e+02
2.7831999997361163e+02
2.7831999997361163e+02
2.7831999997361163e+02
2.7831999997361163e+02
2.7831999997361163e+02
2.7831999997361163e+02
2.7831999997361163e+02
2.7831999997361163e+02
2.7831999997361163e+02
2.7831999997361163e+02
2.7831999997361163e+02
2.7831999997361163e+02
2.7831999997361163e+02
2.7831999997361163e+02
2.7859200824793214e+02
2.8479199993980313e+02
2.9099199998428958e+02
2.9099199998428958e+02
2.9099199998428958e+02
2.9099199998428958e+02
2.9099199998428958e+02
2.9099199998428958e+02
2.9099199998428958e+02
2.9099199998428958e+02
2.9099199998428958e+02
2.9099199998428958e+02
2.9099199998428958e+02
2.9099199998428958e+02
2.9099199998428958e+02
2.9099199998428958e+02
2.9099199998428958e+02
2.9099199998428958e+02
2.9099199998428958e+02
2.9099199998428958e+02
2.9099199998428958e+02
2.9239498270953158e+02
2.9859520005246179e+02
2.9859520005246179e+02
2.9859520005246179e+02
2.9859520005246179e+02
2.9859520005246179e+02
2.9859520005246179e+02
2.9859520005246179e+02
2.9859520005246179e+02
2.9859520005246179e+02
2.9859520005246179e+02
2.9859520005246179e+02
2.9859520005246179e+02
2.9859520005246179e+02
2.9859520005246179e+02
2.9859520005246179e+02
2.9859520005246179e+02
2.9859520005246179e+02
2.9859520005246179e+02
2.9859520005246179e+02
2.9859520005246179e+02
3.0315712002907065e+02
3.0315712002907065e+02
3.0315712002907065e+02
3.0315712002907065e+02
3.0315712002907065e+02
3.0315712002907065e+02
3.0315712002907065e+02
3.0315712002907065e+02
3.0315712002907065e+02
3.0315712002907065e+02
3.0315712002907065e+02
3.0315712002907065e+02
3.0315712002907065e+02
3.0315712002907065e+02
3.0315712002907065e+02
3.0315712002907065e+02
3.0315712002907065e+02
3.0315712002907065e+02
3.0315712002907065e+02
3.0315712002907065e+02
3.0589344328077817e+02
3.0589344328077817e+02
3.0589344328077817e+02
3.0589344328077817e+02
3.0589344328077817e+02
3.0589344328077817e+02
3.0589344328077817e+02
3.0589344328077817e+02
3.0589344328077817e+02
3.0589344328077817e+02
3.0589344328077817e+02
3.0589344328077817e+02
3.0589344328077817e+02
3.0589344328077817e+02
3.0589344328077817e+02
3.0589344328077817e+02
3.0589344328077817e+02
3.0589344328077817e+02
3.0589344328077817e+02
3.0589344328077817e+02
3.0753553750188638e+02
3.0753553750188638e+02
3.0753553750188638e+02
3.0753553750188638e+02
3.0753553750188638e+02
3.0753553750188638e+02
3.0753553750188638e+02
3.0753553750188638e+02
3.0753553750188638e+02
3.0753553750188638e+02
3.0753553750188638e+02
3.0753553750188638e+02
3.0753553750188638e+02
3.0753553750188638e+02
3.0753553750188638e+02
3.0753553750188638e+02
3.0753553750188638e+02
3.0753553750188638e+02
3.0753553750188638e+02
3.0753553750188638e+02
3.0852151564610642e+02
3.0852151564610642e+02
3.0852151564610642e+02
3.0852151564610642e+02
3.0852151564610642e+02
3.0852151564610642e+02
3.0852151564610642e+02
3.0852151564610642e+02
3.0852151564610642e+02
3.0852151564610642e+02
3.0852151564610642e+02
3.0852151564610642e+02
3.0852151564610642e+02
3.0852151564610642e+02
3.0852151564610642e+02
3.0852151564610642e+02
3.0852151564610642e+02
3.0852151564610642e+02
3.0852151564610642e+02
3.0852151564610642e+02
3.0911284146717173e+02
3.0911284146717173e+02
3.0911284146717173e+02
3.0911284146717173e+02
3.0911284146717173e+02
3.0911284146717173e+02
3.0911284146717173e+02
3.0911284146717173e+02
3.0911284146717173e+02
3.0911284146717173e+02
3.0911284146717173e+02
