0.0000000000000000e+00
3.0999999999916653e+01
6.1996719096323609e+01
9.2999999999181142e+01
1.2399999887891977e+02
1.5499671685537973e+02
1.8599015504822282e+02
2.1699999998347397e+02
2.4799999999229081e+02
2.7899999962555478e+02
3.0999999962553096e+02
2.7899999969356497e+02
2.4799671773803206e+02
2.1699015263844905e+02
1.8599999999641850e+02
1.5500656869185408e+02
1.2399999999909576e+02
9.2999999999211454e+01
6.1996717975788023e+01
3.0999999999335643e+01
1.5715737022125199e-10
3.0999999999955019e+01
6.2003282023526637e+01
9.3000000000785320e+01
1.2399999888113209e+02
1.5500000003840481e+02
1.8600212877628971e+02
2.1700000050104711e+02
2.4800000031940326e+02
2.7900000037620657e+02
3.1000000037621157e+02
2.7900000028863309e+02
2.4800328110459472e+02
2.1700984170437215e+02
1.8600000000346449e+02
1.5499344256543023e+02
1.2400000000078870e+02
9.3000000000716568e+01
6.2003280904125823e+01
3.1000000000578257e+01
2.5278994616631476e-10
3.1000000000227118e+01
6.1996719096708908e+01
9.2999999999530729e+01
1.2399999887907870e+02
1.5499671685542887e+02
1.8599015504820542e+02
2.1699646096478850e+02
2.4799999997709091e+02
2.7899999971643291e+02
3.0999999962560986e+02
2.7899999969360039e+02
2.4799671773800421e+02
2.1699015263840732e+02
1.8599999999662975e+02
1.5500656869231187e+02
1.2399999999947617e+02
9.2999999999462602e+01
6.1996717975867710e+01
3.0999999999387519e+01
2.1211382645853744e-10
3.0999999999921528e+01
6.2003282023472472e+01
9.3000000000661061e+01
1.2399999888094240e+02
1.5500327978433441e+02
1.8600984383172732e+02
2.1700000000333262e+02
2.4800004169321662e+02
2.7900000015257228e+02
3.1000000037500376e+02
2.7900000028861029e+02
2.4800328110574276e+02
2.1700984170669165e+02
1.8600000000350741e+02
1.5499344256317022e+02
1.2400000000066828e+02
9.3000000000705100e+01
6.2003280904285603e+01
3.1000000000838433e+01
1.5992596571466342e-10
3.0999999999894634e+01
6.1996719096269715e+01
9.2999999999173411e+01
1.2399999887881957e+02
1.5499671685537075e+02
1.8599015504816913e+02
2.1699999999646977e+02
2.4800656068109288e+02
2.7899891321978561e+02
3.0999999993443737e+02
2.7899999969349221e+02
2.4799671742909715e+02
2.1699015202066823e+02
1.8599999999647315e+02
1.5500656930983837e+02
1.2399999999941105e+02
9.2999999999402547e+01
6.1996717975813759e+01
3.0999999999268244e+01
7.4516604980838170e-11
3.0999999999879790e+01
6.2003282023548572e+01
9.3000000000722878e+01
1.2399999888111162e+02
1.5500327978454763e+02
1.8600984383179076e+02
2.1700000000348612e+02
2.4799343483867676e+02
2.7899014945664567e+02
3.1000000005352985e+02
2.7900000029033578e+02
2.4800328143060889e+02
2.1700984235467740e+02
1.8600000000344176e+02
1.5499344191511773e+02
1.2400000000060501e+02
9.3000000000728889e+01
6.2003280904243930e+01
3.1000000000741913e+01
1.5866532902990580e-10
3.1000000000111928e+01
6.1996719096449681e+01
9.2999999999115502e+01
1.2399999887861210e+02
1.5499671685500596e+02
1.8599015504772683e+02
2.1699999999634784e+02
2.4800656068121481e+02
2.7900983822354391e+02
3.0999585626314973e+02
2.7899999969729009e+02
2.4800086526478839e+02
2.1700000000037625e+02
1.8599999999966383e+02
1.5499671797524090e+02
1.2399999999932203e+02
9.3000001120185956e+01
6.1996720217932250e+01
3.0999999999310063e+01
1.8770914874335014e-10
3.0999999999974250e+01
6.2003282023505321e+01
9.3000000000691330e+01
1.2399999888106815e+02
1.5500327978464645e+02
1.8600984383198519e+02
2.1700000000338113e+02
2.4799343483823264e+02
2.7899014945576658e+02
3.1000150140394805e+02
2.7900000029316965e+02
2.4800178158464669e+02
2.1700684415835744e+02
1.8601518689466945e+02
1.5502680867446298e+02
1.2400000000878981e+02
9.3000000001953012e+01
6.2003280898495248e+01
3.1000000000963368e+01
2.5828561319676881e-10
3.0999999999815611e+01
6.1996719096128437e+01
9.2999999998883368e+01
1.2399999887848851e+02
1.5499671685488588e+02
1.8599015504766868e+02
2.1699999999611887e+02
2.4800656068063756e+02
2.7900983822247485e+02
3.0999946432092418e+02
2.7899999969861767e+02
2.4799725359200943e+02
2.1699122488080772e+02
1.8598191244398097e+02
1.5499999999275406e+02
1.2401481062176106e+02
9.2999999995472393e+01
6.1999999997523751e+01
3.0999999999874461e+01
1.1153035801008366e-10
3.1000000000076689e+01
6.2003282023636324e+01
9.3000000000932374e+01
1.2399999888144151e+02
1.5500327978518891e+02
1.8600984383273007e+02
2.1700000000373234e+02
2.4799343483826823e+02
2.7899014945546963e+02
3.1000019607661443e+02
2.7900000029382568e+02
2.4800308560925973e+02
2.1700945090311279e+02
1.8600000000320503e+02
1.5499383297683295e+02
1.2399094870297608e+02
9.2991346061483654e+01
6.1995023932400699e+01
3.0999999999997868e+01
2.0932517413623213e-10
