0.0000000000000000e+00
0.0000000000000000e+00
0.0000000000000000e+00
0.0000000000000000e+00
0.0000000000000000e+00
0.0000000000000000e+00
0.0000000000000000e+00
0.0000000000000000e+00
0.0000000000000000e+00
0.0000000000000000e+00
0.0000000000000000e+00
0.0000000000000000e+00
0.0000000000000000e+00
0.0000000000000000e+00
0.0000000000000000e+00
0.0000000000000000e+00
0.0000000000000000e+00
0.0000000000000000e+00
0.0000000000000000e+00
0.0000000000000000e+00
0.0000000000000000e+00
0.0000000000000000e+00
0.0000000000000000e+00
0.0000000000000000e+00
0.0000000000000000e+00
0.0000000000000000e+00
0.0000000000000000e+00
0.0000000000000000e+00
0.0000000000000000e+00
0.0000000000000000e+00
-1.8605454417357993e-10
-1.8605454417357993e-10
-1.8605454417357993e-10
-1.8605454417357993e-10
-1.8605454417357993e-10
-1.8605454417357993e-10
-1.8605454417357993e-10
-1.8605454417357993e-10
-1.8605454417357993e-10
-1.8605454417357993e-10
-1.8605454417357993e-10
-1.8605454417357993e-10
-1.8605454417357993e-10
-1.8605454417357993e-10
-1.8605454417357993e-10
-1.8605454417357993e-10
-1.8605454417357993e-10
-1.8605454417357993e-10
-1.8605454417357993e-10
-1.8605454417357993e-10
1.2292663559971373e-03
1.2292663559971373e-03
1.2292663559971377e-03
1.2292663559971377e-03
1.2292663559971377e-03
1.2292663559971375e-03
1.2292663559971373e-03
1.2292663559971364e-03
1.2292663559971364e-03
1.2292663559971364e-03
1.2292663559971364e-03
1.2292663559971364e-03
1.2292663559971364e-03
1.2292663559971364e-03
1.2292663559971351e-03
1.2292663559971351e-03
1.2292663559971347e-03
1.2292663559971347e-03
1.2292663559971347e-03
1.2292663559971347e-03
1.0909065325243766e-03
1.0909065325243766e-03
1.0909065325243766e-03
1.0909065325243766e-03
1.0909065325243766e-03
1.0909065325243766e-03
1.0909065325243766e-03
1.0909065325243766e-03
1.0909065325243766e-03
1.0909065325243766e-03
1.0909065325243766e-03
1.0909065325243766e-03
1.0909065325243766e-03
1.0909065325243766e-03
1.0909065325243766e-03
1.0909065325243766e-03
1.0909065325243766e-03
1.0909065325243766e-03
1.0909065325243766e-03
1.0909065325243766e-03
2.1973831254546356e-03
2.1973831254546356e-03
2.1973831254546348e-03
2.1973831254546348e-03
2.1973831254546339e-03
2.1973831254546339e-03
2.1973831254546330e-03
2.1973831254546335e-03
2.1973831254546335e-03
2.1973831254546335e-03
2.1973831254546335e-03
2.1973831254546322e-03
2.1973831254546322e-03
2.1973831254546322e-03
2.1973831254546322e-03
2.1973831254546322e-03
2.1973831254546326e-03
2.1973831254546326e-03
2.1973831254546326e-03
2.1973831254546326e-03
1.9500563225745729e-03
1.9500563225745729e-03
1.9500563225745729e-03
1.9500563225745729e-03
1.9500563225745729e-03
1.9500563225745729e-03
1.9500563225745729e-03
1.9500563225745729e-03
1.9500563225745729e-03
1.9500563225745729e-03
1.9500563225745729e-03
1.9500563225745729e-03
1.9500563225745729e-03
1.9500563225745729e-03
1.9500563225745729e-03
1.9500563225745729e-03
1.9500563225745729e-03
1.9500563225745729e-03
1.9500563225745729e-03
1.9500563225745729e-03
1.9500563225745729e-03
1.9500563225745718e-03
1.9500563225745718e-03
1.9500563225745724e-03
1.9500563225745716e-03
1.9500563225745716e-03
1.9500563225745716e-03
1.9500563225745720e-03
1.9500563225745720e-03
1.9500563225745720e-03
1.9500563225745720e-03
1.9500563225745720e-03
1.9500563225745720e-03
1.9500563225745703e-03
1.9500563225745703e-03
1.9500563225745694e-03
1.9500563225745694e-03
1.9500563225745694e-03
1.9500563225745681e-03
1.9500563225745681e-03
1.7305676277820218e-03
1.7305676277820218e-03
1.7305676277820218e-03
1.7305676277820218e-03
1.7305676277820218e-03
1.7305676277820218e-03
1.7305676277820218e-03
1.7305676277820218e-03
1.7305676277820218e-03
1.7305676277820218e-03
1.7305676277820218e-03
1.7305676277820218e-03
1.7305676277820218e-03
1.7305676277820218e-03
1.7305676277820218e-03
1.7305676277820218e-03
1.7305676277820218e-03
1.7305676277820218e-03
1.7305676277820218e-03
1.7305676277820218e-03
1.7305676277820218e-03
1.7305676277820214e-03
1.7305676277820218e-03
1.7305676277820218e-03
1.7305676277820220e-03
1.7305676277820216e-03
1.7305676277820216e-03
1.7305676277820216e-03
1.7305676277820216e-03
1.7305676277820218e-03
1.7305676277820218e-03
1.7305676277820218e-03
1.7305676277820225e-03
1.7305676277820225e-03
1.7305676277820220e-03
1.7305676277820209e-03
1.7305676277820209e-03
1.7305676277820209e-03
1.7305676277820201e-03
1.7305676277820201e-03
1.2286457986863334e-03
1.2286457986863334e-03
1.2286457986863334e-03
1.2286457986863334e-03
1.2286457986863334e-03
1.2286457986863334e-03
1.2286457986863334e-03
1.2286457986863334e-03
1.2286457986863334e-03
1.2286457986863334e-03
1.2286457986863334e-03
