0.0000000000000000e+00
0.0000000000000000e+00
0.0000000000000000e+00
0.0000000000000000e+00
0.0000000000000000e+00
0.0000000000000000e+00
0.0000000000000000e+00
0.0000000000000000e+00
0.0000000000000000e+00
0.0000000000000000e+00
0.0000000000000000e+00
0.0000000000000000e+00
0.0000000000000000e+00
0.0000000000000000e+00
0.0000000000000000e+00
0.0000000000000000e+00
0.0000000000000000e+00
0.0000000000000000e+00
0.0000000000000000e+00
0.0000000000000000e+00
0.0000000000000000e+00
0.0000000000000000e+00
0.0000000000000000e+00
0.0000000000000000e+00
0.0000000000000000e+00
0.0000000000000000e+00
0.0000000000000000e+00
0.0000000000000000e+00
0.0000000000000000e+00
0.0000000000000000e+00
9.3027272086929615e-11
9.3027272086929538e-11
9.3027272086929525e-11
9.3027272086929577e-11
9.3027272086929396e-11
9.3027272086929396e-11
9.3027272086929318e-11
9.3027272086929486e-11
9.3027272086929383e-11
9.3027272086929460e-11
9.3027272086929434e-11
9.3027272086929551e-11
9.3027272086929499e-11
9.3027272086929447e-11
9.3027272086929460e-11
9.3027272086929460e-11
9.3027272086929357e-11
9.3027272086929486e-11
9.3027272086929499e-11
9.3027272086929615e-11
-6.1463317799561148e-04
-6.1463317799561299e-04
-6.1463317799561299e-04
-6.1463317799561332e-04
-6.1463317799561299e-04
-6.1463317799561289e-04
-6.1463317799561191e-04
-6.1463317799561169e-04
-6.1463317799561061e-04
-6.1463317799561018e-04
-6.1463317799561050e-04
-6.1463317799561007e-04
-6.1463317799561083e-04
-6.1463317799561061e-04
-6.1463317799561202e-04
-6.1463317799561126e-04
-6.1463317799561202e-04
-6.1463317799561224e-04
-6.1463317799561332e-04
-6.1463317799561354e-04
-5.4545326625904281e-04
-5.4545326625904281e-04
-5.4545326625904259e-04
-5.4545326625904215e-04
-5.4545326625904161e-04
-5.4545326625904237e-04
-5.4545326625904183e-04
-5.4545326625904281e-04
-5.4545326625904281e-04
-5.4545326625904324e-04
-5.4545326625904324e-04
-5.4545326625904324e-04
-5.4545326625904291e-04
-5.4545326625904215e-04
-5.4545326625904161e-04
-5.4545326625904096e-04
-5.4545326625904172e-04
-5.4545326625904150e-04
-5.4545326625904140e-04
-5.4545326625904183e-04
-1.0986915627214447e-03
-1.0986915627214440e-03
-1.0986915627214451e-03
-1.0986915627214464e-03
-1.0986915627214475e-03
-1.0986915627214469e-03
-1.0986915627214479e-03
-1.0986915627214482e-03
-1.0986915627214473e-03
-1.0986915627214466e-03
-1.0986915627214451e-03
-1.0986915627214438e-03
-1.0986915627214445e-03
-1.0986915627214447e-03
-1.0986915627214434e-03
-1.0986915627214417e-03
-1.0986915627214436e-03
-1.0986915627214458e-03
-1.0986915627214488e-03
-1.0986915627214484e-03
-9.7502816128122347e-04
-9.7502816128122315e-04
-9.7502816128122336e-04
-9.7502816128122315e-04
-9.7502816128122412e-04
-9.7502816128122553e-04
-9.7502816128122467e-04
-9.7502816128122402e-04
-9.7502816128122391e-04
-9.7502816128122521e-04
-9.7502816128122673e-04
-9.7502816128122597e-04
-9.7502816128122608e-04
-9.7502816128122629e-04
-9.7502816128122705e-04
-9.7502816128122662e-04
-9.7502816128122781e-04
-9.7502816128122944e-04
-9.7502816128123095e-04
-9.7502816128123020e-04
-9.7502816128123063e-04
-9.7502816128122954e-04
-9.7502816128122814e-04
-9.7502816128122792e-04
-9.7502816128122586e-04
-9.7502816128122488e-04
-9.7502816128122326e-04
-9.7502816128122206e-04
-9.7502816128122163e-04
-9.7502816128122174e-04
-9.7502816128121957e-04
-9.7502816128122109e-04
-9.7502816128122141e-04
-9.7502816128122163e-04
-9.7502816128122130e-04
-9.7502816128122076e-04
-9.7502816128121838e-04
-9.7502816128121740e-04
-9.7502816128121914e-04
-9.7502816128122011e-04
-8.6528381388440681e-04
-8.6528381388440638e-04
-8.6528381388440703e-04
-8.6528381388440519e-04
-8.6528381388440649e-04
-8.6528381388440573e-04
-8.6528381388440464e-04
-8.6528381388440454e-04
-8.6528381388440627e-04
-8.6528381388440681e-04
-8.6528381388440594e-04
-8.6528381388440432e-04
-8.6528381388440378e-04
-8.6528381388440258e-04
-8.6528381388440226e-04
-8.6528381388440226e-04
-8.6528381388440313e-04
-8.6528381388440248e-04
-8.6528381388440323e-04
-8.6528381388440204e-04
-8.6528381388440215e-04
-8.6528381388440150e-04
-8.6528381388440182e-04
-8.6528381388440204e-04
-8.6528381388440052e-04
-8.6528381388439987e-04
-8.6528381388440042e-04
-8.6528381388439836e-04
-8.6528381388439640e-04
-8.6528381388439554e-04
-8.6528381388439478e-04
-8.6528381388439445e-04
-8.6528381388439651e-04
-8.6528381388439651e-04
-8.6528381388439814e-04
-8.6528381388439922e-04
-8.6528381388439890e-04
-8.6528381388439911e-04
-8.6528381388440139e-04
-8.6528381388440063e-04
-6.1432289933779113e-04
-6.1432289933779124e-04
-6.1432289933779102e-04
-6.1432289933779102e-04
-6.1432289933778994e-04
-6.1432289933778961e-04
-6.1432289933779005e-04
-6.1432289933779167e-04
-6.1432289933779200e-04
-6.1432289933779330e-04
-6.1432289933779384e-04
