0.0000000000000000e+00
-2.9267007792145174e-05
-5.8536585366243674e-05
-8.7807019671597340e-05
-1.1707831076137595e-04
-1.4635045868528952e-04
-1.7560975609625252e-04
-2.0486990963843794e-04
-2.3413091936242097e-04
-2.6339278531782329e-04
-2.9265550755584437e-04
-2.6341463402658824e-04
-2.3417461550126264e-04
-2.0487804877781460e-04
-1.7558234031699705e-04
-1.4634146341467041e-04
-1.1707317073145291e-04
-8.7805734656277128e-05
-5.8536585365903559e-05
-2.9268292733867174e-05
-8.7909097048947081e-16
2.9267436125325842e-05
5.8536585366054907e-05
8.7804877948860423e-05
1.1707231392362639e-04
1.4633889334070442e-04
1.7560461625081220e-04
2.0487804878395062e-04
2.3415062440830661e-04
2.6342234317410700e-04
2.9268292683482769e-04
2.6341463426949387e-04
2.3414548504570342e-04
2.0487547911403337e-04
1.7560461642385382e-04
1.4634146342374897e-04
1.1707317073789615e-04
8.7804021394017988e-05
5.8536585371119812e-05
2.9268292741261829e-05
4.6250488245545325e-15
-2.9269149389406445e-05
-5.8536585361130021e-05
-8.7804877940341630e-05
-1.1707402717747617e-04
-1.4634403312349903e-04
-1.7561489582793512e-04
-2.0487804877272395e-04
-2.3414205807244625e-04
-2.6340692378091937e-04
-2.9267264594639935e-04
-2.6344536587370477e-04
-2.3417707330815535e-04
-2.0490963735012697e-04
-1.7564305794952304e-04
-1.4637219526190441e-04
-1.1710218933276793e-04
-8.7833040112438447e-05
-5.8567317214288410e-05
-2.9299024531004366e-05
-3.0731848732328829e-08
2.9236704224872880e-05
5.8505853518228028e-05
8.7774146152038324e-05
1.1704158217776302e-04
1.4630816164569365e-04
1.7557388460624020e-04
2.0484731693654133e-04
2.3411989235733391e-04
2.6339161091956323e-04
2.9265219498790171e-04
2.6338736139452603e-04
2.3412167134638306e-04
2.0485512479170474e-04
1.7558772168183452e-04
1.4631419054932088e-04
1.1704589786256506e-04
8.7776748516714249e-05
5.8509312494460225e-05
2.9241019864788535e-05
-2.7272870814687320e-08
-2.9296422264597995e-05
-5.8563858235917563e-05
-8.7832150814550554e-05
-1.1710130005191935e-04
-1.4637130599725676e-04
-1.7564216870118344e-04
-2.0490532164505411e-04
-2.3416933094666187e-04
-2.6343419665552959e-04
-2.9269991882203793e-04
-2.6346956911389805e-04
-2.3420127654690296e-04
-2.0493384058862239e-04
-1.7566726118677502e-04
-1.4639639850139359e-04
-1.1712639257462639e-04
-8.7857243356114783e-05
-5.8591520455401665e-05
-2.9323227771841993e-05
-5.4935089950188141e-08
2.9212500983910749e-05
5.8481650275660607e-05
8.7749942909451733e-05
1.1701737893529937e-04
1.4628395840391313e-04
1.7554968136457955e-04
2.0482311369442245e-04
2.3409568911590955e-04
2.6336740767888113e-04
2.9262799174482917e-04
2.6336588228552377e-04
2.3410291652894429e-04
2.0483909442735060e-04
1.7556100412042695e-04
1.4628205658134968e-04
1.1702441875269266e-04
8.7756126069248578e-05
5.8486976728241379e-05
2.9219540702852012e-05
-4.8751980550756723e-08
-2.9317901321634763e-05
-5.8585337345967013e-05
-8.7853629978130711e-05
-1.1712277926853038e-04
-1.4639278526661586e-04
-1.7566364802343713e-04
-2.0492680075551801e-04
-2.3419080984519146e-04
-2.6345567534135299e-04
-2.9268292619554122e-04
-2.6346338600475997e-04
-2.3424469957076423e-04
-2.0492680076170111e-04
-1.7560976146714711e-04
-1.4639021539331534e-04
-1.1712192271014771e-04
-8.7854486635171995e-05
-5.8585337343753174e-05
-2.9317044710136341e-05
-4.8751979108347632e-08
2.9218684144204725e-05
5.8487833387248796e-05
8.7756125971796679e-05
1.1702356194802656e-04
1.4629014136711125e-04
1.7555586427857940e-04
2.0482929680565022e-04
2.3410187242383105e-04
2.6337359118271407e-04
2.9263417485667992e-04
2.6337136945695264e-04
2.3410770771999391e-04
2.0484318959640538e-04
1.7557781503571221e-04
1.4629819861189703e-04
1.1702990592454024e-04
8.7760756578807579e-05
5.8493320557458674e-05
2.9225027927778493e-05
-4.3264809325325886e-08
-2.9312414204340430e-05
-5.8579850174088962e-05
-8.7848142752754445e-05
-1.1711729198943960e-04
-1.4638729793400786e-04
-1.7565816063656357e-04
-2.0492131358478105e-04
-2.3418532289069696e-04
-2.6345018860263474e-04
-2.9268292638995027e-04
-2.6345789883471871e-04
-2.3423372535695162e-04
-2.0492131359234344e-04
-1.7560976101944713e-04
-1.4638472822410013e-04
-1.1716054950626195e-04
-8.7848142860299372e-05
-5.8579850175833850e-05
-2.9312414098532791e-05
-4.3264809306409953e-08
2.9225027821276128e-05
5.8492463844450203e-05
8.7759043309952410e-05
1.1702990592185845e-04
1.4629991177568988e-04
1.7556906092215899e-04
2.0483735340946210e-04
2.3410478928967117e-04
2.6337136861226136e-04
2.9263709142641190e-04
2.6338391742475504e-04
2.3412988764952885e-04
2.0487500205257705e-04
1.7561926058181604e-04
1.4636266318685385e-04
1.1704245389179997e-04
8.7774161207964529e-05
5.8505011866935003e-05
2.9237575843858360e-05
-3.0716839625288610e-08
