0.0000000000000000e+00
-2.9267007792651997e-05
-5.8536585366187566e-05
-8.7807019672162223e-05
-1.1707831076223316e-04
-1.4635045868586049e-04
-1.7560975609587850e-04
-2.0486990963801755e-04
-2.3413091936110757e-04
-2.6339278531613232e-04
-2.9265550755369228e-04
-2.6341463402629496e-04
-2.3417461550226764e-04
-2.0487804877743481e-04
-1.7558234031583872e-04
-1.4634146341456968e-04
-1.1707317073141007e-04
-8.7805734656377620e-05
-5.8536585365813977e-05
-2.9268292733667356e-05
-9.8649893668687132e-16
2.9267436123870622e-05
5.8536585365117445e-05
8.7804877948371733e-05
1.1707231392338000e-04
1.4633889334097222e-04
1.7560461625112478e-04
2.0487804878384347e-04
2.3415062440695309e-04
2.6342234317234002e-04
2.9268292683330016e-04
2.6341463426800434e-04
2.3414548504440558e-04
2.0487547911213238e-04
1.7560461642206090e-04
1.4634146342232441e-04
1.1707317073607295e-04
8.7804021392135162e-05
5.8536585368947186e-05
2.9268292738300270e-05
1.8303432378932463e-15
-2.9269149391684337e-05
-5.8536585363235934e-05
-8.7804877942440686e-05
-1.1707402717979726e-04
-1.4634403312560455e-04
-1.7561489582928401e-04
-2.0487804877480849e-04
-2.3414205807632203e-04
-2.6340692378558263e-04
-2.9267264595227567e-04
-2.6344536587680548e-04
-2.3417707330999947e-04
-2.0490963735158869e-04
-1.7564305795095660e-04
-1.4637219526437504e-04
-1.1710218933644074e-04
-8.7833040116952740e-05
-5.8567317217237013e-05
-2.9299024533947463e-05
-3.0731851367471740e-08
2.9236704223912562e-05
5.8505853515700550e-05
8.7774146149120330e-05
1.1704158217460691e-04
1.4630816164227058e-04
1.7557388460178911e-04
2.0484731693382830e-04
2.3411989235690666e-04
2.6339161092205017e-04
2.9265219498373957e-04
2.6338736139049318e-04
2.3412167134190744e-04
2.0485512478788233e-04
1.7558772167849078e-04
1.4631419054605526e-04
1.1704589785871011e-04
8.7776748514116446e-05
5.8509312491403256e-05
2.9241019861834027e-05
-2.7272874528139847e-08
-2.9296422268691170e-05
-5.8563858239749364e-05
-8.7832150819047012e-05
-1.1710130005585801e-04
-1.4637130600051571e-04
-1.7564216870464134e-04
-2.0490532164984404e-04
-2.3416933095200547e-04
-2.6343419666139230e-04
-2.9269991882815082e-04
-2.6346956911892165e-04
-2.3420127655210716e-04
-2.0493384059270151e-04
-1.7566726119177167e-04
-1.4639639850638143e-04
-1.1712639257869444e-04
-8.7857243359735029e-05
-5.8591520458391799e-05
-2.9323227775343993e-05
-5.4935093289362537e-08
2.9212500980682436e-05
5.8481650272374872e-05
8.7749942906186035e-05
1.1701737893229712e-04
1.4628395840093634e-04
1.7554968136131020e-04
2.0482311369106459e-04
2.3409568911241570e-04
2.6336740767540003e-04
2.9262799174206803e-04
2.6336588228189972e-04
2.3410291652622479e-04
2.0483909442360078e-04
1.7556100411715304e-04
1.4628205657794542e-04
1.1702441874939114e-04
8.7756126065641383e-05
5.8486976724831096e-05
2.9219540699837347e-05
-4.8751983978914935e-08
-2.9317901324906702e-05
-5.8585337348971229e-05
-8.7853629980846367e-05
-1.1712277927070983e-04
-1.4639278526929213e-04
-1.7566364802578375e-04
-2.0492680075996316e-04
-2.3419080985157518e-04
-2.6345567534960285e-04
-2.9268292619942662e-04
-2.6346338600868294e-04
-2.3424469957466183e-04
-2.0492680076679778e-04
-1.7560976147244932e-04
-1.4639021539808371e-04
-1.1712192271508014e-04
-8.7854486640129848e-05
-5.8585337348625497e-05
-2.9317044715207635e-05
-4.8751983582161744e-08
2.9218684140008263e-05
5.8487833382224339e-05
8.7756125965489387e-05
1.1702356194086460e-04
1.4629014135942775e-04
1.7555586427032424e-04
2.0482929679915387e-04
2.3410187241954087e-04
2.6337359118152898e-04
2.9263417485064146e-04
2.6337136945125419e-04
2.3410770771438712e-04
2.0484318959097369e-04
1.7557781503012841e-04
1.4629819860693803e-04
1.1702990591983548e-04
8.7760756574497550e-05
5.8493320552308076e-05
2.9225027921374497e-05
-4.3264814359316747e-08
-2.9312414208448133e-05
-5.8579850179919327e-05
-8.7848142759477366e-05
-1.1711729199710454e-04
-1.4638729794247223e-04
-1.7565816064668587e-04
-2.0492131359096087e-04
-2.3418532289265503e-04
-2.6345018860092202e-04
-2.9268292639597989e-04
-2.6345789884047848e-04
-2.3423372536269095e-04
-2.0492131359831688e-04
-1.7560976102547795e-04
-1.4638472823001332e-04
-1.1716054951205180e-04
-8.7848142865846570e-05
-5.8579850180970976e-05
-2.9312414103787231e-05
-4.3264814857905407e-08
2.9225027816152992e-05
5.8492463838964980e-05
8.7759043304194348e-05
1.1702990591800917e-04
1.4629991177252287e-04
1.7556906092021073e-04
2.0483735340894195e-04
2.3410478929089906e-04
2.6337136861438715e-04
2.9263709143003059e-04
2.6338391742079754e-04
2.3412988763810421e-04
2.0487500203251037e-04
1.7561926055329114e-04
1.4636266315090049e-04
1.1704245388624179e-04
8.7774161202801816e-05
5.8505011861364250e-05
2.9237575838511434e-05
-3.0716844611787790e-08
