0.0000000000000000e+00
-3.6583358234665278e-05
-7.3170731707402953e-05
-1.0975944386471217e-04
-1.4634949480430060e-04
-1.8294088462512435e-04
-2.1951219511802021e-04
-2.5608484312150161e-04
-2.9265882873263195e-04
-7.7507443087355824e-04
-1.2903497512467641e-03
-1.2537751427077993e-03
-1.2172018718216565e-03
-1.1806299384900340e-03
-1.1440593426157754e-03
-1.1074336803715489e-03
-1.0708483145221736e-03
-1.0342642871123602e-03
-9.9767758281383038e-04
-9.6109221705347858e-04
-9.2450685110728509e-04
-8.8792148525343830e-04
-8.5133745784005837e-04
-8.1475075354595821e-04
-7.7816538778913949e-04
-7.4158136047278145e-04
-7.0499867149798469e-04
-6.2694051521926871e-04
-1.9500386702086056e-04
2.6325864490310042e-04
7.5138638188352875e-04
7.1481185277818583e-04
6.7823598592682186e-04
6.4165878123355032e-04
6.0505575442368483e-04
5.6845138778392214e-04
5.3188502271243692e-04
4.9529965685861355e-04
4.5871295246725959e-04
4.2212892515101284e-04
3.8554355929622849e-04
3.4895819344305098e-04
3.1237148905158339e-04
2.7578746173633867e-04
2.3920209598165889e-04
2.0261539168823660e-04
1.6602734875918043e-04
1.2943796709732289e-04
9.2860632477316250e-05
-2.9281124705768689e-04
-7.6521654319448656e-04
-7.2871515833057348e-04
-6.9221510576935382e-04
-6.5554442733894525e-04
-6.1895906148035800e-04
-5.8237503406157127e-04
-5.4579234498561703e-04
-5.0920296391594559e-04
-4.7261759806567852e-04
-4.3603223221220448e-04
-3.9944686635878373e-04
-3.6286150050463028e-04
-3.2627747309084881e-04
-2.8969076879728273e-04
-2.5310540304203383e-04
-2.1652137572693330e-04
-1.7993868675244973e-04
-1.4335733602359246e-04
-1.0676393951978355e-04
-3.0479843449707874e-05
4.3457728982566787e-04
3.9799590269076838e-04
3.6141317730991652e-04
3.2482911358356660e-04
2.8823980450303822e-04
2.5164915659579330e-04
2.1505716976481630e-04
1.7848370693994230e-04
1.4189834108747974e-04
1.0531297523199570e-04
6.8727609377578191e-05
3.2142243523572352e-05
-4.4444608679623607e-06
-4.1028488182523758e-05
-7.7613853937372762e-05
-1.1420055823006518e-04
-1.5078860115939674e-04
-1.8737798282133055e-04
-2.2395531744103363e-04
-2.6053399001120482e-04
-5.7311322704538693e-04
-5.3652888178086532e-04
-4.9994587488212910e-04
-4.6336420625054341e-04
-4.2677278469375150e-04
-3.9018270202068669e-04
-3.5359395813173750e-04
-3.1701668713614750e-04
-2.8043132128155251e-04
-2.4384595542963338e-04
-2.0726058957686911e-04
-1.7067522372277993e-04
-1.3409119630870421e-04
-9.7504492015070837e-05
-6.0919126258137975e-05
-2.4335098941648159e-05
1.2247590032710246e-05
4.8828940762359724e-05
8.5422337263177573e-05
1.2201439473700495e-04
3.2132926586179365e-04
2.8474404722535982e-04
2.4815749006221562e-04
2.1156959427349025e-04
1.7498794929244669e-04
1.3840496604500404e-04
1.0182064443420695e-04
6.5231851728849870e-05
2.8646485876164955e-05
-7.9388799786719236e-06
-4.4524245832151025e-05
-8.1109611685381504e-05
-1.1769631607701690e-04
-1.5428034339241684e-04
-1.9086570914722678e-04
-2.2745241343909869e-04
-2.6404045636783534e-04
-3.0062983802990243e-04
-3.3720717265051710e-04
-3.7378584522174574e-04
-5.0701967384007005e-04
-4.7043432515190956e-04
-4.3385031490229039e-04
-3.9726764299404774e-04
-3.6067822793202787e-04
-3.2409015160652645e-04
-2.8750341391945003e-04
-2.5092213037385488e-04
-2.1433676451869927e-04
-1.7775139866654902e-04
-1.4116603281241017e-04
-1.0458066695941458e-04
-6.7996639546080365e-05
-3.1409935250636874e-05
5.1754305051233852e-06
4.1759457821162042e-05
7.8342146795886512e-05
1.1492349752596136e-04
1.5151689402665680e-04
1.8810895149952824e-04
2.8190326227352436e-04
2.4536705101937863e-04
2.0882950482087266e-04
1.7219631899744616e-04
1.3556179113564476e-04
9.9025587286422206e-05
6.2488048494374114e-05
2.5854855583559174e-05
-1.0730510271575791e-05
-4.7315876123839483e-05
-8.3901241977871614e-05
-1.2048660783116451e-04
-1.5707331222268068e-04
-1.9365733953742974e-04
-2.3024270529191100e-04
-2.6682940958533624e-04
-3.0341745251415207e-04
-3.4000683417678988e-04
-3.7658416879682944e-04
-4.1316284136706826e-04
-4.8384468807616867e-04
-4.4727465254118201e-04
-4.1070595432529097e-04
-3.7413859332903579e-04
-3.3757256945651109e-04
-3.0093318943514983e-04
-2.6434782358447320e-04
-2.2776379617362079e-04
-1.9117709187552542e-04
-1.5459172611572320e-04
-1.1800636016919733e-04
-8.1420994315354976e-05
-4.4836966902095657e-05
-8.2502626079262161e-06
2.8335103149083434e-05
6.4919130465954751e-05
1.0150181944065611e-04
1.3808317017166072e-04
1.7467656667223734e-04
2.1126862414516613e-04
2.6857186188659199e-04
2.3199298310903614e-04
1.9541276626816259e-04
1.5883121126630077e-04
1.2223688525508998e-04
8.5641220049451861e-05
4.9066153543951412e-05
1.2480787690647050e-05
-2.4105916701096312e-05
-6.0689944017046027e-05
-9.7275309871456571e-05
