0.0000000000000000e+00
-1.1430604719258268e-03
-2.5454161377608815e-10
-1.1438599321742981e-03
-4.5742488397168355e-03
-1.0290777124827379e-02
1.1998426938415488e-09
8.0036359509488390e-03
1.4260970034973938e-02
7.1871680458283785e-04
1.2841317543014767e-03
1.8118959111919580e-07
-3.5695184952927012e-03
-9.4253573582097697e-03
-1.7567726049540960e-02
2.0767767242682973e-09
3.1920591242099341e-11
-2.2867824936810542e-03
1.5565373617593334e-10
3.9257739280425101e-07
-1.7941625988479733e-13
1.9008607166830121e-10
-2.2867804910945383e-03
1.2636964746972132e-10
3.9096618886900112e-07
-2.2859989564262308e-03
-6.8595597510442332e-03
-5.1370478615899128e-03
-5.5242950213684134e-04
-1.6793482974118311e-03
-2.0390359800877104e-03
1.3551017372907563e-07
-2.4622642769946991e-04
-2.7777310913065928e-03
-4.0946691845180148e-10
4.8845462487461856e-04
-1.3504617547303190e-09
-3.6008951749572308e-10
-2.2863895106306890e-03
1.5124919205104415e-10
-4.6355611101484658e-11
-2.1688121585940042e-11
-2.2863902543008800e-03
-8.4348169429971786e-11
-3.8998399536310374e-07
-2.2871703502188503e-03
-6.8599504278573260e-03
-1.3718339833790706e-02
2.1971730530411046e-09
3.2627301474242812e-04
1.0392527580383962e-02
1.1914590811416098e-07
-1.2671113499817855e-02
-1.7512409869580391e-08
-4.7314857584907861e-09
-2.2867725595772117e-03
-6.8607118831255382e-03
6.8908025105383279e-10
-2.0254307575053557e-11
-1.4151999735059223e-11
3.9909783253794087e-11
2.0587897966391863e-10
-2.2867804633468838e-03
1.5857946162347203e-10
3.9052487127501791e-07
-2.2859995659155418e-03
-6.8595602739452075e-03
-1.3720683082573692e-02
2.1827905997182559e-09
-4.4674670525965002e-03
-7.4310061265620605e-04
1.0658740625454236e-07
-1.5427601748120292e-03
-5.3713112027123002e-03
-1.3457553182415649e-10
3.0831175406324947e-03
3.8784329854230628e-03
-8.6035544517484767e-10
-4.2954621770045930e-10
-3.6417787831759926e-10
-4.8277018212781517e-10
-7.0194238528406202e-10
-2.2863908916959004e-03
-4.2459817010629010e-10
-3.9058960942702204e-07
-2.2871708180459650e-03
-6.8599510012749406e-03
-1.3718340655135403e-02
1.7858262551381298e-09
1.1429611397370403e-02
1.2851041267785047e-04
8.0098979987614249e-08
-2.4150347956357421e-03
-7.1172243976411805e-03
9.5639858136511148e-10
4.8314244632043507e-03
7.3766565222886261e-03
1.4353850351813895e-10
3.2580922366340460e-10
-2.0722278142360894e-10
-4.7969571798423629e-10
-3.8609359949204526e-10
-2.2867808483555117e-03
-2.9672314217263694e-10
3.9053523479661286e-07
-2.2859992784550111e-03
-6.8595601475057826e-03
-1.3720682947815465e-02
1.8627313271253101e-09
1.1436248499792658e-02
-2.7060416991377597e-05
6.3148871807640291e-08
-2.2591914464084248e-03
-6.8044345256435285e-03
6.0674233898161524e-10
4.5168508136150688e-03
6.7465072044372420e-03
2.5838920160212857e-10
4.2190930565346172e-10
2.1687547695240596e-10
2.1807778030214330e-10
4.4831978590980694e-10
-2.2863897917943807e-03
3.6971387634788078e-10
-3.8982288204632863e-07
-2.2871697379838519e-03
-6.8599498386490657e-03
-1.3718339595967077e-02
2.7390056719911519e-09
1.1429612358385752e-02
2.2421828392904095e-06
5.8010535846013659e-08
-2.2889050969306882e-03
-6.8650378333355404e-03
7.7143376645404146e-10
4.5794268096000052e-03
6.8728505020336592e-03
1.2912355654709273e-10
5.7165044726051515e-10
2.9712655192001454e-10
4.1742110381142356e-10
2.2230752051138378e-10
-2.2867805275106584e-03
5.4804069127526164e-10
3.9103507054577535e-07
-2.2859988303097710e-03
-6.8595595336312307e-03
-1.3720682175023480e-02
2.4574172557022067e-09
1.1436248747406758e-02
-8.9953584024956446e-03
5.3454863955007457e-08
6.7130228355083543e-03
-6.2294857271676901e-09
-9.0037668936354676e-03
-4.5399226447612937e-09
6.7213146491411913e-03
-5.7525438821821645e-09
-8.3055921763695769e-10
6.0848259579554564e-10
4.6470671239801383e-10
5.9906721804586604e-10
-2.2863895388448912e-03
8.5669861105377305e-10
-3.8912330638558502e-07
-2.2871695484942387e-03
-6.8599496318303274e-03
-1.3718339670202005e-02
2.7465614249503867e-09
1.1429612387032835e-02
1.9776577651778576e-03
5.2045539462962292e-08
-4.2629003949492201e-03
-1.0811589495226925e-02
-1.9646406205795029e-02
1.5365221017872393e-09
-3.3717952683891584e-10
-2.2867826251570912e-03
6.7518438027766882e-11
3.9250244952671520e-07
-1.8784676703849795e-10
-2.0609000791862917e-10
-2.2867809563031330e-03
-2.0232229147470478e-10
3.9064774314693034e-07
-2.2859991298430087e-03
-6.8595598769075512e-03
-1.3720682147536410e-02
2.5408360898184821e-09
1.1436248841916239e-02
-1.1865188882213976e-03
5.0561116324606513e-08
-1.0992486415275350e-03
-4.4840264176255742e-03
6.8489936269595039e-10
2.1954234730625463e-03
6.9028676892034007e-11
5.8937564285531033e-10
-2.2863892247679471e-03
7.8166049609873377e-10
6.3497352980750219e-10
