0.0000000000000000e+00
-1.1430605077773462e-03
-1.7887796612756617e-10
-1.1438598471878246e-03
-4.5742487921292645e-03
-1.0290776962875272e-02
1.2984721693604565e-09
8.0036360043401200e-03
1.4260970101098766e-02
7.1871685328911211e-04
1.2841317837329405e-03
1.8121902258284459e-07
-3.5695184505295757e-03
-9.4253573512364103e-03
-1.7567726056514955e-02
1.9970226972767616e-09
6.2413091041616324e-11
-2.2867824618011271e-03
1.8948561776288004e-10
3.9260614420891703e-07
5.2007335158287010e-11
3.0753894651662879e-10
-2.2867803237009258e-03
3.4445874268811922e-10
3.9117501692024223e-07
-2.2859986616772551e-03
-6.8595594799174498e-03
-5.1370479214614389e-03
-5.5242950874643312e-04
-1.6793483100459800e-03
-2.0390359011815628e-03
1.3554787051735337e-07
-2.4622638884336126e-04
-2.7777311597530687e-03
-3.0974236623961457e-10
4.8845473197394341e-04
-1.2697432355893381e-09
-3.1353894614410338e-10
-2.2863895187363557e-03
2.3416101105123070e-10
1.8089144558708033e-10
1.3564230494671208e-10
-2.2863899987364783e-03
4.3255270016431760e-11
-3.8992107953422260e-07
-2.2871702485669555e-03
-6.8599503855182337e-03
-1.3718339879593968e-02
2.2823698310376879e-09
3.2627305671948954e-04
1.0392527700112529e-02
1.1921976662257353e-07
-1.2671113504659553e-02
-1.7564000133758458e-08
-4.7230788148360027e-09
-2.2867725773678422e-03
-6.8607119594786305e-03
4.6788146234196114e-10
-1.9465034668355176e-10
-1.8677140398314733e-10
-5.0652603585729834e-11
1.2550698648458096e-10
-2.2867805873268234e-03
2.6029938969898736e-10
3.9078785140856074e-07
-2.2859991499149658e-03
-6.8595597881703600e-03
-1.3720682392395694e-02
2.2902464107591830e-09
-4.4674668932406202e-03
-7.4310054397657528e-04
1.0677258033230970e-07
-1.5427599966587415e-03
-5.3713110192420525e-03
-4.7193811436684262e-11
3.0831175705274549e-03
3.8784327895299100e-03
-9.6435637593438989e-10
-4.7084188362207242e-10
-4.8094077453123895e-10
-5.3301722759562569e-10
-5.5970338663123442e-10
-2.2863907685624755e-03
-3.5861580495291597e-10
-3.9059331664588593e-07
-2.2871709040591780e-03
-6.8599509770158190e-03
-1.3718340801963354e-02
1.7147896964121011e-09
1.1429611517124476e-02
1.2851037913619146e-04
8.0083460343148179e-08
-2.4150348628203641e-03
-7.1172244943010464e-03
7.6151442770608297e-10
4.8314243247209636e-03
7.3766561843951290e-03
1.5118655228757898e-11
1.5234912509910464e-10
-3.6849387240324129e-10
-5.3171207825420407e-10
-4.6425779536002913e-10
-2.2867809839169618e-03
-3.1747859823575889e-10
3.9052097694043847e-07
-2.2859991980865670e-03
-6.8595600542899230e-03
-1.3720682879252873e-02
1.7778479284283942e-09
1.1436248298188569e-02
-2.7060490914891449e-05
6.3038580828456613e-08
-2.2591916956188145e-03
-6.8044347335954290e-03
4.6422841514440167e-10
4.5168507875378294e-03
6.7465072708791591e-03
-8.6138308857571821e-12
1.0030860598481672e-10
-1.9646163432842587e-10
-2.7667480139660158e-10
-1.5332600328698261e-12
-2.2863902735032033e-03
-1.0558102634834961e-10
-3.9042659553015900e-07
-2.2871704472883256e-03
-6.8599505700235467e-03
-1.3718340389662593e-02
2.3727752679066561e-09
1.1429612486620437e-02
2.2419385632992079e-06
5.7784332307403314e-08
-2.2889053188782354e-03
-6.8650380371309081e-03
6.2524898125120610e-10
4.5794266572448880e-03
6.8728504577210588e-03
6.0178507317689742e-11
3.8681219558873230e-10
1.7390972553222048e-10
2.0728475640146114e-10
4.1775622639096398e-11
-2.2867806839272187e-03
3.6163601340359377e-10
3.9093695794867902e-07
-2.2859987957471370e-03
-6.8595595732111941e-03
-1.3720682059748199e-02
2.3694311521446156e-09
1.1436248497533680e-02
-8.9953583871164849e-03
5.3404088223576035e-08
6.7130228107922414e-03
-6.2319334069843560e-09
-9.0037669372594678e-03
-4.5546496947405823e-09
6.7213146978017330e-03
-5.7010242599108185e-09
-8.7740246874983824e-10
4.3359487724646683e-10
3.0734813607595967e-10
4.1702797056942773e-10
-2.2863897083473940e-03
7.1637207894709725e-10
-3.8935166271777664e-07
-2.2871696784395787e-03
-6.8599497927463570e-03
-1.3718339951678463e-02
2.8082781377137395e-09
1.1429612631267547e-02
1.9776577762407039e-03
5.2044320879773393e-08
-4.2629003062895953e-03
-1.0811589554020043e-02
-1.9646406302303316e-02
1.5279095706759589e-09
-1.9044435359733996e-10
-2.2867823757531584e-03
2.1578262486403967e-10
3.9243867133147124e-07
-4.5136317701466684e-11
-9.0832813861362947e-11
-2.2867808168319397e-03
2.7555553204104824e-11
3.9084656890118824e-07
-2.2859990496162993e-03
-6.8595599227632090e-03
-1.3720682254198891e-02
2.4599312220313557e-09
1.1436248720580019e-02
-1.1865188963461593e-03
5.0453410494143735e-08
-1.0992487632123095e-03
-4.4840265086146351e-03
3.9980208166387263e-10
2.1954230733360336e-03
-2.3107878315840040e-10
2.7270992352852273e-10
-2.2863895551077477e-03
5.2941661420346698e-10
3.9360864233750337e-10
