0.0000000000000000e+00
0.0000000000000000e+00
0.0000000000000000e+00
0.0000000000000000e+00
0.0000000000000000e+00
0.0000000000000000e+00
0.0000000000000000e+00
-5.3080792840984632e+00
-2.1022922856886954e+01
-3.6568988009428537e+01
-5.1935821488309415e+01
-5.1935821488309415e+01
-5.1935821488309415e+01
-5.1935821488309415e+01
-5.1935821488309415e+01
-5.1935821488309415e+01
-5.1935821488309415e+01
-5.1935821488309415e+01
-5.1935821488309415e+01
-5.1935821488309415e+01
-5.1935821488309415e+01
-5.1935821488309415e+01
-5.1935821488309415e+01
-5.1935821488309415e+01
-5.1935821488309415e+01
-5.1935821488309415e+01
-5.1935821488309415e+01
-5.1935821488309415e+01
-4.8548664161062199e+01
-3.1265474140093243e+01
-1.4075624954797528e+01
3.0168643837350646e+00
1.9993789066243046e+01
3.6836427715677303e+01
3.6836427715677303e+01
3.6836427715677303e+01
3.6836427715677296e+01
3.6836427715677310e+01
3.6836427715677303e+01
3.6836427715677289e+01
3.6836427715677289e+01
3.6836427715677289e+01
3.6836427715677289e+01
3.6836427715677274e+01
3.6836427715677274e+01
3.6836427715677274e+01
3.6836427715677281e+01
3.6836427715677281e+01
3.6836427715677296e+01
3.6836427715677310e+01
2.4583515630429968e+01
6.7799399989105815e+00
-1.0922179881386430e+01
-2.8527936176536315e+01
-2.8527936176536315e+01
-2.8527936176536315e+01
-2.8527936176536315e+01
-2.8527936176536315e+01
-2.8527936176536315e+01
-2.8527936176536315e+01
-2.8527936176536315e+01
-2.8527936176536315e+01
-2.8527936176536315e+01
-2.8527936176536315e+01
-2.8527936176536315e+01
-2.8527936176536315e+01
-2.8527936176536315e+01
-2.8527936176536315e+01
-2.8527936176536315e+01
-2.8527936176536315e+01
-2.8527936176536315e+01
-1.2957304042766863e+01
5.2074044402750035e+00
2.3267219107850892e+01
2.3267219107850892e+01
2.3267219107850892e+01
2.3267219107850892e+01
2.3267219107850892e+01
2.3267219107850899e+01
2.3267219107850899e+01
2.3267219107850895e+01
2.3267219107850895e+01
2.3267219107850895e+01
2.3267219107850881e+01
2.3267219107850885e+01
2.3267219107850885e+01
2.3267219107850885e+01
2.3267219107850885e+01
2.3267219107850885e+01
2.3267219107850885e+01
2.3267219107850885e+01
1.7187704615780209e+01
-1.2726632241093654e+00
-1.9648573440029207e+01
-1.9648573440029207e+01
-1.9648573440029207e+01
-1.9648573440029207e+01
-1.9648573440029207e+01
-1.9648573440029207e+01
-1.9648573440029207e+01
-1.9648573440029207e+01
-1.9648573440029207e+01
-1.9648573440029207e+01
-1.9648573440029207e+01
-1.9648573440029207e+01
-1.9648573440029207e+01
-1.9648573440029207e+01
-1.9648573440029207e+01
-1.9648573440029207e+01
-1.9648573440029207e+01
-1.9648573440029207e+01
-1.9648573440029207e+01
-1.6141714020368720e+00
1.6981456213415242e+01
1.6981456213415242e+01
1.6981456213415242e+01
1.6981456213415239e+01
1.6981456213415239e+01
1.6981456213415239e+01
1.6981456213415246e+01
1.6981456213415246e+01
1.6981456213415250e+01
1.6981456213415250e+01
1.6981456213415253e+01
1.6981456213415235e+01
1.6981456213415235e+01
1.6981456213415228e+01
1.6981456213415228e+01
1.6981456213415239e+01
1.6981456213415235e+01
1.6981456213415235e+01
1.6981456213415235e+01
3.7914437072148925e+00
-1.4997975973927087e+01
-1.4997975973927087e+01
-1.4997975973927087e+01
-1.4997975973927087e+01
-1.4997975973927087e+01
-1.4997975973927087e+01
-1.4997975973927087e+01
-1.4997975973927087e+01
-1.4997975973927087e+01
-1.4997975973927087e+01
-1.4997975973927087e+01
-1.4997975973927087e+01
-1.4997975973927087e+01
-1.4997975973927087e+01
-1.4997975973927087e+01
-1.4997975973927087e+01
-1.4997975973927087e+01
-1.4997975973927087e+01
-1.4997975973927087e+01
-5.5095724327481825e+00
1.3410008951445622e+01
1.3410008951445619e+01
1.3410008951445619e+01
1.3410008951445619e+01
1.3410008951445629e+01
1.3410008951445629e+01
1.3410008951445629e+01
1.3410008951445626e+01
1.3410008951445622e+01
1.3410008951445633e+01
1.3410008951445635e+01
1.3410008951445635e+01
1.3410008951445635e+01
1.3410008951445626e+01
1.3410008951445626e+01
1.3410008951445624e+01
1.3410008951445620e+01
1.3410008951445620e+01
1.3410008951445610e+01
6.8991284459369311e+00
-1.2124843656042005e+01
-1.2124843656042005e+01
-1.2124843656042005e+01
-1.2124843656042005e+01
-1.2124843656042005e+01
-1.2124843656042005e+01
-1.2124843656042005e+01
-1.2124843656042005e+01
-1.2124843656042005e+01
-1.2124843656042005e+01
-1.2124843656042005e+01
-1.2124843656042005e+01
-1.2124843656042005e+01
-1.2124843656042005e+01
-1.2124843656042005e+01
-1.2124843656042005e+01
-1.2124843656042005e+01
-1.2124843656042005e+01
-1.2124843656042005e+01
-8.0474949034087899e+00
1.1061212869030173e+01
1.1061212869030173e+01
1.1061212869030173e+01
1.1061212869030181e+01
1.1061212869030181e+01
1.1061212869030173e+01
1.1061212869030173e+01
1.1061212869030170e+01
1.1061212869030170e+01
1.1061212869030170e+01
1.1061212869030172e+01
