0.0000000000000000e+00
0.0000000000000000e+00
0.0000000000000000e+00
0.0000000000000000e+00
0.0000000000000000e+00
0.0000000000000000e+00
0.0000000000000000e+00
3.4313875343541610e-04
1.4738895143401073e-03
2.7333837777209400e-03
4.1553937064984512e-03
4.1553937064984512e-03
4.1553937064984512e-03
4.1553937064984512e-03
4.1553937064984512e-03
4.1553937064984512e-03
4.1553937064984512e-03
4.1553937064984512e-03
4.1553937064984512e-03
4.1553937064984512e-03
4.1553937064984512e-03
4.1553937064984512e-03
4.1553937064984512e-03
4.1553937064984512e-03
4.1553937064984512e-03
4.1553937064984512e-03
4.1553937064984512e-03
4.1553937064984512e-03
4.3178093873119860e-03
5.2214324849291652e-03
6.2089256615160335e-03
7.2977362061285465e-03
8.5103198886153572e-03
9.8778215238028294e-03
9.8778215238028294e-03
9.8778215238028294e-03
9.8778215238028294e-03
9.8778215238028294e-03
9.8778215238028294e-03
9.8778215238028294e-03
9.8778215238028294e-03
9.8778215238028294e-03
9.8778215238028294e-03
9.8778215238028294e-03
9.8778215238028294e-03
9.8778215238028294e-03
9.8778215238028294e-03
9.8778215238028294e-03
9.8778215238028294e-03
9.8778215238028294e-03
1.0541635518427354e-02
1.1609124548081376e-02
1.2796566104861080e-02
1.4135691374757977e-02
1.4135691374757977e-02
1.4135691374757977e-02
1.4135691374757977e-02
1.4135691374757977e-02
1.4135691374757977e-02
1.4135691374757977e-02
1.4135691374757977e-02
1.4135691374757977e-02
1.4135691374757977e-02
1.4135691374757977e-02
1.4135691374757977e-02
1.4135691374757977e-02
1.4135691374757977e-02
1.4135691374757977e-02
1.4135691374757977e-02
1.4135691374757977e-02
1.4135691374757977e-02
1.5035950095830510e-02
1.6209437006968530e-02
1.7530247901747380e-02
1.7530247901747380e-02
1.7530247901747380e-02
1.7530247901747380e-02
1.7530247901747380e-02
1.7530247901747380e-02
1.7530247901747380e-02
1.7530247901747380e-02
1.7530247901747380e-02
1.7530247901747380e-02
1.7530247901747380e-02
1.7530247901747380e-02
1.7530247901747380e-02
1.7530247901747380e-02
1.7530247901747380e-02
1.7530247901747380e-02
1.7530247901747380e-02
1.7530247901747380e-02
1.7873359434528596e-02
1.9036383285042389e-02
2.0345661763096757e-02
2.0345661763096757e-02
2.0345661763096757e-02
2.0345661763096757e-02
2.0345661763096757e-02
2.0345661763096757e-02
2.0345661763096757e-02
2.0345661763096757e-02
2.0345661763096757e-02
2.0345661763096757e-02
2.0345661763096757e-02
2.0345661763096757e-02
2.0345661763096757e-02
2.0345661763096757e-02
2.0345661763096757e-02
2.0345661763096757e-02
2.0345661763096757e-02
2.0345661763096757e-02
2.0345661763096757e-02
2.1461554130798182e-02
2.2761779061293976e-02
2.2761779061293976e-02
2.2761779061293976e-02
2.2761779061293976e-02
2.2761779061293976e-02
2.2761779061293976e-02
2.2761779061293976e-02
2.2761779061293976e-02
2.2761779061293976e-02
2.2761779061293976e-02
2.2761779061293976e-02
2.2761779061293976e-02
2.2761779061293976e-02
2.2761779061293976e-02
2.2761779061293976e-02
2.2761779061293976e-02
2.2761779061293976e-02
2.2761779061293976e-02
2.2761779061293976e-02
2.3567072195517631e-02
2.4862876154623997e-02
2.4862876154623997e-02
2.4862876154623997e-02
2.4862876154623997e-02
2.4862876154623997e-02
2.4862876154623997e-02
2.4862876154623997e-02
2.4862876154623997e-02
2.4862876154623997e-02
2.4862876154623997e-02
2.4862876154623997e-02
2.4862876154623997e-02
2.4862876154623997e-02
2.4862876154623997e-02
2.4862876154623997e-02
2.4862876154623997e-02
2.4862876154623997e-02
2.4862876154623997e-02
2.4862876154623997e-02
2.5436160430676022e-02
2.6726806623425095e-02
2.6726806623425095e-02
2.6726806623425095e-02
2.6726806623425095e-02
2.6726806623425095e-02
2.6726806623425095e-02
2.6726806623425095e-02
2.6726806623425095e-02
2.6726806623425095e-02
2.6726806623425095e-02
2.6726806623425095e-02
2.6726806623425095e-02
2.6726806623425095e-02
2.6726806623425095e-02
2.6726806623425095e-02
2.6726806623425095e-02
2.6726806623425095e-02
2.6726806623425095e-02
2.6726806623425095e-02
2.7116915341555265e-02
2.8403404064362023e-02
2.8403404064362023e-02
2.8403404064362023e-02
2.8403404064362023e-02
2.8403404064362023e-02
2.8403404064362023e-02
2.8403404064362023e-02
2.8403404064362023e-02
2.8403404064362023e-02
2.8403404064362023e-02
2.8403404064362023e-02
2.8403404064362023e-02
2.8403404064362023e-02
2.8403404064362023e-02
2.8403404064362023e-02
2.8403404064362023e-02
2.8403404064362023e-02
2.8403404064362023e-02
2.8403404064362023e-02
2.8646034801284147e-02
2.9929025494342211e-02
2.9929025494342211e-02
2.9929025494342211e-02
2.9929025494342211e-02
2.9929025494342211e-02
2.9929025494342211e-02
2.9929025494342211e-02
2.9929025494342211e-02
2.9929025494342211e-02
2.9929025494342211e-02
2.9929025494342211e-02
