0.0000000000000000e+00
0.0000000000000000e+00
0.0000000000000000e+00
0.0000000000000000e+00
0.0000000000000000e+00
0.0000000000000000e+00
0.0000000000000000e+00
8.7895768975888222e+03
4.0577771071622818e+04
8.0702341686426749e+04
1.3132880581180236e+05
1.3132880581180236e+05
1.3132880581180236e+05
1.3132880581180236e+05
1.3132880581180236e+05
1.3132880581180236e+05
1.3132880581180236e+05
1.3132880581180236e+05
1.3132880581180236e+05
1.3132880581180236e+05
1.3132880581180236e+05
1.3132880581180236e+05
1.3132880581180236e+05
1.3132880581180236e+05
1.3132880581180236e+05
1.3132880581180236e+05
1.3132880581180236e+05
1.3132880581180236e+05
1.3431564185806710e+05
1.5295878902195182e+05
1.7703726968056217e+05
2.0767166656146219e+05
2.4633921123892718e+05
2.9507918168215163e+05
2.9507918168215163e+05
2.9507918168215163e+05
2.9507918168215163e+05
2.9507918168215163e+05
2.9507918168215163e+05
2.9507918168215163e+05
2.9507918168215163e+05
2.9507918168215163e+05
2.9507918168215163e+05
2.9507918168215163e+05
2.9507918168215163e+05
2.9507918168215163e+05
2.9507918168215163e+05
2.9507918168215163e+05
2.9507918168215163e+05
2.9507918168215163e+05
3.1164574907301494e+05
3.4165552442402614e+05
3.7948481201854011e+05
4.2716042218273773e+05
4.2716042218273773e+05
4.2716042218273773e+05
4.2716042218273773e+05
4.2716042218273773e+05
4.2716042218273773e+05
4.2716042218273773e+05
4.2716042218273773e+05
4.2716042218273773e+05
4.2716042218273773e+05
4.2716042218273773e+05
4.2716042218273773e+05
4.2716042218273773e+05
4.2716042218273773e+05
4.2716042218273773e+05
4.2716042218273773e+05
4.2716042218273773e+05
4.2716042218273773e+05
4.5273801320222148e+05
4.9016119543795648e+05
5.3723888991898659e+05
5.3723888991898659e+05
5.3723888991898659e+05
5.3723888991898659e+05
5.3723888991898659e+05
5.3723888991898659e+05
5.3723888991898659e+05
5.3723888991898659e+05
5.3723888991898659e+05
5.3723888991898659e+05
5.3723888991898659e+05
5.3723888991898659e+05
5.3723888991898659e+05
5.3723888991898659e+05
5.3723888991898659e+05
5.3723888991898659e+05
5.3723888991898659e+05
5.3723888991898659e+05
5.4731697756405908e+05
5.8436961863834772e+05
6.3098408570468228e+05
6.3098408570468228e+05
6.3098408570468228e+05
6.3098408570468228e+05
6.3098408570468228e+05
6.3098408570468228e+05
6.3098408570468228e+05
6.3098408570468228e+05
6.3098408570468228e+05
6.3098408570468228e+05
6.3098408570468228e+05
6.3098408570468228e+05
6.3098408570468228e+05
6.3098408570468228e+05
6.3098408570468228e+05
6.3098408570468228e+05
6.3098408570468228e+05
6.3098408570468228e+05
6.3098408570468228e+05
6.6664167513314344e+05
7.1298316666968435e+05
7.1298316666968435e+05
7.1298316666968435e+05
7.1298316666968435e+05
7.1298316666968435e+05
7.1298316666968435e+05
7.1298316666968435e+05
7.1298316666968435e+05
7.1298316666968435e+05
7.1298316666968435e+05
7.1298316666968435e+05
7.1298316666968435e+05
7.1298316666968435e+05
7.1298316666968435e+05
7.1298316666968435e+05
7.1298316666968435e+05
7.1298316666968435e+05
7.1298316666968435e+05
7.1298316666968435e+05
7.3909205738687876e+05
7.8522902846985857e+05
7.8522902846985857e+05
7.8522902846985857e+05
7.8522902846985857e+05
7.8522902846985857e+05
7.8522902846985857e+05
7.8522902846985857e+05
7.8522902846985857e+05
7.8522902846985857e+05
7.8522902846985857e+05
7.8522902846985857e+05
7.8522902846985857e+05
7.8522902846985857e+05
7.8522902846985857e+05
7.8522902846985857e+05
7.8522902846985857e+05
7.8522902846985857e+05
7.8522902846985857e+05
7.8522902846985857e+05
8.0404946385819267e+05
8.5005414385910146e+05
8.5005414385910146e+05
8.5005414385910146e+05
8.5005414385910146e+05
8.5005414385910146e+05
8.5005414385910146e+05
8.5005414385910146e+05
8.5005414385910146e+05
8.5005414385910146e+05
8.5005414385910146e+05
8.5005414385910146e+05
8.5005414385910146e+05
8.5005414385910146e+05
8.5005414385910146e+05
8.5005414385910146e+05
8.5005414385910146e+05
8.5005414385910146e+05
8.5005414385910146e+05
8.5005414385910146e+05
8.6296440225365479e+05
9.0876963781019859e+05
9.0876963781019859e+05
9.0876963781019859e+05
9.0876963781019859e+05
9.0876963781019859e+05
9.0876963781019859e+05
9.0876963781019859e+05
9.0876963781019859e+05
9.0876963781019859e+05
9.0876963781019859e+05
9.0876963781019859e+05
9.0876963781019859e+05
9.0876963781019859e+05
9.0876963781019859e+05
9.0876963781019859e+05
9.0876963781019859e+05
9.0876963781019859e+05
9.0876963781019859e+05
9.0876963781019859e+05
9.1686572148445994e+05
9.6259706567211077e+05
9.6259706567211077e+05
9.6259706567211077e+05
9.6259706567211077e+05
9.6259706567211077e+05
9.6259706567211077e+05
9.6259706567211077e+05
9.6259706567211077e+05
9.6259706567211077e+05
9.6259706567211077e+05
9.6259706567211077e+05
