0.0000000000000000e+00
0.0000000000000000e+00
0.0000000000000000e+00
0.0000000000000000e+00
0.0000000000000000e+00
0.0000000000000000e+00
0.0000000000000000e+00
-1.5533332968979334e+01
-3.6795157293874098e+01
-5.8066662812447518e+01
-7.9333330369651421e+01
-7.9333330369651421e+01
-7.9333330369651421e+01
-7.9333330369651421e+01
-7.9333330369651421e+01
-7.9333330369651421e+01
-7.9333330369651421e+01
-7.9333330369651421e+01
-7.9333330369651421e+01
-7.9333330369651421e+01
-7.9333330369651421e+01
-7.9333330369651421e+01
-7.9333330369651421e+01
-6.9533333464556947e+01
-4.8266666921229195e+01
-2.7000005479886905e+01
-5.7333389145150200e+00
1.5533327649758442e+01
3.6799994211118786e+01
5.8066660769966873e+01
7.9333327326191053e+01
7.9333327326191053e+01
7.9333327326191110e+01
7.9333327326191039e+01
7.9333327326191039e+01
7.9333327326191039e+01
7.9333327326191039e+01
7.9333327326191025e+01
7.9333327326191011e+01
7.9333327326191011e+01
7.9333327326191011e+01
7.9333327326191011e+01
7.9333327326191039e+01
6.9533333386514144e+01
4.8266666769826266e+01
2.7000002962891180e+01
5.7333363546930096e+00
-1.5533330252515281e+01
-3.6799996858070926e+01
-5.8066663462078637e+01
-7.9333330064499236e+01
-7.9333330064499236e+01
-7.9333330064499236e+01
-7.9333330064499236e+01
-7.9333330064499236e+01
-7.9333330064499236e+01
-7.9333330064499236e+01
-7.9333330064499236e+01
-7.9333330064499236e+01
-7.9333330064499236e+01
-7.9333330064499236e+01
-7.9333330064499236e+01
-7.9333330064499236e+01
-6.9533333464536938e+01
-4.8266666921204106e+01
-2.7000005479863326e+01
-5.7333389144912736e+00
1.5533327649776815e+01
3.6799994211150256e+01
5.8066660769989717e+01
7.9333327326215425e+01
7.9333327326215425e+01
7.9333327326215411e+01
7.9333327326215368e+01
7.9333327326215368e+01
7.9333327326215368e+01
7.9333327326215368e+01
7.9333327326215368e+01
7.9333327326215368e+01
7.9333327326215368e+01
7.9333327326215368e+01
7.9333327326215368e+01
7.9333327326215397e+01
6.9533333386508787e+01
4.8266666769823146e+01
2.7000002962892111e+01
5.7333363546909872e+00
-1.5533330252509229e+01
-3.6799996858060780e+01
-5.8066663462068576e+01
-7.9333330064497602e+01
-7.9333330064497602e+01
-7.9333330064497602e+01
-7.9333330064497602e+01
-7.9333330064497602e+01
-7.9333330064497602e+01
-7.9333330064497602e+01
-7.9333330064497602e+01
-7.9333330064497602e+01
-7.9333330064497602e+01
-7.9333330064497602e+01
-7.9333330064497602e+01
-7.9333330064497602e+01
-6.9533333464568983e+01
-4.8266666921242468e+01
-2.7000005479904271e+01
-5.7333389145349605e+00
1.5533327649727052e+01
3.6799994211095886e+01
5.8066660769927608e+01
7.9333327326148947e+01
7.9333327326148932e+01
7.9333327326148918e+01
7.9333327326148947e+01
7.9333327326148947e+01
7.9333327326148947e+01
7.9333327326148918e+01
7.9333327326148876e+01
7.9333327326148876e+01
7.9333327326148876e+01
7.9333327326148847e+01
7.9333327326148805e+01
7.9333327326148805e+01
6.9533333386464619e+01
4.8266666769779228e+01
2.7000002962857526e+01
5.7333363546569087e+00
-1.5533330252545557e+01
-3.6799996858093884e+01
-5.8066663462100436e+01
-7.9333330064533300e+01
-7.9333330064533300e+01
-7.9333330064533300e+01
-7.9333330064533300e+01
-7.9333330064533300e+01
-7.9333330064533300e+01
-7.9333330064533300e+01
-7.9333330064533300e+01
-7.9333330064533300e+01
-7.9333330064533300e+01
-7.9333330064533300e+01
-7.9333330064533300e+01
-7.9333330064533300e+01
-6.9533333464577552e+01
-4.8266666921243555e+01
-2.7000005479905983e+01
-5.7333389145315614e+00
1.5533327649727386e+01
3.6799994211103019e+01
5.8066660769946317e+01
7.9333327326170917e+01
7.9333327326170902e+01
7.9333327326170846e+01
7.9333327326170817e+01
7.9333327326170817e+01
7.9333327326170817e+01
7.9333327326170846e+01
7.9333327326170860e+01
7.9333327326170831e+01
7.9333327326170831e+01
7.9333327326170803e+01
7.9333327326170831e+01
7.9333327326170831e+01
6.9533333386492913e+01
4.8266666769810854e+01
2.7000002962883354e+01
5.7333363546824501e+00
-1.5533330252521811e+01
-3.6799996858071012e+01
-5.8066663462085366e+01
-7.9333330064497915e+01
-7.9333330064497915e+01
-7.9333330064497915e+01
-7.9333330064497915e+01
-7.9333330064497915e+01
-7.9333330064497915e+01
-7.9333330064497915e+01
-7.9333330064497915e+01
-7.9333330064497915e+01
-7.9333330064497915e+01
-7.9333330064497915e+01
-7.9333330064497915e+01
-7.9333330064497915e+01
-6.9533333464540561e+01
-4.8266666921214480e+01
-2.7000005479872915e+01
-5.7333389145010116e+00
1.5533327649774510e+01
3.6799994211137985e+01
5.8066660769964500e+01
7.9333327326181788e+01
7.9333327326181774e+01
7.9333327326181802e+01
7.9333327326181802e+01
7.9333327326181802e+01
7.9333327326181802e+01
7.9333327326181760e+01
7.9333327326181731e+01
7.9333327326181731e+01
7.9333327326181731e+01
7.9333327326181717e+01
