0.0000000000000000e+00
0.0000000000000000e+00
0.0000000000000000e+00
0.0000000000000000e+00
0.0000000000000000e+00
0.0000000000000000e+00
0.0000000000000000e+00
7.7969446187154659e-04
1.8526556217785322e-03
2.9318978970296894e-03
4.0167474570260275e-03
4.0167474570260275e-03
4.0167474570260275e-03
4.0167474570260275e-03
4.0167474570260275e-03
4.0167474570260275e-03
4.0167474570260275e-03
4.0167474570260275e-03
4.0167474570260275e-03
4.0167474570260275e-03
4.0167474570260275e-03
4.0167474570260275e-03
4.0167474570260275e-03
4.4983750099696152e-03
5.5490304283539694e-03
6.6052341240283091e-03
7.6670455211461635e-03
8.7345242234704145e-03
9.8077310528152401e-03
1.0886727815505405e-02
1.1971577323597906e-02
1.1971577323597906e-02
1.1971577323597906e-02
1.1971577323597906e-02
1.1971577323597906e-02
1.1971577323597906e-02
1.1971577323597906e-02
1.1971577323597906e-02
1.1971577323597906e-02
1.1971577323597906e-02
1.1971577323597906e-02
1.1971577323597906e-02
1.1971577323597906e-02
1.2453204730813254e-02
1.3503860152861173e-02
1.4560063966682279e-02
1.5621875366616916e-02
1.6689354071793592e-02
1.7762560904085473e-02
1.8841557669803763e-02
1.9926407181010516e-02
1.9926407181010516e-02
1.9926407181010516e-02
1.9926407181010516e-02
1.9926407181010516e-02
1.9926407181010516e-02
1.9926407181010516e-02
1.9926407181010516e-02
1.9926407181010516e-02
1.9926407181010516e-02
1.9926407181010516e-02
1.9926407181010516e-02
1.9926407181010516e-02
2.0408034718958176e-02
2.1458690137342785e-02
2.2514893833017063e-02
2.3576705230134921e-02
2.4644183932458909e-02
2.5717390761804404e-02
2.6796387524494144e-02
2.7881237032586721e-02
2.7881237032586721e-02
2.7881237032586721e-02
2.7881237032586721e-02
2.7881237032586721e-02
2.7881237032586721e-02
2.7881237032586721e-02
2.7881237032586721e-02
2.7881237032586721e-02
2.7881237032586721e-02
2.7881237032586721e-02
2.7881237032586721e-02
2.7881237032586721e-02
2.8362864439803539e-02
2.9413519861851346e-02
3.0469723675672251e-02
3.1531535075607027e-02
3.2599013780783295e-02
3.3672220613074982e-02
3.4751217378793289e-02
3.5836066890000448e-02
3.5836066890000448e-02
3.5836066890000448e-02
3.5836066890000448e-02
3.5836066890000448e-02
3.5836066890000448e-02
3.5836066890000448e-02
3.5836066890000448e-02
3.5836066890000448e-02
3.5836066890000448e-02
3.5836066890000448e-02
3.5836066890000448e-02
3.5836066890000448e-02
3.6317694427946461e-02
3.7368349846330751e-02
3.8424553542004893e-02
3.9486364939122609e-02
4.0553843641446305e-02
4.1627050470791557e-02
4.2706047233480857e-02
4.3790896741573195e-02
4.3790896741573195e-02
4.3790896741573195e-02
4.3790896741573195e-02
4.3790896741573195e-02
4.3790896741573195e-02
4.3790896741573195e-02
4.3790896741573195e-02
4.3790896741573195e-02
4.3790896741573195e-02
4.3790896741573195e-02
4.3790896741573195e-02
4.3790896741573195e-02
4.4272524148788885e-02
4.5323179570836702e-02
4.6379383384657150e-02
4.7441194784591939e-02
4.8508673489768325e-02
4.9581880322059860e-02
5.0660877087778090e-02
5.1745726598985464e-02
5.1745726598985464e-02
5.1745726598985464e-02
5.1745726598985464e-02
5.1745726598985464e-02
5.1745726598985464e-02
5.1745726598985464e-02
5.1745726598985464e-02
5.1745726598985464e-02
5.1745726598985464e-02
5.1745726598985464e-02
5.1745726598985464e-02
5.1745726598985464e-02
5.2227354136932816e-02
5.3278009555317474e-02
5.4334213250991567e-02
5.5396024648109540e-02
5.6463503350433090e-02
5.7536710179778641e-02
5.8615706942468565e-02
5.9700556450561104e-02
5.9700556450561104e-02
5.9700556450561104e-02
5.9700556450561104e-02
5.9700556450561104e-02
5.9700556450561104e-02
5.9700556450561104e-02
5.9700556450561104e-02
5.9700556450561104e-02
5.9700556450561104e-02
5.9700556450561104e-02
5.9700556450561104e-02
5.9700556450561104e-02
6.0182183857776503e-02
6.1232839279824147e-02
6.2289043093644858e-02
6.3350854493579634e-02
6.4418333198756089e-02
6.5491540031047665e-02
6.6570536796766264e-02
6.7655386307972645e-02
6.7655386307972645e-02
6.7655386307972645e-02
6.7655386307972645e-02
6.7655386307972645e-02
6.7655386307972645e-02
6.7655386307972645e-02
6.7655386307972645e-02
6.7655386307972645e-02
6.7655386307972645e-02
6.7655386307972645e-02
6.7655386307972645e-02
6.7655386307972645e-02
6.8137013845920025e-02
6.9187669264304294e-02
7.0243872959978623e-02
7.1305684357096444e-02
7.2373163059420847e-02
7.3446369888765808e-02
7.4525366651454886e-02
7.5610216159547008e-02
7.5610216159547008e-02
7.5610216159547008e-02
7.5610216159547008e-02
7.5610216159547008e-02
7.5610216159547008e-02
7.5610216159547008e-02
7.5610216159547008e-02
7.5610216159547008e-02
7.5610216159547008e-02
7.5610216159547008e-02
