0.0000000000000000e+00
-3.1900000000308562e+01
-6.3807198745751066e+01
-9.5700000000659031e+01
-1.2759999796894445e+02
-1.5950719468144237e+02
-1.9142159217107240e+02
-2.2330000012815449e+02
-2.5520689545505854e+02
-2.8709999991580071e+02
-3.1899999977956008e+02
-2.8710000023534320e+02
-2.5520719740267691e+02
-2.2332158925168304e+02
-1.9140000000219891e+02
-1.5948561356266077e+02
-1.2760000000113307e+02
-9.5700000000949899e+01
-6.3807196714614477e+01
-3.1900000000732287e+01
-4.0629731978417616e-10
3.1899999999350946e+01
6.3792803285505784e+01
9.5699999710774719e+01
1.2759999943757896e+02
1.5949998946307201e+02
1.9139998925567454e+02
2.2329998904577363e+02
2.5519998882980715e+02
2.8709998860823077e+02
3.1899998838080472e+02
2.8709999974655886e+02
2.5519281237077303e+02
2.2327842422177869e+02
1.9139999999783194e+02
1.5951438311654434e+02
1.2759999999919647e+02
9.5699999999185621e+01
6.3792801254118807e+01
3.1899999999135559e+01
-3.6351427680504633e-10
-3.1900000000706722e+01
-6.3807198745831386e+01
-9.5700000018371668e+01
-1.2760000003573840e+02
-1.5949999980724871e+02
-1.9139999980975699e+02
-2.2329999981248730e+02
-2.5519999981504952e+02
-2.8709999981815099e+02
-3.1899999982132624e+02
-2.8710000023453995e+02
-2.5520719735968987e+02
-2.2332158916625153e+02
-1.9140000000157210e+02
-1.5948561364721644e+02
-1.2760000000038727e+02
-9.5700000000264808e+01
-6.3807196714141931e+01
-3.1900000000435973e+01
-9.6324613381216629e-12
3.1900000000039814e+01
6.3792803286205263e+01
9.5699999711496801e+01
1.2759999943846111e+02
1.5949998946395152e+02
1.9139998925641737e+02
2.2329998904668912e+02
2.5519998883070741e+02
2.8709998860886589e+02
3.1899998838185883e+02
2.8709999974737832e+02
2.5519281237190461e+02
2.2327842422259971e+02
1.9139999999892649e+02
1.5951438311756152e+02
1.2760000000016690e+02
9.5700000000147526e+01
6.3792801255153535e+01
3.1900000000379155e+01
7.7246833164291266e-10
-3.1899999999383695e+01
-6.3807198744593634e+01
-9.5700000016788223e+01
-1.2760000003413553e+02
-1.5949999980584465e+02
-1.9139999980856598e+02
-2.2329999981127426e+02
-2.5519999981421483e+02
-2.8709999981712025e+02
-3.1899999982025537e+02
-2.8710000023374386e+02
-2.5520719735876600e+02
-2.2332158916543031e+02
-1.9140000000097879e+02
-1.5948561364679554e+02
-1.2759999999995561e+02
-9.5700000000317615e+01
-6.3807196713899096e+01
-3.1900000000083743e+01
3.2093976254342244e-10
3.1900000000548111e+01
6.3792803286464959e+01
9.5699999711821079e+01
1.2759999943852223e+02
1.5949998946398659e+02
1.9139998925648220e+02
2.2329998904685826e+02
2.5519998883066134e+02
2.8709998860896962e+02
3.1899998838172331e+02
2.8709999974721677e+02
2.5519281237161738e+02
2.2327842422271962e+02
1.9139999999837579e+02
1.5951438311688636e+02
1.2759999999941843e+02
9.5699999999422687e+01
6.3792801254297963e+01
3.1899999999510314e+01
-6.4155118716996627e-11
-3.1900000000186907e+01
-6.3807198745592729e+01
-9.5700000018303697e+01
-1.2760000003564024e+02
-1.5949999980719272e+02
-1.9139999980988853e+02
-2.2329999981272289e+02
-2.5519999981557356e+02
-2.8709999981865047e+02
-3.1899999982185318e+02
-2.8710000023545285e+02
-2.5520719736094682e+02
-2.2332158916765539e+02
-1.9140000000280162e+02
-1.5948561364822379e+02
-1.2760000000136827e+02
-9.5700000001198447e+01
-6.3807196715150205e+01
-3.1900000001506996e+01
-1.1870669133190326e-09
3.1899999998804397e+01
6.3792803285223592e+01
9.5699999710294719e+01
1.2759999943710577e+02
1.5949998946263315e+02
1.9139998925517645e+02
2.2329998904532505e+02
2.5519998882901444e+02
2.8709998860735044e+02
3.1899998838007116e+02
2.8709999974559747e+02
2.5519281236986507e+02
2.2327842422090356e+02
1.9139999999685949e+02
1.5951438311560059e+02
1.2759999999827421e+02
9.5699999998460086e+01
6.3792801253377782e+01
3.1899999998566368e+01
-1.0561489445279968e-09
-3.1900000001116570e+01
-6.3807198746303385e+01
-9.5700000018833009e+01
-1.2760000003645027e+02
-1.5949999980841318e+02
-1.9139999981118180e+02
-2.2329999981387869e+02
-2.5519999981660149e+02
-2.8709999981981969e+02
-3.1899999982324226e+02
-2.8710000023660831e+02
-2.5520719736156266e+02
-2.2332158916826876e+02
-1.9140000000359871e+02
-1.5948561364915756e+02
-1.2760000000213847e+02
-9.5700000002246824e+01
-6.3807196715946674e+01
-3.1900000002168607e+01
-1.8541117987630427e-09
3.1899999997938270e+01
6.3792803284315795e+01
9.5699999709241226e+01
1.2759999943620863e+02
1.5949998946154415e+02
1.9139998925421600e+02
2.2329998904444076e+02
2.5519998882827045e+02
2.8709998860682413e+02
3.1899998837946691e+02
2.8709999974470935e+02
2.5519281236880840e+02
2.2327842421983914e+02
1.9139999999626258e+02
1.5951438311517123e+02
1.2759999999791268e+02
9.5699999998109504e+01
6.3792801252711755e+01
3.1899999997991081e+01
-1.5056245401056481e-09
