0.0000000000000000e+00
-1.8722748093888688e-10
-3.7233692610579160e-03
5.0111624440425206e-10
8.1228622360808722e-07
-3.7217444143444354e-03
-1.1168481406716660e-02
-6.7459626582917005e-07
-1.4159514204020991e-02
-5.6971025700507346e-06
-4.2250495499429563e-06
1.3851232613839783e-07
-3.7180541710937847e-03
-1.1157993281310183e-02
2.0420008877441836e-09
7.4330046613518396e-03
1.5090435958377466e-10
3.0379983587955527e-10
-3.7225576562364693e-03
3.3144790342524457e-10
-3.6001340609820050e-10
-4.7951575929648604e-10
-3.7225583927554236e-03
-9.2361762696746459e-08
-1.8056722136599308e-07
-2.3170820657590917e-06
-2.3725219472647722e-06
-2.4288465438945518e-06
-2.4868188851526174e-06
-2.5466799215406052e-06
-2.6084617918518260e-06
1.4445145837570556e-07
-3.7204701183315976e-03
-1.1165263142706910e-02
2.0641422517772730e-09
7.4443282589850782e-03
4.9730893454412104e-10
3.8089012940714443e-10
-3.7233685939658473e-03
3.2870972595403699e-10
-8.2179108333038718e-11
-4.6026076430284930e-10
-3.7233693448986481e-03
-9.8102207892734448e-08
-1.9043747216762935e-07
-4.2515093000214640e-06
-4.3417678727411022e-06
-4.4336668948624184e-06
-4.5278971669514217e-06
-4.6250121404185242e-06
-4.7245472309107297e-06
1.3925767421182766e-07
-3.7175537766052759e-03
-1.1156992971793621e-02
2.4464362012649367e-09
7.4320048039873635e-03
7.3253283263366681e-10
8.4182999228124722e-10
-3.7225572968068348e-03
7.3700411169944024e-10
1.0032955548975950e-10
2.3904926971649777e-10
-3.7225577133568393e-03
-9.1548211170566513e-08
-1.7961365758945603e-07
-2.3161911119706752e-06
-2.3717861813133366e-06
-2.4279771531719950e-06
-2.4859716342172464e-06
-2.5460898759443408e-06
-2.6074087269193309e-06
1.4526367867252787e-07
-3.7204691201714419e-03
-1.1165262316485892e-02
3.1674037056728600e-09
7.4443294077158511e-03
1.4934825200463676e-09
1.4372264289232543e-09
-3.7233674660940449e-03
1.6765717511735888e-09
1.0596683745007918e-09
1.0504861252869539e-09
-3.7233678154699754e-03
-9.6509716446870797e-08
-1.8882934442671792e-07
-4.2501540763269058e-06
-4.3405729408135541e-06
-4.4325174062065153e-06
-4.5271172351966618e-06
-4.6240109070414656e-06
-4.7234490744508946e-06
1.4011846859303666e-07
-3.7175527205589084e-03
-1.1156991884200555e-02
3.2768394719781850e-09
7.4320054122069728e-03
1.3137461759163467e-09
1.0279168001069885e-09
-3.7225568185118621e-03
1.1986761963877214e-09
6.7578034418450321e-10
9.0443309092748470e-10
-3.7225573281701274e-03
-9.1269364437087773e-08
-1.7957610923386216e-07
-2.3161179188550185e-06
-2.3716560044081595e-06
-2.4276981314357436e-06
-2.4859442155036244e-06
-2.5458970055805705e-06
-2.6074811072122501e-06
1.4502413862618468e-07
-3.7204695114341634e-03
-1.1165262463076878e-02
2.5912472418011136e-09
7.4443286997366662e-03
6.4207367412131309e-10
7.1230260387409948e-10
-3.7233682109216264e-03
7.5873025095272637e-10
-3.0765945846924773e-11
-9.4277104740814845e-11
-3.7233691938457496e-03
-9.8070586945840279e-08
-1.9033008862809922e-07
-4.2514933587958693e-06
-4.3418829540178560e-06
-4.4339106114383578e-06
-4.5284819552473410e-06
-4.6254917276649880e-06
-4.7250960430517038e-06
1.3838986684067840e-07
-3.7175548788474567e-03
-1.1156994072351715e-02
1.2941192473477647e-09
7.4320038566789773e-03
-2.5878912643418707e-10
-2.6083311853243814e-10
-3.7225585613956018e-03
-6.2611674657647781e-10
-1.3922634221814774e-09
-1.3228982225592914e-09
-3.7225591693403779e-03
-9.3072079470354917e-08
-1.8116151665800802e-07
-2.3176267789473716e-06
-2.3731010151793818e-06
-2.4293699156713950e-06
-2.4877222922448204e-06
-2.5476504537525260e-06
-2.6092560569184992e-06
1.4343704334647879e-07
-3.7204711595988133e-03
-1.1165264070795978e-02
8.8094810341540968e-10
7.4443270131108246e-03
-6.2504112363480994e-10
-3.9159743660935709e-10
-3.7233693961141075e-03
-2.2989827602995251e-10
-8.8564378677238962e-10
-8.9723150245903061e-10
-3.7233700012952705e-03
-9.8659505124505534e-08
-1.9124532936770112e-07
-4.2528311055697870e-06
-4.3433098998172343e-06
-4.4351916228459612e-06
-4.5295613654752593e-06
-4.6267947333830348e-06
-4.7265611146221533e-06
1.3711028999731174e-07
-3.7175557434739404e-03
-1.1156994960674287e-02
5.3855802780187864e-10
7.4320030945902865e-03
-1.0937801188805401e-09
-1.2424240186746160e-09
-3.7225592811819326e-03
-1.2031494082156558e-09
-1.8779853308483988e-09
-1.9987173092526267e-09
-3.7225597939439256e-03
-9.3961754845588861e-08
-1.8203093856782739e-07
-2.3187413668014878e-06
-2.3741161518642545e-06
-2.4302872055250282e-06
-2.4884922540205656e-06
-2.5481999817098910e-06
-2.6098942145869051e-06
1.4242727120743190e-07
-3.7204723531816444e-03
-1.1165265339355867e-02
2.2158579726256186e-10
7.4443266228188844e-03
-1.2204199589814785e-09
-1.0048104879375524e-09
-3.7233702131476091e-03
-1.0817975995813219e-09
-1.6129232369555353e-09
