0.0000000000000000e+00
0.0000000000000000e+00
0.0000000000000000e+00
0.0000000000000000e+00
0.0000000000000000e+00
0.0000000000000000e+00
0.0000000000000000e+00
7.9999999781159314e-04
1.8666164949188385e-03
2.9333333161864323e-03
3.9999999872268157e-03
3.9999999872268157e-03
3.9999999872268157e-03
3.9999999872268157e-03
3.9999999872268157e-03
3.9999999872268157e-03
3.9999999872268157e-03
3.9999999872268157e-03
3.9999999872268157e-03
3.9999999872268157e-03
3.9999999872268157e-03
3.9999999872268157e-03
3.9999999872268157e-03
4.5333333082169004e-03
5.5999999748770155e-03
6.6666666553609668e-03
7.7333333220276764e-03
8.7999999886941363e-03
9.8666666553610446e-03
1.0933333322027589e-02
1.1999999988693709e-02
1.1999999988693709e-02
1.1999999988693709e-02
1.1999999988693709e-02
1.1999999988693709e-02
1.1999999988693709e-02
1.1999999988693709e-02
1.1999999988693709e-02
1.1999999988693709e-02
1.1999999988693709e-02
1.1999999988693709e-02
1.1999999988693709e-02
1.1999999988693709e-02
1.2533333335837159e-02
1.3600000002497023e-02
1.4666666655430254e-02
1.5733333322096026e-02
1.6799999988763366e-02
1.7866666655429634e-02
1.8933333322096603e-02
1.9999999988762729e-02
1.9999999988762729e-02
1.9999999988762729e-02
1.9999999988762729e-02
1.9999999988762729e-02
1.9999999988762729e-02
1.9999999988762729e-02
1.9999999988762729e-02
1.9999999988762729e-02
1.9999999988762729e-02
1.9999999988762729e-02
1.9999999988762729e-02
1.9999999988762729e-02
2.0533333308355599e-02
2.1599999975015643e-02
2.2666666655499552e-02
2.3733333322166504e-02
2.4799999988832692e-02
2.5866666655499131e-02
2.6933333322166159e-02
2.7999999988832656e-02
2.7999999988832656e-02
2.7999999988832656e-02
2.7999999988832656e-02
2.7999999988832656e-02
2.7999999988832656e-02
2.7999999988832656e-02
2.7999999988832656e-02
2.7999999988832656e-02
2.7999999988832656e-02
2.7999999988832656e-02
2.7999999988832656e-02
2.7999999988832656e-02
2.8533333335975141e-02
2.9600000002635143e-02
3.0666666655568598e-02
3.1733333322234526e-02
3.2799999988901082e-02
3.3866666655568360e-02
3.4933333322235284e-02
3.5999999988902097e-02
3.5999999988902097e-02
3.5999999988902097e-02
3.5999999988902097e-02
3.5999999988902097e-02
3.5999999988902097e-02
3.5999999988902097e-02
3.5999999988902097e-02
3.5999999988902097e-02
3.5999999988902097e-02
3.5999999988902097e-02
3.5999999988902097e-02
3.5999999988902097e-02
3.6533333308495126e-02
3.7599999975155014e-02
3.8666666655638116e-02
3.9733333322305456e-02
4.0799999988971901e-02
4.1866666655638388e-02
4.2933333322304590e-02
4.3999999988971382e-02
4.3999999988971382e-02
4.3999999988971382e-02
4.3999999988971382e-02
4.3999999988971382e-02
4.3999999988971382e-02
4.3999999988971382e-02
4.3999999988971382e-02
4.3999999988971382e-02
4.3999999988971382e-02
4.3999999988971382e-02
4.3999999988971382e-02
4.3999999988971382e-02
4.4533333336113923e-02
4.5600000002774130e-02
4.6666666655707699e-02
4.7733333322373242e-02
4.8799999989040513e-02
4.9866666655707312e-02
5.0933333322374506e-02
5.1999999989041062e-02
5.1999999989041062e-02
5.1999999989041062e-02
5.1999999989041062e-02
5.1999999989041062e-02
5.1999999989041062e-02
5.1999999989041062e-02
5.1999999989041062e-02
5.1999999989041062e-02
5.1999999989041062e-02
5.1999999989041062e-02
5.1999999989041062e-02
5.1999999989041062e-02
5.2533333308632274e-02
5.3599999975291995e-02
5.4666666655775825e-02
5.5733333322443041e-02
5.6799999989109409e-02
5.7866666655776278e-02
5.8933333322443021e-02
5.9999999989109119e-02
5.9999999989109119e-02
5.9999999989109119e-02
5.9999999989109119e-02
5.9999999989109119e-02
5.9999999989109119e-02
5.9999999989109119e-02
5.9999999989109119e-02
5.9999999989109119e-02
5.9999999989109119e-02
5.9999999989109119e-02
5.9999999989109119e-02
5.9999999989109119e-02
6.0533333336251688e-02
6.1600000002911826e-02
6.2666666655844985e-02
6.3733333322511479e-02
6.4799999989178819e-02
6.5866666655845729e-02
6.6933333322512195e-02
6.7999999989178800e-02
6.7999999989178800e-02
6.7999999989178800e-02
6.7999999989178800e-02
6.7999999989178800e-02
6.7999999989178800e-02
6.7999999989178800e-02
6.7999999989178800e-02
6.7999999989178800e-02
6.7999999989178800e-02
6.7999999989178800e-02
6.7999999989178800e-02
6.7999999989178800e-02
6.8533333308770580e-02
6.9599999975430218e-02
7.0666666655914132e-02
7.1733333322581805e-02
7.2799999989248437e-02
7.3866666655915153e-02
7.4933333322581980e-02
7.5999999989248238e-02
7.5999999989248238e-02
7.5999999989248238e-02
7.5999999989248238e-02
7.5999999989248238e-02
7.5999999989248238e-02
7.5999999989248238e-02
7.5999999989248238e-02
7.5999999989248238e-02
7.5999999989248238e-02
7.5999999989248238e-02
