0.0000000000000000e+00
1.4291761660695110e-04
2.8587317072952244e-04
4.2880829148284402e-04
5.7172298470688871e-04
7.1461725624026530e-04
8.5761951218882759e-04
1.0080398757386368e-03
1.8798035666969990e-03
2.8097728995570836e-03
3.7562656025014862e-03
3.6133275490210660e-03
3.4703690613327280e-03
3.3273901335933980e-03
3.1845177927665785e-03
3.0416250365170186e-03
2.8987118590098407e-03
2.7557080366752782e-03
2.6127714513064964e-03
2.4698144321502213e-03
2.3268982805758451e-03
2.1839617010550069e-03
2.0410046877470558e-03
1.8980885244784256e-03
1.7551519332598012e-03
1.6121949082515494e-03
1.4692174436102138e-03
1.3262195334904166e-03
1.1834055976275104e-03
1.0405712630309613e-03
5.2240390846232767e-04
6.6525929810289542e-04
8.0809428299631831e-04
9.5113246878544551e-04
1.0940690541682355e-03
1.2369852116030184e-03
1.3798809469286924e-03
1.5228788102501067e-03
1.6658153956234571e-03
1.8087519809905838e-03
1.9516885663565251e-03
2.0946047237741447e-03
2.2375617370864144e-03
2.3804983166117906e-03
2.5234144681914629e-03
2.6663101976640668e-03
2.8093080785433666e-03
2.9522855139534126e-03
3.0952425097389509e-03
3.2381790717418216e-03
3.3810952058047706e-03
3.2381178348126751e-03
3.0951200183691966e-03
2.9522446639071174e-03
2.8093488931616823e-03
2.6664327002965602e-03
2.5234960794729305e-03
2.3805390248517518e-03
2.2375615305882876e-03
2.0946251517210079e-03
1.9516885663572951e-03
1.8087519809909917e-03
1.6657949618367673e-03
1.5228788102570356e-03
1.3799422307321930e-03
1.2369852174211726e-03
1.0940077644801369e-03
9.5100986606359763e-04
8.0819588340675362e-04
6.6536150200277827e-04
5.2166668673726791e-04
6.6460326120004114e-04
8.0751940771834349e-04
9.5041513212984279e-04
1.0934130172873310e-03
1.2363904569739370e-03
1.3793474570343517e-03
1.5222227733916946e-03
1.6651593587564235e-03
1.8080959441258012e-03
1.9510325294923056e-03
2.0939486869113988e-03
2.2369057002225232e-03
2.3798422797472242e-03
2.5227584313259961e-03
2.6656541607964859e-03
2.8086520416788913e-03
2.9516294770907596e-03
3.0945864728781072e-03
3.2375230348841598e-03
3.3804391689492884e-03
3.2374617979465800e-03
3.0944639814919584e-03
2.9515886270413128e-03
2.8086928563068824e-03
2.6657766634524192e-03
2.5228400426398584e-03
2.3798829880293431e-03
2.2369054937779595e-03
2.0939691148562497e-03
1.9510325294925289e-03
1.8080959441256123e-03
1.6651389249720617e-03
1.5222227733924835e-03
1.3792861938671170e-03
1.2363291805555991e-03
1.0933517276143128e-03
9.5035382919773394e-04
8.0753984654095476e-04
6.6470546513871154e-04
5.2185067916012183e-04
6.6460326120097138e-04
8.0753984654067081e-04
9.5045600393378214e-04
1.0933517392178831e-03
1.2363496026536660e-03
1.3793270206252919e-03
1.5222227733922805e-03
1.6651593587582048e-03
1.8080959441265981e-03
1.9510325294927590e-03
2.0939486869108936e-03
2.2369057002220695e-03
2.3798422797478794e-03
2.5227584313275353e-03
2.6656541607997884e-03
2.8086520416794069e-03
2.9516294770891697e-03
3.0945864728743324e-03
3.2375230348774512e-03
3.3804391689403104e-03
3.2374617979472236e-03
3.0944639815016972e-03
2.9515886270423098e-03
2.8086928562997449e-03
2.6657766634368796e-03
2.5228400426156828e-03
2.3798829879965655e-03
2.2369054937361821e-03
2.0939691148575273e-03
1.9510325294931747e-03
1.8080959441266298e-03
1.6651389249722538e-03
1.5222227733929774e-03
1.3792861938666037e-03
1.2363291805540595e-03
1.0933517276123599e-03
9.5035382919495264e-04
8.0753984654150890e-04
6.6470546514105059e-04
5.2185067916486457e-04
6.6460326120138273e-04
8.0753984654156072e-04
9.5045600393384492e-04
1.0933517392171187e-03
1.2363496026547363e-03
1.3793270206262402e-03
1.5222227733923620e-03
1.6651593587583373e-03
1.8080959441265385e-03
1.9510325294931120e-03
2.0939486869106841e-03
2.2369057002218488e-03
2.3798422797467233e-03
2.5227584313268110e-03
2.6656541607985905e-03
2.8086520416791046e-03
2.9516294770906473e-03
3.0945864728761535e-03
3.2375230348802141e-03
3.3804391689438505e-03
3.2374617979469313e-03
3.0944639814987069e-03
2.9515886270424568e-03
2.8086928563015893e-03
2.6657766634418305e-03
2.5228400426241756e-03
2.3798829880083282e-03
2.2369054937505404e-03
2.0939691148569432e-03
1.9510325294925378e-03
1.8080959441270214e-03
1.6651389249731047e-03
1.5222227733939441e-03
1.3792861938691837e-03
1.2363291805570710e-03
1.0933517276160288e-03
9.5035382919921810e-04
8.0753984654346718e-04
6.6470546514104235e-04
5.2185067916360657e-04
6.6460326120352197e-04
8.0753984654404300e-04
9.5045600393700179e-04
1.0933517392203338e-03
1.2363496026570246e-03
1.3793270206290730e-03
1.5222227733957473e-03
1.6651593587614676e-03
1.8080959441295981e-03
1.9510325294948519e-03
