0.0000000000000000e+00
-1.7197777709425042e-16
-1.7197777709438751e-16
-2.0717043678167617e-16
-2.5723726461230022e-16
5.0105916313991445e-16
5.1593333128330332e-16
4.8618499499649078e-16
3.3997003284670286e-16
6.2297011240364392e-16
5.1194780994112471e-16
1.3824391946562800e-16
-3.3160810532901448e-16
-4.6294889933545919e-16
-3.6281524367421765e-16
-4.3320056304869365e-16
-3.9256357996040698e-16
-7.0677079786301702e-16
-8.6931873021468842e-16
-1.2375782972895288e-15
-1.1265559948270176e-15
-1.0804746883384735e-15
-1.0100893689638761e-15
-3.3306690738754617e-16
-2.5723726461220378e-16
3.5484420099026478e-16
2.1261476018288463e-16
-2.7755575615516673e-16
-1.9628178998043123e-16
2.8445888161748143e-16
-2.8154127749830085e-16
1.6254793235176853e-16
1.3678511740717954e-16
1.1646662586324885e-16
5.0105916314011611e-16
-9.4689332260339707e-17
1.6332970202248695e-17
2.1777293602689705e-17
1.6254793235180930e-16
9.3027420484671768e-16
1.4462075361297967e-15
9.4116285164781306e-16
5.3226630148518522e-16
-4.8608025771782838e-17
-7.8658596197979156e-16
-1.5020048349119011e-16
4.7540108547241790e-17
-2.3545997101004970e-16
3.8110263803782238e-17
-3.2275055571124209e-17
-1.1956564027406146e-17
-6.4834204251433304e-16
-7.4449017683054164e-16
-1.2346606931719982e-15
-5.3731974005404355e-16
-6.5122406292763382e-18
-1.7849001772466117e-16
-5.0212708036929524e-16
8.4191570289908645e-17
2.3585085584375090e-16
-2.1368267740685864e-16
-6.2023391856477054e-17
-1.3240871123110476e-16
-9.6109045835722765e-16
-9.2589779866918842e-16
-1.4160683150065610e-15
-1.1994680334802623e-15
-1.1940237100770407e-15
-8.7038664743828765e-16
-9.2589779867112941e-16
-9.8685327330038030e-16
-7.5392002157439876e-16
-3.2275055568237619e-17
-7.3506033208960201e-16
-9.0703810918473137e-16
-3.5192659687268095e-16
-3.1128961378540886e-16
1.6400673441038645e-16
9.5749582184988636e-16
1.1349179223450747e-15
7.5032538506833167e-16
7.6519955321170072e-16
1.4368824286645485e-16
-3.2616378192828294e-16
-8.7184544949818861e-16
-1.3471417976934984e-15
-1.8373123140318632e-15
-2.0945495786437980e-15
-2.1297422383302680e-15
-1.9726386293784773e-15
-1.9929571209213809e-15
-2.7512535486764756e-15
-3.1859129137837295e-15
-3.4188461655101885e-15
-3.4337203336502863e-15
-2.8067646998972491e-15
-3.1006534262431539e-15
-3.1764830690010052e-15
-3.1155275943446506e-15
-3.1100832710087717e-15
-2.9624095068003968e-15
-2.8662613724813126e-15
-2.4112835158299958e-15
-2.5019873267483942e-15
-2.4613503436597758e-15
-1.7084982393074333e-15
-1.0017274414425663e-15
-1.0978755757595575e-15
-9.8140894990164433e-16
-3.7477180769936812e-16
-2.5830518182549467e-16
-7.8911268126334341e-16
-1.2440905379146296e-15
-4.9123843356294112e-16
-3.2869050121118137e-16
-9.1500915186943785e-16
-1.1980092314266234e-15
-7.8366835786308287e-16
-5.6579068456304244e-17
5.9069505683328840e-16
1.5358434298231696e-15
1.6671842238296066e-15
1.4099469592172949e-15
1.3896284676734097e-15
1.9407544586439605e-15
2.0572210845071549e-15
2.2291988616013717e-15
1.7390283452632175e-15
1.7281396984630232e-15
2.2738213660345588e-15
2.0165841014239458e-15
1.8797989840119664e-15
1.4099469592219296e-15
1.4709024338491431e-15
1.9813914417370001e-15
2.5731544158122917e-15
2.4066209621488637e-15
2.2955986597317927e-15
2.5582802478103156e-15
2.5379617561028141e-15
2.6137913988780453e-15
2.4824506048715942e-15
2.0477912397642705e-15
2.1791320337706778e-15
1.6131318746567358e-15
1.5779392149693020e-15
2.2088803700569736e-15
2.8155175122584008e-15
3.0023694574965902e-15
3.6888217638161284e-15
3.2392882305659353e-15
2.4715619580698178e-15
2.1127322357377261e-15
2.1736877103696611e-15
2.2495173531449253e-15
2.2088803700571806e-15
2.1181765591388541e-15
1.5467320766243151e-15
1.3638656527286728e-15
1.4803322785918286e-15
2.1072879123375605e-15
1.5006507701358485e-15
8.9401362793421965e-16
1.7635418327008097e-16
2.5218382604556959e-16
6.9082871249517795e-16
6.4474740600603209e-16
1.1552364138884621e-15
1.6141997918820380e-15
1.8362443968076389e-15
1.8511185649517066e-15
1.6791407878559101e-15
1.5721040067387576e-15
1.5517855151914971e-15
1.5721040067364680e-15
1.5314670236547594e-15
1.3852520615169596e-15
1.3758222167932512e-15
1.4055705531071967e-15
1.0318666625660063e-15
4.5099233530894883e-16
4.9162931839675508e-16
4.9162931839663793e-16
4.7131082685280896e-16
4.8618499499633765e-16
5.4169614622782197e-16
6.4328860394780293e-16
1.1248110452179807e-16
-4.8472619293865645e-16
-2.2204460492784675e-16
5.1593333127665282e-16
3.6427404573217653e-16
6.2151131034441625e-16
6.6759261683302677e-16
4.0636983087338597e-17
-2.6268158801344296e-16
-5.0504468448217904e-16
-5.4023734416962239e-16
-6.7702246157667179e-16
3.5192659686990704e-17
-3.4560119517248968e-28
