0.0000000000000000e+00
-6.1256660358280466e-05
-1.2251707316949452e-04
-1.8378123904815754e-04
-2.4504915845513037e-04
-3.0632083185018109e-04
-3.6755121950077696e-04
-4.3553662171306941e-04
-1.1826554923201210e-03
-2.0017398238423886e-03
-2.8453749696216537e-03
-2.7841218420221713e-03
-2.7228724661387911e-03
-2.6616268415108192e-03
-2.6003462324503024e-03
-2.5390693784721544e-03
-2.4777962791170159e-03
-2.4165706227017064e-03
-2.3553120861145756e-03
-2.2940573019056471e-03
-2.2327950129472952e-03
-2.1715364768271680e-03
-2.1102816930850519e-03
-2.0490194031906328e-03
-1.9877608661345962e-03
-1.9265060814564413e-03
-1.8652550486982456e-03
-1.8040077673994773e-03
-1.7427267202398424e-03
-1.6814494282167344e-03
-1.2955668335373539e-03
-1.3566091908953544e-03
-1.4176552746503507e-03
-1.4791262643522745e-03
-1.5403848008121337e-03
-1.6016470901109390e-03
-1.6629131327066961e-03
-1.7241604105162997e-03
-1.7854189471096711e-03
-1.8466774836956290e-03
-1.9079360202810868e-03
-1.9691983097052017e-03
-2.0304530934497963e-03
-2.0917116295729385e-03
-2.1529739185345564e-03
-2.2142399607936306e-03
-2.2754872397839120e-03
-2.3367382702338957e-03
-2.3979930526018514e-03
-2.4592515873485959e-03
-2.5205138749325165e-03
-2.4592628490600951e-03
-2.3980155746451647e-03
-2.3367457763654232e-03
-2.2754797318444977e-03
-2.2142174406211616e-03
-2.1529589022374934e-03
-2.0917041162316400e-03
-2.0304530821447296e-03
-1.9691945568657988e-03
-1.9079360202819886e-03
-1.8466774836967941e-03
-1.7854226994902145e-03
-1.7241604105239280e-03
-1.6629018743955426e-03
-1.6016470906455012e-03
-1.5403960588143935e-03
-1.4791487784423019e-03
-1.4178677275729556e-03
-1.3565904318408649e-03
-1.2947826293461917e-03
-1.3560411253464915e-03
-1.4173033741798689e-03
-1.4785693763068057e-03
-1.5398167351455478e-03
-1.6010678454528640e-03
-1.6623227076884651e-03
-1.7235923449085626e-03
-1.7848508814921412e-03
-1.8461094180820766e-03
-1.9073679546673455e-03
-1.9686302440903945e-03
-2.0298850278355901e-03
-2.0911435639592792e-03
-2.1524058529213529e-03
-2.2136718951810100e-03
-2.2749191741704127e-03
-2.3361702046187653e-03
-2.3974249869854942e-03
-2.4586835217303023e-03
-2.5199458093130411e-03
-2.4586947834454183e-03
-2.3974475090360070e-03
-2.3361777107522106e-03
-2.2749116662259040e-03
-2.2136493749978720e-03
-2.1523908366087342e-03
-2.0911360505983891e-03
-2.0298850165068778e-03
-1.9686264912505743e-03
-1.9073679546668827e-03
-1.8461094180813242e-03
-1.7848546338743684e-03
-1.7235923449083540e-03
-1.6623338087805872e-03
-1.6010790250315825e-03
-1.5398279932003255e-03
-1.4785807128287333e-03
-1.4172996619568612e-03
-1.3560223662214350e-03
-1.2947488251638523e-03
-1.3560411253449359e-03
-1.4172996619565474e-03
-1.4785619514058350e-03
-1.5398279941531584e-03
-1.6010752717290073e-03
-1.6623263007631386e-03
-1.7235923449066598e-03
-1.7848508814918495e-03
-1.8461094180787982e-03
-1.9073679546641300e-03
-1.9686302440879416e-03
-2.0298850278326970e-03
-2.0911435639558978e-03
-2.1524058529170569e-03
-2.2136718951763718e-03
-2.2749191741668500e-03
-2.3361702046167934e-03
-2.3974249869852817e-03
-2.4586835217316793e-03
-2.5199458093163661e-03
-2.4586947834417572e-03
-2.3974475090261086e-03
-2.3361777107480928e-03
-2.2749116662288365e-03
-2.2136493750076307e-03
-2.1523908366248541e-03
-2.0911360506212415e-03
-2.0298850165359917e-03
-1.9686264912466976e-03
-1.9073679546633799e-03
-1.8461094180782104e-03
-1.7848546338710305e-03
-1.7235923449048539e-03
-1.6623338087775738e-03
-1.6010790250287239e-03
-1.5398279931986300e-03
-1.4785807128267644e-03
-1.4172996619547331e-03
-1.3560223662196311e-03
-1.2947488251609245e-03
-1.3560411253428972e-03
-1.4172996619541908e-03
-1.4785619514044598e-03
-1.5398279941518710e-03
-1.6010752717271590e-03
-1.6623263007617848e-03
-1.7235923449053366e-03
-1.7848508814907937e-03
-1.8461094180785911e-03
-1.9073679546635252e-03
-1.9686302440871995e-03
-2.0298850278327781e-03
-2.0911435639563475e-03
-2.1524058529179247e-03
-2.2136718951769573e-03
-2.2749191741666440e-03
-2.3361702046151706e-03
-2.3974249869821909e-03
-2.4586835217276079e-03
-2.5199458093112899e-03
-2.4586947834416722e-03
-2.3974475090310916e-03
-2.3361777107487685e-03
-2.2749116662243675e-03
-2.2136493749982211e-03
-2.1523908366107296e-03
-2.0911360506021344e-03
-2.0298850165121770e-03
-1.9686264912482359e-03
-1.9073679546650086e-03
-1.8461094180795244e-03
-1.7848546338720696e-03
-1.7235923449064317e-03
-1.6623338087779866e-03
-1.6010790250288005e-03
-1.5398279931984140e-03
-1.4785807128269851e-03
-1.4172996619560975e-03
-1.3560223662222508e-03
-1.2947488251651130e-03
-1.3560411253453267e-03
-1.4172996619564214e-03
-1.4785619514061129e-03
-1.5398279941541376e-03
-1.6010752717299870e-03
-1.6623263007640578e-03
-1.7235923449073699e-03
-1.7848508814931440e-03
-1.8461094180807010e-03
-1.9073679546658148e-03
