0.0000000000000000e+00
0.0000000000000000e+00
0.0000000000000000e+00
0.0000000000000000e+00
0.0000000000000000e+00
0.0000000000000000e+00
0.0000000000000000e+00
8.4212997206132942e-06
8.3227019682867269e-04
1.7271216768207172e-03
2.6442739349933938e-03
2.6442739349933938e-03
2.6442739349933938e-03
2.6442739349933938e-03
2.6442739349933938e-03
2.6442739349933938e-03
2.6442739349933938e-03
2.6442739349933938e-03
2.6442739349933938e-03
2.6442739349933938e-03
2.6442739349933938e-03
2.6442739349933938e-03
2.6442739349933938e-03
2.6442739349933938e-03
2.6442739349933938e-03
2.6442739349933938e-03
2.6442739349933938e-03
2.6442739349933938e-03
2.6442739349933938e-03
2.6442739349933938e-03
3.0676063904932901e-03
3.0676063904932901e-03
3.0676063904932901e-03
3.0676063904932901e-03
3.0676063904932901e-03
3.0676063904932901e-03
3.0676063904932901e-03
3.0676063904932901e-03
3.0676063904932901e-03
3.0676063904932901e-03
3.0676063904932901e-03
3.0676063904932901e-03
3.0676063904932901e-03
3.0676063904932901e-03
3.0676063904932901e-03
3.0676063904932901e-03
3.0676063904932901e-03
3.0676063904932901e-03
3.0676063904932901e-03
3.0676063904932901e-03
3.0676063904932901e-03
3.0676063904932901e-03
3.0676063904932901e-03
3.0676063904932901e-03
3.0676063904932901e-03
3.0676063904932901e-03
3.0676063904932901e-03
3.0676063904932901e-03
3.0676063904932901e-03
3.0676063904932901e-03
3.0676063904932901e-03
3.0676063904932901e-03
3.0676063904932901e-03
3.0676063904932901e-03
3.0676063904932901e-03
3.0676063904932901e-03
3.0676063904932901e-03
3.0676063904932901e-03
3.0676063904932901e-03
3.0676063904932901e-03
3.0683465553448031e-03
3.0683465553448031e-03
3.0683465553448031e-03
3.0683465553448031e-03
3.0683465553448031e-03
3.0683465553448031e-03
3.0683465553448031e-03
3.0683465553448031e-03
3.0683465553448031e-03
3.0683465553448031e-03
3.0683465553448031e-03
3.0683465553448031e-03
3.0683465553448031e-03
3.0683465553448031e-03
3.0683465553448031e-03
3.0683465553448031e-03
3.0683465553448031e-03
3.0683465553448031e-03
3.0683465553448031e-03
3.0683465553448031e-03
3.0683465553448031e-03
3.0683465553448031e-03
3.0683465553448031e-03
3.0683465553448031e-03
3.0683465553448031e-03
3.0683465553448031e-03
3.0683465553448031e-03
3.0683465553448031e-03
3.0683465553448031e-03
3.0683465553448031e-03
3.0683465553448031e-03
3.0683465553448031e-03
3.0683465553448031e-03
3.0683465553448031e-03
3.0683465553448031e-03
3.0683465553448031e-03
3.0683465553448031e-03
3.0683465553448031e-03
3.0683465553448031e-03
3.0683465553448031e-03
3.0683465553448031e-03
3.0683465553448031e-03
3.0683465553448031e-03
3.0683465553448031e-03
3.0683465553448031e-03
3.0683465553448031e-03
3.0683465553448031e-03
3.0683465553448031e-03
3.0683465553448031e-03
3.0683465553448031e-03
3.0683465553448031e-03
3.0683465553448031e-03
3.0683465553448031e-03
3.0683465553448031e-03
3.0683465553448031e-03
3.0683465553448031e-03
3.0683465553448031e-03
3.0683465553448031e-03
3.0683465553448031e-03
3.0683465553448031e-03
3.0683465553448031e-03
3.0683465553448031e-03
3.0683465553448031e-03
3.0683465553448031e-03
3.0683465553448031e-03
3.0683465553448031e-03
3.0683465553448031e-03
3.0683465553448031e-03
3.0683465553448031e-03
3.0683465553448031e-03
3.0683465553448031e-03
3.0683465553448031e-03
3.0683465553448031e-03
3.0683465553448031e-03
3.0683465553448031e-03
3.0683465553448031e-03
3.0683465553448031e-03
3.0683465553448031e-03
3.0683465553448031e-03
3.0683465553448031e-03
3.0683465553448031e-03
3.0683465553448031e-03
3.0683465553448031e-03
3.0683465553448031e-03
3.0683465553448031e-03
3.0683465553448031e-03
3.0683465553448031e-03
3.0683465553448031e-03
3.0683465553448031e-03
3.0683465553448031e-03
3.0683465553448031e-03
3.0683465553448031e-03
3.0683465553448031e-03
3.0683465553448031e-03
3.0683465553448031e-03
3.0683465553448031e-03
3.0683465553448031e-03
3.0683465553448031e-03
3.0683465553448031e-03
3.0683465553448031e-03
3.0683465553448031e-03
3.0683465553448031e-03
3.0683465553448031e-03
3.0683465553448031e-03
3.0683465553448031e-03
3.0683465553448031e-03
3.0683465553448031e-03
3.0683465553448031e-03
3.0683465553448031e-03
3.0683465553448031e-03
3.0683465553448031e-03
3.0683465553448031e-03
3.0683465553448031e-03
3.0683465553448031e-03
3.0683465553448031e-03
3.0683465553448031e-03
3.0683465553448031e-03
3.0683465553448031e-03
3.0683465553448031e-03
3.0683465553448031e-03
3.0683465553448031e-03
3.0683465553448031e-03
3.0683465553448031e-03
3.0683465553448031e-03
3.0683465553448031e-03
3.0683465553448031e-03
3.0683465553448031e-03
3.0683465553448031e-03
3.0683465553448031e-03
3.0683465553448031e-03
3.0683465553448031e-03
