1.9999999999999974e+02
1.9999999999999974e+02
1.9999999999999974e+02
1.9999999999999974e+02
1.9999999999999974e+02
1.9999999999999974e+02
1.9999999999999974e+02
2.0025263899161820e+02
2.2496810590485984e+02
2.5181365030462118e+02
2.7932821804980159e+02
2.7932821804980159e+02
2.7932821804980159e+02
2.7932821804980159e+02
2.7932821804980159e+02
2.7932821804980159e+02
2.7932821804980159e+02
2.7932821804980159e+02
2.7932821804980159e+02
2.7932821804980159e+02
2.7932821804980159e+02
2.7932821804980159e+02
2.7932821804980159e+02
2.7932821804980159e+02
2.7932821804980159e+02
2.7932821804980159e+02
2.7932821804980159e+02
2.7932821804980159e+02
2.7932821804980159e+02
2.7932821804980159e+02
2.9202819171479837e+02
2.9202819171479837e+02
2.9202819171479837e+02
2.9202819171479837e+02
2.9202819171479837e+02
2.9202819171479837e+02
2.9202819171479837e+02
2.9202819171479837e+02
2.9202819171479837e+02
2.9202819171479837e+02
2.9202819171479837e+02
2.9202819171479837e+02
2.9202819171479837e+02
2.9202819171479837e+02
2.9202819171479837e+02
2.9202819171479837e+02
2.9202819171479837e+02
2.9202819171479837e+02
2.9202819171479837e+02
2.9202819171479837e+02
2.9202819171479837e+02
2.9202819171479837e+02
2.9202819171479837e+02
2.9202819171479837e+02
2.9202819171479837e+02
2.9202819171479837e+02
2.9202819171479837e+02
2.9202819171479837e+02
2.9202819171479837e+02
2.9202819171479837e+02
2.9202819171479837e+02
2.9202819171479837e+02
2.9202819171479837e+02
2.9202819171479837e+02
2.9202819171479837e+02
2.9202819171479837e+02
2.9202819171479837e+02
2.9202819171479837e+02
2.9202819171479837e+02
2.9202819171479837e+02
2.9205039666034372e+02
2.9205039666034372e+02
2.9205039666034372e+02
2.9205039666034372e+02
2.9205039666034372e+02
2.9205039666034372e+02
2.9205039666034372e+02
2.9205039666034372e+02
2.9205039666034372e+02
2.9205039666034372e+02
2.9205039666034372e+02
2.9205039666034372e+02
2.9205039666034372e+02
2.9205039666034372e+02
2.9205039666034372e+02
2.9205039666034372e+02
2.9205039666034372e+02
2.9205039666034372e+02
2.9205039666034372e+02
2.9205039666034372e+02
2.9205039666034372e+02
2.9205039666034372e+02
2.9205039666034372e+02
2.9205039666034372e+02
2.9205039666034372e+02
2.9205039666034372e+02
2.9205039666034372e+02
2.9205039666034372e+02
2.9205039666034372e+02
2.9205039666034372e+02
2.9205039666034372e+02
2.9205039666034372e+02
2.9205039666034372e+02
2.9205039666034372e+02
2.9205039666034372e+02
2.9205039666034372e+02
2.9205039666034372e+02
2.9205039666034372e+02
2.9205039666034372e+02
2.9205039666034372e+02
2.9205039666034372e+02
2.9205039666034372e+02
2.9205039666034372e+02
2.9205039666034372e+02
2.9205039666034372e+02
2.9205039666034372e+02
2.9205039666034372e+02
2.9205039666034372e+02
2.9205039666034372e+02
2.9205039666034372e+02
2.9205039666034372e+02
2.9205039666034372e+02
2.9205039666034372e+02
2.9205039666034372e+02
2.9205039666034372e+02
2.9205039666034372e+02
2.9205039666034372e+02
2.9205039666034372e+02
2.9205039666034372e+02
2.9205039666034372e+02
2.9205039666034372e+02
2.9205039666034372e+02
2.9205039666034372e+02
2.9205039666034372e+02
2.9205039666034372e+02
2.9205039666034372e+02
2.9205039666034372e+02
2.9205039666034372e+02
2.9205039666034372e+02
2.9205039666034372e+02
2.9205039666034372e+02
2.9205039666034372e+02
2.9205039666034372e+02
2.9205039666034372e+02
2.9205039666034372e+02
2.9205039666034372e+02
2.9205039666034372e+02
2.9205039666034372e+02
2.9205039666034372e+02
2.9205039666034372e+02
2.9205039666034372e+02
2.9205039666034372e+02
2.9205039666034372e+02
2.9205039666034372e+02
2.9205039666034372e+02
2.9205039666034372e+02
2.9205039666034372e+02
2.9205039666034372e+02
2.9205039666034372e+02
2.9205039666034372e+02
2.9205039666034372e+02
2.9205039666034372e+02
2.9205039666034372e+02
2.9205039666034372e+02
2.9205039666034372e+02
2.9205039666034372e+02
2.9205039666034372e+02
2.9205039666034372e+02
2.9205039666034372e+02
2.9205039666034372e+02
2.9205039666034372e+02
2.9205039666034372e+02
2.9205039666034372e+02
2.9205039666034372e+02
2.9205039666034372e+02
2.9205039666034372e+02
2.9205039666034372e+02
2.9205039666034372e+02
2.9205039666034372e+02
2.9205039666034372e+02
2.9205039666034372e+02
2.9205039666034372e+02
2.9205039666034372e+02
2.9205039666034372e+02
2.9205039666034372e+02
2.9205039666034372e+02
2.9205039666034372e+02
2.9205039666034372e+02
2.9205039666034372e+02
2.9205039666034372e+02
2.9205039666034372e+02
2.9205039666034372e+02
2.9205039666034372e+02
2.9205039666034372e+02
2.9205039666034372e+02
2.9205039666034372e+02
2.9205039666034372e+02
2.9205039666034372e+02
2.9205039666034372e+02
2.9205039666034372e+02
2.9205039666034372e+02
