0.0000000000000000e+00
2.8616909077665234e+01
5.7239972047054927e+01
8.5860386381058447e+01
1.1447815302940815e+02
1.4309327296666279e+02
1.7171991614025237e+02
2.0025263899161806e+02
2.2496810590485990e+02
2.5181365030462129e+02
2.7932821804980159e+02
2.5116278244962979e+02
2.2311065699387359e+02
1.9522185820295078e+02
1.6759059728529436e+02
1.4035119837529231e+02
1.1378743219397853e+02
8.8511796434248467e+01
6.6030264103662390e+01
5.0238361631982869e+01
4.8227924659718667e+01
6.1369470359452407e+01
8.2735635262498320e+01
1.0752391420499524e+02
1.3385175849073991e+02
1.6096690254593577e+02
1.8853116130494305e+02
2.1637401411898492e+02
2.4437260173144301e+02
2.7249982717096947e+02
2.9202819171479848e+02
2.6353270310953724e+02
2.3506118180375913e+02
2.0654430344365647e+02
1.7811061712603197e+02
1.4975074325843821e+02
1.2151450092960975e+02
9.3494187335088881e+01
6.6006321730987494e+01
4.0133690981519933e+01
2.2423179863066437e+01
3.2140721625285927e+01
5.6582614660754302e+01
8.3715587460208198e+01
1.1159163605565283e+02
1.3976522763145530e+02
1.6810016435029786e+02
1.9651756169999754e+02
2.2498516482882988e+02
2.5348516261020268e+02
2.8200692816657022e+02
2.5347760367900062e+02
2.2497014837462200e+02
1.9651259882651107e+02
1.6810505927289688e+02
1.3977964816743793e+02
1.1160095450049360e+02
8.3719976781936381e+01
5.6582587938266308e+01
3.2141749151621852e+01
2.2423179862814784e+01
4.0133690981223054e+01
6.6009266559797112e+01
9.3494187333164135e+01
1.2150596112521318e+02
1.4975074229858015e+02
1.7811899673448193e+02
2.0656096106168189e+02
2.3502321981257012e+02
2.6351894140233753e+02
2.9205039666034378e+02
2.6351895462410243e+02
2.3501180613582335e+02
2.0653790908966218e+02
1.7809516520382971e+02
1.4972584909340313e+02
1.2147953916242739e+02
9.3474066419880145e+01
6.5982219079708017e+01
4.0101278984243905e+01
2.2378094596511033e+01
3.2118322426884397e+01
5.6575028068283906e+01
8.3713928357750120e+01
1.1159299252697728e+02
1.3976838681460191e+02
1.6810451976863652e+02
1.9652276562938550e+02
2.2499100119172613e+02
2.5349148819229308e+02
2.8201364325625070e+02
2.5348392843228604e+02
2.2497598283429292e+02
1.9651780201236625e+02
1.6810941558697269e+02
1.3978281071468669e+02
1.1160231393881018e+02
8.3718319816922516e+01
5.6575001332846391e+01
3.2119353345521759e+01
2.2378094595877624e+01
4.0101278983828486e+01
6.5985163680586737e+01
9.3474066419546716e+01
1.2148808961653486e+02
1.4973430227757055e+02
1.7810354408369656e+02
2.0654622929992900e+02
2.3500903894950099e+02
2.6350519383221109e+02
2.9202571013439371e+02
2.6351895462398636e+02
2.3500903894952990e+02
2.0653234809808635e+02
1.7810354218498685e+02
1.4973148770533496e+02
1.2148240181372195e+02
9.3474066419849194e+01
6.5982219079328914e+01
4.0101278984159592e+01
2.2378094596345939e+01
3.2118322426571261e+01
5.6575028067876190e+01
8.3713928357419320e+01
1.1159299252664603e+02
1.3976838681447228e+02
1.6810451976821287e+02
1.9652276562887610e+02
2.2499100119110875e+02
2.5349148819142243e+02
2.8201364325529858e+02
2.5348392843181773e+02
2.2497598283438225e+02
1.9651780201187722e+02
1.6810941558620470e+02
1.3978281071360840e+02
1.1160231393749663e+02
8.3718319815655121e+01
5.6575001332141895e+01
3.2119353345424273e+01
2.2378094596456339e+01
4.0101278984378226e+01
6.5985163681182541e+01
9.3474066420121758e+01
1.2148808961720519e+02
1.4973430227833322e+02
1.7810354408437291e+02
2.0654622930078588e+02
2.3500903894989983e+02
2.6350519383237332e+02
2.9202571013427718e+02
2.6351895462444446e+02
2.3500903894994434e+02
2.0653234809849536e+02
1.7810354218551674e+02
1.4973148770567050e+02
1.2148240181405015e+02
9.3474066420259774e+01
6.5982219079652253e+01
4.0101278984420716e+01
2.2378094596446829e+01
3.2118322426343923e+01
5.6575028067746558e+01
8.3713928357206100e+01
1.1159299252654925e+02
1.3976838681427009e+02
1.6810451976804623e+02
1.9652276562877196e+02
2.2499100119086580e+02
2.5349148819120825e+02
2.8201364325505926e+02
2.5348392843165681e+02
2.2497598283445549e+02
1.9651780201189985e+02
1.6810941558583281e+02
1.3978281071304784e+02
1.1160231393672892e+02
8.3718319814491338e+01
5.6575001330286184e+01
3.2119353345453753e+01
2.2378094596352224e+01
4.0101278984183068e+01
6.5985163680958607e+01
9.3474066419839716e+01
1.2148808961679512e+02
1.4973430227785448e+02
1.7810354408382551e+02
2.0654622930005704e+02
2.3500903894936155e+02
2.6350519383195774e+02
2.9202571013394754e+02
2.6351895462380764e+02
2.3500903894930406e+02
2.0653234809780861e+02
1.7810354218472031e+02
1.4973148770494583e+02
1.2148240181328131e+02
9.3474066419455951e+01
6.5982219078867956e+01
4.0101278983765823e+01
2.2378094596191943e+01
