0.0000000000000000e+00
9.6579784793626295e+00
1.9319999999828834e+01
2.8979161009024793e+01
3.8635462143148771e+01
4.8288904038553348e+01
5.7960000000725842e+01
6.8005914669642777e+01
9.9619025424230017e+01
1.2429015277035448e+02
1.4482873805023232e+02
1.3516792470077164e+02
1.2550425090062875e+02
1.1583771601337322e+02
1.0618792466029007e+02
9.6535274680096990e+01
8.6879765437126437e+01
7.7207924660072919e+01
6.7547924659934750e+01
5.7885064180469186e+01
4.8227924659523374e+01
3.8567925295787440e+01
2.8905065452937258e+01
1.9247924659833050e+01
9.5879240233405643e+00
-7.4937092434984837e-02
-9.7406593248197719e+00
-1.9409243310526236e+01
-2.9052075339832250e+01
-3.8697764028678812e+01
-7.4192784513383032e+01
-6.4516820118290568e+01
-5.4843709695174539e+01
-4.5196820157948032e+01
-3.5536820140991480e+01
-2.5879679967367231e+01
-1.6225399000242156e+01
-6.5568201368087520e+00
3.1031798631730005e+00
1.2763179863451864e+01
2.2423179863602691e+01
3.2080320020401885e+01
4.1743179863396541e+01
5.1403179227149039e+01
6.1060318748114867e+01
7.0714599062969043e+01
8.0383179863365072e+01
9.0048898911430257e+01
9.9711756844547551e+01
1.0937175429886153e+02
1.1902889191128297e+02
1.0936317994022477e+02
9.9694606219532588e+01
9.0043179863238421e+01
8.0388894934961627e+01
7.0731750798638188e+01
6.1071746817711158e+01
5.1408882356381142e+01
4.1743156778004703e+01
3.2083179863244034e+01
2.2423179863150381e+01
1.2763179863132851e+01
3.1003193837574452e+00
-6.5568201371390522e+00
-1.6216819500411166e+01
-2.5879679342881964e+01
-3.5545400301020116e+01
-4.5213983012038057e+01
-5.4856820136836795e+01
-6.4502513923039032e+01
-7.4221908907563318e+01
-6.4561905397037151e+01
-5.4904761728311996e+01
-4.5250477266007024e+01
-3.5581905403349118e+01
-2.5916195293909482e+01
-1.6253346301135611e+01
-6.6019054030250484e+00
3.0580945972794589e+00
1.2718094597203926e+01
2.2378094597191570e+01
3.2035234754384362e+01
4.1698094597132041e+01
5.1358093960770418e+01
6.1015233481632713e+01
7.0669513795852822e+01
8.0338094596507062e+01
9.0003813645019278e+01
9.9666671578395650e+01
1.0932666903337966e+02
1.1898380664618415e+02
1.0931809467330670e+02
9.9649520950501056e+01
8.9998094596119941e+01
8.0343809669574100e+01
7.0686665535115964e+01
6.1026661556117844e+01
5.1363797096685239e+01
4.1698071520087836e+01
3.2038094596165990e+01
2.2378094596290950e+01
1.2718094596202491e+01
3.0552341170603095e+00
-6.6019054036056311e+00
-1.6261904766946813e+01
-2.5924764609233165e+01
-3.5590485567259428e+01
-4.5259068278380781e+01
-5.4901905402877574e+01
-6.4547599188296829e+01
-7.4196150270256325e+01
-6.4561905396615543e+01
-5.4901905402925756e+01
-4.5244765251685578e+01
-3.5590484307394661e+01
-2.5921905402960224e+01
-1.6256188249852592e+01
-6.6019054029394280e+00
3.0580945973012006e+00
1.2718094597593545e+01
2.2378094597904429e+01
3.2035234754925177e+01
4.1698094597821957e+01
5.1358093961773484e+01
6.1015233483151420e+01
7.0669513797778890e+01
8.0338094598183304e+01
9.0003813646173512e+01
9.9666671579089694e+01
1.0932666903364455e+02
1.1898380664590408e+02
1.0931809467509420e+02
9.9649520954128320e+01
8.9998094598059083e+01
8.0343809669858061e+01
7.0686665533550780e+01
6.1026661552819505e+01
5.1363797091523715e+01
4.1698071513221223e+01
3.2038094598323852e+01
2.2378094598311911e+01
1.2718094598195954e+01
3.0552341187126189e+00
-6.6019054018483097e+00
-1.6261904765558874e+01
-2.5924764608202988e+01
-3.5590485566417954e+01
-4.5259068277406286e+01
-5.4901905401503150e+01
-6.4547599186783643e+01
-7.4196150268482825e+01
-6.4561905395533870e+01
-5.4901905401708689e+01
-4.5244765250873385e+01
-3.5590484306713314e+01
-2.5921905401845908e+01
-1.6256188248758246e+01
-6.6019054022233963e+00
3.0580945977417890e+00
1.2718094597758235e+01
2.2378094598077077e+01
3.2035234754860078e+01
4.1698094597545570e+01
5.1358093961149862e+01
6.1015233482398855e+01
7.0669513797092179e+01
8.0338094597627261e+01
9.0003813646275262e+01
9.9666671579534722e+01
1.0932666903422819e+02
1.1898380664675307e+02
1.0931809467492309e+02
9.9649520953114305e+01
8.9998094597945013e+01
8.0343809670428669e+01
7.0686665534913232e+01
6.1026661555146546e+01
5.1363797094856771e+01
4.1698071517341290e+01
3.2038094597597834e+01
2.2378094597380656e+01
1.2718094597445567e+01
3.0552341181893516e+00
-6.6019054024709050e+00
-1.6261904765668969e+01
-2.5924764608163937e+01
-3.5590485566427311e+01
-4.5259068277717212e+01
-5.4901905402427815e+01
-6.4547599188181536e+01
-7.4196150269888520e+01
-6.4561905396159929e+01
-5.4901905402106237e+01
-4.5244765251126786e+01
-3.5590484307220400e+01
-2.5921905402601578e+01
-1.6256188249425264e+01
-6.6019054026487840e+00
3.0580945972607232e+00
1.2718094597462564e+01
2.2378094597421128e+01
