0.0000000000000000e+00
3.2194987252024355e+01
6.4399999999532241e+01
9.6598930050583533e+01
1.2879177896236132e+02
1.6097854829178362e+02
1.9319999999967754e+02
2.2540040794891198e+02
2.5762015428998598e+02
2.8980967962363235e+02
3.2200104492430842e+02
2.8980000006456135e+02
2.5759287243671258e+02
2.2537966048286313e+02
1.9319999999940239e+02
1.6101426153372898e+02
1.2882244352999524e+02
9.6600000000250645e+01
6.4399999999712108e+01
3.2193917268716483e+01
-5.7549267267411739e-10
-3.2199998442617293e+01
-6.4406079614784161e+01
-9.6600000000364972e+01
-1.2880000155978408e+02
-1.6100608585000049e+02
-1.9321825442967264e+02
-2.2543650885728664e+02
-2.5760000000345798e+02
-2.8976956453262278e+02
-3.2200316042868565e+02
-2.8979999997495270e+02
-2.5760291116479397e+02
-2.2540000002237218e+02
-1.9320000000280504e+02
-1.6100608115666432e+02
-1.2881824192666551e+02
-9.6600000000990207e+01
-6.4399999999847424e+01
-3.2199999999505536e+01
5.8262474708602030e-10
3.2193918827182294e+01
6.4400000000256043e+01
9.6599998443103317e+01
1.2879391571328216e+02
1.6098175336795626e+02
1.9319999999929507e+02
2.2541216078512113e+02
2.5761823728438566e+02
2.8981823105455459e+02
3.2201214365380122e+02
2.8980000010332492e+02
2.5758177071273514e+02
2.2539999999906581e+02
1.9321215122236515e+02
1.6101822282646793e+02
1.2881821325414592e+02
9.6612120948762239e+01
6.4399944351873089e+01
3.2200000000294423e+01
5.6215971201854321e-10
-3.2199999999532636e+01
-6.4406082730097452e+01
-9.6600000000011150e+01
-1.2879999844226805e+02
-1.6100607961451539e+02
-1.9321824507493989e+02
-2.2543649638240692e+02
-2.5760000000314761e+02
-2.8976957701073445e+02
-3.2200000178432077e+02
-2.8979999999316982e+02
-2.5760607937358850e+02
-2.2541823836936669e+02
-1.9320000000105094e+02
-1.6098784747957856e+02
-1.2878177924649532e+02
-9.6599999999801938e+01
-6.4399999999788278e+01
-3.2199999999343369e+01
8.2393255791486461e-10
3.2193918827893000e+01
6.4400000000605118e+01
9.6599998443212286e+01
1.2879391571312027e+02
1.6098175336697545e+02
1.9319999999916487e+02
2.2541216078574968e+02
2.5761823728558306e+02
2.8981823105690069e+02
3.2201214365687457e+02
2.8980000010297420e+02
2.5758177070850968e+02
2.2539999999849795e+02
1.9321215122537302e+02
1.6101822283303193e+02
1.2881821326441997e+02
9.6612120962600869e+01
6.4399944369419359e+01
3.2200000000113569e+01
5.6640068347284186e-10
-3.2199999999731752e+01
-6.4406082730096841e+01
-9.6599999999819005e+01
-1.2879999844212892e+02
-1.6100607961443822e+02
-1.9321824507488984e+02
-2.2543649638246021e+02
-2.5760000000282292e+02
-2.8976957700944843e+02
-3.2194522895725362e+02
-2.8979999999248975e+02
-2.5760000000284202e+02
-2.2540608118589455e+02
-1.9321824198530123e+02
-1.6100000000051753e+02
-1.2878784385953858e+02
-9.6599999999449835e+01
-6.4399999999300519e+01
-3.2199999998720820e+01
1.5058130265338209e-09
3.2193918828248890e+01
6.4400000001047943e+01
9.6599998444072909e+01
1.2879391571446411e+02
1.6098175336891578e+02
1.9320000000030586e+02
2.2541216078607135e+02
2.5761823728509472e+02
2.8981823105545578e+02
3.2201214365459185e+02
2.8980000010411078e+02
2.5758177071294722e+02
2.2539999999978076e+02
1.9321215122362423e+02
1.6101822282805821e+02
1.2881821325633348e+02
9.6612120951263222e+01
6.4399944354960269e+01
3.2200000001525666e+01
1.7557397632156999e-09
-3.2199999998404209e+01
-6.4406082729132706e+01
-9.6599999998752182e+01
-1.2879999844152877e+02
-1.6100607961423469e+02
-1.9321824507490362e+02
-2.2543649638257602e+02
-2.5760000000206742e+02
-2.8976957700835987e+02
-3.2194522895543724e+02
-2.8979999999202323e+02
-2.5760000000217087e+02
-2.2540608118564978e+02
-1.9321824198530436e+02
-1.6099999999988373e+02
-1.2878784385897433e+02
-9.6599999999245554e+01
-6.4399999999220029e+01
-3.2199999998859603e+01
1.4904811591614031e-09
3.2193918828022937e+01
6.4400000000664150e+01
9.6599998443303662e+01
1.2879391571370911e+02
1.6098175336810058e+02
1.9319999999980126e+02
2.2541216078634892e+02
2.5761823728569556e+02
2.8981823105639637e+02
3.2201214365585679e+02
2.8980000010379126e+02
2.5758177071129296e+02
2.2539999999957655e+02
1.9321215122445699e+02
1.6101822283029577e+02
1.2881821326007031e+02
9.6612120956499382e+01
6.4399944361427444e+01
3.2200000000841293e+01
9.7437914488807369e-10
-3.2199999998925634e+01
-6.4406082729395834e+01
-9.6599999999082897e+01
-1.2879999844116276e+02
-1.6100607961362081e+02
-1.9321824507418125e+02
-2.2543649638189081e+02
-2.5760000000222220e+02
-2.8976957700919905e+02
-3.2194522895667188e+02
-2.8979999999203937e+02
-2.5760000000199813e+02
-2.2540608118522374e+02
-1.9321824198501488e+02
-1.6099999999994790e+02
-1.2878784385883966e+02
-9.6599999998866309e+01
-6.4399999998943869e+01
-3.2199999998503117e+01
1.3823042057261003e-09
