0.0000000000000000e+00
-1.7256540314016210e-03
6.6532264086309075e-11
-1.7266869741642901e-03
-6.9051516378247930e-03
-1.5534830177988068e-02
2.4791618375749814e-09
1.5950697552755714e-03
4.9208404078850937e-02
1.7118910094290819e-02
1.6663765964380324e-03
7.1729919061424492e-08
-5.1183005765029349e-03
-1.3689304169679150e-02
2.2787619438230146e-09
1.0238534023495068e-02
1.7025727827331791e-02
9.4172010783569475e-10
1.1169929620907966e-09
-3.4521991876450674e-03
1.8496773775667454e-10
5.6307548107265155e-07
-3.4510743026109673e-03
4.5434465216187121e-10
-5.6182005855197970e-07
-3.4533246070727443e-03
-1.0358852797224039e-02
-2.0717710550259533e-02
4.5454656602911383e-09
1.7268903879417860e-02
-5.0054158944311325e-02
3.7327495544145463e-08
4.6612637545345184e-02
-4.7440843211453167e-08
-1.0762775500080029e-08
-3.4516110823012620e-03
-1.0354284087182645e-02
1.6784639227855751e-09
3.7867176873258872e-10
4.2783481551891651e-10
4.8988476810349087e-10
-3.4516364340391541e-03
7.5384520942275046e-10
-5.6252145116247713e-07
-3.4527623099841883e-03
-1.0356034571690407e-02
1.9412774819738023e-09
6.9027098590109179e-03
1.0352654132059351e-02
1.0350398391264615e-02
6.8965071881908193e-03
1.5457191521557933e-07
-1.0349523746553993e-02
2.6102120175872603e-09
6.8990179116661925e-03
1.0346959021051240e-02
1.0343261703755487e-02
6.8873628752260316e-03
-2.1301891048898977e-05
3.8175892205083156e-10
1.0902308053198474e-10
4.1747649771471263e-11
-3.4522005966829842e-03
2.2827536259412605e-10
5.6487354449604266e-07
-3.4510707802557594e-03
-1.0355470964095838e-02
-2.0713200227300908e-02
4.2965160243737551e-09
1.7264391246904352e-02
-9.8955915308476972e-06
1.4852022702770142e-08
-3.4417094859790810e-03
-1.0334505558052029e-02
1.7698807295917324e-09
6.8811780503855681e-03
1.0309587518918197e-02
8.4162185677261572e-10
1.3007763474567052e-09
4.8282738991176757e-10
5.3715182432429840e-10
-3.4516359132583624e-03
9.5821192662899029e-10
-5.6253329027420486e-07
-3.4527625274014409e-03
-1.0356035337969706e-02
1.6547936244619543e-09
6.9027102867929655e-03
1.0352655065348847e-02
1.0350400253665936e-02
6.8965096282765197e-03
1.5444136331699270e-07
-1.0349526816046629e-02
2.0707225749872520e-09
6.8990200528508223e-03
1.0346963771839770e-02
1.0343269257573093e-02
6.8873730197394380e-03
-2.1289165107806549e-05
3.9743930634733358e-10
2.6025106606824611e-10
1.9784944804911898e-10
-3.4522002219105645e-03
6.7581294438490990e-10
5.6515401153405135e-07
-3.4510706723179753e-03
-1.0355470791255582e-02
-2.0713200226407619e-02
5.0671709831704842e-09
1.7264393214049101e-02
3.1079401074775415e-02
1.5476310389920178e-08
5.1051997749790033e-09
-3.4516415560783232e-03
-1.0354361290645988e-02
2.4408938950270235e-09
6.9010386808101903e-03
1.3528724189278661e-09
1.5087922504041623e-09
1.4473724919086058e-09
1.6111813341675358e-09
-3.4516351524370870e-03
1.8800713489622470e-09
-5.6129247402474844e-07
-3.4527608004043214e-03
-1.0356033240123037e-02
3.2529825153815728e-09
6.9027111233564507e-03
1.0352655161433119e-02
1.0350399610198700e-02
6.8965081818256873e-03
1.5605677280794566e-07
-1.0349522358758701e-02
3.8687052796109609e-09
6.8990190063314598e-03
1.0346959810175757e-02
1.0343262544661112e-02
6.8873633712857171e-03
-2.1301513473341582e-05
2.2770811461362180e-09
1.9554025310829180e-09
1.8185266635358567e-09
-3.4521987670694735e-03
2.2262809918830423e-09
5.6635431588906513e-07
-3.4510697294204435e-03
-1.0355470208288396e-02
-2.0713199578092967e-02
6.1294539166361107e-09
1.7264394351292574e-02
3.1079402738332217e-02
1.6345602432213297e-08
6.1416625703141336e-09
-3.4516409700008238e-03
-1.0354360833719118e-02
3.3314868460939120e-09
6.9010394429503651e-03
1.8874530711008338e-09
1.8708597367532102e-09
1.4856936331047882e-09
1.7700165579254282e-09
-3.4516350712068995e-03
1.6537399536177800e-09
-5.6181441656997297e-07
-3.4527614417037148e-03
-1.0356033822001669e-02
2.9592193326266622e-09
6.9027115560602306e-03
1.0352656093942486e-02
1.0350400886212289e-02
6.8965098319149236e-03
1.5591511343494416e-07
-1.0349524209581939e-02
3.6233715165643122e-09
6.8990203272638866e-03
1.0346962798227190e-02
1.0343267234564142e-02
6.8873698458953381e-03
-2.1293487446905276e-05
1.5425671512214202e-09
1.0824697622419381e-09
1.1710969292806558e-09
-3.4521992127929686e-03
1.6205908329142974e-09
5.6634949083789700e-07
-3.4510695468906298e-03
-1.0355469947771796e-02
-2.0713199508545714e-02
5.5291789054217009e-09
1.7264393147343265e-02
3.1079401092563189e-02
1.5659037216572990e-08
5.6209129719741596e-09
-3.4516412532287688e-03
-1.0354361359545866e-02
2.5100687527218273e-09
6.9010388218873151e-03
1.4608103131728857e-09
1.3302284277301650e-09
1.0755964782343709e-09
1.0760542482832811e-09
