0.0000000000000000e+00
0.0000000000000000e+00
0.0000000000000000e+00
0.0000000000000000e+00
0.0000000000000000e+00
0.0000000000000000e+00
0.0000000000000000e+00
0.0000000000000000e+00
0.0000000000000000e+00
-9.9978489451259183e+00
-1.4513956836623466e+01
-1.4513956836623466e+01
-1.4513956836623466e+01
-1.4513956836623466e+01
-1.4513956836623466e+01
-1.4513956836623466e+01
-1.4513956836623466e+01
-1.4513956836623466e+01
-1.4513956836623466e+01
-1.4513956836623466e+01
-1.4513956836623466e+01
-1.4513956836623466e+01
-1.4513956836623466e+01
-1.4513956836623466e+01
-1.4513956836623466e+01
-1.4513956836623466e+01
-1.4513956836623466e+01
-1.4513956836623466e+01
-1.4513956836623466e+01
-1.4513956836623466e+01
-1.4513956836623466e+01
-1.4513956836623466e+01
-4.1960022027615276e+00
7.2443348506137504e+00
7.2443348506137504e+00
7.2443348506137504e+00
7.2443348506137522e+00
7.2443348506137522e+00
7.2443348506137522e+00
7.2443348506137566e+00
7.2443348506137566e+00
7.2443348506137566e+00
7.2443348506137566e+00
7.2443348506137539e+00
7.2443348506137557e+00
7.2443348506137557e+00
7.2443348506137557e+00
7.2443348506137557e+00
7.2443348506137557e+00
7.2443348506137557e+00
7.2443348506137557e+00
7.2443348506137557e+00
7.2443348506137566e+00
7.2443348506137575e+00
7.2443348506137575e+00
7.2443348506137575e+00
-3.6896289659247135e+00
-3.6896289659247135e+00
-3.6896289659247135e+00
-3.6896289659247135e+00
-3.6896289659247135e+00
-3.6896289659247135e+00
-3.6896289659247135e+00
-3.6896289659247135e+00
-3.6896289659247135e+00
-3.6896289659247135e+00
-3.6896289659247135e+00
-3.6896289659247135e+00
-3.6896289659247135e+00
-3.6896289659247135e+00
-3.6896289659247135e+00
-3.6896289659247135e+00
-3.6896289659247135e+00
-3.6896289659247135e+00
-3.6896289659247135e+00
-3.6896289659247135e+00
-3.6896289659247135e+00
-3.6896289659247135e+00
-3.6896289659247135e+00
2.0217859855183242e+00
2.0217859855183242e+00
2.0217859855183247e+00
2.0217859855183247e+00
2.0217859855183247e+00
2.0217859855183242e+00
2.0217859855183247e+00
2.0217859855183247e+00
2.0217859855183238e+00
2.0217859855183229e+00
2.0217859855183211e+00
2.0217859855183216e+00
2.0217859855183216e+00
2.0217859855183216e+00
2.0217859855183216e+00
2.0217859855183211e+00
2.0217859855183211e+00
2.0217859855183211e+00
2.0217859855183211e+00
2.0217859855183211e+00
-1.1862672486717483e+00
-1.1862672486717483e+00
-1.1862672486717483e+00
-1.1862672486717483e+00
-1.1862672486717483e+00
-1.1862672486717483e+00
-1.1862672486717483e+00
-1.1862672486717483e+00
-1.1862672486717483e+00
-1.1862672486717483e+00
-1.1862672486717483e+00
-1.1862672486717483e+00
-1.1862672486717483e+00
-1.1862672486717483e+00
-1.1862672486717483e+00
-1.1862672486717483e+00
-1.1862672486717483e+00
-1.1862672486717483e+00
-1.1862672486717483e+00
-1.1862672486717483e+00
6.9783050385287093e-01
6.9783050385287071e-01
6.9783050385287071e-01
6.9783050385287071e-01
6.9783050385287071e-01
6.9783050385287071e-01
6.9783050385287071e-01
6.9783050385287071e-01
6.9783050385287104e-01
6.9783050385287060e-01
6.9783050385287038e-01
6.9783050385287015e-01
6.9783050385287004e-01
6.9783050385287004e-01
6.9783050385287004e-01
6.9783050385287015e-01
6.9783050385287038e-01
6.9783050385287038e-01
6.9783050385287038e-01
6.9783050385287060e-01
-4.1326784082506984e-01
-4.1326784082506984e-01
-4.1326784082506984e-01
-4.1326784082506984e-01
-4.1326784082506984e-01
-4.1326784082506984e-01
-4.1326784082506984e-01
-4.1326784082506984e-01
-4.1326784082506984e-01
-4.1326784082506984e-01
-4.1326784082506984e-01
-4.1326784082506984e-01
-4.1326784082506984e-01
-4.1326784082506984e-01
-4.1326784082506984e-01
-4.1326784082506984e-01
-4.1326784082506984e-01
-4.1326784082506984e-01
-4.1326784082506984e-01
-4.1326784082506984e-01
2.3162268985755977e-01
2.3162268985755977e-01
2.3162268985755977e-01
2.3162268985755971e-01
2.3162268985755977e-01
2.3162268985755977e-01
2.3162268985755974e-01
2.3162268985755985e-01
2.3162268985755985e-01
2.3162268985755985e-01
2.3162268985755985e-01
2.3162268985755996e-01
2.3162268985755974e-01
2.3162268985755974e-01
2.3162268985755952e-01
2.3162268985755963e-01
2.3162268985755952e-01
2.3162268985755952e-01
2.3162268985755952e-01
2.3162268985755954e-01
-1.4771518977242504e-01
-1.4771518977242504e-01
-1.4771518977242504e-01
-1.4771518977242504e-01
-1.4771518977242504e-01
-1.4771518977242504e-01
-1.4771518977242504e-01
-1.4771518977242504e-01
-1.4771518977242504e-01
-1.4771518977242504e-01
-1.4771518977242504e-01
-1.4771518977242504e-01
-1.4771518977242504e-01
-1.4771518977242504e-01
-1.4771518977242504e-01
-1.4771518977242504e-01
-1.4771518977242504e-01
-1.4771518977242504e-01
-1.4771518977242504e-01
-1.4771518977242504e-01
9.1439242332006537e-02
9.1439242332006537e-02
9.1439242332006537e-02
9.1439242332006537e-02
9.1439242332006537e-02
9.1439242332006537e-02
9.1439242332006565e-02
9.1439242332006510e-02
9.1439242332006537e-02
9.1439242332006537e-02
9.1439242332006510e-02
