0.0000000000000000e+00
0.0000000000000000e+00
0.0000000000000000e+00
0.0000000000000000e+00
0.0000000000000000e+00
0.0000000000000000e+00
0.0000000000000000e+00
0.0000000000000000e+00
0.0000000000000000e+00
4.9989244725588673e+00
7.2569784183115402e+00
7.2569784183115296e+00
7.2569784183115225e+00
7.2569784183115260e+00
7.2569784183115278e+00
7.2569784183115358e+00
7.2569784183115367e+00
7.2569784183115305e+00
7.2569784183115402e+00
7.2569784183115384e+00
7.2569784183115438e+00
7.2569784183115349e+00
7.2569784183115456e+00
7.2569784183115438e+00
7.2569784183115402e+00
7.2569784183115598e+00
7.2569784183115535e+00
7.2569784183115447e+00
7.2569784183115473e+00
7.2569784183115491e+00
7.2569784183115456e+00
7.2569784183115456e+00
2.0980011013769282e+00
-3.6221674253130036e+00
-3.6221674253130014e+00
-3.6221674253130041e+00
-3.6221674253130081e+00
-3.6221674253130147e+00
-3.6221674253130232e+00
-3.6221674253130294e+00
-3.6221674253130329e+00
-3.6221674253130294e+00
-3.6221674253130285e+00
-3.6221674253130276e+00
-3.6221674253130325e+00
-3.6221674253130272e+00
-3.6221674253130258e+00
-3.6221674253130174e+00
-3.6221674253130205e+00
-3.6221674253130236e+00
-3.6221674253130254e+00
-3.6221674253130245e+00
-3.6221674253130205e+00
-3.6221674253130161e+00
-3.6221674253130165e+00
-3.6221674253130134e+00
1.8448144829458037e+00
1.8448144829458024e+00
1.8448144829458022e+00
1.8448144829458017e+00
1.8448144829458037e+00
1.8448144829458017e+00
1.8448144829458006e+00
1.8448144829457971e+00
1.8448144829457962e+00
1.8448144829457997e+00
1.8448144829457993e+00
1.8448144829458009e+00
1.8448144829457973e+00
1.8448144829457980e+00
1.8448144829457971e+00
1.8448144829457995e+00
1.8448144829457989e+00
1.8448144829457958e+00
1.8448144829457944e+00
1.8448144829457960e+00
1.8448144829457960e+00
1.8448144829457958e+00
1.8448144829457931e+00
-1.0108929927759949e+00
-1.0108929927759942e+00
-1.0108929927759971e+00
-1.0108929927759998e+00
-1.0108929927760013e+00
-1.0108929927760013e+00
-1.0108929927759995e+00
-1.0108929927760000e+00
-1.0108929927759998e+00
-1.0108929927759993e+00
-1.0108929927759986e+00
-1.0108929927759978e+00
-1.0108929927759975e+00
-1.0108929927759975e+00
-1.0108929927759971e+00
-1.0108929927759944e+00
-1.0108929927759962e+00
-1.0108929927759966e+00
-1.0108929927759946e+00
-1.0108929927759935e+00
5.9313362432027750e-01
5.9313362432027761e-01
5.9313362432027761e-01
5.9313362432027761e-01
5.9313362432027783e-01
5.9313362432027794e-01
5.9313362432027794e-01
5.9313362432027750e-01
5.9313362432027705e-01
5.9313362432027650e-01
5.9313362432027650e-01
5.9313362432027650e-01
5.9313362432027661e-01
5.9313362432027694e-01
5.9313362432027683e-01
5.9313362432027605e-01
5.9313362432027683e-01
5.9313362432027639e-01
5.9313362432027672e-01
5.9313362432027572e-01
-3.4891525194204548e-01
-3.4891525194204537e-01
-3.4891525194204603e-01
-3.4891525194204581e-01
-3.4891525194204515e-01
-3.4891525194204476e-01
-3.4891525194204487e-01
-3.4891525194204531e-01
-3.4891525194204542e-01
-3.4891525194204531e-01
-3.4891525194204537e-01
-3.4891525194204542e-01
-3.4891525194204587e-01
-3.4891525194204559e-01
-3.4891525194204592e-01
-3.4891525194204559e-01
-3.4891525194204531e-01
-3.4891525194204576e-01
-3.4891525194204542e-01
-3.4891525194204531e-01
2.0663392039796474e-01
2.0663392039796452e-01
2.0663392039796452e-01
2.0663392039796480e-01
2.0663392039796460e-01
2.0663392039796449e-01
2.0663392039796410e-01
2.0663392039796399e-01
2.0663392039796408e-01
2.0663392039796430e-01
2.0663392039796413e-01
2.0663392039796386e-01
2.0663392039796410e-01
2.0663392039796391e-01
2.0663392039796402e-01
2.0663392039796391e-01
2.0663392039796358e-01
2.0663392039796294e-01
2.0663392039796280e-01
2.0663392039796263e-01
-1.1581134494273145e-01
-1.1581134494273138e-01
-1.1581134494273139e-01
-1.1581134494273126e-01
-1.1581134494273106e-01
-1.1581134494273117e-01
-1.1581134494273124e-01
-1.1581134494273142e-01
-1.1581134494273149e-01
-1.1581134494273147e-01
-1.1581134494273168e-01
-1.1581134494273169e-01
-1.1581134494273157e-01
-1.1581134494273167e-01
-1.1581134494273156e-01
-1.1581134494273147e-01
-1.1581134494273133e-01
-1.1581134494273138e-01
-1.1581134494273133e-01
-1.1581134494273151e-01
7.3857594872466126e-02
7.3857594872466251e-02
7.3857594872466265e-02
7.3857594872466320e-02
7.3857594872466278e-02
7.3857594872466278e-02
7.3857594872466237e-02
7.3857594872466195e-02
7.3857594872466181e-02
7.3857594872466195e-02
7.3857594872466209e-02
7.3857594872466195e-02
7.3857594872466154e-02
7.3857594872466167e-02
7.3857594872466154e-02
7.3857594872466112e-02
7.3857594872466042e-02
7.3857594872465904e-02
7.3857594872465931e-02
7.3857594872465876e-02
-4.5719621179879259e-02
-4.5719621179879218e-02
-4.5719621179879238e-02
-4.5719621179879238e-02
-4.5719621179879183e-02
-4.5719621179879183e-02
-4.5719621179879141e-02
-4.5719621179879141e-02
-4.5719621179879225e-02
-4.5719621179879127e-02
-4.5719621179879120e-02
