0.0000000000000000e+00
-1.2196758116783931e-04
-2.4390243902662042e-04
-3.6585216680751350e-04
-4.8781676813899639e-04
-6.0979624664784962e-04
-7.3170731707552280e-04
-8.5363325162501815e-04
-9.7557405392004225e-04
-2.7632360003664934e-03
-5.9242368593312991e-03
-5.8835880647003123e-03
-5.8429409223255298e-03
-5.7854600026279162e-03
-5.7041753463749128e-03
-5.5892327611078881e-03
-5.4673321753976045e-03
-5.3452693340037896e-03
-5.2233181144708523e-03
-5.1013817652236695e-03
-4.9794156754377423e-03
-4.8574644595645840e-03
-4.7355132364121054e-03
-4.7047262724734112e-03
-4.5827843654117342e-03
-4.4608238334503184e-03
-4.3388781740464110e-03
-4.2169473835722889e-03
-4.0950314584040368e-03
-3.9730189554094799e-03
-3.8510213376498539e-03
-3.7290386014940157e-03
-3.0962756291480426e-03
-1.6677023016880199e-03
-1.7083524144277671e-03
-1.7490041796657508e-03
-1.8064972786542329e-03
-1.8878104421663662e-03
-2.0028159090759849e-03
-2.1247199216402946e-03
-2.2466387966031853e-03
-2.3685725375918614e-03
-2.4905735801728206e-03
-2.6125247996855454e-03
-2.7344908931127804e-03
-2.8564272387089184e-03
-2.8872142026459243e-03
-3.0091747363085427e-03
-3.1311166416715303e-03
-3.2530734186766897e-03
-3.3750450709519163e-03
-3.4970316021250662e-03
-3.6189215197282767e-03
-3.7408262962945211e-03
-3.8627459354474347e-03
-3.9846804408110543e-03
-4.9949052294277546e-03
-4.9542672397262129e-03
-4.9136309014030525e-03
-4.8561652594413911e-03
-4.7749022061743286e-03
-4.6599901661481015e-03
-4.5378997320709808e-03
-4.4158242022477260e-03
-4.2939972930547271e-03
-4.1720460735013200e-03
-4.0501097242351073e-03
-3.9281436344566750e-03
-3.8061924185916148e-03
-3.7754054510038548e-03
-3.6534635294924980e-03
-3.5315030119803469e-03
-3.4095573670223996e-03
-3.2876265909914802e-03
-3.1657106802628647e-03
-3.0436981339401563e-03
-2.9217004728630393e-03
-2.7997176933987683e-03
-2.6777497919194346e-03
-2.1475255956081565e-03
-2.2692504442589335e-03
-2.3912016538644157e-03
-2.5131677373813914e-03
-2.6351486984381839e-03
-2.7570553123550724e-03
-2.8789767893059666e-03
-3.0009577513758633e-03
-3.1229089708877727e-03
-3.2448601903985190e-03
-3.3668114099103912e-03
-3.4887626294228696e-03
-3.6107287228489904e-03
-3.7326650684482042e-03
-3.8546162843335640e-03
-3.9765823741315905e-03
-4.0985633414714626e-03
-4.2205591899825787e-03
-4.3424211660228343e-03
-4.4642979942137173e-03
-4.8028531584837471e-03
-4.6809317997831348e-03
-4.5590253040880546e-03
-4.4371336677751132e-03
-4.3150781376677036e-03
-4.1930375032952355e-03
-4.0711756986399304e-03
-3.9492244791092318e-03
-3.8272881298650734e-03
-3.7053220400741047e-03
-3.5833708205597718e-03
-3.4614196010473138e-03
-3.3394832518215747e-03
-3.2175171620241550e-03
-3.0955659461390510e-03
-2.9736296005401716e-03
-2.8517081216007764e-03
-2.7298015056970277e-03
-2.6077610644781811e-03
-2.4857355153103449e-03
-2.2407366831051268e-03
-2.3626836620666233e-03
-2.4846455139080782e-03
-2.6066222422571981e-03
-2.7285373184736429e-03
-2.8504672597890177e-03
-2.9724120698279696e-03
-3.0943909770071595e-03
-3.2163421965204471e-03
-3.3382934160321961e-03
-3.4602446355444447e-03
-3.5821958550563654e-03
-3.7041619484828332e-03
-3.8260982940835236e-03
-3.9480495099686076e-03
-4.0700155997675453e-03
-4.1919965671076247e-03
-4.3139924156189793e-03
-4.4358543916580813e-03
-4.5577312198489175e-03
-4.7510411491703403e-03
-4.6290904934969271e-03
-4.5071547079719937e-03
-4.3852337889708718e-03
-4.2632368334644191e-03
-4.1412547593991421e-03
-4.0192875631459421e-03
-3.8973831749233019e-03
-3.7754319554125408e-03
-3.6534807358967027e-03
-3.5315295163846970e-03
-3.4095782968723790e-03
-3.2876419476468885e-03
-3.1656758578501418e-03
-3.0437246419662022e-03
-2.9217882963679101e-03
-2.7998668174285834e-03
-2.6779602015243537e-03
-2.5559197603043106e-03
-2.4338942111362801e-03
-2.2712351094137080e-03
-2.3930708315020874e-03
-2.5149213993429379e-03
-2.6369732693139504e-03
-2.7590400377628787e-03
-2.8808757083683546e-03
-3.0028269278218576e-03
-3.1247930211900699e-03
-3.2467293668362921e-03
-3.3686805827674990e-03
-3.4906318058588806e-03
-3.6125830253717498e-03
-3.7345491187976026e-03
-3.8564854643975328e-03
-3.9784366802822612e-03
-4.1004027700801251e-03
-4.2223837374200006e-03
-4.3443795859306527e-03
-4.4662415619731964e-03
-4.5881183901670735e-03
-4.7340335357542529e-03
-4.6121223223328537e-03
-4.4902259694430931e-03
-4.3683444734630523e-03
-4.2462686627392230e-03
-4.1242077527007077e-03
-4.0023662237159583e-03
-3.8804150041736787e-03
-3.7584786549175074e-03
-3.6365125651334697e-03
-3.5145613456205038e-03
-3.3926101261079057e-03
-3.2706737768816506e-03
-3.1487076870846151e-03
-3.0267564712003745e-03
-2.9048201256020138e-03
-2.7828986466631425e-03
-2.6609920307595521e-03
-2.5389515895388863e-03
-2.4169260403701341e-03
-2.2800318488565515e-03
-2.4019673058098554e-03
-2.5239176328315203e-03
-2.6458828335489959e-03
-2.7678209632843028e-03
-2.8897739637397581e-03
-3.0117418385446418e-03
-3.1336746218237257e-03
-3.2556258413327078e-03
-3.3775770608464898e-03
-3.4995282803592198e-03
