0.0000000000000000e+00
2.5002896729354219e+01
5.0000000000370058e+01
7.4999237105251126e+01
1.0000060863161639e+02
1.2500411516678693e+02
1.5000000000108355e+02
1.7499801756918384e+02
1.9999816845812080e+02
2.2499103932708218e+02
2.4999929288977995e+02
2.4166666753547628e+02
2.3333427928794475e+02
2.2155090754604271e+02
2.0488751275775635e+02
1.8132353222377282e+02
1.5633222813537444e+02
1.3131132761362505e+02
1.0631132760927918e+02
8.1313461457474716e+01
5.6311327607754293e+01
3.1311328198123000e+01
6.3113276074957261e+00
-5.8535169147492154e-11
2.4998663678979010e+01
4.9999999999597449e+01
7.4999202099797543e+01
9.9996270567062552e+01
1.2499120598838950e+02
1.4999999999761172e+02
1.7500665773323433e+02
2.0001117978344595e+02
2.2499969999573048e+02
2.4999993232974134e+02
2.4166666657027955e+02
2.3333316367601165e+02
2.2154740600346852e+02
2.0487901783693374e+02
1.8130473727272937e+02
1.5631132760573092e+02
1.3131578537684587e+02
1.0631810999882018e+02
8.1311327606771712e+01
5.6311327606588236e+01
3.1309193166167436e+01
6.3113276069826831e+00
1.4597002706222896e-10
2.5001336595624736e+01
5.0000000000332797e+01
7.5000797477117132e+01
1.0000372961369256e+02
1.2500879699762103e+02
1.5000000000253019e+02
1.7499333502627059e+02
1.9998880265567789e+02
2.2498640347773514e+02
2.4999702099287165e+02
2.4166666669126607e+02
2.3333654937179355e+02
2.2155638899429820e+02
2.0489753533581847e+02
1.8133997607826737e+02
1.5631132761710461e+02
1.3128481787485512e+02
1.0631132761765750e+02
8.1311327611015997e+01
5.6313461457102214e+01
3.1311327607631931e+01
6.3113281982025420e+00
1.4082772521791085e-10
2.4998666019785865e+01
4.9999999999974079e+01
7.4999199760317495e+01
9.9996265888156088e+01
1.2499119897049258e+02
1.4999999999772911e+02
1.7500666474969705e+02
2.0001119381476406e+02
2.2501358778053964e+02
2.4994682076882148e+02
2.2499999760966313e+02
1.9999999999220989e+02
1.7499786793508071e+02
1.4999360085044430e+02
1.2499999999835495e+02
1.0000426646841152e+02
7.4999999999508901e+01
4.9999999999511431e+01
2.4999999999906382e+01
1.8274414892038655e-10
2.5000000000109072e+01
5.0002134440242678e+01
7.5000000000435023e+01
9.9999999413284996e+01
1.2500213326596528e+02
1.5000640214628177e+02
1.7501280664211606e+02
2.0000000000427869e+02
2.2498932428193692e+02
2.4999289912746599e+02
2.2500000086893942e+02
2.0000923549000686e+02
1.7502060240376591e+02
1.5000000000630075e+02
1.2498153517049846e+02
1.0000000000512890e+02
7.5000000002119492e+01
5.0002133851732495e+01
2.5000000000245365e+01
2.8163912277822276e-10
2.5000000000176634e+01
4.9997866147468955e+01
7.4999999999835794e+01
9.9999999412256173e+01
1.2499786497219347e+02
1.4999359726683034e+02
1.7498719688314137e+02
1.9999999999594024e+02
2.2501066573135580e+02
2.4999900112033248e+02
2.2499999948813968e+02
1.9999886355477568e+02
1.7499559273264350e+02
1.4999999999915821e+02
1.2500227431034193e+02
1.0000241507893098e+02
7.5000000000119300e+01
4.9999999999806676e+01
2.5000000000083112e+01
3.5805102801008304e-10
2.4999999999925528e+01
5.0002134440199448e+01
7.5000000000449020e+01
9.9999999413158037e+01
1.2500213326592595e+02
1.5000640214629109e+02
1.7501280664213249e+02
2.0000000000431598e+02
2.2498932428217438e+02
2.4999986641084047e+02
2.2500000036117726e+02
2.0000226814583084e+02
1.7500666917755774e+02
1.5000000000158809e+02
1.2499546647715428e+02
9.9993068016330952e+01
7.5000000000480298e+01
5.0000000000828592e+01
2.5000000000030987e+01
-1.1548096114353139e-11
2.5000000000008701e+01
4.9997866147342179e+01
7.4999999999545565e+01
9.9999999411763113e+01
1.2499786497153207e+02
1.4999359726609180e+02
1.7498719688229681e+02
1.9999999999556729e+02
2.2501066573131445e+02
2.4997278494754053e+02
2.2499999969938403e+02
2.0002508379387552e+02
1.7499999999462585e+02
1.4997277855635255e+02
1.2499999998925367e+02
9.9999999998661764e+01
7.4997865567868246e+01
4.9999999999907018e+01
2.5000000579552680e+01
1.6179861250370238e-10
2.4999999999782261e+01
5.0002134439888671e+01
7.5000000000014907e+01
9.9999999412714985e+01
1.2500213326528616e+02
1.5000640214547761e+02
1.7501280664116891e+02
2.0000000000386282e+02
2.2498932428216585e+02
2.4999050093596404e+02
2.2500000026524145e+02
2.0001163214238983e+02
1.7502539598074830e+02
1.5000000000852867e+02
1.2497674226173945e+02
1.0000000000794282e+02
7.5000000003128420e+01
5.0002133850867750e+01
2.5000000000395346e+01
3.2959363033827400e-10
2.4999999999997140e+01
4.9997866147365862e+01
7.4999999999706219e+01
9.9999999412073507e+01
1.2499786497185082e+02
1.4999359726640185e+02
1.7498719688265814e+02
1.9999999999582138e+02
2.2501066573139568e+02
2.4999628540637917e+02
2.2499999974514580e+02
2.0000158016024227e+02
1.7500102606431503e+02
1.4999999999980997e+02
1.2499684022495484e+02
9.9991546152106167e+01
7.4999999999964331e+01
5.0000000000288281e+01
2.5000000000107740e+01
3.5393162448315381e-10
