2.0000000000000020e+02
2.0000000000000020e+02
2.0000000000000020e+02
2.0000000000000020e+02
2.0000000000000020e+02
2.0000000000000020e+02
2.0000000000000020e+02
2.0000000000000020e+02
2.0000000000000020e+02
2.0999426590939319e+02
2.2822835763484275e+02
2.2822835763484275e+02
2.2822835763484275e+02
2.2822835763484275e+02
2.2822835763484275e+02
2.2822835763484275e+02
2.2822835763484275e+02
2.2822835763484275e+02
2.2822835763484275e+02
2.2822835763484275e+02
2.2822835763484275e+02
2.2822835763484275e+02
2.2822835763484275e+02
2.2822835763484275e+02
2.2822835763484275e+02
2.2822835763484275e+02
2.2822835763484275e+02
2.2822835763484275e+02
2.2822835763484275e+02
2.2822835763484275e+02
2.2822835763484275e+02
2.2822835763484275e+02
2.3129370329987265e+02
2.3913343005382046e+02
2.3913343005382046e+02
2.3913343005382046e+02
2.3913343005382046e+02
2.3913343005382046e+02
2.3913343005382046e+02
2.3913343005382046e+02
2.3913343005382046e+02
2.3913343005382046e+02
2.3913343005382046e+02
2.3913343005382046e+02
2.3913343005382046e+02
2.3913343005382046e+02
2.3913343005382046e+02
2.3913343005382046e+02
2.3913343005382046e+02
2.3913343005382046e+02
2.3913343005382046e+02
2.3913343005382046e+02
2.3913343005382046e+02
2.3913343005382046e+02
2.3913343005382046e+02
2.3913343005382046e+02
2.4446257754398454e+02
2.4446257754398454e+02
2.4446257754398454e+02
2.4446257754398454e+02
2.4446257754398454e+02
2.4446257754398454e+02
2.4446257754398454e+02
2.4446257754398454e+02
2.4446257754398454e+02
2.4446257754398454e+02
2.4446257754398454e+02
2.4446257754398454e+02
2.4446257754398454e+02
2.4446257754398454e+02
2.4446257754398454e+02
2.4446257754398454e+02
2.4446257754398454e+02
2.4446257754398454e+02
2.4446257754398454e+02
2.4446257754398454e+02
2.4446257754398454e+02
2.4446257754398454e+02
2.4446257754398454e+02
2.4691414179054394e+02
2.4691414179054394e+02
2.4691414179054394e+02
2.4691414179054394e+02
2.4691414179054394e+02
2.4691414179054394e+02
2.4691414179054394e+02
2.4691414179054394e+02
2.4691414179054394e+02
2.4691414179054394e+02
2.4691414179054394e+02
2.4691414179054394e+02
2.4691414179054394e+02
2.4691414179054394e+02
2.4691414179054394e+02
2.4691414179054394e+02
2.4691414179054394e+02
2.4691414179054394e+02
2.4691414179054394e+02
2.4691414179054394e+02
2.4821349825445856e+02
2.4821349825445856e+02
2.4821349825445856e+02
2.4821349825445856e+02
2.4821349825445856e+02
2.4821349825445856e+02
2.4821349825445856e+02
2.4821349825445856e+02
2.4821349825445856e+02
2.4821349825445856e+02
2.4821349825445856e+02
2.4821349825445856e+02
2.4821349825445856e+02
2.4821349825445856e+02
2.4821349825445856e+02
2.4821349825445856e+02
2.4821349825445856e+02
2.4821349825445856e+02
2.4821349825445856e+02
2.4821349825445856e+02
2.4895225536455285e+02
2.4895225536455285e+02
2.4895225536455285e+02
2.4895225536455285e+02
2.4895225536455285e+02
2.4895225536455285e+02
2.4895225536455285e+02
2.4895225536455285e+02
2.4895225536455285e+02
2.4895225536455285e+02
2.4895225536455285e+02
2.4895225536455285e+02
2.4895225536455285e+02
2.4895225536455285e+02
2.4895225536455285e+02
2.4895225536455285e+02
2.4895225536455285e+02
2.4895225536455285e+02
2.4895225536455285e+02
2.4895225536455285e+02
2.4937996464960284e+02
2.4937996464960284e+02
2.4937996464960284e+02
2.4937996464960284e+02
2.4937996464960284e+02
2.4937996464960284e+02
2.4937996464960284e+02
2.4937996464960284e+02
2.4937996464960284e+02
2.4937996464960284e+02
2.4937996464960284e+02
2.4937996464960284e+02
2.4937996464960284e+02
2.4937996464960284e+02
2.4937996464960284e+02
2.4937996464960284e+02
2.4937996464960284e+02
2.4937996464960284e+02
2.4937996464960284e+02
2.4937996464960284e+02
2.4962535091275419e+02
2.4962535091275419e+02
2.4962535091275419e+02
2.4962535091275419e+02
2.4962535091275419e+02
2.4962535091275419e+02
2.4962535091275419e+02
2.4962535091275419e+02
2.4962535091275419e+02
2.4962535091275419e+02
2.4962535091275419e+02
2.4962535091275419e+02
2.4962535091275419e+02
2.4962535091275419e+02
2.4962535091275419e+02
2.4962535091275419e+02
2.4962535091275419e+02
2.4962535091275419e+02
2.4962535091275419e+02
2.4962535091275419e+02
2.4976892815130543e+02
2.4976892815130543e+02
2.4976892815130543e+02
2.4976892815130543e+02
2.4976892815130543e+02
2.4976892815130543e+02
2.4976892815130543e+02
2.4976892815130543e+02
2.4976892815130543e+02
2.4976892815130543e+02
2.4976892815130543e+02
2.4976892815130543e+02
2.4976892815130543e+02
2.4976892815130543e+02
2.4976892815130543e+02
2.4976892815130543e+02
2.4976892815130543e+02
2.4976892815130543e+02
2.4976892815130543e+02
2.4976892815130543e+02
2.4985912654288111e+02
2.4985912654288111e+02
2.4985912654288111e+02
2.4985912654288111e+02
2.4985912654288111e+02
2.4985912654288111e+02
2.4985912654288111e+02
2.4985912654288111e+02
2.4985912654288111e+02
2.4985912654288111e+02
2.4985912654288111e+02
