0.0000000000000000e+00
0.0000000000000000e+00
0.0000000000000000e+00
0.0000000000000000e+00
0.0000000000000000e+00
0.0000000000000000e+00
-3.3332779182345957e+00
-1.4996998582187910e+01
-2.6645404812191078e+01
-3.8333314660362753e+01
-4.9999941131647951e+01
-4.9999941131647944e+01
-4.9999941131647923e+01
-4.9999941131647823e+01
-4.9999941131647816e+01
-4.9999941131647688e+01
-4.9999941131647780e+01
-4.9999941131647724e+01
-4.9999941131647624e+01
-4.9999941131647567e+01
-4.9999941131647496e+01
-4.9999941131647446e+01
-4.9999941131647439e+01
-4.9999941131647496e+01
-4.9999941131647411e+01
-4.3333505994701440e+01
-3.1666769761341630e+01
-2.0004893710348295e+01
-8.3401243394498756e+00
3.3238677680340722e+00
1.4986277048850715e+01
2.6645917891701377e+01
3.8333316823104560e+01
4.9999946598703907e+01
4.9999946598703886e+01
4.9999946598703822e+01
4.9999946598703914e+01
4.9999946598703950e+01
4.9999946598704049e+01
4.9999946598704099e+01
4.9999946598704007e+01
4.9999946598703879e+01
4.9999946598703950e+01
4.9999946598703929e+01
4.9999946598703893e+01
4.9999946598703922e+01
4.9999946598703900e+01
4.9999946598703794e+01
4.3333517263517102e+01
3.1666776891186220e+01
2.0005134522115554e+01
8.3404524921728171e+00
-3.3234262479973022e+00
-1.4985657100984879e+01
-2.6645010093804970e+01
-3.8333315031063862e+01
-4.9999941168455805e+01
-4.9999941168455763e+01
-4.9999941168455784e+01
-4.9999941168455742e+01
-4.9999941168455777e+01
-4.9999941168455805e+01
-4.9999941168455742e+01
-4.9999941168455805e+01
-4.9999941168455784e+01
-4.9999941168455798e+01
-4.9999941168455827e+01
-4.9999941168455869e+01
-4.9999941168455848e+01
-4.9999941168455862e+01
-4.9999941168455798e+01
-4.3333505994720937e+01
-3.1666769761358736e+01
-2.0004893710367842e+01
-8.3401243394652429e+00
3.3238677680184434e+00
1.4986277048835710e+01
2.6645917891684284e+01
3.8333316823086619e+01
4.9999946598685334e+01
4.9999946598685362e+01
4.9999946598685391e+01
4.9999946598685447e+01
4.9999946598685433e+01
4.9999946598685433e+01
4.9999946598685376e+01
4.9999946598685298e+01
4.9999946598685341e+01
4.9999946598685341e+01
4.9999946598685355e+01
4.9999946598685348e+01
4.9999946598685398e+01
4.9999946598685369e+01
4.9999946598685348e+01
4.3333517263506614e+01
3.1666776891184579e+01
2.0005134522116244e+01
8.3404524921710728e+00
-3.3234262479924235e+00
-1.4985657100984074e+01
-2.6645010093803890e+01
-3.8333315031062284e+01
-4.9999941168449936e+01
-4.9999941168449936e+01
-4.9999941168449915e+01
-4.9999941168449858e+01
-4.9999941168449752e+01
-4.9999941168449730e+01
-4.9999941168449816e+01
-4.9999941168449922e+01
-4.9999941168449929e+01
-4.9999941168449908e+01
-4.9999941168449944e+01
-4.9999941168449823e+01
-4.9999941168449858e+01
-4.9999941168449823e+01
-4.9999941168449816e+01
-4.3333505994708467e+01
-3.1666769761341758e+01
-2.0004893710354985e+01
-8.3401243394602762e+00
3.3238677680250537e+00
1.4986277048844876e+01
2.6645917891695223e+01
3.8333316823090200e+01
4.9999946598697548e+01
4.9999946598697626e+01
4.9999946598697640e+01
4.9999946598697655e+01
4.9999946598697633e+01
4.9999946598697591e+01
4.9999946598697584e+01
4.9999946598697477e+01
4.9999946598697406e+01
4.9999946598697392e+01
4.9999946598697370e+01
4.9999946598697321e+01
4.9999946598697271e+01
4.9999946598697235e+01
4.9999946598697349e+01
4.3333517263514935e+01
3.1666776891188931e+01
2.0005134522123097e+01
8.3404524921878185e+00
-3.3234262479763004e+00
-1.4985657100965319e+01
-2.6645010093790464e+01
-3.8333315031057190e+01
-4.9999941168446099e+01
-4.9999941168446071e+01
-4.9999941168445957e+01
-4.9999941168446021e+01
-4.9999941168445915e+01
-4.9999941168445886e+01
-4.9999941168445979e+01
-4.9999941168445993e+01
-4.9999941168445964e+01
-4.9999941168445908e+01
-4.9999941168445901e+01
-4.9999941168445844e+01
-4.9999941168445822e+01
-4.9999941168445829e+01
-4.9999941168445808e+01
-4.3333505994707508e+01
-3.1666769761330237e+01
-2.0004893710342021e+01
-8.3401243394407096e+00
3.3238677680435353e+00
1.4986277048858618e+01
2.6645917891705025e+01
3.8333316823109840e+01
4.9999946598712967e+01
4.9999946598712910e+01
4.9999946598712889e+01
4.9999946598712853e+01
4.9999946598712825e+01
4.9999946598712761e+01
4.9999946598712775e+01
4.9999946598712860e+01
4.9999946598712846e+01
4.9999946598712910e+01
4.9999946598712910e+01
4.9999946598712960e+01
4.9999946598713009e+01
4.9999946598712967e+01
4.9999946598713024e+01
4.3333517263530354e+01
3.1666776891198321e+01
2.0005134522134508e+01
8.3404524921928296e+00
-3.3234262479750072e+00
-1.4985657100964943e+01
-2.6645010093792266e+01
-3.8333315031046652e+01
-4.9999941168439534e+01
-4.9999941168439619e+01
-4.9999941168439612e+01
-4.9999941168439605e+01
-4.9999941168439548e+01
-4.9999941168439548e+01
-4.9999941168439598e+01
-4.9999941168439584e+01
-4.9999941168439669e+01
-4.9999941168439754e+01
-4.9999941168439712e+01
-4.9999941168439619e+01
-4.9999941168439612e+01
-4.9999941168439648e+01
-4.9999941168439676e+01
-4.3333505994681559e+01
-3.1666769761309524e+01
-2.0004893710316779e+01
-8.3401243394189883e+00
3.3238677680542446e+00
1.4986277048876527e+01
2.6645917891725656e+01
3.8333316823128136e+01
4.9999946598724257e+01
4.9999946598724343e+01
4.9999946598724300e+01
4.9999946598724229e+01
4.9999946598724257e+01
4.9999946598724314e+01
4.9999946598724343e+01
4.9999946598724406e+01
4.9999946598724357e+01
4.9999946598724264e+01
4.9999946598724321e+01
4.9999946598724350e+01
4.9999946598724392e+01
4.9999946598724392e+01
