0.0000000000000000e+00
0.0000000000000000e+00
0.0000000000000000e+00
0.0000000000000000e+00
0.0000000000000000e+00
0.0000000000000000e+00
-3.3332779182392551e+00
-1.4996998582202364e+01
-2.6645404812208938e+01
-3.8333314660380424e+01
-4.9999941131665210e+01
-4.9999941131665189e+01
-4.9999941131665182e+01
-4.9999941131665075e+01
-4.9999941131665075e+01
-4.9999941131664968e+01
-4.9999941131665061e+01
-4.9999941131665011e+01
-4.9999941131664912e+01
-4.9999941131664841e+01
-4.9999941131664755e+01
-4.9999941131664748e+01
-4.9999941131664727e+01
-4.9999941131664784e+01
-4.9999941131664748e+01
-4.3333505994708020e+01
-3.1666769761326950e+01
-2.0004893710331370e+01
-8.3401243394318243e+00
3.3238677680479896e+00
1.4986277048866807e+01
2.6645917891711704e+01
3.8333316823110167e+01
4.9999946598709705e+01
4.9999946598709670e+01
4.9999946598709592e+01
4.9999946598709613e+01
4.9999946598709663e+01
4.9999946598709762e+01
4.9999946598709784e+01
4.9999946598709727e+01
4.9999946598709606e+01
4.9999946598709762e+01
4.9999946598709712e+01
4.9999946598709805e+01
4.9999946598709826e+01
4.9999946598709812e+01
4.9999946598709691e+01
4.3333517263524627e+01
3.1666776891194409e+01
2.0005134522115728e+01
8.3404524921671879e+00
-3.3234262480036176e+00
-1.4985657100990341e+01
-2.6645010093814740e+01
-3.8333315031072239e+01
-4.9999941168452601e+01
-4.9999941168452573e+01
-4.9999941168452573e+01
-4.9999941168452516e+01
-4.9999941168452580e+01
-4.9999941168452587e+01
-4.9999941168452480e+01
-4.9999941168452622e+01
-4.9999941168452651e+01
-4.9999941168452636e+01
-4.9999941168452651e+01
-4.9999941168452679e+01
-4.9999941168452665e+01
-4.9999941168452665e+01
-4.9999941168452665e+01
-4.3333505994706492e+01
-3.1666769761321973e+01
-2.0004893710328325e+01
-8.3401243394241575e+00
3.3238677680549698e+00
1.4986277048866338e+01
2.6645917891726253e+01
3.8333316823125138e+01
4.9999946598724172e+01
4.9999946598724122e+01
4.9999946598724094e+01
4.9999946598724144e+01
4.9999946598724158e+01
4.9999946598724122e+01
4.9999946598724122e+01
4.9999946598724037e+01
4.9999946598724065e+01
4.9999946598724044e+01
4.9999946598724073e+01
4.9999946598724073e+01
4.9999946598724080e+01
4.9999946598724094e+01
4.9999946598724073e+01
4.3333517263532414e+01
3.1666776891196264e+01
2.0005134522117643e+01
8.3404524921773113e+00
-3.3234262479897350e+00
-1.4985657100983675e+01
-2.6645010093805059e+01
-3.8333315031070541e+01
-4.9999941168458903e+01
-4.9999941168458896e+01
-4.9999941168458861e+01
-4.9999941168458832e+01
-4.9999941168458754e+01
-4.9999941168458697e+01
-4.9999941168458790e+01
-4.9999941168458918e+01
-4.9999941168458925e+01
-4.9999941168458918e+01
-4.9999941168458903e+01
-4.9999941168458861e+01
-4.9999941168458847e+01
-4.9999941168458847e+01
-4.9999941168458840e+01
-4.3333505994720404e+01
-3.1666769761353102e+01
-2.0004893710360310e+01
-8.3401243394662430e+00
3.3238677680108930e+00
1.4986277048829360e+01
2.6645917891678231e+01
3.8333316823081155e+01
4.9999946598679784e+01
4.9999946598679848e+01
4.9999946598679855e+01
4.9999946598679827e+01
4.9999946598679777e+01
4.9999946598679763e+01
4.9999946598679728e+01
4.9999946598679607e+01
4.9999946598679557e+01
4.9999946598679500e+01
4.9999946598679500e+01
4.9999946598679443e+01
4.9999946598679379e+01
4.9999946598679365e+01
4.9999946598679358e+01
4.3333517263485149e+01
3.1666776891145680e+01
2.0005134522067728e+01
8.3404524921241290e+00
-3.3234262480315078e+00
-1.4985657101012379e+01
-2.6645010093834831e+01
-3.8333315031093257e+01
-4.9999941168477065e+01
-4.9999941168477051e+01
-4.9999941168476937e+01
-4.9999941168476973e+01
-4.9999941168476923e+01
-4.9999941168476902e+01
-4.9999941168476973e+01
-4.9999941168476987e+01
-4.9999941168476937e+01
-4.9999941168476909e+01
-4.9999941168476937e+01
-4.9999941168476866e+01
-4.9999941168476859e+01
-4.9999941168476859e+01
-4.9999941168476816e+01
-4.3333505994734601e+01
-3.1666769761357198e+01
-2.0004893710366691e+01
-8.3401243394642215e+00
3.3238677680171187e+00
1.4986277048835491e+01
2.6645917891693600e+01
3.8333316823092666e+01
4.9999946598685803e+01
4.9999946598685739e+01
4.9999946598685710e+01
4.9999946598685653e+01
4.9999946598685653e+01
4.9999946598685625e+01
4.9999946598685590e+01
4.9999946598685653e+01
4.9999946598685597e+01
4.9999946598685597e+01
4.9999946598685625e+01
4.9999946598685703e+01
4.9999946598685760e+01
4.9999946598685732e+01
4.9999946598685817e+01
4.3333517263499040e+01
3.1666776891161717e+01
2.0005134522088362e+01
8.3404524921412193e+00
-3.3234262480213355e+00
-1.4985657101005309e+01
-2.6645010093823480e+01
-3.8333315031084361e+01
-4.9999941168469888e+01
-4.9999941168469974e+01
-4.9999941168470002e+01
-4.9999941168469967e+01
-4.9999941168469896e+01
-4.9999941168469867e+01
-4.9999941168469903e+01
-4.9999941168469917e+01
-4.9999941168470002e+01
-4.9999941168470066e+01
-4.9999941168470038e+01
-4.9999941168469952e+01
-4.9999941168469931e+01
-4.9999941168469960e+01
-4.9999941168469988e+01
-4.3333505994715281e+01
-3.1666769761339111e+01
-2.0004893710356960e+01
-8.3401243394564322e+00
3.3238677680303024e+00
1.4986277048844585e+01
2.6645917891693678e+01
3.8333316823093817e+01
4.9999946598691331e+01
4.9999946598691395e+01
4.9999946598691352e+01
4.9999946598691260e+01
4.9999946598691281e+01
4.9999946598691366e+01
4.9999946598691373e+01
4.9999946598691388e+01
4.9999946598691309e+01
4.9999946598691203e+01
4.9999946598691274e+01
4.9999946598691231e+01
4.9999946598691309e+01
4.9999946598691295e+01
