0.0000000000000000e+00
1.7073170731576957e-04
3.4143427029156989e-04
5.1219512194573412e-04
6.8292681930923551e-04
8.5362937233675817e-04
1.3692111744293359e-03
2.9120579750859842e-03
4.6705059508843393e-03
6.7368555366711198e-03
9.2409092417471365e-03
9.1839994711089938e-03
9.1270864615649542e-03
9.0465937817169953e-03
8.9327488806010477e-03
8.7717257489880514e-03
8.6010849613973490e-03
8.4304150505584638e-03
8.2596215467792868e-03
8.0888898394625118e-03
7.9181289778523321e-03
7.7474264248282359e-03
7.5766947274680347e-03
7.5335929680026489e-03
7.3628429648425475e-03
6.7270321189925979e-03
5.6702190100836195e-03
4.5277627810846755e-03
3.2803737297025619e-03
1.9031726977256805e-03
3.6066561161047253e-04
-1.3994834230004148e-03
-3.4657192024280829e-03
-5.9697739418358327e-03
-5.9128640020486151e-03
-5.8559573008179072e-03
-5.7754845999939209e-03
-5.6616900689308485e-03
-5.5007824022267320e-03
-5.3299494905047987e-03
-5.1591457576807770e-03
-4.9884860758522293e-03
-4.8177543685331611e-03
-4.6470518055538174e-03
-4.4762909538965685e-03
-4.3055592565290589e-03
-4.2624574970597578e-03
-4.0917440020523041e-03
-3.4558973521236634e-03
-2.3990838839873583e-03
-1.2566559055934403e-03
-9.2812259832675227e-06
1.3678980717434614e-03
2.9103664424643795e-03
4.6704425252582721e-03
6.7368614301946683e-03
9.2409150657427122e-03
9.1840052946059649e-03
9.1270922845616068e-03
9.0465996040069996e-03
8.9327547018910672e-03
8.7717315688640770e-03
8.6010907848948735e-03
8.4304208776788628e-03
8.2596273702780429e-03
8.0888956629606174e-03
7.9181348013499919e-03
7.7474322483269201e-03
7.5767005509670970e-03
7.5335987915018422e-03
7.3628487883411007e-03
6.7270379399248749e-03
5.6702248310147325e-03
4.5277686020168562e-03
3.2803795506339984e-03
1.9031785186566963e-03
3.6067143254237796e-04
-1.3994776020694786e-03
-3.4657133814970159e-03
-5.9697681209048914e-03
-5.9128581811176365e-03
-5.8559514798862686e-03
-5.7754787790630776e-03
-5.6616842479996488e-03
-5.5007765812958341e-03
-5.3299436695739390e-03
-5.1591399367505548e-03
-4.9884802549213826e-03
-4.8177485476022562e-03
-4.6470459846232074e-03
-4.4762851329655561e-03
-4.3055534355974220e-03
-4.2624516761287845e-03
-4.0917381811234992e-03
-3.4558915311926298e-03
-2.3990780630563095e-03
-1.2566500846627935e-03
-9.2754050530316517e-06
1.3679038926725901e-03
2.9103722633945146e-03
4.6704483461874960e-03
6.7368672511244586e-03
9.2409208866734652e-03
9.1840111155364577e-03
9.1270981054931595e-03
9.0466054249381516e-03
8.9327605228230987e-03
8.7717373897955222e-03
8.6010966058255693e-03
8.4304266986088752e-03
8.2596331912081922e-03
8.0889014838912542e-03
7.9181406222807744e-03
7.7474380692573591e-03
7.5767063718966098e-03
7.5336046124320471e-03
7.3628546092743908e-03
6.7270437608548854e-03
5.6702306519460814e-03
4.5277744229486709e-03
3.2803853715666371e-03
1.9031843395896726e-03
3.6067725347479449e-04
-1.3994717811364472e-03
-3.4657075605627145e-03
-5.9697622999707722e-03
-5.9128523601829110e-03
-5.8559456589525414e-03
-5.7754729581288040e-03
-5.6616784270656657e-03
-5.5007707603623879e-03
-5.3299378486390964e-03
-5.1591341158162031e-03
-4.9884744339879277e-03
-4.8177427266681769e-03
-4.6470401636884481e-03
-4.4762793120310404e-03
-4.3055476146644000e-03
-4.2624458551958969e-03
-4.0917323601875151e-03
-3.4558857102583028e-03
-2.3990722421219960e-03
-1.2566442637282735e-03
-9.2695841181486038e-06
1.3679097136066803e-03
2.9103780843274694e-03
4.6704541671211373e-03
6.7368730720586524e-03
9.2409267076070320e-03
9.1840169364704235e-03
9.1271039264272623e-03
9.0466112458730246e-03
8.9327663437574704e-03
8.7717432107317257e-03
8.6011024267590910e-03
8.4304325195407610e-03
8.2596390121408327e-03
8.0889073048239415e-03
7.9181464432136386e-03
7.7474438901899484e-03
7.5767121928293811e-03
7.5336104333645244e-03
7.3628604302056703e-03
6.7270495817876187e-03
5.6702364728771874e-03
4.5277802438795757e-03
3.2803911924973350e-03
1.9031901605200720e-03
3.6068307440510278e-04
-1.3994659602061701e-03
-3.4657017396337209e-03
-5.9697564790409524e-03
-5.9128465392536715e-03
-5.8559398380231839e-03
-5.7754671371999244e-03
-5.6616726061368755e-03
-5.5007649394323184e-03
-5.3299320277101457e-03
-5.1591282948863998e-03
-4.9884686130582815e-03
-4.8177369057379026e-03
-4.6470343427583655e-03
-4.4762734911017385e-03
-4.3055417937348682e-03
-4.2624400342659279e-03
-4.0917265392574126e-03
-3.4558798893289840e-03
-2.3990664211922526e-03
-1.2566384427992064e-03
-9.2637631885888954e-06
1.3679155345373316e-03
2.9103839052582307e-03
4.6704599880521567e-03
6.7368788929885988e-03
9.2409325285380400e-03
9.1840227574006249e-03
9.1271097473570421e-03
9.0466170668020499e-03
8.9327721646872658e-03
8.7717490316607249e-03
8.6011082476902655e-03
8.4304383404732904e-03
8.2596448330714192e-03
8.0889131257544135e-03
7.9181522641443864e-03
7.7474497111199381e-03
7.5767180137596805e-03
7.5336162542947544e-03
7.3628662511359983e-03
6.7270554027175564e-03
5.6702422938072847e-03
4.5277860648092489e-03
3.2803970134271574e-03
1.9031959814499798e-03
3.6068889533473692e-04
-1.3994601392766654e-03
-3.4656959187034306e-03
-5.9697506581110260e-03
-5.9128407183235291e-03
-5.8559340170931031e-03
-5.7754613162695843e-03
-5.6616667852065292e-03
-5.5007591185025776e-03
-5.3299262067804708e-03
-5.1591224739577328e-03
-4.9884627921283906e-03
-4.8177310848087100e-03
-4.6470285218292266e-03
-4.4762676701721703e-03
-4.3055359728055740e-03
-4.2624342133363771e-03
