0.0000000000000000e+00
-5.1219512195507672e-05
-1.0244164796286898e-04
-1.5365853658238674e-04
-2.0487804850604041e-04
-2.5610018400142384e-04
-4.7972757231309318e-04
-1.2170069140671562e-03
-2.0621007054563338e-03
-3.0611107150853465e-03
-4.2789912854493250e-03
-4.2619184347216918e-03
-4.2448458754711510e-03
-4.2207021281976901e-03
-4.1865587084338272e-03
-4.1382746111512502e-03
-4.0870440820126447e-03
-4.0358161773066722e-03
-3.9846050576339779e-03
-3.9333855454389936e-03
-3.8821686565484901e-03
-3.8309465210497515e-03
-3.7797270091236021e-03
-3.7667964840042822e-03
-3.7155786135621665e-03
-3.4318088304156587e-03
-2.9375485876750149e-03
-2.4004696746587908e-03
-1.8109229280556705e-03
-1.1564710229215460e-03
-4.1936787255731359e-04
4.2655259127151603e-04
1.4255425100684676e-03
2.6434234829480008e-03
2.6263507002329337e-03
2.6092776260333113e-03
2.5851321553331860e-03
2.5509843079197713e-03
2.5026899682787044e-03
2.4514763465702748e-03
2.4002601018926432e-03
2.3490373221685622e-03
2.2978178099731213e-03
2.2465956742039493e-03
2.1953787855812242e-03
2.1441592736546173e-03
2.1312287485287648e-03
2.0800075923263143e-03
1.7962412672577984e-03
1.3019809054498164e-03
7.6491032156048575e-04
1.7536784910261114e-04
-4.7907777875625757e-04
-1.2161697624783201e-03
-2.0620693348324371e-03
-3.0611136614531451e-03
-4.2789941973986568e-03
-4.2619213464704818e-03
-4.2448487870194642e-03
-4.2207050394633561e-03
-4.1865616192987261e-03
-4.1382775214489891e-03
-4.0870469937604788e-03
-4.0358190905044602e-03
-3.9846079693807981e-03
-3.9333884571861634e-03
-3.8821715682955823e-03
-3.8309494327966147e-03
-3.7797299208702953e-03
-3.7667993957512160e-03
-3.7155815253103824e-03
-3.4318117408793291e-03
-2.9375514981386207e-03
-2.4004725851222218e-03
-1.8109258385190557e-03
-1.1564739333853060e-03
-4.1937078302139687e-04
4.2654968080900165e-04
1.4255395996060820e-03
2.6434205724852147e-03
2.6263477897708956e-03
2.6092747155713274e-03
2.5851292448719329e-03
2.5509813974583162e-03
2.5026870578171013e-03
2.4514734361074856e-03
2.4002571914281141e-03
2.3490344117053359e-03
2.2978148995088966e-03
2.2465927637396266e-03
2.1953758751172446e-03
2.1441563631919196e-03
2.1312258380644638e-03
2.0800046818573743e-03
1.7962383567938366e-03
1.3019779949855989e-03
7.6490741109586427e-04
1.7536493863881333e-04
-4.7908068922035256e-04
-1.2161726729424975e-03
-2.0620722452966166e-03
-3.0611165719182853e-03
-4.2789971078638512e-03
-4.2619242569359546e-03
-4.2448516974846473e-03
-4.2207079499283814e-03
-4.1865645297638927e-03
-4.1382804319148418e-03
-4.0870499042274695e-03
-4.0358220009722168e-03
-3.9846108798484376e-03
-3.9333913676534785e-03
-3.8821744787631263e-03
-3.8309523432633595e-03
-3.7797328313364078e-03
-3.7668023062174855e-03
-3.7155844357761843e-03
-3.4318146513455812e-03
-2.9375544086055303e-03
-2.4004754955890277e-03
-1.8109287489868531e-03
-1.1564768438532417e-03
-4.1937369348914687e-04
4.2654677033902567e-04
1.4255366891362813e-03
2.6434176620146362e-03
2.6263448792996553e-03
2.6092718051003178e-03
2.5851263344006227e-03
2.5509784869867090e-03
2.5026841473457539e-03
2.4514705256368720e-03
2.4002542809590556e-03
2.3490315012349018e-03
2.2978119890391157e-03
2.2465898532697875e-03
2.1953729646474853e-03
2.1441534527204382e-03
2.1312229275937877e-03
2.0800017713881701e-03
1.7962354463228786e-03
1.3019750845141369e-03
7.6490450062442045e-04
1.7536202816708496e-04
-4.7908359969148440e-04
-1.2161755834131935e-03
-2.0620751557677225e-03
-3.0611194823888239e-03
-4.2790000183350668e-03
-4.2619271674063089e-03
-4.2448546079548229e-03
-4.2207108603973444e-03
-4.1865674402335054e-03
-4.1382833423841050e-03
-4.0870528146974951e-03
-4.0358249114436405e-03
-3.9846137903193296e-03
-3.9333942781250835e-03
-3.8821773892341290e-03
-3.8309552537354446e-03
-3.7797357418090970e-03
-3.7668052166895841e-03
-3.7155873462463014e-03
-3.4318175618173108e-03
-2.9375573190778565e-03
-2.4004784060612087e-03
-1.8109316594578624e-03
-1.1564797543239338e-03
-4.1937660396002539e-04
4.2654385987014084e-04
1.4255337786669015e-03
2.6434147515454389e-03
2.6263419688310015e-03
2.6092688946310473e-03
2.5851234239313344e-03
2.5509755765172103e-03
2.5026812368765658e-03
2.4514676151674930e-03
2.4002513704893058e-03
2.3490285907651091e-03
2.2978090785691482e-03
2.2465869428001722e-03
2.1953700541778977e-03
2.1441505422521126e-03
2.1312200171253724e-03
2.0799988609209890e-03
1.7962325358545324e-03
1.3019721740459630e-03
7.6490159015619921e-04
1.7535911769909517e-04
-4.7908651015963729e-04
-1.2161784938816028e-03
-2.0620780662352206e-03
-3.0611223928562565e-03
-4.2790029288015154e-03
-4.2619300778732484e-03
-4.2448575184222334e-03
-4.2207137708660230e-03
-4.1865703507027209e-03
-4.1382862528534410e-03
-4.0870557251645716e-03
-4.0358278219089321e-03
-3.9846167007866777e-03
-3.9333971885917298e-03
-3.8821802997011053e-03
-3.8309581642021690e-03
-3.7797386522752194e-03
-3.7668081271559446e-03
-3.7155902567144856e-03
-3.4318204722833178e-03
-2.9375602295432859e-03
-2.4004813165277054e-03
-1.8109345699240539e-03
-1.1564826647894530e-03
-4.1937951442612442e-04
4.2654094940273741e-04
1.4255308682004728e-03
2.6434118410792965e-03
2.6263390583641643e-03
2.6092659841645094e-03
2.5851205134641677e-03
2.5509726660494494e-03
2.5026783264073932e-03
2.4514647047005314e-03
2.4002484600240499e-03
2.3490256802984836e-03
2.2978061681019788e-03
2.2465840323328372e-03
2.1953671437109517e-03
2.1441476317841431e-03
2.1312171066567966e-03
