0.0000000000000000e+00
-1.1257115929527189e-10
-4.4811719189989810e-03
7.0684382539919653e-10
-1.0694064816688356e-06
-4.4833105772487088e-03
4.3839971303008115e-05
2.2098556177569564e-03
1.4954099910370397e-02
1.1867033638148443e-05
3.1805225127553994e-05
8.3964615075729554e-08
-5.2960949717994273e-04
-2.1288778838003232e-03
-6.0911222341229216e-03
-1.5096220718742769e-02
3.1764898533236556e-09
1.0617210872781162e-02
3.9617521599937775e-10
2.9923435541631806e-10
-4.4822428713560394e-03
-4.7971798809409006e-11
1.0715573998320775e-06
-1.0237635328785507e-09
-2.8110661670073386e-03
-2.0272547863949732e-04
-1.2299466903346781e-04
-5.8907835452348435e-03
-8.2792677227152313e-03
-1.1729202073239358e-02
-1.7370758298109492e-02
-2.7031519813989185e-02
-2.2651614297389060e-05
-7.8457714103433136e-05
8.1383679125950421e-08
-4.1931337216957862e-04
-1.8623763539737806e-03
-5.6028753532553948e-03
-1.4291575351314818e-02
2.4615581494502903e-09
9.8065594278436904e-03
1.3536164480924525e-10
1.9245659763423809e-10
-4.4811714655793814e-03
1.9615883195196709e-10
-1.0705533168107516e-06
-4.7851033131575314e-10
-2.8020754293092268e-03
1.5258878697681260e-04
8.9405313773720252e-05
4.1105165019513249e-03
5.5914969643483768e-03
7.5865999712346043e-03
1.0607973417871118e-02
1.5231903642251703e-02
1.1630934047328307e-05
3.1784807379694967e-05
8.3531968356320886e-08
-5.2959016513339690e-04
-2.1288307451773529e-03
-6.0910356055313315e-03
-1.5096078336418559e-02
2.9160310193949781e-09
1.0617068259249258e-02
9.3653973609998552e-10
4.8292237022737989e-10
-4.4822429354638635e-03
1.8537168758205091e-10
1.0718702539528463e-06
-7.2884555164861857e-10
-2.8110663168134592e-03
-2.0272515354336995e-04
-1.2299448522749525e-04
-5.8907832023122617e-03
-8.2792674686566255e-03
-1.1729202023752204e-02
-1.7370758077097717e-02
-2.7031519656691157e-02
-2.2651388090844672e-05
-7.8457629482474268e-05
8.1678193945864788e-08
-4.1931299092158396e-04
-1.8623761570048687e-03
-5.6028750576163988e-03
-1.4291575254226597e-02
3.3595188242397057e-09
9.8065605494291573e-03
7.4060529670304372e-10
5.4097387957653126e-10
-4.4811715462380877e-03
1.7481921863238622e-10
-1.0703696912597594e-06
-3.5508367187423947e-10
-2.8020755274835284e-03
1.5258896696978351e-04
8.9405544181474109e-05
4.1105164688110939e-03
5.5914968487591771e-03
7.5865997165687976e-03
1.0607973310282751e-02
1.5231903359161891e-02
1.1630542284558150e-05
3.1784739973084705e-05
8.3385724029709556e-08
-5.2959006826694031e-04
-2.1288307400770218e-03
-6.0910354130550917e-03
-1.5096078191788997e-02
2.8235168710616364e-09
1.0617067736261303e-02
3.9891939151133971e-10
2.4911574293032548e-10
-4.4822430334903107e-03
1.9280055771264259e-10
1.0718712138321645e-06
-4.2295935754872315e-10
-2.8110647363583634e-03
-2.0272511225911320e-04
-1.2299422004369019e-04
-5.8907831537155422e-03
-8.2792675228366645e-03
-1.1729201903721450e-02
-1.7370758017172170e-02
-2.7031519844955804e-02
-2.2651472072101181e-05
-7.8457697216747279e-05
8.1565330156546692e-08
-4.1931307619319264e-04
-1.8623762422495431e-03
-5.6028752602534171e-03
-1.4291575401042584e-02
2.8504248995132688e-09
9.8065595818476806e-03
3.6223547645273573e-10
2.4752304398495003e-10
-4.4811715960164471e-03
3.2700767321851008e-10
-1.0708051749175225e-06
-8.5730307842446981e-10
-2.8020758644826320e-03
1.5258878659011793e-04
8.9405125907141838e-05
4.1105161946974724e-03
5.5914968692075588e-03
7.5865995286876408e-03
1.0607973068950729e-02
1.5231903158163052e-02
1.1630463860724693e-05
3.1784270391938548e-05
8.3431317723208893e-08
-5.2959000561976781e-04
-2.1288303946179867e-03
-6.0910355365090714e-03
-1.5096077949696510e-02
2.9130809348599349e-09
1.0617067952098260e-02
2.2780741504490601e-10
-3.3673124398322974e-11
-4.4822434314128832e-03
-4.9875269682245184e-10
1.0709791138217498e-06
-1.5802882477926787e-09
-2.8110668642507032e-03
-2.0272605060273432e-04
-1.2299545236968938e-04
-5.8907842315883549e-03
-8.2792682425375016e-03
-1.1729202663521458e-02
-1.7370758903502960e-02
-2.7031520407888542e-02
-2.2652127815740782e-05
-7.8458239007131306e-05
8.1050655164594723e-08
-4.1931377340001633e-04
-1.8623768990639255e-03
-5.6028758412633795e-03
-1.4291576012569678e-02
2.2516339467885106e-09
9.8065595818008638e-03
-3.5657303815492338e-10
-1.4728812472498135e-10
-4.4811720492338837e-03
-4.7158546717469969e-10
-1.0712153849069814e-06
-1.2204767302346350e-09
-2.8020757801874071e-03
1.5258829091733644e-04
8.9404828255158021e-05
4.1105157773756538e-03
5.5914964813517341e-03
7.5865992795500440e-03
1.0607972752876817e-02
1.5231903033359121e-02
1.1630494891540951e-05
3.1784729698356825e-05
8.3436799136594909e-08
-5.2959034313131116e-04
-2.1288309289771165e-03
-6.0910357321970667e-03
-1.5096078183293598e-02
2.9081226067817462e-09
1.0617068048147823e-02
8.6542062814021365e-11
-9.6349726997276934e-11
-4.4822433893743603e-03
-5.1391629782862947e-10
1.0712397138741668e-06
-1.2298570693199638e-09
-2.8110667329120974e-03
-2.0272541368785774e-04
-1.2299474530080601e-04
-5.8907835653579550e-03
-8.2792676933679706e-03
-1.1729202181971144e-02
-1.7370758253954999e-02
-2.7031520004529901e-02
-2.2651347825184654e-05
-7.8457497609820358e-05
8.1758370924467404e-08
-4.1931296556978610e-04
-1.8623761479688652e-03
-5.6028752289087880e-03
-1.4291575396523785e-02
3.0707992637746222e-09
9.8065603554552787e-03
3.8883318164712721e-10
2.2992269176254408e-10
-4.4811717310719798e-03
1.7358100693071905e-10
-1.0708635016626536e-06
-7.4829239857179104e-10
