0.0000000000000000e+00
3.4999999999799911e+01
6.9995817878581619e+01
1.0499999999864329e+02
1.3999999838620226e+02
1.7499581465330471e+02
2.0999983375471044e+02
2.4499099574658493e+02
2.7993621443659964e+02
3.1499994398111448e+02
3.4999982339496933e+02
3.3833333310267790e+02
3.2666637802357315e+02
3.1016601836214500e+02
2.8682939853111452e+02
2.5382325858985968e+02
2.1883585864414647e+02
1.8384428003901644e+02
1.4883585864853637e+02
1.1383585864865518e+02
7.8831674915812272e+01
4.3835858648782825e+01
8.8358602612878059e+00
3.0843092928928031e-10
3.5002626221963347e+01
6.9999482015884695e+01
1.0499969071599622e+02
1.3998531886897973e+02
1.7497962698167669e+02
2.0997160330412240e+02
2.4495883114657576e+02
2.7993775367511898e+02
3.1499995046932111e+02
3.4999983979612023e+02
3.3833333355536877e+02
3.2666729204516605e+02
3.1016981115103647e+02
2.8684043608354369e+02
2.5385088892915991e+02
2.1883585865736265e+02
1.8382501605123184e+02
1.4883585865265201e+02
1.1383585865222338e+02
7.8840040772751621e+01
4.3835858651687246e+01
8.8358602630533056e+00
3.5212079325374769e-11
3.4997387306510866e+01
6.9999448209437034e+01
1.0499966932642873e+02
1.3998459643365243e+02
1.7497864252348970e+02
2.0997027874400078e+02
2.4495697130296239e+02
2.7993503028142896e+02
3.1499994509320396e+02
3.4999982350536214e+02
3.3833333310280591e+02
3.2666637791312763e+02
3.1016601809565265e+02
2.8682939804380123e+02
2.5382325779030705e+02
2.1883585864413305e+02
1.8384428083882511e+02
1.4883585864854047e+02
1.1383585864861456e+02
7.8831674915763955e+01
4.3835858648759341e+01
8.8358602613448394e+00
2.2932284458212223e-10
3.5002626221808114e+01
6.9999482015858831e+01
1.0499969071597880e+02
1.3998531886895555e+02
1.7497962698166572e+02
2.0997160330410986e+02
2.4495883114655285e+02
2.7993775367511580e+02
3.1499995046931741e+02
3.4999983979611392e+02
3.3833333355546529e+02
3.2666729204518231e+02
3.1016981115116164e+02
2.8684043608361605e+02
2.5385088892925603e+02
2.1883585865759494e+02
1.8382501605160490e+02
1.4883585865278303e+02
1.1383585865227249e+02
7.8840040772747543e+01
4.3835858651627056e+01
8.8358602629753218e+00
-9.7833140355152842e-11
3.4997387306384745e+01
6.9999448209441198e+01
1.0499966932642840e+02
1.3998459643364902e+02
1.7497864252347733e+02
2.0997027874397310e+02
2.4495697130295133e+02
2.7993503028141316e+02
3.1499994509319890e+02
3.4999982350536294e+02
3.3833333310276771e+02
3.2666637791328122e+02
3.1016601809578418e+02
2.8682939804404600e+02
2.5382325779052042e+02
2.1883585864438507e+02
1.8384428083906212e+02
1.4883585864880038e+02
1.1383585864888421e+02
7.8831674916035695e+01
4.3835858648941141e+01
8.8358602613227042e+00
2.4174657457282893e-11
3.5002626221577685e+01
6.9999482015856614e+01
1.0499969071595757e+02
1.3998531886892673e+02
1.7497962698160995e+02
2.0997160330405370e+02
2.4495883114651116e+02
2.7993775367505987e+02
3.1499995046925693e+02
3.4999983979606498e+02
3.3833333355526167e+02
3.2666729204519555e+02
3.1016981115108672e+02
2.8684043608351681e+02
2.5385088892925774e+02
2.1883585865729037e+02
1.8382501605132830e+02
1.4883585865278738e+02
1.1383585865221579e+02
7.8840040772610465e+01
4.3835858651636016e+01
8.8358602630227132e+00
9.5872194956686672e-11
3.4997387306780197e+01
6.9999448209499434e+01
1.0499966932649761e+02
1.3998459643371311e+02
1.7497864252353148e+02
2.0997027874401118e+02
2.4495697130296637e+02
2.7993503028143738e+02
3.1499994509322528e+02
3.4999982350538414e+02
3.3833333310277044e+02
3.2666637791331294e+02
3.1016601809583130e+02
2.8682939804417759e+02
2.5382325779080728e+02
2.1883585864428608e+02
1.8384428083860627e+02
1.4883585864861860e+02
1.1383585864873106e+02
7.8831674915946422e+01
4.3835858648887474e+01
8.8358602613247328e+00
6.0531259282693620e-12
3.5002626221595420e+01
6.9999482015836406e+01
1.0499969071596846e+02
1.3998531886893642e+02
1.7497962698164235e+02
2.0997160330409059e+02
2.4495883114654066e+02
2.7993775367509761e+02
3.1499995046930343e+02
3.4999983979609760e+02
3.3833333355541691e+02
3.2666729204526160e+02
3.1016981115124361e+02
2.8684043608371007e+02
2.5385088892920368e+02
2.1883585865743953e+02
1.8382501605146422e+02
1.4883585865275305e+02
1.1383585865211839e+02
7.8840040772554204e+01
4.3835858651609129e+01
8.8358602631297600e+00
1.3842400153853329e-11
3.4997387306613618e+01
6.9999448209455977e+01
1.0499966932645984e+02
1.3998459643366516e+02
1.7497864252349876e+02
2.0997027874399424e+02
2.4495697130295503e+02
2.7993503028142328e+02
3.1499994509319612e+02
3.4999982350536374e+02
3.3833333310275441e+02
3.2666637791326514e+02
3.1016601809571875e+02
2.8682939804411694e+02
2.5382325779068907e+02
2.1883585864434883e+02
1.8384428083888560e+02
1.4883585864866853e+02
1.1383585864875005e+02
7.8831674915917588e+01
4.3835858648770873e+01
8.8358602611816508e+00
2.8449292886176405e-10
3.5002626221597247e+01
6.9999482015905116e+01
1.0499969071602723e+02
1.3998531886898982e+02
1.7497962698168709e+02
2.0997160330412700e+02
2.4495883114658187e+02
2.7993775367512904e+02
3.1499995046933299e+02
3.4999983979612330e+02
3.3833333355537178e+02
3.2666729204524268e+02
3.1016981115112196e+02
2.8684043608356257e+02
2.5385088892909675e+02
2.1883585865749234e+02
1.8382501605177825e+02
1.4883585865279477e+02
1.1383585865217177e+02
7.8840040772580991e+01
4.3835858651668680e+01
8.8358602631256460e+00
2.6421449637108844e-10
