0.0000000000000000e+00
0.0000000000000000e+00
0.0000000000000000e+00
0.0000000000000000e+00
0.0000000000000000e+00
0.0000000000000000e+00
8.8393780992094271e+03
4.7876647709383906e+04
1.0000112436080996e+05
1.7051743779273043e+05
2.6755923497113294e+05
2.6755923497113294e+05
2.6755923497113294e+05
2.6755923497113294e+05
2.6755923497113294e+05
2.6755923497113294e+05
2.6755923497113294e+05
2.6755923497113294e+05
2.6755923497113294e+05
2.6755923497113294e+05
2.6755923497113294e+05
2.6755923497113294e+05
2.6755923497113294e+05
2.6755923497113294e+05
2.6755923497113294e+05
2.7104709459739027e+05
2.8073683401084121e+05
2.9561272773514164e+05
3.1680092214132647e+05
3.4581770110502827e+05
3.8480564387685980e+05
4.3692405962056050e+05
5.0735537590340001e+05
6.0427103012462636e+05
6.0427103012462636e+05
6.0427103012462636e+05
6.0427103012462636e+05
6.0427103012462636e+05
6.0427103012462636e+05
6.0427103012462636e+05
6.0427103012462636e+05
6.0427103012462636e+05
6.0427103012462636e+05
6.0427103012462636e+05
6.0427103012462636e+05
6.0427103012462636e+05
6.0427103012462636e+05
6.0427103012462636e+05
6.0775963934634090e+05
6.1745282026804821e+05
6.3233559896008507e+05
6.5353664336220478e+05
6.8257481970688351e+05
7.2159644174099923e+05
7.7376612265539565e+05
8.4428467994478648e+05
9.4132647459571459e+05
9.4132647459571459e+05
9.4132647459571459e+05
9.4132647459571459e+05
9.4132647459571459e+05
9.4132647459571459e+05
9.4132647459571459e+05
9.4132647459571459e+05
9.4132647459571459e+05
9.4132647459571459e+05
9.4132647459571459e+05
9.4132647459571459e+05
9.4132647459571459e+05
9.4132647459571459e+05
9.4132647459571459e+05
9.4481433423801442e+05
9.5450407365146861e+05
9.6937996737576858e+05
9.9056816178195109e+05
1.0195849407456538e+06
1.0585728835174853e+06
1.1106912992611846e+06
1.1811226155440195e+06
1.2780382697652488e+06
1.2780382697652488e+06
1.2780382697652488e+06
1.2780382697652488e+06
1.2780382697652488e+06
1.2780382697652488e+06
1.2780382697652488e+06
1.2780382697652488e+06
1.2780382697652488e+06
1.2780382697652488e+06
1.2780382697652488e+06
1.2780382697652488e+06
1.2780382697652488e+06
1.2780382697652488e+06
1.2780382697652488e+06
1.2815268789869624e+06
1.2912200599086715e+06
1.3061028386007084e+06
1.3273038830028290e+06
1.3563420593475068e+06
1.3953636813816244e+06
1.4475333622960208e+06
1.5180519195854145e+06
1.6150937142363398e+06
1.6150937142363398e+06
1.6150937142363398e+06
1.6150937142363398e+06
1.6150937142363398e+06
1.6150937142363398e+06
1.6150937142363398e+06
1.6150937142363398e+06
1.6150937142363398e+06
1.6150937142363398e+06
1.6150937142363398e+06
1.6150937142363398e+06
1.6150937142363398e+06
1.6150937142363398e+06
1.6150937142363398e+06
1.6185815738786405e+06
1.6282713132920957e+06
1.6431472070163938e+06
1.6643354014225772e+06
1.6933521803862846e+06
1.7323401231581124e+06
1.7844585389018138e+06
1.8548898551846487e+06
1.9518055094058798e+06
1.9518055094058798e+06
1.9518055094058798e+06
1.9518055094058798e+06
1.9518055094058798e+06
1.9518055094058798e+06
1.9518055094058798e+06
1.9518055094058798e+06
1.9518055094058798e+06
1.9518055094058798e+06
1.9518055094058798e+06
1.9518055094058798e+06
1.9518055094058798e+06
1.9518055094058798e+06
1.9518055094058798e+06
1.9552941186275952e+06
1.9649872995493044e+06
1.9798700782413431e+06
2.0010711226434601e+06
2.0301092989881379e+06
2.0691309210222554e+06
2.1213006019366500e+06
2.1918191592260492e+06
2.2888609538769801e+06
2.2888609538769801e+06
2.2888609538769801e+06
2.2888609538769801e+06
2.2888609538769801e+06
2.2888609538769801e+06
2.2888609538769801e+06
2.2888609538769801e+06
2.2888609538769801e+06
2.2888609538769801e+06
2.2888609538769801e+06
2.2888609538769801e+06
2.2888609538769801e+06
2.2888609538769801e+06
2.2888609538769801e+06
2.2923488135192809e+06
2.3020385529327360e+06
2.3169144466570322e+06
2.3381026410632175e+06
2.3671194200269212e+06
2.4061073627987546e+06
2.4582257785424558e+06
2.5286570948252943e+06
2.6255727490465199e+06
2.6255727490465199e+06
2.6255727490465199e+06
2.6255727490465199e+06
2.6255727490465199e+06
2.6255727490465199e+06
2.6255727490465199e+06
2.6255727490465199e+06
2.6255727490465199e+06
2.6255727490465199e+06
2.6255727490465199e+06
2.6255727490465199e+06
2.6255727490465199e+06
2.6255727490465199e+06
2.6255727490465199e+06
2.6290613582682353e+06
2.6387545391899426e+06
2.6536373178819795e+06
2.6748383622840983e+06
2.7038765386287761e+06
2.7428981606628974e+06
2.7950678415772957e+06
2.8655863988666986e+06
2.9626281935176109e+06
2.9626281935176109e+06
2.9626281935176109e+06
2.9626281935176109e+06
2.9626281935176109e+06
2.9626281935176109e+06
2.9626281935176109e+06
2.9626281935176109e+06
2.9626281935176109e+06
2.9626281935176109e+06
2.9626281935176109e+06
2.9626281935176109e+06
2.9626281935176109e+06
2.9626281935176109e+06
2.9626281935176109e+06
2.9661160531599117e+06
2.9758057925733668e+06
2.9906816862976667e+06
3.0118698807038483e+06
3.0408866596675557e+06
3.0798746024393928e+06
3.1319930181830940e+06
3.2024243344659363e+06
3.2993399886871581e+06
3.2993399886871581e+06
3.2993399886871581e+06
3.2993399886871581e+06
3.2993399886871581e+06
3.2993399886871581e+06
3.2993399886871581e+06
3.2993399886871581e+06
3.2993399886871581e+06
3.2993399886871581e+06
3.2993399886871581e+06
3.2993399886871581e+06
3.2993399886871581e+06
3.2993399886871581e+06
