0.0000000000000000e+00
0.0000000000000000e+00
0.0000000000000000e+00
0.0000000000000000e+00
0.0000000000000000e+00
0.0000000000000000e+00
0.0000000000000000e+00
-6.6650002789096927e+00
-2.6666603887616358e+01
-4.6656671529721507e+01
-6.6663529717976687e+01
-6.6663529717976687e+01
-6.6663529717976687e+01
-6.6663529717976687e+01
-6.6663529717976687e+01
-6.6663529717976687e+01
-6.6663529717976687e+01
-6.6663529717976687e+01
-6.6663529717976687e+01
-6.6663529717976687e+01
-6.6663529717976687e+01
-6.6663529717976687e+01
-6.6663529717976687e+01
-6.6663529717976687e+01
-6.6663529717976687e+01
-6.6663529717976687e+01
-6.6663529717976687e+01
-6.6663529717976687e+01
-6.6663529717976687e+01
-6.6663529717976687e+01
-5.3335887223810836e+01
-3.3334072049723957e+01
-1.3333373014863646e+01
6.6664885059902605e+00
2.6665587051751540e+01
4.6656271042704205e+01
6.6663274645430576e+01
6.6663274645430562e+01
6.6663274645430562e+01
6.6663274645430519e+01
6.6663274645430562e+01
6.6663274645430562e+01
6.6663274645430562e+01
6.6663274645430562e+01
6.6663274645430562e+01
6.6663274645430562e+01
6.6663274645430562e+01
6.6663274645430562e+01
6.6663274645430562e+01
6.6663274645430562e+01
6.6663274645430533e+01
6.6663274645430533e+01
6.6663274645430533e+01
6.6663274645430533e+01
6.6663274645430533e+01
6.6663274645430533e+01
5.3335819722073175e+01
3.3334049830091828e+01
1.3333371205182798e+01
-6.6664961405230114e+00
-2.6665630352343882e+01
-4.6656656649826317e+01
-6.6663530527531080e+01
-6.6663530527531080e+01
-6.6663530527531080e+01
-6.6663530527531080e+01
-6.6663530527531080e+01
-6.6663530527531080e+01
-6.6663530527531080e+01
-6.6663530527531080e+01
-6.6663530527531080e+01
-6.6663530527531080e+01
-6.6663530527531080e+01
-6.6663530527531080e+01
-6.6663530527531080e+01
-6.6663530527531080e+01
-6.6663530527531080e+01
-6.6663530527531080e+01
-6.6663530527531080e+01
-6.6663530527531080e+01
-6.6663530527531080e+01
-6.6663530527531080e+01
-5.3335887224378268e+01
-3.3334072049490572e+01
-1.3333373014878003e+01
6.6664885059819188e+00
2.6665587051740410e+01
4.6656271042694641e+01
6.6663274645426398e+01
6.6663274645426370e+01
6.6663274645426341e+01
6.6663274645426370e+01
6.6663274645426370e+01
6.6663274645426370e+01
6.6663274645426370e+01
6.6663274645426370e+01
6.6663274645426370e+01
6.6663274645426370e+01
6.6663274645426370e+01
6.6663274645426370e+01
6.6663274645426355e+01
6.6663274645426355e+01
6.6663274645426355e+01
6.6663274645426355e+01
6.6663274645426355e+01
6.6663274645426327e+01
6.6663274645426327e+01
6.6663274645426327e+01
5.3335819722033790e+01
3.3334049830047675e+01
1.3333371205140782e+01
-6.6664961405571779e+00
-2.6665630352370073e+01
-4.6656656649841743e+01
-6.6663530527536651e+01
-6.6663530527536651e+01
-6.6663530527536651e+01
-6.6663530527536651e+01
-6.6663530527536651e+01
-6.6663530527536651e+01
-6.6663530527536651e+01
-6.6663530527536651e+01
-6.6663530527536651e+01
-6.6663530527536651e+01
-6.6663530527536651e+01
-6.6663530527536651e+01
-6.6663530527536651e+01
-6.6663530527536651e+01
-6.6663530527536651e+01
-6.6663530527536651e+01
-6.6663530527536651e+01
-6.6663530527536651e+01
-6.6663530527536651e+01
-6.6663530527536651e+01
-5.3335887224437514e+01
-3.3334072049541675e+01
-1.3333373014908085e+01
6.6664885059601131e+00
2.6665587051722881e+01
4.6656271042685404e+01
6.6663274645423115e+01
6.6663274645423115e+01
6.6663274645423115e+01
6.6663274645423101e+01
6.6663274645423087e+01
6.6663274645423087e+01
6.6663274645423087e+01
6.6663274645423073e+01
6.6663274645423073e+01
6.6663274645423073e+01
6.6663274645423073e+01
6.6663274645423073e+01
6.6663274645423073e+01
6.6663274645423073e+01
6.6663274645423087e+01
6.6663274645423087e+01
6.6663274645423087e+01
6.6663274645423144e+01
6.6663274645423144e+01
6.6663274645423144e+01
5.3335819722034969e+01
3.3334049830057111e+01
1.3333371205153149e+01
-6.6664961405538046e+00
-2.6665630352367579e+01
-4.6656656649842134e+01
-6.6663530527536878e+01
-6.6663530527536878e+01
-6.6663530527536878e+01
-6.6663530527536878e+01
-6.6663530527536878e+01
-6.6663530527536878e+01
-6.6663530527536878e+01
-6.6663530527536878e+01
-6.6663530527536878e+01
-6.6663530527536878e+01
-6.6663530527536878e+01
-6.6663530527536878e+01
-6.6663530527536878e+01
-6.6663530527536878e+01
-6.6663530527536878e+01
-6.6663530527536878e+01
-6.6663530527536878e+01
-6.6663530527536878e+01
-6.6663530527536878e+01
-6.6663530527536878e+01
-5.3335887224391641e+01
-3.3334072049507498e+01
-1.3333373014872524e+01
6.6664885059941845e+00
2.6665587051752802e+01
4.6656271042705583e+01
6.6663274645430747e+01
6.6663274645430775e+01
6.6663274645430761e+01
6.6663274645430761e+01
6.6663274645430747e+01
6.6663274645430747e+01
6.6663274645430747e+01
6.6663274645430732e+01
6.6663274645430732e+01
6.6663274645430732e+01
6.6663274645430732e+01
6.6663274645430732e+01
6.6663274645430704e+01
6.6663274645430704e+01
6.6663274645430690e+01
6.6663274645430690e+01
6.6663274645430690e+01
6.6663274645430661e+01
6.6663274645430661e+01
6.6663274645430661e+01
5.3335819722048292e+01
3.3334049830053189e+01
1.3333371205150350e+01
-6.6664961405443428e+00
-2.6665630352359305e+01
-4.6656656649835121e+01
-6.6663530527532970e+01
-6.6663530527532970e+01
-6.6663530527532970e+01
-6.6663530527532970e+01
-6.6663530527532970e+01
-6.6663530527532970e+01
-6.6663530527532970e+01
-6.6663530527532970e+01
-6.6663530527532970e+01
-6.6663530527532970e+01
-6.6663530527532970e+01
-6.6663530527532970e+01
-6.6663530527532970e+01
-6.6663530527532970e+01
-6.6663530527532970e+01
-6.6663530527532970e+01
-6.6663530527532970e+01
-6.6663530527532970e+01
-6.6663530527532970e+01
-6.6663530527532970e+01
-5.3335887224406207e+01
-3.3334072049511974e+01
-1.3333373014874459e+01
6.6664885059874983e+00
2.6665587051750734e+01
4.6656271042706635e+01
6.6663274645431216e+01
6.6663274645431258e+01
6.6663274645431201e+01
6.6663274645431216e+01
6.6663274645431201e+01
6.6663274645431201e+01
6.6663274645431201e+01
6.6663274645431173e+01
6.6663274645431173e+01
6.6663274645431173e+01
6.6663274645431173e+01
6.6663274645431173e+01
6.6663274645431173e+01
6.6663274645431173e+01
6.6663274645431159e+01
6.6663274645431159e+01
6.6663274645431159e+01
