0.0000000000000000e+00
0.0000000000000000e+00
0.0000000000000000e+00
0.0000000000000000e+00
0.0000000000000000e+00
0.0000000000000000e+00
0.0000000000000000e+00
3.3325001394528497e+00
1.3333301943804349e+01
2.3328335764858533e+01
3.3331764858986048e+01
3.3331764858986048e+01
3.3331764858986070e+01
3.3331764858986077e+01
3.3331764858986091e+01
3.3331764858986112e+01
3.3331764858986070e+01
3.3331764858986141e+01
3.3331764858986176e+01
3.3331764858986155e+01
3.3331764858986162e+01
3.3331764858986169e+01
3.3331764858986148e+01
3.3331764858986162e+01
3.3331764858986155e+01
3.3331764858986119e+01
3.3331764858986105e+01
3.3331764858986105e+01
3.3331764858986134e+01
3.3331764858986162e+01
2.6667943611904512e+01
1.6667036024864064e+01
6.6666865074344974e+00
-3.3332442529898656e+00
-1.3332793525867004e+01
-2.3328135521341306e+01
-3.3331637322709341e+01
-3.3331637322709319e+01
-3.3331637322709369e+01
-3.3331637322709327e+01
-3.3331637322709319e+01
-3.3331637322709312e+01
-3.3331637322709362e+01
-3.3331637322709369e+01
-3.3331637322709369e+01
-3.3331637322709376e+01
-3.3331637322709334e+01
-3.3331637322709255e+01
-3.3331637322709312e+01
-3.3331637322709263e+01
-3.3331637322709312e+01
-3.3331637322709319e+01
-3.3331637322709362e+01
-3.3331637322709348e+01
-3.3331637322709355e+01
-3.3331637322709355e+01
-2.6667909861029798e+01
-1.6667024915036802e+01
-6.6666856025782595e+00
3.3332480702757916e+00
1.3332815176181814e+01
2.3328328324917148e+01
3.3331765263769455e+01
3.3331765263769448e+01
3.3331765263769498e+01
3.3331765263769519e+01
3.3331765263769512e+01
3.3331765263769498e+01
3.3331765263769491e+01
3.3331765263769476e+01
3.3331765263769441e+01
3.3331765263769405e+01
3.3331765263769398e+01
3.3331765263769441e+01
3.3331765263769448e+01
3.3331765263769427e+01
3.3331765263769405e+01
3.3331765263769391e+01
3.3331765263769348e+01
3.3331765263769320e+01
3.3331765263769299e+01
3.3331765263769285e+01
2.6667943612194001e+01
1.6667036024752136e+01
6.6666865074473236e+00
-3.3332442529847905e+00
-1.3332793525865586e+01
-2.3328135521347619e+01
-3.3331637322713604e+01
-3.3331637322713576e+01
-3.3331637322713568e+01
-3.3331637322713597e+01
-3.3331637322713576e+01
-3.3331637322713526e+01
-3.3331637322713505e+01
-3.3331637322713490e+01
-3.3331637322713462e+01
-3.3331637322713441e+01
-3.3331637322713419e+01
-3.3331637322713370e+01
-3.3331637322713384e+01
-3.3331637322713405e+01
-3.3331637322713398e+01
-3.3331637322713377e+01
-3.3331637322713398e+01
-3.3331637322713448e+01
-3.3331637322713433e+01
-3.3331637322713490e+01
-2.6667909861011182e+01
-1.6667024915014533e+01
-6.6666856025633585e+00
3.3332480702855096e+00
1.3332815176187980e+01
2.3328328324919063e+01
3.3331765263766798e+01
3.3331765263766755e+01
3.3331765263766741e+01
3.3331765263766741e+01
3.3331765263766698e+01
3.3331765263766684e+01
3.3331765263766670e+01
3.3331765263766627e+01
3.3331765263766606e+01
3.3331765263766648e+01
3.3331765263766691e+01
3.3331765263766727e+01
3.3331765263766705e+01
3.3331765263766762e+01
3.3331765263766769e+01
3.3331765263766798e+01
3.3331765263766840e+01
3.3331765263766854e+01
3.3331765263766833e+01
3.3331765263766790e+01
2.6667943612222331e+01
1.6667036024779971e+01
6.6666865074631509e+00
-3.3332442529708537e+00
-1.3332793525854742e+01
-2.3328135521335813e+01
-3.3331637322707408e+01
-3.3331637322707394e+01
-3.3331637322707401e+01
-3.3331637322707451e+01
-3.3331637322707429e+01
-3.3331637322707387e+01
-3.3331637322707394e+01
-3.3331637322707323e+01
-3.3331637322707351e+01
-3.3331637322707422e+01
-3.3331637322707394e+01
-3.3331637322707451e+01
-3.3331637322707472e+01
-3.3331637322707458e+01
-3.3331637322707493e+01
-3.3331637322707493e+01
-3.3331637322707465e+01
-3.3331637322707493e+01
-3.3331637322707493e+01
-3.3331637322707479e+01
-2.6667909861016096e+01
-1.6667024915028762e+01
-6.6666856025788883e+00
3.3332480702711633e+00
1.3332815176180251e+01
2.3328328324919362e+01
3.3331765263764112e+01
3.3331765263764112e+01
3.3331765263764161e+01
3.3331765263764183e+01
3.3331765263764176e+01
3.3331765263764161e+01
3.3331765263764147e+01
3.3331765263764240e+01
3.3331765263764197e+01
3.3331765263764176e+01
3.3331765263764225e+01
3.3331765263764211e+01
3.3331765263764218e+01
3.3331765263764268e+01
3.3331765263764268e+01
3.3331765263764268e+01
3.3331765263764247e+01
3.3331765263764268e+01
3.3331765263764225e+01
3.3331765263764204e+01
2.6667943612192964e+01
1.6667036024752864e+01
6.6666865074379578e+00
-3.3332442529967627e+00
-1.3332793525876527e+01
-2.3328135521352333e+01
-3.3331637322717128e+01
-3.3331637322717114e+01
-3.3331637322717057e+01
-3.3331637322717043e+01
-3.3331637322717000e+01
-3.3331637322717000e+01
-3.3331637322716951e+01
-3.3331637322716958e+01
-3.3331637322716979e+01
-3.3331637322716915e+01
-3.3331637322716915e+01
-3.3331637322716880e+01
-3.3331637322716915e+01
-3.3331637322716922e+01
-3.3331637322716887e+01
-3.3331637322716858e+01
-3.3331637322716823e+01
-3.3331637322716773e+01
-3.3331637322716823e+01
-3.3331637322716809e+01
-2.6667909861020171e+01
-1.6667024915017226e+01
-6.6666856025628327e+00
3.3332480702867784e+00
1.3332815176194718e+01
2.3328328324930077e+01
3.3331765263773043e+01
3.3331765263773008e+01
3.3331765263772979e+01
3.3331765263772979e+01
3.3331765263772979e+01
3.3331765263773008e+01
3.3331765263773015e+01
3.3331765263773008e+01
3.3331765263772965e+01
3.3331765263772979e+01
3.3331765263773008e+01
3.3331765263773001e+01
3.3331765263773001e+01
3.3331765263773029e+01
3.3331765263773022e+01
3.3331765263773022e+01
3.3331765263773036e+01
3.3331765263772972e+01
3.3331765263772986e+01
3.3331765263773008e+01
2.6667943612206123e+01
1.6667036024758438e+01
6.6666865074383557e+00
-3.3332442529906166e+00
-1.3332793525871235e+01
-2.3328135521350980e+01
-3.3331637322715984e+01
-3.3331637322715991e+01
-3.3331637322715984e+01
-3.3331637322715984e+01
-3.3331637322715935e+01
-3.3331637322715942e+01
-3.3331637322715942e+01
-3.3331637322715920e+01
-3.3331637322715949e+01
-3.3331637322715942e+01
-3.3331637322715935e+01
-3.3331637322715949e+01
-3.3331637322715935e+01
-3.3331637322715913e+01
-3.3331637322715920e+01
-3.3331637322715906e+01
-3.3331637322715878e+01
