0.0000000000000000e+00
0.0000000000000000e+00
0.0000000000000000e+00
0.0000000000000000e+00
0.0000000000000000e+00
0.0000000000000000e+00
0.0000000000000000e+00
3.3325001394568567e+00
1.3333301943812032e+01
2.3328335764863024e+01
3.3331764858990695e+01
3.3331764858990681e+01
3.3331764858990695e+01
3.3331764858990695e+01
3.3331764858990709e+01
3.3331764858990695e+01
3.3331764858990674e+01
3.3331764858990702e+01
3.3331764858990738e+01
3.3331764858990709e+01
3.3331764858990695e+01
3.3331764858990709e+01
3.3331764858990695e+01
3.3331764858990674e+01
3.3331764858990667e+01
3.3331764858990624e+01
3.3331764858990645e+01
3.3331764858990660e+01
3.3331764858990724e+01
3.3331764858990709e+01
2.6667943611906512e+01
1.6667036024860046e+01
6.6666865074292652e+00
-3.3332442530002968e+00
-1.3332793525884490e+01
-2.3328135521362775e+01
-3.3331637322721129e+01
-3.3331637322721136e+01
-3.3331637322721164e+01
-3.3331637322721143e+01
-3.3331637322721129e+01
-3.3331637322721114e+01
-3.3331637322721186e+01
-3.3331637322721193e+01
-3.3331637322721186e+01
-3.3331637322721207e+01
-3.3331637322721136e+01
-3.3331637322721051e+01
-3.3331637322721093e+01
-3.3331637322721043e+01
-3.3331637322721100e+01
-3.3331637322721129e+01
-3.3331637322721157e+01
-3.3331637322721186e+01
-3.3331637322721207e+01
-3.3331637322721235e+01
-2.6667909861043455e+01
-1.6667024915055102e+01
-6.6666856026046073e+00
3.3332480702471727e+00
1.3332815176162029e+01
2.3328328324909084e+01
3.3331765263761561e+01
3.3331765263761561e+01
3.3331765263761561e+01
3.3331765263761554e+01
3.3331765263761604e+01
3.3331765263761596e+01
3.3331765263761589e+01
3.3331765263761611e+01
3.3331765263761575e+01
3.3331765263761532e+01
3.3331765263761525e+01
3.3331765263761568e+01
3.3331765263761639e+01
3.3331765263761625e+01
3.3331765263761611e+01
3.3331765263761611e+01
3.3331765263761568e+01
3.3331765263761540e+01
3.3331765263761596e+01
3.3331765263761582e+01
2.6667943612184043e+01
1.6667036024738259e+01
6.6666865074305290e+00
-3.3332442529972663e+00
-1.3332793525874951e+01
-2.3328135521347050e+01
-3.3331637322712744e+01
-3.3331637322712716e+01
-3.3331637322712680e+01
-3.3331637322712709e+01
-3.3331637322712695e+01
-3.3331637322712666e+01
-3.3331637322712673e+01
-3.3331637322712666e+01
-3.3331637322712652e+01
-3.3331637322712623e+01
-3.3331637322712609e+01
-3.3331637322712552e+01
-3.3331637322712552e+01
-3.3331637322712609e+01
-3.3331637322712588e+01
-3.3331637322712567e+01
-3.3331637322712602e+01
-3.3331637322712638e+01
-3.3331637322712645e+01
-3.3331637322712666e+01
-2.6667909861022366e+01
-1.6667024915032922e+01
-6.6666856025772079e+00
3.3332480702718552e+00
1.3332815176182251e+01
2.3328328324922776e+01
3.3331765263769796e+01
3.3331765263769761e+01
3.3331765263769732e+01
3.3331765263769739e+01
3.3331765263769697e+01
3.3331765263769611e+01
3.3331765263769626e+01
3.3331765263769555e+01
3.3331765263769547e+01
3.3331765263769604e+01
3.3331765263769661e+01
3.3331765263769690e+01
3.3331765263769711e+01
3.3331765263769768e+01
3.3331765263769753e+01
3.3331765263769775e+01
3.3331765263769810e+01
3.3331765263769796e+01
3.3331765263769782e+01
3.3331765263769746e+01
2.6667943612215122e+01
1.6667036024761639e+01
6.6666865074448802e+00
-3.3332442529893127e+00
-1.3332793525868182e+01
-2.3328135521349576e+01
-3.3331637322715729e+01
-3.3331637322715721e+01
-3.3331637322715736e+01
-3.3331637322715792e+01
-3.3331637322715750e+01
-3.3331637322715707e+01
-3.3331637322715721e+01
-3.3331637322715657e+01
-3.3331637322715636e+01
-3.3331637322715707e+01
-3.3331637322715686e+01
-3.3331637322715757e+01
-3.3331637322715778e+01
-3.3331637322715736e+01
-3.3331637322715785e+01
-3.3331637322715785e+01
-3.3331637322715764e+01
-3.3331637322715771e+01
-3.3331637322715792e+01
-3.3331637322715764e+01
-2.6667909861018913e+01
-1.6667024915028364e+01
-6.6666856025742574e+00
3.3332480702826430e+00
1.3332815176187310e+01
2.3328328324922747e+01
3.3331765263772887e+01
3.3331765263772922e+01
3.3331765263772965e+01
3.3331765263772979e+01
3.3331765263772944e+01
3.3331765263772915e+01
3.3331765263772915e+01
3.3331765263773008e+01
3.3331765263772965e+01
3.3331765263772922e+01
3.3331765263772994e+01
3.3331765263772937e+01
3.3331765263772937e+01
3.3331765263772951e+01
3.3331765263772937e+01
3.3331765263772915e+01
3.3331765263772866e+01
3.3331765263772922e+01
3.3331765263772830e+01
3.3331765263772851e+01
2.6667943612198830e+01
1.6667036024754726e+01
6.6666865074346333e+00
-3.3332442529973418e+00
-1.3332793525876180e+01
-2.3328135521353218e+01
-3.3331637322713561e+01
-3.3331637322713554e+01
-3.3331637322713505e+01
-3.3331637322713490e+01
-3.3331637322713462e+01
-3.3331637322713462e+01
-3.3331637322713419e+01
-3.3331637322713405e+01
-3.3331637322713433e+01
-3.3331637322713384e+01
-3.3331637322713362e+01
-3.3331637322713334e+01
-3.3331637322713377e+01
-3.3331637322713398e+01
-3.3331637322713334e+01
-3.3331637322713313e+01
-3.3331637322713263e+01
-3.3331637322713220e+01
-3.3331637322713270e+01
-3.3331637322713263e+01
-2.6667909861027553e+01
-1.6667024915035441e+01
-6.6666856025870658e+00
3.3332480702579019e+00
1.3332815176164830e+01
2.3328328324905193e+01
3.3331765263759898e+01
3.3331765263759891e+01
3.3331765263759891e+01
3.3331765263759905e+01
3.3331765263759891e+01
3.3331765263759920e+01
3.3331765263759920e+01
3.3331765263759891e+01
3.3331765263759891e+01
3.3331765263759870e+01
3.3331765263759920e+01
3.3331765263759920e+01
3.3331765263759962e+01
3.3331765263759976e+01
3.3331765263759976e+01
3.3331765263759962e+01
3.3331765263759955e+01
3.3331765263759884e+01
3.3331765263759905e+01
3.3331765263759934e+01
2.6667943612200055e+01
1.6667036024753546e+01
6.6666865074360970e+00
-3.3332442529968649e+00
-1.3332793525879538e+01
-2.3328135521355655e+01
-3.3331637322715309e+01
-3.3331637322715302e+01
-3.3331637322715295e+01
-3.3331637322715295e+01
-3.3331637322715267e+01
-3.3331637322715238e+01
-3.3331637322715260e+01
-3.3331637322715260e+01
-3.3331637322715281e+01
-3.3331637322715267e+01
-3.3331637322715274e+01
-3.3331637322715267e+01
-3.3331637322715238e+01
-3.3331637322715224e+01
-3.3331637322715238e+01
-3.3331637322715231e+01
-3.3331637322715189e+01
