0.0000000000000000e+00
-1.4634146341497659e-04
-2.9270434578832378e-04
-4.3902439024689089e-04
-5.8536584739404839e-04
-7.3172872349713401e-04
-8.7811302482800209e-04
-1.3879170401598002e-03
-3.0343870340425335e-03
-5.5787578948339103e-03
-1.1725791056644662e-02
-1.1709544904337685e-02
-1.1693299015964675e-02
-1.1670324310839655e-02
-1.1637834072308789e-02
-1.1591887738307461e-02
-1.1526737737569594e-02
-1.1434756367647798e-02
-1.1304689508225288e-02
-1.1158384510091152e-02
-1.1011992139998712e-02
-1.0865621197494613e-02
-1.0719271676308661e-02
-1.0572943570169493e-02
-1.0426636872813626e-02
-1.0280284822920739e-02
-1.0262390431641955e-02
-1.0116060984214257e-02
-9.9697075048144762e-03
-9.8233754416204161e-03
-9.2772193276461738e-03
-8.4249244252935489e-03
-7.4214060221143028e-03
-6.1841665672587509e-03
-4.5379289574545264e-03
-1.9935156594460489e-03
4.1534419320026529e-03
4.1372095400834738e-03
4.1209768846696667e-03
4.0980199934001205e-03
4.0655531467145619e-03
4.0196362922729385e-03
3.9544023755332929e-03
3.8624210056316822e-03
3.7323252600355641e-03
3.5859473128395745e-03
3.4396567780608902e-03
3.2933448392305042e-03
3.1470114900841758e-03
3.0006567243540927e-03
2.8542805357719163e-03
2.7079494609929104e-03
2.6900550697216787e-03
2.5437015878301433e-03
2.3973721428909253e-03
2.2510212825112177e-03
1.7048886235544272e-03
8.5259568955140441e-04
-1.5092161617648935e-04
-1.3881615738698908e-03
-3.0344036290301264e-03
-5.5788943377447098e-03
-1.1725932662513854e-02
-1.1709686506565094e-02
-1.1693440614548831e-02
-1.1670465904272313e-02
-1.1637975658456905e-02
-1.1592029314154706e-02
-1.1526879339796223e-02
-1.1434897969875192e-02
-1.1304831110452957e-02
-1.1158526112318705e-02
-1.1012133742224815e-02
-1.0865762799720569e-02
-1.0719413278534094e-02
-1.0573085172395601e-02
-1.0426778475038407e-02
-1.0280426425145128e-02
-1.0262532033867063e-02
-1.0116202586439969e-02
-9.9698491070401470e-03
-9.8235170438468137e-03
-9.2773609056085709e-03
-8.4250660032214285e-03
-7.4215476000548293e-03
-6.1843081451989045e-03
-4.5380705353958613e-03
-1.9936572373876337e-03
4.1533003540610699e-03
4.1370679621423358e-03
4.1208353067300786e-03
4.0978784154614900e-03
4.0654115687755637e-03
4.0194947143360037e-03
3.9542607975928436e-03
3.8622794276912923e-03
3.7321836820941915e-03
3.5858057348973336e-03
3.4395152001201585e-03
3.2932032612912284e-03
3.1468699121450310e-03
3.0005151464162329e-03
2.8541389578357105e-03
2.7078078830518591e-03
2.6899134917806010e-03
2.5435600098919877e-03
2.3972305649502157e-03
2.2508797045674585e-03
1.7047470456136506e-03
8.5245411161010483e-04
-1.5106319411841888e-04
-1.3883031518119112e-03
-3.0345452069722653e-03
-5.5790359156868315e-03
-1.1726074240456011e-02
-1.1709828084507211e-02
-1.1693582192491943e-02
-1.1670607482216912e-02
-1.1638117236401116e-02
-1.1592170892098866e-02
-1.1527020917739801e-02
-1.1435039547819745e-02
-1.1304972688396833e-02
-1.1158667690263685e-02
-1.1012275320168831e-02
-1.0865904377662852e-02
-1.0719554856474843e-02
-1.0573226750334787e-02
-1.0426920052976681e-02
-1.0280568003089133e-02
-1.0262673611810821e-02
-1.0116344164383189e-02
-9.9699906849833840e-03
-9.8236586217901479e-03
-9.2775024835520387e-03
-8.4252075811643897e-03
-7.4216891779969717e-03
-6.1844497231407876e-03
-4.5382121133371936e-03
-1.9937988153289443e-03
4.1531587761204315e-03
4.1369263842019827e-03
4.1206937287886821e-03
4.0977368375198463e-03
4.0652699908347405e-03
4.0193531363956290e-03
3.9541192196523318e-03
3.8621378497506889e-03
3.7320421041535747e-03
3.5856641569575634e-03
3.4393736221784606e-03
3.2930616833484372e-03
3.1467283342015728e-03
3.0003735684716887e-03
2.8539973798895517e-03
2.7076663051103702e-03
2.6897719138385943e-03
2.5434184319494870e-03
2.3970889870083439e-03
2.2507381266262815e-03
1.7046054676717276e-03
8.5231253366811581e-04
-1.5120477205988157e-04
-1.3884447297544140e-03
-3.0346867849148566e-03
-5.5791774936295915e-03
-1.1726215818399116e-02
-1.1709969662449634e-02
-1.1693723770433083e-02
-1.1670749060157850e-02
-1.1638258814342358e-02
-1.1592312470038797e-02
-1.1527162495682737e-02
-1.1435181125761884e-02
-1.1305114266338786e-02
-1.1158809268204341e-02
-1.1012416898110160e-02
-1.0866045955605533e-02
-1.0719696434418561e-02
-1.0573368328279674e-02
-1.0427061630923416e-02
-1.0280709581031874e-02
-1.0262815189752949e-02
-1.0116485742324502e-02
-9.9701322629261388e-03
-9.8238001997344917e-03
-9.2776440614947310e-03
-8.4253491591078054e-03
-7.4218307559397213e-03
-6.1845913010832795e-03
-4.5383536912797411e-03
-1.9939403932709445e-03
4.1530171981782084e-03
4.1367848062606877e-03
4.1205521508474105e-03
4.0975952595793041e-03
4.0651284128926180e-03
4.0192115584531379e-03
3.9539776417107878e-03
3.8619962718089312e-03
3.7319005262121622e-03
3.5855225790151798e-03
3.4392320442365111e-03
3.2929201054061642e-03
3.1465867562590947e-03
3.0002319905308716e-03
2.8538558019490434e-03
2.7075247271694841e-03
2.6896303358979671e-03
2.5432768540099631e-03
2.3969474090666824e-03
2.2505965486839868e-03
1.7044638897311636e-03
8.5217095572721392e-04
-1.5134635000089666e-04
-1.3885863076939264e-03
-3.0348283628540869e-03
-5.5793190715687528e-03
-1.1726357396336883e-02
-1.1710111240387467e-02
-1.1693865348371701e-02
-1.1670890638095809e-02
-1.1638400392280281e-02
-1.1592454047977071e-02
-1.1527304073620296e-02
-1.1435322703699093e-02
-1.1305255844276062e-02
-1.1158950846141442e-02
-1.1012558476049315e-02
-1.0866187533546215e-02
-1.0719838012359725e-02
-1.0573509906222115e-02
-1.0427203208866878e-02
-1.0280851158971422e-02
-1.0262956767692816e-02
-1.0116627320266402e-02
-9.9702738408644007e-03
-9.8239417776692581e-03
-9.2777856394324482e-03
-8.4254907370444644e-03
-7.4219723338765798e-03
-6.1847328790201554e-03
-4.5384952692154468e-03
-1.9940819712067907e-03
4.1528756202420481e-03
4.1366432283237633e-03
4.1204105729111557e-03
4.0974536816424829e-03
4.0649868349569730e-03
4.0190699805166367e-03
3.9538360637732025e-03
3.8618546938714885e-03
3.7317589482750557e-03
3.5853810010797326e-03
3.4390904663008782e-03
3.2927785274703973e-03
3.1464451783234670e-03
3.0000904125941940e-03
2.8537142240118965e-03
2.7073831492338690e-03
2.6894887579625689e-03
