0.0000000000000000e+00
4.3902439024113607e-05
8.7802950709303909e-05
1.3170731707518754e-04
1.7560975593118927e-04
2.1951026744867558e-04
2.6340885179541770e-04
4.8908023930571611e-04
1.2830471589799629e-03
2.5259592824038914e-03
5.5702037759418309e-03
5.5653415578895389e-03
5.5604793161963956e-03
5.5536030276912189e-03
5.5438784065092866e-03
5.5301255539057306e-03
5.5104994075802025e-03
5.4829049966091080e-03
5.4438793064433035e-03
5.3999735844629110e-03
5.3560757283308957e-03
5.3121759450932473e-03
5.2682742345799881e-03
5.2243705966218247e-03
5.1804650310496745e-03
5.1365635332042692e-03
5.1311952158201403e-03
5.0872916951917955e-03
5.0433903377733250e-03
4.9994870529403157e-03
4.7556825783121410e-03
4.3588035871565123e-03
3.8863127615234080e-03
3.2969613003780954e-03
2.5031105394336590e-03
1.2601672868774217e-03
-1.7840474314004694e-03
-1.7791738757047923e-03
-1.7743003437607134e-03
-1.7674081693326909e-03
-1.7576612438734011e-03
-1.7438771718761121e-03
-1.7243317266084838e-03
-1.6967373156363827e-03
-1.6577142252273862e-03
-1.6138150686633768e-03
-1.5699080473581281e-03
-1.5260029537944482e-03
-1.4820997878032826e-03
-1.4381985492155488e-03
-1.3942992378613796e-03
-1.3503958522395438e-03
-1.3450275348583713e-03
-1.3011261773741753e-03
-1.2572226568087854e-03
-1.2133210636781203e-03
-9.6951773434098920e-04
-5.7263939523577272e-04
-1.0014895343186063e-04
4.8920270721587245e-04
1.2830552010099018e-03
2.5260274963243711e-03
5.5702745811170920e-03
5.5654123590067094e-03
5.5605501132558891e-03
5.5536738190117433e-03
5.5439491897143704e-03
5.5301963256326843e-03
5.5105702086958282e-03
5.4829757977248560e-03
5.4439501075589161e-03
5.4000443855795202e-03
5.3561465294481138e-03
5.3122467462101211e-03
5.2683450356968880e-03
5.2244413977386083e-03
5.1805358321669499e-03
5.1366343343224284e-03
5.1312660169383672e-03
5.0873624963100224e-03
5.0434611388903332e-03
4.9995578540562415e-03
4.7557533672962478e-03
4.3588743761230238e-03
3.8863835504955270e-03
3.2970320893501120e-03
2.5031813284049184e-03
1.2602380758483939e-03
-1.7839766424291160e-03
-1.7791030867334921e-03
-1.7742295547890782e-03
-1.7673373803622373e-03
-1.7575904549040119e-03
-1.7438063829074201e-03
-1.7242609376368564e-03
-1.6966665266649956e-03
-1.6576434362559930e-03
-1.6137442796913305e-03
-1.5698372583847933e-03
-1.5259321648200305e-03
-1.4820289988287888e-03
-1.4381277602401393e-03
-1.3942284488854101e-03
-1.3503250632653759e-03
-1.3449567458851850e-03
-1.3010553884008175e-03
-1.2571518678350963e-03
-1.2132502747040233e-03
-9.6944694536672100e-04
-5.7256860626189732e-04
-1.0007816445903804e-04
4.8927349618867698e-04
1.2831259899825525e-03
2.5260982852970083e-03
5.5703453700886975e-03
5.5654831479792664e-03
5.5606209022271234e-03
5.5537446079824068e-03
5.5440199786852525e-03
5.5302671146036132e-03
5.5106409976681944e-03
5.4830465866973106e-03
5.4440208965328245e-03
5.4001151745531129e-03
5.3562173184212719e-03
5.3123175351824136e-03
5.2684158246686756e-03
5.2245121867091982e-03
5.1806066211361294e-03
5.1367051232966924e-03
5.1313368059131151e-03
5.0874332852846480e-03
5.0435319278642910e-03
4.9996286430309600e-03
4.7558241562712803e-03
4.3589451650984882e-03
3.8864543394708925e-03
3.2971028783256775e-03
2.5032521173809783e-03
1.2603088648244372e-03
-1.7839058534534883e-03
-1.7790322977581767e-03
-1.7741587658139635e-03
-1.7672665913877465e-03
-1.7575196659291082e-03
-1.7437355939317319e-03
-1.7241901486613079e-03
-1.6965957376893401e-03
-1.6575726472790047e-03
-1.6136734907156510e-03
-1.5697664694104584e-03
-1.5258613758465575e-03
-1.4819582098559857e-03
-1.4380569712685717e-03
-1.3941576599156933e-03
-1.3502542742919329e-03
-1.3448859569118034e-03
-1.3009845994225290e-03
-1.2570810788615841e-03
-1.2131794857361097e-03
-9.6937615639287650e-04
-5.7249781728841928e-04
-1.0000737548524520e-04
4.8934428516204519e-04
1.2831967789562560e-03
2.5261690742709782e-03
5.5704161590620308e-03
5.5655539369519934e-03
5.5606916912004220e-03
5.5538153969558494e-03
5.5440907676577644e-03
5.5303379035758051e-03
5.5107117866418738e-03
5.4831173756706968e-03
5.4440916855057735e-03
5.4001859635260724e-03
5.3562881073940137e-03
5.3123883241556012e-03
5.2684866136417166e-03
5.2245829756827119e-03
5.1806774101085494e-03
5.1367759122678183e-03
5.1314075948831906e-03
5.0875040742546507e-03
5.0436027168356684e-03
4.9996994320021873e-03
4.7558949452411198e-03
4.3590159540675645e-03
3.8865251284403938e-03
3.2971736672943136e-03
2.5033229063492436e-03
1.2603796537928305e-03
-1.7838350644847141e-03
-1.7789615087880734e-03
-1.7740879768434090e-03
-1.7671958024161249e-03
-1.7574488769580309e-03
-1.7436648049602721e-03
-1.7241193596898876e-03
-1.6965249487181852e-03
-1.6575018583089324e-03
-1.6136027017455701e-03
-1.5696956804392907e-03
-1.5257905868751717e-03
-1.4818874208836815e-03
-1.4379861822947410e-03
-1.3940868709402846e-03
-1.3501834853206734e-03
-1.3448151679407720e-03
-1.3009138104551335e-03
-1.2570102898916830e-03
-1.2131086967621040e-03
-9.6930536742378915e-04
-5.7242702831821293e-04
-9.9936586514622622e-05
4.8941507413333639e-04
1.2832675679277971e-03
2.5262398632424146e-03
5.5704869480340995e-03
5.5656247259246519e-03
5.5607624801727838e-03
5.5538861859288470e-03
5.5441615566313891e-03
5.5304086925501107e-03
5.5107825756144733e-03
5.4831881646440189e-03
5.4441624744790930e-03
5.4002567524996875e-03
5.3563588963669705e-03
5.3124591131285736e-03
5.2685574026150490e-03
5.2246537646572586e-03
5.1807481990837588e-03
5.1368467012412001e-03
5.1314783838563799e-03
5.0875748632252370e-03
5.0436735058085047e-03
4.9997702209780203e-03
4.7559657342143838e-03
4.3590867430419690e-03
3.8865959174139630e-03
3.2972444562690715e-03
2.5033936953243610e-03
1.2604504427672228e-03
-1.7837642755106566e-03
-1.7788907198148956e-03
-1.7740171878699604e-03
-1.7671250134434352e-03
-1.7573780879848852e-03
-1.7435940159890731e-03
-1.7240485707188714e-03
-1.6964541597468581e-03
-1.6574310693380188e-03
-1.6135319127755961e-03
-1.5696248914681306e-03
-1.5257197979035224e-03
-1.4818166319113418e-03
-1.4379153933214827e-03
-1.3940160819663205e-03
-1.3501126963492763e-03
-1.3447443789695369e-03
