0.0000000000000000e+00
4.3902439023827479e-05
8.7802950709171148e-05
1.3170731707541747e-04
1.7560975593188170e-04
2.1951026744898978e-04
2.6340885179599146e-04
4.8908023930638116e-04
1.2830471589808119e-03
2.5259592824043988e-03
5.5702037759426965e-03
5.5653415578900143e-03
5.5604793161966393e-03
5.5536030276920716e-03
5.5438784065104888e-03
5.5301255539068391e-03
5.5104994075803292e-03
5.4829049966096961e-03
5.4438793064438794e-03
5.3999735844638607e-03
5.3560757283313519e-03
5.3121759450920521e-03
5.2682742345779767e-03
5.2243705966181784e-03
5.1804650310446447e-03
5.1365635332048529e-03
5.1311952158200813e-03
5.0872916951921598e-03
5.0433903377722659e-03
4.9994870529387146e-03
4.7556825783101279e-03
4.3588035871539362e-03
3.8863127615208206e-03
3.2969613003747972e-03
2.5031105394294627e-03
1.2601672868723264e-03
-1.7840474314058873e-03
-1.7791738757101604e-03
-1.7743003437661491e-03
-1.7674081693382919e-03
-1.7576612438802862e-03
-1.7438771718837108e-03
-1.7243317266141481e-03
-1.6967373156416541e-03
-1.6577142252321710e-03
-1.6138150686682189e-03
-1.5699080473630517e-03
-1.5260029537996263e-03
-1.4820997878089563e-03
-1.4381985492217409e-03
-1.3942992378684932e-03
-1.3503958522447742e-03
-1.3450275348644890e-03
-1.3011261773760822e-03
-1.2572226568144859e-03
-1.2133210636878753e-03
-9.6951773434704350e-04
-5.7263939524209188e-04
-1.0014895343910748e-04
4.8920270720841888e-04
1.2830552010027006e-03
2.5260274963177600e-03
5.5702745811098877e-03
5.5654123589999093e-03
5.5605501132487897e-03
5.5536738190047801e-03
5.5439491897072077e-03
5.5301963256250818e-03
5.5105702086893013e-03
5.4829757977183022e-03
5.4439501075525731e-03
5.4000443855731651e-03
5.3561465294413232e-03
5.3122467462029567e-03
5.2683450356891277e-03
5.2244413977298688e-03
5.1805358321573586e-03
5.1366343343154253e-03
5.1312660169310935e-03
5.0873624963028051e-03
5.0434611388832937e-03
4.9995578540499384e-03
4.7557533672886532e-03
4.3588743761149538e-03
3.8863835504877060e-03
3.2970320893427490e-03
2.5031813283973902e-03
1.2602380758420181e-03
-1.7839766424357715e-03
-1.7791030867403003e-03
-1.7742295547959110e-03
-1.7673373803692197e-03
-1.7575904549107159e-03
-1.7438063829148098e-03
-1.7242609376428688e-03
-1.6966665266708611e-03
-1.6576434362622909e-03
-1.6137442796986064e-03
-1.5698372583925607e-03
-1.5259321648282208e-03
-1.4820289988366447e-03
-1.4381277602485937e-03
-1.3942284488945931e-03
-1.3503250632741592e-03
-1.3449567458936932e-03
-1.3010553884058237e-03
-1.2571518678433184e-03
-1.2132502747157169e-03
-9.6944694537513787e-04
-5.7256860627004943e-04
-1.0007816446637487e-04
4.8927349618141749e-04
1.2831259899759031e-03
2.5260982852909793e-03
5.5703453700826676e-03
5.5654831479723561e-03
5.5606209022210267e-03
5.5537446079771697e-03
5.5440199786798046e-03
5.5302671145983761e-03
5.5106409976623041e-03
5.4830465866921065e-03
5.4440208965269091e-03
5.4001151745478523e-03
5.3562173184148552e-03
5.3123175351752127e-03
5.2684158246595249e-03
5.2245121866997092e-03
5.1806066211261886e-03
5.1367051232890917e-03
5.1313368059040954e-03
5.0874332852741686e-03
5.0435319278553607e-03
4.9996286430244122e-03
4.7558241562627585e-03
4.3589451650895856e-03
3.8864543394616542e-03
3.2971028783161638e-03
2.5032521173716958e-03
1.2603088648149878e-03
-1.7839058534633093e-03
-1.7790322977677164e-03
-1.7741587658229932e-03
-1.7672665913960059e-03
-1.7575196659373299e-03
-1.7437355939399228e-03
-1.7241901486707964e-03
-1.6965957376984793e-03
-1.6575726472894182e-03
-1.6136734907259982e-03
-1.5697664694197856e-03
-1.5258613758549675e-03
-1.4819582098636881e-03
-1.4380569712751463e-03
-1.3941576599205802e-03
-1.3502542743009617e-03
-1.3448859569206546e-03
-1.3009845994315656e-03
-1.2570810788703711e-03
-1.2131794857443484e-03
-9.6937615640179449e-04
-5.7249781729738259e-04
-1.0000737549396800e-04
4.8934428515397775e-04
1.2831967789475114e-03
2.5261690742625813e-03
5.5704161590546912e-03
5.5655539369446772e-03
5.5606916911937389e-03
5.5538153969498646e-03
5.5440907676523373e-03
5.5303379035709661e-03
5.5107117866343772e-03
5.4831173756636105e-03
5.4440916854982839e-03
5.4001859635190008e-03
5.3562881073862603e-03
5.3123883241475616e-03
5.2684866136325191e-03
5.2245829756731223e-03
5.1806774100987101e-03
5.1367759122597475e-03
5.1314075948753011e-03
5.0875040742467958e-03
5.0436027168276627e-03
4.9996994319938346e-03
4.7558949452330473e-03
4.3590159540594841e-03
3.8865251284319327e-03
3.2971736672861782e-03
2.5033229063406350e-03
1.2603796537839598e-03
-1.7838350644930371e-03
-1.7789615087967583e-03
-1.7740879768521078e-03
-1.7671958024248341e-03
-1.7574488769677525e-03
-1.7436648049707400e-03
-1.7241193597011279e-03
-1.6965249487283388e-03
-1.6575018583200045e-03
-1.6136027017565060e-03
-1.5696956804504029e-03
-1.5257905868867839e-03
-1.4818874208959052e-03
-1.4379861823066824e-03
-1.3940868709521011e-03
-1.3501834853316848e-03
-1.3448151679518110e-03
-1.3009138104624323e-03
-1.2570102899018257e-03
-1.2131086967757708e-03
-9.6930536743376587e-04
-5.7242702832855307e-04
-9.9936586525393317e-05
4.8941507412188386e-04
1.2832675679158103e-03
2.5262398632302160e-03
5.5704869480214976e-03
5.5656247259115339e-03
5.5607624801601065e-03
5.5538861859160665e-03
5.5441615566195774e-03
5.5304086925384655e-03
5.5107825756020405e-03
5.4831881646315150e-03
5.4441624744666264e-03
5.4002567524869391e-03
5.3563588963535030e-03
5.3124591131145163e-03
5.2685574025995944e-03
5.2246537646394326e-03
5.1807481990659033e-03
5.1368467012277673e-03
5.1314783838431787e-03
5.0875748632155044e-03
5.0436735057960477e-03
4.9997702209631503e-03
4.7559657342026293e-03
4.3590867430293740e-03
3.8865959174017957e-03
3.2972444562558538e-03
2.5033936953112877e-03
1.2604504427541005e-03
-1.7837642755232715e-03
-1.7788907198273396e-03
-1.7740171878828938e-03
-1.7671250134564760e-03
-1.7573780879977434e-03
-1.7435940160010605e-03
-1.7240485707315997e-03
-1.6964541597598770e-03
-1.6574310693502502e-03
-1.6135319127869305e-03
-1.5696248914813711e-03
-1.5257197979172371e-03
-1.4818166319255244e-03
-1.4379153933370254e-03
-1.3940160819828230e-03
-1.3501126963639976e-03
-1.3447443789832191e-03
