0.0000000000000000e+00
0.0000000000000000e+00
0.0000000000000000e+00
0.0000000000000000e+00
0.0000000000000000e+00
0.0000000000000000e+00
0.0000000000000000e+00
3.6353720893206299e-04
1.8636557137847801e-03
4.2617447539864918e-03
1.0262390431643198e-02
1.0262390431643198e-02
1.0262390431643198e-02
1.0262390431643198e-02
1.0262390431643198e-02
1.0262390431643198e-02
1.0262390431643198e-02
1.0262390431643198e-02
1.0262390431643198e-02
1.0262390431643198e-02
1.0262390431643198e-02
1.0262390431643198e-02
1.0262390431643198e-02
1.0262390431643198e-02
1.0262390431643198e-02
1.0262390431643198e-02
1.0262390431643198e-02
1.0262390431643198e-02
1.0262390431643198e-02
1.0262390431643198e-02
1.0662212048213531e-02
1.1368153864733150e-02
1.2225326316078075e-02
1.3316225203279878e-02
1.4816127232025692e-02
1.7214261407906894e-02
2.3214835933008413e-02
2.3214835933008413e-02
2.3214835933008413e-02
2.3214835933008413e-02
2.3214835933008413e-02
2.3214835933008413e-02
2.3214835933008413e-02
2.3214835933008413e-02
2.3214835933008413e-02
2.3214835933008413e-02
2.3214835933008413e-02
2.3214835933008413e-02
2.3214835933008413e-02
2.3214835933008413e-02
2.3214835933008413e-02
2.3214835933008413e-02
2.3214835933008413e-02
2.3214835933008413e-02
2.3214835933008413e-02
2.3214835933008413e-02
2.3614652124970558e-02
2.4320592481711270e-02
2.5177764074964425e-02
2.6268663393454940e-02
2.7768569314829187e-02
3.0166772288962335e-02
3.6167423036600137e-02
3.6167423036600137e-02
3.6167423036600137e-02
3.6167423036600137e-02
3.6167423036600137e-02
3.6167423036600137e-02
3.6167423036600137e-02
3.6167423036600137e-02
3.6167423036600137e-02
3.6167423036600137e-02
3.6167423036600137e-02
3.6167423036600137e-02
3.6167423036600137e-02
3.6167423036600137e-02
3.6167423036600137e-02
3.6167423036600137e-02
3.6167423036600137e-02
3.6167423036600137e-02
3.6167423036600137e-02
3.6167423036600137e-02
3.6567244677437903e-02
3.7273186493987219e-02
3.8130358945321415e-02
3.9221257832523414e-02
4.0721159861268716e-02
4.3119294037149425e-02
4.9119868562250722e-02
4.9119868562250722e-02
4.9119868562250722e-02
4.9119868562250722e-02
4.9119868562250722e-02
4.9119868562250722e-02
4.9119868562250722e-02
4.9119868562250722e-02
4.9119868562250722e-02
4.9119868562250722e-02
4.9119868562250722e-02
4.9119868562250722e-02
4.9119868562250722e-02
4.9119868562250722e-02
4.9119868562250722e-02
4.9119868562250722e-02
4.9119868562250722e-02
4.9119868562250722e-02
4.9119868562250722e-02
4.9119868562250722e-02
4.9519684754214040e-02
5.0225625110955185e-02
5.1082796704208636e-02
5.2173696022699209e-02
5.3673601944073633e-02
5.6071804918206604e-02
6.2072455665843858e-02
6.2072455665843858e-02
6.2072455665843858e-02
6.2072455665843858e-02
6.2072455665843858e-02
6.2072455665843858e-02
6.2072455665843858e-02
6.2072455665843858e-02
6.2072455665843858e-02
6.2072455665843858e-02
6.2072455665843858e-02
6.2072455665843858e-02
6.2072455665843858e-02
6.2072455665843858e-02
6.2072455665843858e-02
6.2072455665843858e-02
6.2072455665843858e-02
6.2072455665843858e-02
6.2072455665843858e-02
6.2072455665843858e-02
6.2472277306679813e-02
6.3178219123229157e-02
6.4035391574563949e-02
6.5126290461766032e-02
6.6626192490511146e-02
6.9024326666392188e-02
7.5024901191493784e-02
7.5024901191493784e-02
7.5024901191493784e-02
7.5024901191493784e-02
7.5024901191493784e-02
7.5024901191493784e-02
7.5024901191493784e-02
7.5024901191493784e-02
7.5024901191493784e-02
7.5024901191493784e-02
7.5024901191493784e-02
7.5024901191493784e-02
7.5024901191493784e-02
7.5024901191493784e-02
7.5024901191493784e-02
7.5024901191493784e-02
7.5024901191493784e-02
7.5024901191493784e-02
7.5024901191493784e-02
7.5024901191493784e-02
7.5424717383456991e-02
7.6130657740197796e-02
7.6987829333451052e-02
7.8078728651942042e-02
7.9578634573316459e-02
8.1976837547449777e-02
8.7977488295087253e-02
8.7977488295087253e-02
8.7977488295087253e-02
8.7977488295087253e-02
8.7977488295087253e-02
8.7977488295087253e-02
8.7977488295087253e-02
8.7977488295087253e-02
8.7977488295087253e-02
8.7977488295087253e-02
8.7977488295087253e-02
8.7977488295087253e-02
8.7977488295087253e-02
8.7977488295087253e-02
8.7977488295087253e-02
8.7977488295087253e-02
8.7977488295087253e-02
8.7977488295087253e-02
8.7977488295087253e-02
8.7977488295087253e-02
8.8377309935924714e-02
8.9083251752473849e-02
8.9940424203808989e-02
9.1031323091011571e-02
9.2531225119757213e-02
9.4929359295638532e-02
1.0092993382073980e-01
1.0092993382073980e-01
1.0092993382073980e-01
1.0092993382073980e-01
1.0092993382073980e-01
1.0092993382073980e-01
1.0092993382073980e-01
1.0092993382073980e-01
1.0092993382073980e-01
1.0092993382073980e-01
1.0092993382073980e-01
1.0092993382073980e-01
1.0092993382073980e-01
1.0092993382073980e-01
1.0092993382073980e-01
1.0092993382073980e-01
1.0092993382073980e-01
1.0092993382073980e-01
1.0092993382073980e-01
1.0092993382073980e-01
1.0132975001270277e-01
1.0203569036944415e-01
1.0289286196269735e-01
1.0398376128118758e-01
1.0548366720256182e-01
1.0788187017669487e-01
1.1388252092433135e-01
1.1388252092433135e-01
1.1388252092433135e-01
1.1388252092433135e-01
1.1388252092433135e-01
1.1388252092433135e-01
1.1388252092433135e-01
1.1388252092433135e-01
1.1388252092433135e-01
1.1388252092433135e-01
1.1388252092433135e-01
1.1388252092433135e-01
1.1388252092433135e-01
1.1388252092433135e-01
1.1388252092433135e-01
1.1388252092433135e-01
1.1388252092433135e-01
1.1388252092433135e-01
1.1388252092433135e-01
1.1388252092433135e-01
1.1428234256516828e-01
1.1498828438171768e-01
1.1584545683305299e-01
1.1693635572025522e-01
1.1843625774900110e-01
1.2083439192488293e-01
1.2683496644998421e-01
1.2683496644998421e-01
1.2683496644998421e-01
1.2683496644998421e-01
1.2683496644998421e-01
1.2683496644998421e-01
1.2683496644998421e-01
1.2683496644998421e-01
1.2683496644998421e-01
1.2683496644998421e-01
1.2683496644998421e-01
1.2683496644998421e-01
1.2683496644998421e-01
1.2683496644998421e-01
1.2683496644998421e-01
1.2683496644998421e-01
1.2683496644998421e-01
