0.0000000000000000e+00
-2.2853361040538813e-10
-3.2930203671517775e-03
5.1754209116590214e-10
6.7546297874344600e-07
-3.2916693156409319e-03
-9.8777092231865128e-03
-9.1245823078656531e-04
-3.7053469320111432e-05
-6.7164478290048157e-03
-4.5838707922971102e-03
1.0256473272273784e-07
4.5435407225398895e-03
1.0899736202299035e-02
1.9750365959223019e-02
3.1990283854094317e-02
-7.4210720401704545e-09
-5.1796809541619989e-09
-2.2204464703737587e-03
-7.8274092927684870e-03
1.3679359122310171e-09
4.5334630947336035e-03
5.7736507485793183e-03
3.7212390089364422e-03
-1.6230976656616278e-03
2.0480339105346780e-10
-9.1805856612892111e-11
-1.8475230640566595e-03
2.7909551928771761e-10
-1.4452005454710913e-03
1.1893954862060739e-03
3.3898214779996014e-04
1.7916499304027427e-05
7.8135826661830728e-05
4.4388168252726791e-04
3.4290058234104520e-03
-1.5130013400058433e-03
1.0368404702450747e-07
1.4726817552129646e-03
3.4860368594429444e-03
6.1949749111401145e-03
9.7492272074715704e-03
-2.2536581749909805e-09
-1.5188470733559658e-09
-2.2208096858276349e-03
-7.8297653446791470e-03
1.3167838031221093e-09
4.5383522358990007e-03
5.7846130456803927e-03
3.7381092250654896e-03
-1.6018337372482288e-03
5.6826366644469736e-10
2.4828211098843966e-10
-1.8477910332665884e-03
5.3712546387376107e-10
-1.4448497641967244e-03
-1.3292375481614043e-03
-3.8798948894527260e-04
-2.0789403794616122e-05
-9.5834492926297291e-05
-6.1110541901852411e-04
-6.7264628526078965e-03
-4.5827013206690701e-03
1.0297083343436238e-07
4.5423722690289253e-03
1.0896914586086298e-02
1.9745206309986565e-02
3.1981817457108104e-02
-7.2440533301729099e-09
-5.1347078824091445e-09
-2.2204464913847003e-03
-7.8274089996863104e-03
2.1609574946123766e-09
4.5334639818736377e-03
5.7736517722541108e-03
3.7212401536828288e-03
-1.6230960899981349e-03
1.4153540343412842e-09
1.0971788084684823e-09
-1.8475220891394871e-03
1.1127510447759324e-09
-1.4451998126695990e-03
1.1893964299467354e-03
3.3898252880037148e-04
1.7916798184493085e-05
7.8136285939953666e-05
4.4388185077851581e-04
3.4290060941498885e-03
-1.5130009598130229e-03
1.0403338390272195e-07
1.4726823765072684e-03
3.4860371012816246e-03
6.1949751608648147e-03
9.7492274371743549e-03
-1.4596734222334798e-09
-9.2333307732207217e-10
-2.2208094841977711e-03
-7.8297651865105577e-03
2.0581166312863548e-09
4.5383534710392191e-03
5.7846145675445847e-03
3.7381112263571922e-03
-1.6018313075473584e-03
1.2829433800554578e-09
8.4273586236627152e-10
-1.8477902643406741e-03
1.2810465012524775e-09
-1.4448490475077703e-03
-1.3292365671503316e-03
-3.8798863994897285e-04
-2.0788671257329328e-05
-9.5833800022764685e-05
-6.1110480275601380e-04
-6.7264622521393076e-03
-4.5827009949276007e-03
1.0347942673093122e-07
4.5423724883690694e-03
1.0896914564394466e-02
1.9745206365496346e-02
3.1981817670278460e-02
-6.9043436631576374e-09
-4.7819580333197178e-09
-2.2204457800773050e-03
-7.8274084379028937e-03
2.4131323599236856e-09
4.5334640648969759e-03
5.7736515783672390e-03
3.7212398192237066e-03
-1.6230968137914705e-03
1.9140352950151035e-09
1.5613145391756829e-09
-1.8475219621699951e-03
1.4652974587888787e-09
-1.4451987895207085e-03
1.1893972001118388e-03
3.3898351290142983e-04
1.7917839012118443e-05
7.8137357624765482e-05
4.4388320958924554e-04
3.4290072782679143e-03
-1.5129998810658896e-03
1.0511473072403437e-07
1.4726834341395008e-03
3.4860381778043271e-03
6.1949764771523528e-03
9.7492292765119365e-03
-3.8996971804262788e-10
2.5471583027607733e-10
-2.2208079573996569e-03
-7.8297638457148315e-03
3.0988654804043927e-09
4.5383543881441935e-03
5.7846152884452294e-03
3.7381118207099806e-03
-1.6018309831334564e-03
2.4452860407872093e-09
1.9689696693688579e-09
-1.8477882231055316e-03
2.4219896644566957e-09
-1.4448489251691673e-03
-1.3292353753226421e-03
-3.8798771598579182e-04
-2.0787691539611934e-05
-9.5833051780598122e-05
-6.1110415088091931e-04
-6.7264615846710837e-03
-4.5827003868357625e-03
1.0411024583344458e-07
4.5423734151233165e-03
1.0896915488018872e-02
1.9745207095885463e-02
3.1981818505758187e-02
-6.3692742142051308e-09
-4.2135958417095268e-09
-2.2204452776311509e-03
-7.8274078084769449e-03
2.9437403410859581e-09
4.5334647076329835e-03
5.7736521968545992e-03
3.7212404457709464e-03
-1.6230965713776384e-03
1.9538385823383914e-09
1.6795051579555409e-09
-1.8475214075839436e-03
1.8791291606853442e-09
-1.4451992877829983e-03
1.1893970996829705e-03
3.3898313651514630e-04
1.7917629266771579e-05
7.8137032387956779e-05
4.4388260557630903e-04
3.4290068653657830e-03
-1.5130000113646380e-03
1.0539714963187411e-07
1.4726837304072774e-03
3.4860387491636078e-03
6.1949763342257144e-03
9.7492289971376992e-03
-4.4292528978740284e-10
3.1496495255664714e-10
-2.2208081952181675e-03
-7.8297641425696587e-03
2.9560022583732152e-09
4.5383538933106938e-03
5.7846147027365031e-03
3.7381117422927495e-03
-1.6018307872090669e-03
2.2911814554541820e-09
1.6714076126318393e-09
-1.8477887888826998e-03
1.7952817950152800e-09
-1.4448491442051118e-03
-1.3292360702902841e-03
-3.8798801467539786e-04
-2.0787979774844087e-05
-9.5833054638905354e-05
-6.1110400058349875e-04
-6.7264615758659291e-03
-4.5827001748979610e-03
1.0440016994439536e-07
4.5423734802343737e-03
1.0896915638314329e-02
1.9745207616903328e-02
3.1981819138091207e-02
-5.8469824331163284e-09
-3.5313061980386591e-09
-2.2204444201631051e-03
-7.8274069488408326e-03
3.3891245267133721e-09
4.5334647899729266e-03
5.7736523428490831e-03
3.7212404685347516e-03
-1.6230965898525638e-03
2.3507393896806811e-09
2.0034723820821594e-09
-1.8475214068155658e-03
2.4456377743301454e-09
-1.4451977681761406e-03
1.1893978751501557e-03
3.3898426925346091e-04
1.7918573762714315e-05
7.8138075972739767e-05
4.4388412253358719e-04
3.4290080253446160e-03
-1.5129989787165585e-03
1.0615062705425035e-07
1.4726845891146346e-03
3.4860392001199035e-03
6.1949774227651839e-03
9.7492297125146843e-03
9.7661330138280436e-11
5.7873588185523527e-10
-2.2208076610681676e-03
-7.8297636072716670e-03
3.4236075736807077e-09
4.5383545641672889e-03
5.7846157186272895e-03
3.7381125658839448e-03
-1.6018299918269736e-03
2.5367918755033841e-09
2.1527224453722975e-09
