0.0000000000000000e+00
2.9999999999987818e+01
6.0003073678470926e+01
9.0000000000806153e+01
1.1999999898594511e+02
1.5000307164916887e+02
1.8000921900603146e+02
2.0999750041836498e+02
2.3999990583142446e+02
2.6998500729458237e+02
2.9999529457696451e+02
2.9666666694337584e+02
2.9333807720219409e+02
2.8863080512974869e+02
2.8197384648281030e+02
2.7255974397969158e+02
2.5919119771195852e+02
2.4033501687887042e+02
2.1367042252072693e+02
1.8367565511809914e+02
1.5366835021344053e+02
1.2366412038481951e+02
9.3662964616798632e+01
6.3664881893622983e+01
3.3669871201003517e+01
3.6683502119404330e+00
1.8207353413949931e-10
2.9998275732208619e+01
5.9999999999824553e+01
8.9998651034911404e+01
1.1999616916428383e+02
1.4999889192541417e+02
1.7999994047770451e+02
2.0999973275898537e+02
2.3999838057762747e+02
2.6998440656405637e+02
2.9999491196814552e+02
2.9666666638273693e+02
2.9333838299170799e+02
2.8863141493943112e+02
2.8197462779357124e+02
2.7256025093209746e+02
2.5919119769237460e+02
2.4033501686225856e+02
2.1366627733833690e+02
1.8366104174538251e+02
1.5366835020909116e+02
1.2367258740849368e+02
9.3673752329161843e+01
6.3671843956040490e+01
3.3666861273839110e+01
3.6683502105133092e+00
1.1131537049537093e-10
3.0001724671088368e+01
6.0000000000391893e+01
9.0001348438247447e+01
1.1999627041689045e+02
1.4999892525486243e+02
1.7999994319222606e+02
2.0999974421078477e+02
2.3999844552851579e+02
2.6998498497473946e+02
2.9999529579129671e+02
2.9666666694350124e+02
2.9333807598788468e+02
2.8863080219811218e+02
2.8197384112264075e+02
2.7255973518518664e+02
2.5919119771177589e+02
2.4033501687880417e+02
2.1367042252074097e+02
1.8367565511822556e+02
1.5366835021342914e+02
1.2366412038482852e+02
9.3662964616724366e+01
6.3664881893712746e+01
3.3669871201019333e+01
3.6683502118387628e+00
1.5846876996961023e-10
2.9998275732122867e+01
5.9999999999834728e+01
8.9998651034851903e+01
1.1999616916343291e+02
1.4999889192576444e+02
1.7999994047768328e+02
2.0999973275897312e+02
2.3999838057761087e+02
2.6998440656404227e+02
2.9999491196813983e+02
2.9666666638280361e+02
2.9333838299191098e+02
2.8863141493994374e+02
2.8197462779410284e+02
2.7256025093308216e+02
2.5919119769239182e+02
2.4033501686232501e+02
2.1366627733831319e+02
1.8366104174528843e+02
1.5366835020904435e+02
1.2367258740849761e+02
9.3673752329104715e+01
6.3671843956037094e+01
3.3666861273991231e+01
3.6683502102869587e+00
1.0993743146342139e-10
3.0001724670825993e+01
6.0000000000635495e+01
9.0001348439055619e+01
1.1999627041694963e+02
1.4999892525492874e+02
1.7999994319228907e+02
2.0999974421083610e+02
2.3999844552855546e+02
2.6998498497476288e+02
2.9999529579130518e+02
2.9666666694358389e+02
2.9333807598803571e+02
2.8863080219844750e+02
2.8197384112294060e+02
2.7255973518548444e+02
2.5919119771208852e+02
2.4033501687930914e+02
2.1367042252124833e+02
1.8367565511887815e+02
1.5366835021379293e+02
1.2366412038475767e+02
9.3662964616279069e+01
6.3664881892854446e+01
3.3669871199797008e+01
3.6683502122778950e+00
2.0550944227457989e-10
2.9998275731929088e+01
5.9999999999562746e+01
8.9998651034364499e+01
1.1999616916334396e+02
1.4999889192568753e+02
1.7999994047763792e+02
2.0999973275894033e+02
2.3999838057758473e+02
2.6998440656402835e+02
2.9999491196813466e+02
2.9666666638283766e+02
2.9333838299182128e+02
2.8863141493985609e+02
2.8197462779408357e+02
2.7256025093294198e+02
2.5919119769243940e+02
2.4033501686234550e+02
2.1366627733823253e+02
1.8366104174541266e+02
1.5366835020897960e+02
1.2367258740833421e+02
9.3673752328936160e+01
6.3671843955778925e+01
3.3666861273539979e+01
3.6683502103625583e+00
1.0886963548840376e-10
3.0001724671267400e+01
6.0000000000493962e+01
9.0001348438292538e+01
1.1999627041694768e+02
1.4999892525491447e+02
1.7999994319227039e+02
2.0999974421083098e+02
2.3999844552855137e+02
2.6998498497476339e+02
2.9999529579130501e+02
2.9666666694345719e+02
2.9333807598777946e+02
2.8863080219813463e+02
2.8197384112257026e+02
2.7255973518493261e+02
2.5919119771208636e+02
2.4033501687914622e+02
2.1367042252099876e+02
1.8367565511839871e+02
1.5366835021345648e+02
1.2366412038467367e+02
9.3662964616377820e+01
6.3664881893218123e+01
3.3669871200380186e+01
3.6683502119674865e+00
1.5374894877226238e-10
2.9998275732410576e+01
5.9999999999779838e+01
8.9998651034531832e+01
1.1999616916341257e+02
1.4999889192573889e+02
1.7999994047769155e+02
2.0999973275899126e+02
2.3999838057762943e+02
2.6998440656405865e+02
2.9999491196814625e+02
2.9666666638282300e+02
2.9333838299172857e+02
2.8863141493978941e+02
2.8197462779395551e+02
2.7256025093273882e+02
2.5919119769235391e+02
2.4033501686223545e+02
2.1366627733833064e+02
1.8366104174532697e+02
1.5366835020890741e+02
1.2367258740821993e+02
9.3673752328699834e+01
6.3671843955546834e+01
3.3666861273264082e+01
3.6683502102578576e+00
3.5418241972414089e-10
3.0001724670954733e+01
6.0000000000638373e+01
9.0001348438866046e+01
1.1999627041692796e+02
1.4999892525492055e+02
1.7999994319227500e+02
2.0999974421081671e+02
2.3999844552853938e+02
2.6998498497475288e+02
2.9999529579129950e+02
2.9666666694347009e+02
2.9333807598786620e+02
2.8863080219817431e+02
2.8197384112272454e+02
2.7255973518521262e+02
2.5919119771211490e+02
2.4033501687918434e+02
2.1367042252108666e+02
1.8367565511847573e+02
1.5366835021373976e+02
1.2366412038519604e+02
9.3662964617023277e+01
6.3664881894095984e+01
3.3669871201441772e+01
3.6683502123327956e+00
2.2970635736827536e-11
2.9998275731818367e+01
5.9999999999602991e+01
8.9998651034613403e+01
1.1999616916339093e+02
1.4999889192573221e+02
1.7999994047768843e+02
2.0999973275898128e+02
2.3999838057762634e+02
2.6998440656406024e+02
2.9999491196814751e+02
2.9666666638284829e+02
2.9333838299189495e+02
2.8863141493996136e+02
2.8197462779415963e+02
2.7256025093299155e+02
2.5919119769249437e+02
2.4033501686245717e+02
2.1366627733845237e+02
1.8366104174580127e+02
1.5366835020923526e+02
1.2367258740848504e+02
9.3673752328867181e+01
6.3671843955570196e+01
3.3666861273230062e+01
3.6683502107866990e+00
2.9278146576850575e-10
