0.0000000000000000e+00
-1.8340564644258472e-10
-3.2930203535822336e-03
4.5392811636290846e-10
6.7533783615857425e-07
-3.2916693905807436e-03
-9.8777093169620592e-03
-9.1245831497757776e-04
-3.7053506928342455e-05
-6.7164478351446934e-03
-4.5838708055195403e-03
1.0258035140796115e-07
4.5435407139308541e-03
1.0899736105537848e-02
1.9750365824419740e-02
3.1990283692444998e-02
-7.3662807702163998e-09
-5.2338802127121900e-09
-2.2204465805428886e-03
-7.8274094166903459e-03
1.3949971448049103e-09
4.5334633206877938e-03
5.7736511273320133e-03
3.7212395990942463e-03
-1.6230968973063422e-03
1.4147289505521547e-11
-2.3818493028506525e-10
-1.8475232499612776e-03
2.0906846018790938e-10
-1.4452005507793067e-03
1.1893955247864387e-03
3.3898221881133357e-04
1.7916524037259041e-05
7.8135888542468752e-05
4.4388176252244241e-04
3.4290058947071193e-03
-1.5130013081339426e-03
1.0371128675218236e-07
1.4726817937967646e-03
3.4860369205544630e-03
6.1949751752178516e-03
9.7492275784905706e-03
-2.2168873121409841e-09
-1.5196439240293734e-09
-2.2208097722750341e-03
-7.8297654507689107e-03
1.2518720058421727e-09
4.5383521962618929e-03
5.7846130813499555e-03
3.7381093152800138e-03
-1.6018334917939510e-03
5.1036975400915965e-10
3.2290485042221949e-10
-1.8477916180104168e-03
5.6981742236517085e-10
-1.4448490760010225e-03
-1.3292374787834047e-03
-3.8798938973792768e-04
-2.0789263062597839e-05
-9.5834395834936719e-05
-6.1110539770376426e-04
-6.7264628548132687e-03
-4.5827012973369682e-03
1.0299012444891441e-07
4.5423722749449351e-03
1.0896914555358003e-02
1.9745206352272983e-02
3.1981817550099358e-02
-7.2961997573118544e-09
-5.1962687757762014e-09
-2.2204465410507459e-03
-7.8274090768740059e-03
2.1300675761651851e-09
4.5334640525445408e-03
5.7736519468928257e-03
3.7212404962911538e-03
-1.6230956407838988e-03
1.4423193538288272e-09
1.1611881427947771e-09
-1.8475220450010648e-03
1.0920707824129794e-09
-1.4451999154581605e-03
1.1893964972901913e-03
3.3898260765986762e-04
1.7916870498492072e-05
7.8136296298021842e-05
4.4388186522814437e-04
3.4290060706273886e-03
-1.5130009624432115e-03
1.0406788967783357e-07
1.4726824248679183e-03
3.4860371357370960e-03
6.1949751889588105e-03
9.7492275887658079e-03
-1.5127305632802480e-09
-9.9407736096945565e-10
-2.2208094639448914e-03
-7.8297650320655748e-03
2.2864568398873806e-09
4.5383537871531224e-03
5.7846148075881825e-03
3.7381115944777358e-03
-1.6018307915006407e-03
1.7114582589348388e-09
1.2243845995791839e-09
-1.8477904100057431e-03
1.6380581441597991e-09
-1.4448481608951929e-03
-1.3292363268801646e-03
-3.8798851529688191e-04
-2.0788666918765809e-05
-9.5833761457595981e-05
-6.1110481863935000e-04
-6.7264622838042066e-03
-4.5827010033762132e-03
1.0356747396454307e-07
4.5423724685835784e-03
1.0896914459545447e-02
1.9745206301479620e-02
3.1981817559936988e-02
-6.9844277520680820e-09
-4.8974237295436673e-09
-2.2204458427463459e-03
-7.8274085381444085e-03
2.4556406390668927e-09
4.5334642582159496e-03
5.7736520280184641e-03
3.7212403398301647e-03
-1.6230962761410225e-03
2.1254811689168947e-09
1.9040897041032068e-09
-1.8475213675120143e-03
1.8015627716794079e-09
-1.4451988075910619e-03
1.1893973964868122e-03
3.3898367626820149e-04
1.7917891761629975e-05
7.8137412564665957e-05
4.4388322808734220e-04
3.4290073191521040e-03
-1.5129998581905342e-03
1.0510299529453748e-07
1.4726833386579583e-03
3.4860379770292765e-03
6.1949762765384723e-03
9.7492290639738730e-03
-3.8925538092619481e-10
2.2946079443876506e-10
-2.2208078195474967e-03
-7.8297637232392012e-03
3.0316230943229082e-09
4.5383542120225702e-03
5.7846149337426869e-03
3.7381112826789754e-03
-1.6018317295832512e-03
2.3314212305444148e-09
1.8261909099015717e-09
-1.8477883078707659e-03
2.2853801728739654e-09
-1.4448491659179302e-03
-1.3292354624421317e-03
-3.8798774851766008e-04
-2.0787738692727219e-05
-9.5833126492086989e-05
-6.1110415336386860e-04
-6.7264615863025659e-03
-4.5827004135786040e-03
1.0401634242515823e-07
4.5423733112772502e-03
1.0896915260696692e-02
1.9745206770575546e-02
3.1981818092003816e-02
-6.3560474936033902e-09
-4.2999827053712261e-09
-2.2204453132242995e-03
-7.8274078861550380e-03
3.0007081481611956e-09
4.5334647743236652e-03
5.7736524168968233e-03
3.7212407409015595e-03
-1.6230962359870462e-03
2.0517239208274289e-09
1.7722826126246551e-09
-1.8475213740380429e-03
1.8926317427155035e-09
-1.4451992123091116e-03
1.1893971313896266e-03
3.3898317065678152e-04
1.7917680038814992e-05
7.8137017486977619e-05
4.4388260070366828e-04
3.4290068705279939e-03
-1.5130000230867188e-03
1.0548649632057089e-07
1.4726838203942671e-03
3.4860388549958067e-03
6.1949766155865293e-03
9.7492294323788791e-03
1.0051947862033200e-10
7.0879406199514638e-10
-2.2208076629504771e-03
-7.8297636478651227e-03
3.4923321645618607e-09
4.5383544787482490e-03
5.7846153831983575e-03
3.7381123607298987e-03
-1.6018301781900413e-03
2.7853871907263342e-09
2.1444419547226581e-09
-1.8477889009759429e-03
2.1418754790240346e-09
-1.4448482911902122e-03
-1.3292358594067110e-03
-3.8798785485026562e-04
-2.0787861385346961e-05
-9.5832942387218134e-05
-6.1110390933344100e-04
-6.7264615144483810e-03
-4.5827001397955860e-03
1.0444090332173717e-07
4.5423734799710878e-03
1.0896915617258284e-02
1.9745207465319665e-02
3.1981818962598871e-02
-5.8782364794537053e-09
-3.5805391780166796e-09
-2.2204444889923625e-03
-7.8274070685928204e-03
3.3790975026778443e-09
4.5334649407852432e-03
5.7736526989818427e-03
3.7212410987664622e-03
-1.6230959118141307e-03
2.3308081465578673e-09
1.9368374665780822e-09
-1.8475219542942421e-03
2.3111578722329885e-09
-1.4451974473452792e-03
1.1893977697817776e-03
3.3898427180780296e-04
1.7918559354434732e-05
7.8138118228557535e-05
4.4388415514892948e-04
3.4290080309542560e-03
-1.5129989824409495e-03
1.0615774818172121e-07
1.4726846391418331e-03
3.4860392611217482e-03
6.1949774432422337e-03
9.7492296345533889e-03
1.6640067002877477e-10
6.7660846354247756e-10
-2.2208076527440463e-03
-7.8297637265052795e-03
3.5557142790120096e-09
4.5383547734681017e-03
5.7846160036835945e-03
3.7381130658427062e-03
-1.6018293659540214e-03
2.8962920402294373e-09
2.3664691911291391e-09
