0.0000000000000000e+00
-3.0000000000193779e+01
-6.0006366698831265e+01
-9.0000000000320398e+01
-1.1999999831054478e+02
-1.5000636331852201e+02
-1.8001909671530154e+02
-2.0999841287663793e+02
-2.3999994288491260e+02
-2.6999172374241459e+02
-2.9999987844776325e+02
-2.9666666684080320e+02
-2.9333353366147583e+02
-2.8861990539359476e+02
-2.8195409611691844e+02
-2.7252775369591831e+02
-2.5919119771935209e+02
-2.4033501688407719e+02
-2.1367264296725227e+02
-1.8368348252745386e+02
-1.5366835021205901e+02
-1.2365958692161178e+02
-9.3657190965860678e+01
-6.3661160654318955e+01
-3.3671494298285012e+01
-3.6683502118309539e+00
1.7089539648061068e-10
2.9996428209051622e+01
6.0000000000068624e+01
8.9997205834363271e+01
1.1999735855978936e+02
1.4999923090759748e+02
1.7999995839421612e+02
2.0999981089484297e+02
2.3999882445934998e+02
2.6998783556991549e+02
2.9999339896682159e+02
2.9666666648643451e+02
2.9333985567348248e+02
2.8863490097632115e+02
2.8198082276861447e+02
2.7257000015949041e+02
2.5919119769013940e+02
2.4033501686073936e+02
2.1366405652860792e+02
1.8365321197998480e+02
1.5366835021037556e+02
1.2367712576070969e+02
9.3679536942225369e+01
6.3675582065310692e+01
3.3665259440224567e+01
3.6683502110526245e+00
3.1125455895603534e-10
-3.0003572462414009e+01
-5.9999999999838458e+01
-9.0002793287667544e+01
-1.1999759965440387e+02
-1.4999931324430185e+02
-1.7999996398155946e+02
-2.0999984004522906e+02
-2.3999905663392417e+02
-2.6999171143759315e+02
-2.9999987849260572e+02
-2.9666666684052092e+02
-2.9333353361561257e+02
-2.8861990528354147e+02
-2.8195409591630954e+02
-2.7252775336768315e+02
-2.5919119771904610e+02
-2.4033501688396967e+02
-2.1367264296725716e+02
-1.8368348252726386e+02
-1.5366835021128364e+02
-1.2365958692081134e+02
-9.3657190964864782e+01
-6.3661160653387810e+01
-3.3671494296884759e+01
-3.6683502104099266e+00
1.4175031964638063e-09
2.9996428210055818e+01
6.0000000000937142e+01
8.9997205834987838e+01
1.1999735855989647e+02
1.4999923090833266e+02
1.7999995839451765e+02
2.0999981089526418e+02
2.3999882445946884e+02
2.6998783557012484e+02
2.9999339896717879e+02
2.9666666648685441e+02
2.9333985567431199e+02
2.8863490097706199e+02
2.8198082276927778e+02
2.7257000016059510e+02
2.5919119769090560e+02
2.4033501686136637e+02
2.1366405652883913e+02
1.8365321198017904e+02
1.5366835021121668e+02
1.2367712576212668e+02
9.3679536943792243e+01
6.3675582067447507e+01
3.3665259442941711e+01
3.6683502117841593e+00
8.7131705732402593e-10
-3.0003572461163156e+01
-5.9999999999175962e+01
-9.0002793287659856e+01
-1.1999759965339658e+02
-1.4999931324350649e+02
-1.7999996398095820e+02
-2.0999984004461686e+02
-2.3999905663336608e+02
-2.6999171143703086e+02
-2.9999987849230428e+02
-2.9666666684006032e+02
-2.9333353361555726e+02
-2.8861990528393568e+02
-2.8195409591660683e+02
-2.7252775336786954e+02
-2.5919119771903263e+02
-2.4033501688414881e+02
-2.1367264296705980e+02
-1.8368348252736607e+02
-1.5366835021135861e+02
-1.2365958692059606e+02
-9.3657190964475859e+01
-6.3661160652774939e+01
-3.3671494296341976e+01
-3.6683502102581351e+00
1.6246011212254095e-09
2.9996428210264241e+01
6.0000000001196184e+01
8.9997205835565921e+01
1.1999735856064225e+02
1.4999923090928232e+02
1.7999995839550326e+02
2.0999981089632536e+02
2.3999882446080349e+02
2.6998783557132720e+02
2.9999339896826501e+02
2.9666666648794671e+02
2.9333985567520779e+02
2.8863490097793346e+02
2.8198082277046046e+02
2.7257000016211214e+02
2.5919119769204980e+02
2.4033501686258762e+02
2.1366405653034411e+02
1.8365321198162817e+02
1.5366835021204480e+02
1.2367712576263432e+02
9.3679536944047243e+01
6.3675582067330609e+01
3.3665259442183597e+01
3.6683502127509122e+00
1.7876489593025154e-09
-3.0003572459532879e+01
-5.9999999998140254e+01
-9.0002793287338051e+01
-1.1999759965236662e+02
-1.4999931324264671e+02
-1.7999996397998558e+02
-2.0999984004392005e+02
-2.3999905663270349e+02
-2.6999171143634891e+02
-2.9999987849170509e+02
-2.9666666683939388e+02
-2.9333353361441630e+02
-2.8861990528276021e+02
-2.8195409591563714e+02
-2.7252775336663382e+02
-2.5919119771844896e+02
-2.4033501688340311e+02
-2.1367264296629406e+02
-1.8368348252624597e+02
-1.5366835021048425e+02
-1.2365958691993261e+02
-9.3657190964070978e+01
-6.3661160652624773e+01
-3.3671494296783870e+01
-3.6683502099647058e+00
2.0440248949633767e-09
2.9996428211019762e+01
6.0000000001665676e+01
8.9997205835281790e+01
1.1999735856052814e+02
1.4999923090889251e+02
1.7999995839534608e+02
2.0999981089601624e+02
2.3999882446023247e+02
2.6998783557092662e+02
2.9999339896812916e+02
2.9666666648826464e+02
2.9333985567550405e+02
2.8863490097859165e+02
2.8198082277043022e+02
2.7257000016195366e+02
2.5919119769218275e+02
2.4033501686274741e+02
2.1366405653040150e+02
1.8365321198143181e+02
1.5366835021213160e+02
1.2367712576240588e+02
9.3679536943742832e+01
6.3675582067598363e+01
3.3665259442781391e+01
3.6683502127961432e+00
1.7422115318060038e-09
-3.0003572459799656e+01
-5.9999999998669800e+01
-9.0002793287583785e+01
-1.1999759965289282e+02
-1.4999931324285541e+02
-1.7999996398019559e+02
-2.0999984004381520e+02
-2.3999905663249442e+02
-2.6999171143629809e+02
-2.9999987849145703e+02
-2.9666666683904958e+02
-2.9333353361438611e+02
-2.8861990528254648e+02
-2.8195409591518336e+02
-2.7252775336616224e+02
-2.5919119771797750e+02
-2.4033501688274029e+02
-2.1367264296554137e+02
-1.8368348252548452e+02
-1.5366835021035570e+02
-1.2365958692033070e+02
-9.3657190964502362e+01
-6.3661160653312329e+01
-3.3671494297692604e+01
-3.6683502099920231e+00
1.8960585046397840e-09
2.9996428210137800e+01
6.0000000001981391e+01
8.9997205837005652e+01
1.1999735856121336e+02
1.4999923091000281e+02
1.7999995839625498e+02
2.0999981089707836e+02
2.3999882446176511e+02
2.6998783557208833e+02
2.9999339896916717e+02
2.9666666648900235e+02
2.9333985567650899e+02
2.8863490097919225e+02
2.8198082277159267e+02
2.7257000016266522e+02
2.5919119769262619e+02
2.4033501686308469e+02
2.1366405653079556e+02
1.8365321198213434e+02
1.5366835021272490e+02
1.2367712576315382e+02
9.3679536944728341e+01
6.3675582068386099e+01
3.3665259443551172e+01
3.6683502135032406e+00
2.5985793552970022e-09
