0.0000000000000000e+00
0.0000000000000000e+00
0.0000000000000000e+00
0.0000000000000000e+00
0.0000000000000000e+00
0.0000000000000000e+00
0.0000000000000000e+00
9.3120334052705020e+03
5.1484022252518582e+04
1.2788269481054219e+05
3.4152913584879541e+05
3.4152913584879541e+05
3.4152913584879541e+05
3.4152913584879541e+05
3.4152913584879541e+05
3.4152913584879541e+05
3.4152913584879541e+05
3.4152913584879541e+05
3.4152913584879541e+05
3.4152913584879541e+05
3.4152913584879541e+05
3.4152913584879541e+05
3.4152913584879541e+05
3.4152913584879541e+05
3.4152913584879541e+05
3.4152913584879541e+05
3.4152913584879541e+05
3.4152913584879541e+05
3.4152913584879541e+05
3.4152913584879541e+05
3.4702784597563453e+05
3.5894357332697546e+05
3.7662843237709336e+05
4.0322924971117859e+05
4.4543242387488193e+05
5.2190854401480115e+05
7.3579048768577620e+05
7.3579048768577620e+05
7.3579048768577620e+05
7.3579048768577620e+05
7.3579048768577620e+05
7.3579048768577620e+05
7.3579048768577620e+05
7.3579048768577620e+05
7.3579048768577620e+05
7.3579048768577620e+05
7.3579048768577620e+05
7.3579048768577620e+05
7.3579048768577620e+05
7.3579048768577620e+05
7.3579048768577620e+05
7.3579048768577620e+05
7.3579048768577620e+05
7.3579048768577620e+05
7.3579048768577620e+05
7.3579048768577620e+05
7.4128685342298064e+05
7.5319620871545735e+05
7.7086957429229550e+05
7.9745004854101955e+05
8.3961613457024551e+05
9.1601821471054654e+05
1.1296648283476238e+06
1.1296648283476238e+06
1.1296648283476238e+06
1.1296648283476238e+06
1.1296648283476238e+06
1.1296648283476238e+06
1.1296648283476238e+06
1.1296648283476238e+06
1.1296648283476238e+06
1.1296648283476238e+06
1.1296648283476238e+06
1.1296648283476238e+06
1.1296648283476238e+06
1.1296648283476238e+06
1.1296648283476238e+06
1.1296648283476238e+06
1.1296648283476238e+06
1.1296648283476238e+06
1.1296648283476238e+06
1.1296648283476238e+06
1.1351635387778380e+06
1.1470792661296581e+06
1.1647641251795893e+06
1.1913649425136712e+06
1.2335681166773760e+06
1.3100442368172971e+06
1.5239261804882814e+06
1.5239261804882814e+06
1.5239261804882814e+06
1.5239261804882814e+06
1.5239261804882814e+06
1.5239261804882814e+06
1.5239261804882814e+06
1.5239261804882814e+06
1.5239261804882814e+06
1.5239261804882814e+06
1.5239261804882814e+06
1.5239261804882814e+06
1.5239261804882814e+06
1.5239261804882814e+06
1.5239261804882814e+06
1.5239261804882814e+06
1.5239261804882814e+06
1.5239261804882814e+06
1.5239261804882814e+06
1.5239261804882814e+06
1.5294225462254868e+06
1.5413319015179654e+06
1.5590052670948007e+06
1.5855857413435285e+06
1.6277518273727526e+06
1.7041539075130564e+06
1.9178005211501294e+06
1.9178005211501294e+06
1.9178005211501294e+06
1.9178005211501294e+06
1.9178005211501294e+06
1.9178005211501294e+06
1.9178005211501294e+06
1.9178005211501294e+06
1.9178005211501294e+06
1.9178005211501294e+06
1.9178005211501294e+06
1.9178005211501294e+06
1.9178005211501294e+06
1.9178005211501294e+06
1.9178005211501294e+06
1.9178005211501294e+06
1.9178005211501294e+06
1.9178005211501294e+06
1.9178005211501294e+06
1.9178005211501294e+06
1.9232992315803436e+06
1.9352149589321655e+06
1.9528998179820948e+06
1.9795006353161787e+06
2.0217038094798834e+06
2.0981799296198026e+06
2.3120618732907870e+06
2.3120618732907870e+06
2.3120618732907870e+06
2.3120618732907870e+06
2.3120618732907870e+06
2.3120618732907870e+06
2.3120618732907870e+06
2.3120618732907870e+06
2.3120618732907870e+06
2.3120618732907870e+06
2.3120618732907870e+06
2.3120618732907870e+06
2.3120618732907870e+06
2.3120618732907870e+06
2.3120618732907870e+06
2.3120618732907870e+06
2.3120618732907870e+06
2.3120618732907870e+06
2.3120618732907870e+06
2.3120618732907870e+06
2.3175582390279905e+06
2.3294675943204672e+06
2.3471409598973044e+06
2.3737214341460341e+06
2.4158875201752544e+06
2.4922896003155620e+06
2.7059362139526405e+06
2.7059362139526405e+06
2.7059362139526405e+06
2.7059362139526405e+06
2.7059362139526405e+06
2.7059362139526405e+06
2.7059362139526405e+06
2.7059362139526405e+06
2.7059362139526405e+06
2.7059362139526405e+06
2.7059362139526405e+06
2.7059362139526405e+06
2.7059362139526405e+06
2.7059362139526405e+06
2.7059362139526405e+06
2.7059362139526405e+06
2.7059362139526405e+06
2.7059362139526405e+06
2.7059362139526405e+06
2.7059362139526405e+06
2.7114349243828529e+06
2.7233506517346748e+06
2.7410355107846060e+06
2.7676363281186880e+06
2.8098395022823908e+06
2.8863156224223175e+06
3.1001975660932944e+06
3.1001975660932944e+06
3.1001975660932944e+06
3.1001975660932944e+06
3.1001975660932944e+06
3.1001975660932944e+06
3.1001975660932944e+06
3.1001975660932944e+06
3.1001975660932944e+06
3.1001975660932944e+06
3.1001975660932944e+06
3.1001975660932944e+06
3.1001975660932944e+06
3.1001975660932944e+06
3.1001975660932944e+06
3.1001975660932944e+06
3.1001975660932944e+06
3.1001975660932944e+06
3.1001975660932944e+06
3.1001975660932944e+06
3.1056939318304979e+06
3.1176032871229784e+06
3.1352766526998156e+06
3.1618571269485415e+06
3.2040232129777693e+06
3.2804252931180843e+06
3.4940719067551368e+06
3.4940719067551368e+06
3.4940719067551368e+06
3.4940719067551368e+06
3.4940719067551368e+06
3.4940719067551368e+06
3.4940719067551368e+06
3.4940719067551368e+06
3.4940719067551368e+06
3.4940719067551368e+06
3.4940719067551368e+06
3.4940719067551368e+06
3.4940719067551368e+06
3.4940719067551368e+06
3.4940719067551368e+06
3.4940719067551368e+06
3.4940719067551368e+06
3.4940719067551368e+06
3.4940719067551368e+06
3.4940719067551368e+06
3.4995706171853528e+06
3.5114863445371748e+06
3.5291712035871060e+06
3.5557720209211879e+06
3.5979751950848983e+06
3.6744513152248324e+06
3.8883332588957832e+06
3.8883332588957832e+06
3.8883332588957832e+06
3.8883332588957832e+06
3.8883332588957832e+06
3.8883332588957832e+06
3.8883332588957832e+06
3.8883332588957832e+06
3.8883332588957832e+06
3.8883332588957832e+06
3.8883332588957832e+06
3.8883332588957832e+06
3.8883332588957832e+06
3.8883332588957832e+06
3.8883332588957832e+06
3.8883332588957832e+06
3.8883332588957832e+06
