0.0000000000000000e+00
0.0000000000000000e+00
0.0000000000000000e+00
0.0000000000000000e+00
0.0000000000000000e+00
0.0000000000000000e+00
5.3080756771426429e+00
2.3591531676629941e+01
4.1633952809909694e+01
5.9417789762643373e+01
7.6920034443073419e+01
7.6920034443073419e+01
7.6920034443073376e+01
7.6920034443073405e+01
7.6920034443073433e+01
7.6920034443073433e+01
7.6920034443073433e+01
7.6920034443073405e+01
7.6920034443073376e+01
7.6920034443073362e+01
7.6920034443073362e+01
7.6920034443073419e+01
7.6920034443073419e+01
7.6920034443073419e+01
7.6920034443073419e+01
7.6920034443073391e+01
7.6920034443073391e+01
6.4503162957674519e+01
4.3678386107373392e+01
2.2962486129877334e+01
2.3519978037443399e+00
-1.8125242041892157e+01
-3.8441373039587432e+01
-5.8610075831664730e+01
-5.8610075831664730e+01
-5.8610075831664730e+01
-5.8610075831664730e+01
-5.8610075831664730e+01
-5.8610075831664730e+01
-5.8610075831664730e+01
-5.8610075831664730e+01
-5.8610075831664730e+01
-5.8610075831664730e+01
-5.8610075831664730e+01
-5.8610075831664730e+01
-5.8610075831664730e+01
-5.8610075831664730e+01
-5.8610075831664730e+01
-5.8610075831664730e+01
-5.8610075831664730e+01
-5.8610075831664730e+01
-5.8093313096025639e+01
-3.6386195020473167e+01
-1.4755389975006818e+01
6.7944473796026301e+00
2.8239021873738427e+01
4.9609091322909826e+01
4.9609091322909826e+01
4.9609091322909826e+01
4.9609091322909769e+01
4.9609091322909769e+01
4.9609091322909741e+01
4.9609091322909769e+01
4.9609091322909769e+01
4.9609091322909748e+01
4.9609091322909748e+01
4.9609091322909748e+01
4.9609091322909777e+01
4.9609091322909777e+01
4.9609091322909777e+01
4.9609091322909777e+01
4.9609091322909734e+01
4.9609091322909734e+01
4.9609091322909705e+01
4.9609091322909705e+01
4.3990991783222370e+01
2.1792602723306317e+01
-3.3183919787140731e-01
-2.2395615246922191e+01
-4.4424834724474216e+01
-4.4424834724474216e+01
-4.4424834724474216e+01
-4.4424834724474216e+01
-4.4424834724474216e+01
-4.4424834724474216e+01
-4.4424834724474216e+01
-4.4424834724474216e+01
-4.4424834724474216e+01
-4.4424834724474216e+01
-4.4424834724474216e+01
-4.4424834724474216e+01
-4.4424834724474216e+01
-4.4424834724474216e+01
-4.4424834724474216e+01
-4.4424834724474216e+01
-4.4424834724474216e+01
-4.4424834724474216e+01
-4.4424834724474216e+01
-4.4424834724474216e+01
-2.6212680837001379e+01
-3.7023808334314592e+00
1.8716490136164698e+01
4.1152032969783299e+01
4.1152032969783299e+01
4.1152032969783292e+01
4.1152032969783271e+01
4.1152032969783271e+01
4.1152032969783271e+01
4.1152032969783285e+01
4.1152032969783285e+01
4.1152032969783285e+01
4.1152032969783271e+01
4.1152032969783271e+01
4.1152032969783257e+01
4.1152032969783257e+01
4.1152032969783271e+01
4.1152032969783271e+01
4.1152032969783271e+01
4.1152032969783271e+01
4.1152032969783271e+01
4.1152032969783271e+01
4.1152032969783235e+01
2.9141270327621417e+01
6.4008152131319509e+00
-1.6269469137686698e+01
-3.8969747369848868e+01
-3.8969747369848868e+01
-3.8969747369848868e+01
-3.8969747369848868e+01
-3.8969747369848868e+01
-3.8969747369848868e+01
-3.8969747369848868e+01
-3.8969747369848868e+01
-3.8969747369848868e+01
-3.8969747369848868e+01
-3.8969747369848868e+01
-3.8969747369848868e+01
-3.8969747369848868e+01
-3.8969747369848868e+01
-3.8969747369848868e+01
-3.8969747369848868e+01
-3.8969747369848868e+01
-3.8969747369848868e+01
-3.8969747369848868e+01
-3.8969747369848868e+01
-3.1166792517109847e+01
-8.2688001720056157e+00
1.4572859381055931e+01
3.7457315876983074e+01
3.7457315876983074e+01
3.7457315876983081e+01
3.7457315876983081e+01
3.7457315876983081e+01
3.7457315876983074e+01
3.7457315876983074e+01
3.7457315876983053e+01
3.7457315876983053e+01
3.7457315876983060e+01
3.7457315876983060e+01
3.7457315876983067e+01
3.7457315876983067e+01
3.7457315876983067e+01
3.7457315876983067e+01
3.7457315876983053e+01
3.7457315876983053e+01
3.7457315876983039e+01
3.7457315876983039e+01
3.7457315876983031e+01
3.2604557537404325e+01
9.5961802343208245e+00
-1.3370130991797474e+01
-3.6381784844392186e+01
-3.6381784844392186e+01
-3.6381784844392186e+01
-3.6381784844392186e+01
-3.6381784844392186e+01
-3.6381784844392186e+01
-3.6381784844392186e+01
-3.6381784844392186e+01
-3.6381784844392186e+01
-3.6381784844392186e+01
-3.6381784844392186e+01
-3.6381784844392186e+01
-3.6381784844392186e+01
-3.6381784844392186e+01
-3.6381784844392186e+01
-3.6381784844392186e+01
-3.6381784844392186e+01
-3.6381784844392186e+01
-3.6381784844392186e+01
-3.6381784844392186e+01
-3.3670573487599619e+01
-1.0557989747759816e+01
1.2497643224769789e+01
3.5603139885366595e+01
3.5603139885366595e+01
3.5603139885366573e+01
3.5603139885366581e+01
3.5603139885366581e+01
3.5603139885366573e+01
3.5603139885366573e+01
3.5603139885366573e+01
3.5603139885366573e+01
3.5603139885366545e+01
3.5603139885366545e+01
3.5603139885366545e+01
3.5603139885366545e+01
3.5603139885366559e+01
3.5603139885366559e+01
3.5603139885366538e+01
3.5603139885366538e+01
3.5603139885366538e+01
3.5603139885366538e+01
3.5603139885366531e+01
3.4410270446639849e+01
1.1261967005612259e+01
-1.1860161247990927e+01
-3.5032278687601888e+01
-3.5032278687601888e+01
-3.5032278687601888e+01
-3.5032278687601888e+01
-3.5032278687601888e+01
-3.5032278687601888e+01
-3.5032278687601888e+01
-3.5032278687601888e+01
-3.5032278687601888e+01
-3.5032278687601888e+01
-3.5032278687601888e+01
-3.5032278687601888e+01
-3.5032278687601888e+01
-3.5032278687601888e+01
