0.0000000000000000e+00
0.0000000000000000e+00
0.0000000000000000e+00
0.0000000000000000e+00
0.0000000000000000e+00
0.0000000000000000e+00
-2.6540378385693462e+00
-1.1795765838308670e+01
-2.0816976404948480e+01
-2.9708894881315373e+01
-3.8460017221526925e+01
-3.8460017221526883e+01
-3.8460017221526854e+01
-3.8460017221526883e+01
-3.8460017221526904e+01
-3.8460017221526918e+01
-3.8460017221526904e+01
-3.8460017221526961e+01
-3.8460017221526932e+01
-3.8460017221527018e+01
-3.8460017221526996e+01
-3.8460017221527025e+01
-3.8460017221527025e+01
-3.8460017221527039e+01
-3.8460017221527089e+01
-3.8460017221527124e+01
-3.8460017221527139e+01
-3.2251581478829038e+01
-2.1839193053679260e+01
-1.1481243064932602e+01
-1.1759989018673187e+00
9.0626210209495319e+00
1.9220686519794015e+01
2.9305037915832049e+01
2.9305037915832052e+01
2.9305037915832074e+01
2.9305037915832131e+01
2.9305037915832145e+01
2.9305037915832187e+01
2.9305037915832184e+01
2.9305037915832152e+01
2.9305037915832234e+01
2.9305037915832198e+01
2.9305037915832230e+01
2.9305037915832184e+01
2.9305037915832227e+01
2.9305037915832308e+01
2.9305037915832276e+01
2.9305037915832330e+01
2.9305037915832344e+01
2.9305037915832411e+01
2.9046656548012631e+01
1.8193097510232352e+01
7.3776949874985664e+00
-3.3972236898067631e+00
-1.4119510936875237e+01
-2.4804545661460981e+01
-2.4804545661461017e+01
-2.4804545661460995e+01
-2.4804545661460985e+01
-2.4804545661461020e+01
-2.4804545661461010e+01
-2.4804545661461006e+01
-2.4804545661460978e+01
-2.4804545661460971e+01
-2.4804545661460921e+01
-2.4804545661460885e+01
-2.4804545661460899e+01
-2.4804545661460896e+01
-2.4804545661460875e+01
-2.4804545661460836e+01
-2.4804545661460818e+01
-2.4804545661460793e+01
-2.4804545661460743e+01
-2.4804545661460725e+01
-2.1995495891616876e+01
-1.0896301361657075e+01
1.6591959893341623e-01
1.1197807623458381e+01
2.2212417362234827e+01
2.2212417362234806e+01
2.2212417362234799e+01
2.2212417362234834e+01
2.2212417362234838e+01
2.2212417362234788e+01
2.2212417362234781e+01
2.2212417362234781e+01
2.2212417362234760e+01
2.2212417362234810e+01
2.2212417362234806e+01
2.2212417362234827e+01
2.2212417362234831e+01
2.2212417362234838e+01
2.2212417362234827e+01
2.2212417362234877e+01
2.2212417362234877e+01
2.2212417362234905e+01
2.2212417362234913e+01
2.2212417362234905e+01
1.3106340418497373e+01
1.8511904167126605e+00
-9.3582450680887614e+00
-2.0576016484898627e+01
-2.0576016484898609e+01
-2.0576016484898648e+01
-2.0576016484898627e+01
-2.0576016484898620e+01
-2.0576016484898648e+01
-2.0576016484898659e+01
-2.0576016484898648e+01
-2.0576016484898616e+01
-2.0576016484898656e+01
-2.0576016484898641e+01
-2.0576016484898616e+01
-2.0576016484898602e+01
-2.0576016484898574e+01
-2.0576016484898549e+01
-2.0576016484898560e+01
-2.0576016484898560e+01
-2.0576016484898563e+01
-2.0576016484898567e+01
-2.0576016484898584e+01
-1.4570635163826063e+01
-3.2004076065847791e+00
8.1347345688220454e+00
1.9484873684902396e+01
1.9484873684902382e+01
1.9484873684902379e+01
1.9484873684902368e+01
1.9484873684902357e+01
1.9484873684902382e+01
1.9484873684902368e+01
1.9484873684902379e+01
1.9484873684902379e+01
1.9484873684902382e+01
1.9484873684902357e+01
1.9484873684902336e+01
1.9484873684902368e+01
1.9484873684902396e+01
1.9484873684902375e+01
1.9484873684902418e+01
1.9484873684902418e+01
1.9484873684902407e+01
1.9484873684902404e+01
1.9484873684902393e+01
1.5583396258535195e+01
4.1344000859864902e+00
-7.2864296905393475e+00
-1.8728657938497285e+01
-1.8728657938497339e+01
-1.8728657938497335e+01
-1.8728657938497339e+01
-1.8728657938497335e+01
-1.8728657938497314e+01
-1.8728657938497317e+01
-1.8728657938497324e+01
-1.8728657938497339e+01
-1.8728657938497346e+01
-1.8728657938497324e+01
-1.8728657938497332e+01
-1.8728657938497310e+01
-1.8728657938497296e+01
-1.8728657938497282e+01
-1.8728657938497268e+01
-1.8728657938497296e+01
-1.8728657938497296e+01
-1.8728657938497307e+01
-1.8728657938497321e+01
-1.6302278768708039e+01
-4.7980901171668284e+00
6.6850654958942517e+00
1.8190892422193809e+01
1.8190892422193826e+01
1.8190892422193837e+01
1.8190892422193816e+01
1.8190892422193830e+01
1.8190892422193805e+01
1.8190892422193830e+01
1.8190892422193848e+01
1.8190892422193844e+01
1.8190892422193826e+01
1.8190892422193826e+01
1.8190892422193812e+01
1.8190892422193834e+01
1.8190892422193816e+01
1.8190892422193809e+01
1.8190892422193805e+01
1.8190892422193834e+01
1.8190892422193823e+01
1.8190892422193837e+01
1.8190892422193858e+01
1.6835286743798587e+01
5.2789948738826871e+00
-6.2488216123774372e+00
-1.7801569942675442e+01
-1.7801569942675414e+01
-1.7801569942675417e+01
-1.7801569942675393e+01
-1.7801569942675382e+01
-1.7801569942675403e+01
-1.7801569942675417e+01
-1.7801569942675414e+01
-1.7801569942675400e+01
-1.7801569942675417e+01
-1.7801569942675403e+01
-1.7801569942675403e+01
-1.7801569942675382e+01
-1.7801569942675389e+01
-1.7801569942675357e+01
-1.7801569942675332e+01
-1.7801569942675329e+01
-1.7801569942675329e+01
-1.7801569942675286e+01
-1.7801569942675307e+01
-1.7205135223312851e+01
-5.6309835028081379e+00
5.9300806239875037e+00
1.7516139343788581e+01
1.7516139343788566e+01
1.7516139343788542e+01
1.7516139343788531e+01
1.7516139343788531e+01
1.7516139343788510e+01
1.7516139343788517e+01
1.7516139343788538e+01
1.7516139343788549e+01
1.7516139343788506e+01
1.7516139343788542e+01
1.7516139343788527e+01
1.7516139343788517e+01
1.7516139343788502e+01
