0.0000000000000000e+00
0.0000000000000000e+00
0.0000000000000000e+00
0.0000000000000000e+00
0.0000000000000000e+00
0.0000000000000000e+00
-2.6540378385733088e+00
-1.1795765838321227e+01
-2.0816976404961096e+01
-2.9708894881327879e+01
-3.8460017221546451e+01
-3.8460017221546401e+01
-3.8460017221546394e+01
-3.8460017221546366e+01
-3.8460017221546373e+01
-3.8460017221546380e+01
-3.8460017221546394e+01
-3.8460017221546437e+01
-3.8460017221546408e+01
-3.8460017221546480e+01
-3.8460017221546480e+01
-3.8460017221546480e+01
-3.8460017221546494e+01
-3.8460017221546522e+01
-3.8460017221546565e+01
-3.8460017221546607e+01
-3.8460017221546622e+01
-3.2251581478845893e+01
-2.1839193053694455e+01
-1.1481243064944971e+01
-1.1759989018772510e+00
9.0626210209424194e+00
1.9220686519793293e+01
2.9305037915832443e+01
2.9305037915832425e+01
2.9305037915832422e+01
2.9305037915832429e+01
2.9305037915832443e+01
2.9305037915832465e+01
2.9305037915832518e+01
2.9305037915832472e+01
2.9305037915832511e+01
2.9305037915832493e+01
2.9305037915832525e+01
2.9305037915832472e+01
2.9305037915832493e+01
2.9305037915832571e+01
2.9305037915832539e+01
2.9305037915832528e+01
2.9305037915832528e+01
2.9305037915832550e+01
2.9046656548013125e+01
1.8193097510241021e+01
7.3776949875084057e+00
-3.3972236897957240e+00
-1.4119510936863010e+01
-2.4804545661448582e+01
-2.4804545661448614e+01
-2.4804545661448614e+01
-2.4804545661448604e+01
-2.4804545661448639e+01
-2.4804545661448628e+01
-2.4804545661448621e+01
-2.4804545661448582e+01
-2.4804545661448579e+01
-2.4804545661448536e+01
-2.4804545661448518e+01
-2.4804545661448508e+01
-2.4804545661448515e+01
-2.4804545661448493e+01
-2.4804545661448451e+01
-2.4804545661448429e+01
-2.4804545661448394e+01
-2.4804545661448348e+01
-2.4804545661448323e+01
-2.1995495891604854e+01
-1.0896301361648655e+01
1.6591959893848415e-01
1.1197807623464307e+01
2.2212417362239758e+01
2.2212417362239744e+01
2.2212417362239737e+01
2.2212417362239790e+01
2.2212417362239776e+01
2.2212417362239719e+01
2.2212417362239712e+01
2.2212417362239741e+01
2.2212417362239719e+01
2.2212417362239734e+01
2.2212417362239741e+01
2.2212417362239762e+01
2.2212417362239755e+01
2.2212417362239783e+01
2.2212417362239780e+01
2.2212417362239798e+01
2.2212417362239783e+01
2.2212417362239822e+01
2.2212417362239826e+01
2.2212417362239833e+01
1.3106340418504436e+01
1.8511904167191704e+00
-9.3582450680756750e+00
-2.0576016484884519e+01
-2.0576016484884512e+01
-2.0576016484884548e+01
-2.0576016484884523e+01
-2.0576016484884509e+01
-2.0576016484884533e+01
-2.0576016484884541e+01
-2.0576016484884551e+01
-2.0576016484884533e+01
-2.0576016484884548e+01
-2.0576016484884541e+01
-2.0576016484884519e+01
-2.0576016484884512e+01
-2.0576016484884484e+01
-2.0576016484884459e+01
-2.0576016484884462e+01
-2.0576016484884462e+01
-2.0576016484884473e+01
-2.0576016484884477e+01
-2.0576016484884491e+01
-1.4570635163795254e+01
-3.2004076065470812e+00
8.1347345688647348e+00
1.9484873684946571e+01
1.9484873684946560e+01
1.9484873684946557e+01
1.9484873684946564e+01
1.9484873684946518e+01
1.9484873684946518e+01
1.9484873684946496e+01
1.9484873684946500e+01
1.9484873684946496e+01
1.9484873684946496e+01
1.9484873684946482e+01
1.9484873684946464e+01
1.9484873684946511e+01
1.9484873684946518e+01
1.9484873684946503e+01
1.9484873684946557e+01
1.9484873684946557e+01
1.9484873684946532e+01
1.9484873684946539e+01
1.9484873684946542e+01
1.5583396258574727e+01
4.1344000860191539e+00
-7.2864296905165755e+00
-1.8728657938485817e+01
-1.8728657938485874e+01
-1.8728657938485860e+01
-1.8728657938485867e+01
-1.8728657938485870e+01
-1.8728657938485860e+01
-1.8728657938485860e+01
-1.8728657938485867e+01
-1.8728657938485874e+01
-1.8728657938485881e+01
-1.8728657938485860e+01
-1.8728657938485853e+01
-1.8728657938485846e+01
-1.8728657938485831e+01
-1.8728657938485817e+01
-1.8728657938485807e+01
-1.8728657938485799e+01
-1.8728657938485810e+01
-1.8728657938485824e+01
-1.8728657938485814e+01
-1.6302278768696389e+01
-4.7980901171541142e+00
6.6850654959030882e+00
1.8190892422198171e+01
1.8190892422198186e+01
1.8190892422198193e+01
1.8190892422198164e+01
1.8190892422198150e+01
1.8190892422198139e+01
1.8190892422198147e+01
1.8190892422198178e+01
1.8190892422198164e+01
1.8190892422198139e+01
1.8190892422198147e+01
1.8190892422198129e+01
1.8190892422198154e+01
1.8190892422198139e+01
1.8190892422198125e+01
1.8190892422198125e+01
1.8190892422198139e+01
1.8190892422198129e+01
1.8190892422198136e+01
1.8190892422198171e+01
1.6835286743800857e+01
5.2789948738769530e+00
-6.2488216123925167e+00
-1.7801569942691334e+01
-1.7801569942691312e+01
-1.7801569942691312e+01
-1.7801569942691295e+01
-1.7801569942691277e+01
-1.7801569942691302e+01
-1.7801569942691316e+01
-1.7801569942691312e+01
-1.7801569942691298e+01
-1.7801569942691312e+01
-1.7801569942691316e+01
-1.7801569942691316e+01
-1.7801569942691316e+01
-1.7801569942691316e+01
-1.7801569942691273e+01
-1.7801569942691259e+01
-1.7801569942691231e+01
-1.7801569942691224e+01
-1.7801569942691209e+01
-1.7801569942691238e+01
-1.7205135223327009e+01
-5.6309835028041260e+00
5.9300806240033879e+00
1.7516139343813261e+01
1.7516139343813240e+01
1.7516139343813215e+01
1.7516139343813204e+01
1.7516139343813226e+01
1.7516139343813208e+01
1.7516139343813226e+01
1.7516139343813226e+01
1.7516139343813226e+01
1.7516139343813222e+01
1.7516139343813268e+01
1.7516139343813254e+01
1.7516139343813251e+01
1.7516139343813244e+01
