0.0000000000000000e+00
1.7073170731576957e-04
3.4143427029156989e-04
5.1219512194573412e-04
6.8292681930923551e-04
8.5362937233675817e-04
1.3675282973558893e-03
2.8785836387377689e-03
4.5734450876605930e-03
6.5121700314117415e-03
8.7898559697044652e-03
8.7329455927588496e-03
8.6760319768377381e-03
8.5955384393256035e-03
8.4816923250529731e-03
8.3206674773058063e-03
8.1500310826297349e-03
7.9793655662056262e-03
7.8085676680134195e-03
7.6378359606971858e-03
7.4670750990881631e-03
7.2963725460642066e-03
7.1256408487039170e-03
7.0825390892398712e-03
6.9117890860817457e-03
6.7410756746021875e-03
6.5703331150779682e-03
5.8465333215860695e-03
4.6533654611161405e-03
3.3504641523555861e-03
1.9102716524648305e-03
2.9625518511393057e-04
-1.5457023277821486e-03
-3.7058936984525467e-03
-3.6489832908524937e-03
-3.5920761218634898e-03
-3.5116027596196540e-03
-3.3978072933484008e-03
-3.2368983044238041e-03
-3.0660687798148151e-03
-2.8952684329470349e-03
-2.7246053651629135e-03
-2.5538736578441957e-03
-2.3831710948651955e-03
-2.2124102432083039e-03
-2.0416785458412545e-03
-1.9985767863715258e-03
-1.8278632913630724e-03
-1.6571133717406599e-03
-1.4863926026757852e-03
-1.3157009742165218e-03
-1.1212291564229831e-03
1.5478760449839728e-04
1.5632174306753500e-03
3.1404880430807519e-03
4.9386644614370411e-03
7.0455254362517148e-03
6.9886150744830032e-03
6.9317014737409633e-03
6.8512079576977429e-03
6.7373618737922667e-03
6.5763370690033861e-03
6.4057005641924864e-03
6.2350349375961418e-03
6.0642371495759871e-03
5.8935054422595834e-03
5.7227445806509658e-03
5.5520420276268254e-03
5.3813103302644593e-03
5.3382085708005012e-03
5.1674585676428865e-03
4.9967451561640404e-03
4.8260025966396121e-03
4.6552308791149698e-03
4.4845500342050220e-03
4.0384093778297967e-03
2.6466187271870808e-03
1.0903688032442708e-03
-6.8370181147584235e-04
-2.7607244830436923e-03
-2.7038140806240601e-03
-2.6469069168140393e-03
-2.5664335618938365e-03
-2.4526381059772140e-03
-2.2917291316915341e-03
-2.1208995696536137e-03
-1.9500991853700373e-03
-1.7794361550020786e-03
-1.6087044476834249e-03
-1.4380018847043568e-03
-1.2672410330471287e-03
-1.0965093356795047e-03
-1.0534075762109194e-03
-8.8269408120405309e-04
-7.1194416157966040e-04
-5.4122339251311605e-04
-3.7053176405348412e-04
-1.9974903963590723e-04
-2.8995476976877845e-05
1.1197086210765434e-03
2.6655496579640250e-03
4.4228173985689451e-03
6.4815654645474074e-03
6.4246551081907216e-03
6.3677415128604890e-03
6.2872480044729017e-03
6.1734019313966996e-03
6.0123771419266520e-03
5.8417405978623445e-03
5.6710749319985572e-03
5.5002771832448460e-03
5.3295454759287285e-03
5.1587846143191117e-03
4.9880820612951517e-03
4.8173503639350459e-03
4.7742486044697529e-03
4.6034986013100600e-03
4.4327851898327128e-03
4.2620426303101684e-03
4.0912709127876781e-03
3.9205900678738297e-03
3.7498800860359498e-03
2.9441175697636369e-03
1.4067808155455923e-03
-3.4100460638055948e-04
-2.3875549251835756e-03
-2.3306445270778789e-03
-2.2737373675806986e-03
-2.1932640187601036e-03
-2.0794685714682921e-03
-1.9185596093769491e-03
-1.7477300161301218e-03
-1.5769296006491657e-03
-1.4062666014794021e-03
-1.2355348941601790e-03
-1.0648323311811918e-03
-8.9407147952469152e-04
-7.2333978215846488e-04
-6.8023802268885687e-04
-5.0952452767880334e-04
-3.3877460805779012e-04
-1.6805383899489546e-04
2.6377894620787390e-06
1.7342051388677981e-04
3.4417407655293482e-04
9.2305780641870560e-04
2.4545607996669400e-03
4.1957149439585967e-03
6.2341807325329906e-03
6.1772703750235343e-03
6.1203567785415277e-03
6.0398632685235180e-03
5.9260171931422943e-03
5.7649924004084894e-03
5.5943558646813860e-03
5.4236902071579021e-03
5.2528924500639665e-03
5.0821607427478290e-03
4.9113998811383631e-03
4.7406973281145653e-03
4.5699656307540745e-03
4.5268638712894866e-03
4.3561138681311850e-03
4.1854004566521308e-03
4.0146578971278534e-03
3.8438861796037897e-03
3.6732053346928998e-03
3.5024953528576671e-03
3.0797876130373289e-03
1.5524443173857705e-03
-1.8437710511689590e-04
-2.2168518816869237e-03
-2.1599414827834229e-03
-2.1030343224887854e-03
-2.0225609725404272e-03
-1.9087655236539932e-03
-1.7478565593074960e-03
-1.5770269718446456e-03
-1.4062265621444102e-03
-1.2355635571927521e-03
-1.0648318498741507e-03
-8.9412928689522472e-04
-7.2336843523915608e-04
-5.5263673787211271e-04
-5.0953497840229729e-04
-3.3882148339121893e-04
-1.6807156377122640e-04
2.6492052918431135e-06
1.7334083374835482e-04
3.4412355817354460e-04
5.1487712083916610e-04
8.2540211683787817e-04
2.3513490633829291e-03
4.0849621653359161e-03
6.1133593293265500e-03
6.0564489698438284e-03
5.9995353713873274e-03
5.9190418585775180e-03
5.8051957792465362e-03
5.6441709809282896e-03
5.4735344594933075e-03
5.3028688162657526e-03
5.1320710448750622e-03
4.9613393375589213e-03
4.7905784759497538e-03
4.6198759229257591e-03
4.4491442255653532e-03
4.4060424661010308e-03
4.2352924629432288e-03
4.0645790514640522e-03
3.8938364919398911e-03
3.7230647744154926e-03
3.5523839295052320e-03
3.3816739476712136e-03
3.1495935008603619e-03
1.6272841130492962e-03
-1.0412936210994533e-04
-2.1293435075823751e-03
-2.0724331076507805e-03
-2.0155259463277633e-03
-1.9350525949253026e-03
-1.8212571439819734e-03
-1.6603481767286665e-03
-1.4895185967169692e-03
-1.3187181944667216e-03
-1.1480551820653548e-03
-9.7732347474654329e-04
-8.0662091176739539e-04
-6.3586006011104009e-04
-4.6512836274418537e-04
-4.2202660327529597e-04
