0.0000000000000000e+00
-5.1219512194805868e-05
-1.0244164796240434e-04
-1.5365853658170895e-04
-2.0487804850514191e-04
-2.5610018400089519e-04
-4.7888612457916137e-04
-1.2002689503880419e-03
-2.0135652826171317e-03
-2.9487914842085561e-03
-4.0534645901480221e-03
-4.0363914955535932e-03
-4.0193186924444499e-03
-3.9951746003167275e-03
-3.9610306928851242e-03
-3.9127459059924768e-03
-3.8615171426267104e-03
-3.8102910035125062e-03
-3.7590781182478502e-03
-3.7078586060537394e-03
-3.6566417171639042e-03
-3.6054195816639396e-03
-3.5542000697370863e-03
-3.5412695446176918e-03
-3.4900516741772363e-03
-3.4388305202261828e-03
-3.3876119897475396e-03
-3.0598521871915887e-03
-2.4974145183163949e-03
-1.8801148726783187e-03
-1.1941676064535771e-03
-4.2131009832536352e-04
4.6551396819699542e-04
1.5114834175450704e-03
1.4944103446242450e-03
1.4773369802083193e-03
1.4531910990651640e-03
1.4190426711622101e-03
1.3707475105182135e-03
1.3195359912278294e-03
1.2683218491837708e-03
1.2170969668263173e-03
1.1658774546295472e-03
1.1146553188605189e-03
1.0634384302384654e-03
1.0122189183130374e-03
9.9928839318575531e-04
9.4806723698018084e-04
8.9684936879825378e-04
8.4562887721129900e-04
7.9440576195204983e-04
7.3134605697627376e-04
1.2748175337465222e-04
-5.4259138609140129e-04
-1.2970846872584377e-03
-2.1620345259627176e-03
-3.1812993212781923e-03
-3.1642262364212229e-03
-3.1471534430495534e-03
-3.1230093646933015e-03
-3.0888654767350461e-03
-3.0405807173792257e-03
-2.9893518834103335e-03
-2.9381256737002343e-03
-2.8869128590315496e-03
-2.8356933468373785e-03
-2.7844764579468620e-03
-2.7332543224467291e-03
-2.6820348105202783e-03
-2.6691042854025374e-03
-2.6178864149657348e-03
-2.5666652610108194e-03
-2.5154467305277895e-03
-2.4642308232485236e-03
-2.4130067244198241e-03
-2.2240827498354078e-03
-1.5623352356239793e-03
-8.1836569273206056e-04
3.4515421187844466e-05
1.0388988110353820e-03
1.0218257395055734e-03
1.0047523764806115e-03
9.8060649730345706e-04
9.4645807218211040e-04
8.9816291547168239e-04
8.4695138614407123e-04
7.9573723406234365e-04
7.4451236174316289e-04
6.9329284954738858e-04
6.4207071377893538e-04
5.9085382515608399e-04
5.3963431323057200e-04
5.2670378810446244e-04
4.7548263190031988e-04
4.2426476371645096e-04
3.7304427212839469e-04
3.2182115686603201e-04
2.7060622713485970e-04
2.1938867430094274e-04
-3.2083177129955606e-04
-1.0596041483384342e-03
-1.9041093873290295e-03
-2.8993193349526056e-03
-2.8822462532772566e-03
-2.8651734630864385e-03
-2.8410293892284074e-03
-2.8068855076299666e-03
-2.7586007572695252e-03
-2.7073719002462682e-03
-2.6561456674837744e-03
-2.6049328758674744e-03
-2.5537133636726957e-03
-2.5024964747825309e-03
-2.4512743392834206e-03
-2.4000548273563054e-03
-2.3871243022383268e-03
-2.3359064317986164e-03
-2.2846852778463842e-03
-2.2334667473666290e-03
-2.1822508400903820e-03
-2.1310267412571150e-03
-2.0798052661972341e-03
-1.7110835179129193e-03
-9.7656170071362116e-04
-1.3683196255245760e-04
8.5231403229296698e-04
8.3524096272976571e-04
8.1816760167197208e-04
7.9402172527685486e-04
7.5987330408883147e-04
7.1157815294312999e-04
6.6036660938099240e-04
6.0915244306222239e-04
5.5792758497919274e-04
5.0670807278287416e-04
4.5548593701396170e-04
4.0426904839161305e-04
3.5304953646562846e-04
3.4011901133929187e-04
2.8889785513487207e-04
2.3767998695085269e-04
1.8645949536273310e-04
1.3523638010109652e-04
8.4021450371209009e-05
3.2803897538233654e-05
-2.2250457694572370e-04
-9.5411134564285310e-04
-1.7905578678101264e-03
-2.7756269684732025e-03
-2.7585538866934803e-03
-2.7414810963990793e-03
-2.7173370223941822e-03
-2.6831931405893804e-03
-2.6349083899357192e-03
-2.5836795336541874e-03
-2.5324533016336248e-03
-2.4812405092755237e-03
-2.4300209970811856e-03
-2.3788041081905854e-03
-2.3275819726911971e-03
-2.2763624607648634e-03
-2.2634319356462790e-03
-2.2122140652059354e-03
-2.1609929112535366e-03
-2.1097743807739493e-03
-2.0585584734983888e-03
-2.0073343746643234e-03
-1.9561128996035634e-03
-1.7789182060431554e-03
-1.0493958107620066e-03
-2.1514556225199678e-04
7.6696251089005318e-04
7.4988944058598057e-04
7.3281607878816703e-04
7.0867020134565825e-04
6.7452177867678134e-04
6.2622662543540650e-04
5.7501508724358064e-04
5.2380092629714309e-04
4.7257606284282052e-04
4.2135655064671102e-04
3.7013441487862493e-04
3.1891752625589004e-04
2.6769801433047547e-04
2.5476748920372477e-04
2.0354633299820538e-04
1.5232846481575107e-04
1.0110797322804578e-04
4.9884857967849475e-05
-1.3300717649757123e-06
-5.2547624601365770e-05
-1.7368450094037876e-04
-9.0250822827574379e-04
-1.7351811534191007e-03
-2.7152162665259509e-03
-2.6981431840985806e-03
-2.6810703931568910e-03
-2.6569263182376090e-03
-2.6227824351382615e-03
-2.5744976826531816e-03
-2.5232688310569042e-03
-2.4720426037215895e-03
-2.4208298066790692e-03
-2.3696102944846939e-03
-2.3183934055942918e-03
-2.2671712700959891e-03
-2.2159517581694420e-03
-2.2030212330502444e-03
-2.1518033626088139e-03
-2.1005822086578199e-03
-2.0493636781795965e-03
-1.9981477709047281e-03
-1.9469236720677607e-03
-1.8957021970054076e-03
-1.8138226476608833e-03
-1.0868182171556255e-03
-2.5526937691055488e-04
7.2320832406736369e-04
7.0613525302021815e-04
6.8906189047820217e-04
6.6491601198424540e-04
6.3076758782757932e-04
5.8247243248352588e-04
5.3126089967989209e-04
4.8004674412081350e-04
4.2882187527693174e-04
3.7760236308093586e-04
3.2638022731246982e-04
2.7516333868998750e-04
2.2394382676317522e-04
2.1101330163628802e-04
