0.0000000000000000e+00
-5.1219512195507672e-05
-1.0244164796286898e-04
-1.5365853658238674e-04
-2.0487804850604041e-04
-2.5610018400142384e-04
-4.7888612458012007e-04
-1.2002689503893887e-03
-2.0135652826183390e-03
-2.9487914842098520e-03
-4.0534645901502755e-03
-4.0363914955551285e-03
-4.0193186924461005e-03
-3.9951746003182662e-03
-3.9610306928859118e-03
-3.9127459059926928e-03
-3.8615171426281958e-03
-3.8102910035157545e-03
-3.7590781182496058e-03
-3.7078586060550122e-03
-3.6566417171652707e-03
-3.6054195816654297e-03
-3.5542000697382876e-03
-3.5412695446194941e-03
-3.4900516741809932e-03
-3.4388305202279527e-03
-3.3876119897462077e-03
-3.0598521871928442e-03
-2.4974145183178395e-03
-1.8801148726796664e-03
-1.1941676064548083e-03
-4.2131009832645369e-04
4.6551396819665471e-04
1.5114834175446710e-03
1.4944103446240043e-03
1.4773369802082755e-03
1.4531910990647125e-03
1.4190426711610377e-03
1.3707475105163890e-03
1.3195359912276984e-03
1.2683218491855539e-03
1.2170969668269462e-03
1.1658774546310438e-03
1.1146553188623337e-03
1.0634384302395062e-03
1.0122189183137255e-03
9.9928839318700149e-04
9.4806723698257465e-04
8.9684936879869353e-04
8.4562887721021296e-04
7.9440576194909646e-04
7.3134605697739168e-04
1.2748175337589859e-04
-5.4259138609047788e-04
-1.2970846872573658e-03
-2.1620345259614170e-03
-3.1812993212766978e-03
-3.1642262364186356e-03
-3.1471534430465484e-03
-3.1230093646900671e-03
-3.0888654767309500e-03
-3.0405807173742739e-03
-2.9893518834087319e-03
-2.9381256737027409e-03
-2.8869128590298027e-03
-2.8356933468357357e-03
-2.7844764579451398e-03
-2.7332543224461449e-03
-2.6820348105204214e-03
-2.6691042854004718e-03
-2.6178864149579619e-03
-2.5666652610084432e-03
-2.5154467305306179e-03
-2.4642308232566152e-03
-2.4130067244189134e-03
-2.2240827498342980e-03
-1.5623352356232754e-03
-8.1836569273153787e-04
3.4515421188356772e-05
1.0388988110357042e-03
1.0218257395058180e-03
1.0047523764808812e-03
9.8060649730401001e-04
9.4645807218235608e-04
8.9816291547266370e-04
8.4695138614469562e-04
7.9573723406136006e-04
7.4451236174267880e-04
6.9329284954609827e-04
6.4207071377708660e-04
5.9085382515568273e-04
5.3963431323003489e-04
5.2670378810298034e-04
4.7548263189783457e-04
4.2426476371537354e-04
3.7304427212805300e-04
3.2182115686766921e-04
2.7060622713464226e-04
2.1938867429824652e-04
-3.2083177129995489e-04
-1.0596041483389820e-03
-1.9041093873286925e-03
-2.8993193349524009e-03
-2.8822462532767041e-03
-2.8651734630852576e-03
-2.8410293892270609e-03
-2.8068855076287644e-03
-2.7586007572676257e-03
-2.7073719002446732e-03
-2.6561456674838971e-03
-2.6049328758656547e-03
-2.5537133636713634e-03
-2.5024964747811860e-03
-2.4512743392821573e-03
-2.4000548273557104e-03
-2.3871243022372491e-03
-2.3359064317954419e-03
-2.2846852778445064e-03
-2.2334667473657187e-03
-2.1822508400901951e-03
-2.1310267412534781e-03
-2.0798052661907805e-03
-1.7110835179087003e-03
-9.7656170071038352e-04
-1.3683196254854946e-04
8.5231403229698004e-04
8.3524096273415358e-04
8.1816760167612371e-04
7.9402172528077891e-04
7.5987330409312979e-04
7.1157815294701306e-04
6.6036660938514056e-04
6.0915244306634074e-04
5.5792758498234354e-04
5.0670807278641505e-04
4.5548593701728879e-04
4.0426904839483953e-04
3.5304953646869279e-04
3.4011901134209854e-04
2.8889785513637543e-04
2.3767998695396186e-04
1.8645949536708216e-04
1.3523638010722104e-04
8.4021450373658317e-05
3.2803897536974482e-05
-2.2250457694370472e-04
-9.5411134564060002e-04
-1.7905578678083516e-03
-2.7756269684721382e-03
-2.7585538866922174e-03
-2.7414810963978481e-03
-2.7173370223931314e-03
-2.6831931405881448e-03
-2.6349083899338960e-03
-2.5836795336539515e-03
-2.5324533016353396e-03
-2.4812405092748905e-03
-2.4300209970804661e-03
-2.3788041081899947e-03
-2.3275819726909100e-03
-2.2763624607642966e-03
-2.2634319356448682e-03
-2.2122140652028536e-03
-2.1609929112520001e-03
-2.1097743807737676e-03
-2.0585584734986156e-03
-2.0073343746619312e-03
-1.9561128995989421e-03
-1.7789182060420881e-03
-1.0493958107606379e-03
-2.1514556225111299e-04
7.6696251089049781e-04
7.4988944058681617e-04
7.3281607878768629e-04
7.0867020134447029e-04
6.7452177867528785e-04
6.2622662543291587e-04
5.7501508724405812e-04
5.2380092629932635e-04
4.7257606284249948e-04
4.2135655064695697e-04
3.7013441487795799e-04
3.1891752625546889e-04
2.6769801432924344e-04
2.5476748920270600e-04
2.0354633299789497e-04
1.5232846481499842e-04
1.0110797322710269e-04
4.9884857966579413e-05
-1.3300717658064816e-06
-5.2547624601696505e-05
-1.7368450094089479e-04
-9.0250822827640852e-04
-1.7351811534205420e-03
-2.7152162665270312e-03
-2.6981431841001423e-03
-2.6810703931583841e-03
-2.6569263182387825e-03
-2.6227824351396181e-03
-2.5744976826557681e-03
-2.5232688310572538e-03
-2.4720426037194904e-03
-2.4208298066782201e-03
-2.3696102944847247e-03
-2.3183934055948964e-03
-2.2671712700950675e-03
-2.2159517581677945e-03
-2.2030212330496988e-03
-2.1518033626108483e-03
-2.1005822086567773e-03
-2.0493636781758031e-03
-1.9981477708980021e-03
-1.9469236720666789e-03
-1.8957021970088671e-03
-1.8138226476598286e-03
-1.0868182171543516e-03
-2.5526937690855528e-04
7.2320832406968464e-04
7.0613525302263733e-04
6.8906189048097621e-04
6.6491601198715279e-04
6.3076758783240522e-04
5.8247243248856699e-04
5.3126089968135522e-04
4.8004674411893133e-04
4.2882187527974253e-04
3.7760236308309033e-04
3.2638022731452498e-04
2.7516333869216007e-04
2.2394382676588269e-04
2.1101330163898047e-04
