0.0000000000000000e+00
0.0000000000000000e+00
0.0000000000000000e+00
0.0000000000000000e+00
0.0000000000000000e+00
0.0000000000000000e+00
3.4313851226416782e-04
1.6834846230455378e-03
3.2077748702567517e-03
4.9758645663140269e-03
7.0825390892394757e-03
7.0825390892394757e-03
7.0825390892394757e-03
7.0825390892394757e-03
7.0825390892394757e-03
7.0825390892394757e-03
7.0825390892394757e-03
7.0825390892394757e-03
7.0825390892394757e-03
7.0825390892394757e-03
7.0825390892394757e-03
7.0825390892394757e-03
7.0825390892394757e-03
7.0825390892394757e-03
7.0825390892394757e-03
7.0825390892394757e-03
7.0825390892394757e-03
7.6356213408129104e-03
8.6580556426697052e-03
9.7903041388336005e-03
1.1059798115190301e-02
1.2503130258296613e-02
1.4174433357525563e-02
1.6163654964851316e-02
1.6163654964851316e-02
1.6163654964851316e-02
1.6163654964851316e-02
1.6163654964851316e-02
1.6163654964851316e-02
1.6163654964851316e-02
1.6163654964851316e-02
1.6163654964851316e-02
1.6163654964851316e-02
1.6163654964851316e-02
1.6163654964851316e-02
1.6163654964851316e-02
1.6163654964851316e-02
1.6163654964851316e-02
1.6163654964851316e-02
1.6163654964851316e-02
1.6163654964851316e-02
1.6187349535230537e-02
1.7292677640054276e-02
1.8530453770939852e-02
1.9937050136804225e-02
2.1564586210009923e-02
2.3500440322025792e-02
2.3500440322025792e-02
2.3500440322025792e-02
2.3500440322025792e-02
2.3500440322025792e-02
2.3500440322025792e-02
2.3500440322025792e-02
2.3500440322025792e-02
2.3500440322025792e-02
2.3500440322025792e-02
2.3500440322025792e-02
2.3500440322025792e-02
2.3500440322025792e-02
2.3500440322025792e-02
2.3500440322025792e-02
2.3500440322025792e-02
2.3500440322025792e-02
2.3500440322025792e-02
2.3500440322025792e-02
2.3775849519783780e-02
2.4996932706193888e-02
2.6382584160436897e-02
2.7986005162510548e-02
2.9892056469037823e-02
2.9892056469037823e-02
2.9892056469037823e-02
2.9892056469037823e-02
2.9892056469037823e-02
2.9892056469037823e-02
2.9892056469037823e-02
2.9892056469037823e-02
2.9892056469037823e-02
2.9892056469037823e-02
2.9892056469037823e-02
2.9892056469037823e-02
2.9892056469037823e-02
2.9892056469037823e-02
2.9892056469037823e-02
2.9892056469037823e-02
2.9892056469037823e-02
2.9892056469037823e-02
2.9892056469037823e-02
2.9892056469037823e-02
3.0870086203941553e-02
3.2245160890636219e-02
3.3831961147170228e-02
3.5719712649719244e-02
3.5719712649719244e-02
3.5719712649719244e-02
3.5719712649719244e-02
3.5719712649719244e-02
3.5719712649719244e-02
3.5719712649719244e-02
3.5719712649719244e-02
3.5719712649719244e-02
3.5719712649719244e-02
3.5719712649719244e-02
3.5719712649719244e-02
3.5719712649719244e-02
3.5719712649719244e-02
3.5719712649719244e-02
3.5719712649719244e-02
3.5719712649719244e-02
3.5719712649719244e-02
3.5719712649719244e-02
3.5719712649719244e-02
3.6354728086665275e-02
3.7721335280588131e-02
3.9298612162180918e-02
4.1174199276877821e-02
4.1174199276877821e-02
4.1174199276877821e-02
4.1174199276877821e-02
4.1174199276877821e-02
4.1174199276877821e-02
4.1174199276877821e-02
4.1174199276877821e-02
4.1174199276877821e-02
4.1174199276877821e-02
4.1174199276877821e-02
4.1174199276877821e-02
4.1174199276877821e-02
4.1174199276877821e-02
4.1174199276877821e-02
4.1174199276877821e-02
4.1174199276877821e-02
4.1174199276877821e-02
4.1174199276877821e-02
4.1174199276877821e-02
4.1582374501768972e-02
4.2943172957673900e-02
4.4513832977244275e-02
4.6381301170853796e-02
4.6381301170853796e-02
4.6381301170853796e-02
4.6381301170853796e-02
4.6381301170853796e-02
4.6381301170853796e-02
4.6381301170853796e-02
4.6381301170853796e-02
4.6381301170853796e-02
4.6381301170853796e-02
4.6381301170853796e-02
4.6381301170853796e-02
4.6381301170853796e-02
4.6381301170853796e-02
4.6381301170853796e-02
4.6381301170853796e-02
4.6381301170853796e-02
4.6381301170853796e-02
4.6381301170853796e-02
4.6381301170853796e-02
4.6633255662565980e-02
4.7989912237690141e-02
4.9556190062355836e-02
5.1417700020546700e-02
5.1417700020546700e-02
5.1417700020546700e-02
5.1417700020546700e-02
5.1417700020546700e-02
5.1417700020546700e-02
5.1417700020546700e-02
5.1417700020546700e-02
5.1417700020546700e-02
5.1417700020546700e-02
5.1417700020546700e-02
5.1417700020546700e-02
5.1417700020546700e-02
5.1417700020546700e-02
5.1417700020546700e-02
5.1417700020546700e-02
5.1417700020546700e-02
5.1417700020546700e-02
5.1417700020546700e-02
5.1417700020546700e-02
5.1557690898250491e-02
5.2912806760839010e-02
5.4475875546761032e-02
5.6333277465049417e-02
5.6333277465049417e-02
5.6333277465049417e-02
5.6333277465049417e-02
5.6333277465049417e-02
5.6333277465049417e-02
5.6333277465049417e-02
5.6333277465049417e-02
5.6333277465049417e-02
5.6333277465049417e-02
5.6333277465049417e-02
5.6333277465049417e-02
5.6333277465049417e-02
5.6333277465049417e-02
5.6333277465049417e-02
5.6333277465049417e-02
5.6333277465049417e-02
5.6333277465049417e-02
5.6333277465049417e-02
5.6333277465049417e-02
5.6394635820036849e-02
5.7746267115984115e-02
5.9307098317664474e-02
6.1161346534424781e-02
6.1161346534424781e-02
6.1161346534424781e-02
6.1161346534424781e-02
6.1161346534424781e-02
6.1161346534424781e-02
6.1161346534424781e-02
6.1161346534424781e-02
6.1161346534424781e-02
6.1161346534424781e-02
6.1161346534424781e-02
6.1161346534424781e-02
6.1161346534424781e-02
6.1161346534424781e-02
