0.0000000000000000e+00
3.4999999999799911e+01
6.9995817878581619e+01
1.0499999999864329e+02
1.3999999838620226e+02
1.7499581465330471e+02
2.0999989536583678e+02
2.4499481475724446e+02
2.7995873331008204e+02
3.1493750504670669e+02
3.4999995756064612e+02
3.3833333320235215e+02
3.2666624404757630e+02
3.1016569475818011e+02
2.8682880672017211e+02
2.5382228741152528e+02
2.1883585864346242e+02
1.8384525142406818e+02
1.4883585864807421e+02
1.1383585864830691e+02
7.8831674915769952e+01
4.3835858648522979e+01
8.8358602609194552e+00
8.7661154937734663e-11
3.5002626221386933e+01
7.0000000001012921e+01
1.0500155650171547e+02
1.3999919098687226e+02
1.7499964152128427e+02
2.0998024389152661e+02
2.4497197798691732e+02
2.7996007873158476e+02
3.1494047932228364e+02
3.4999995920776070e+02
3.3833333343334209e+02
3.2666717239644419e+02
3.1016952247766159e+02
2.8683990839626551e+02
2.5385002327192296e+02
2.1883585865718061e+02
1.8382588155969026e+02
1.4883585865267341e+02
1.1383585865220653e+02
7.8840040772758528e+01
4.3835858651818043e+01
8.8358602633468006e+00
8.1635135541878088e-11
3.4997387306729699e+01
6.9999999999108809e+01
1.0499842956355496e+02
1.3999267761162088e+02
1.7499874051598610e+02
2.0998891435741189e+02
2.4497118182629004e+02
2.7995827396402092e+02
3.1493792026143927e+02
3.4999995367049047e+02
3.3833333324097890e+02
3.2666624801531253e+02
3.1016570428309882e+02
2.8682882410453959e+02
2.5382231591237763e+02
2.1883585864350704e+02
1.8384522291862737e+02
1.4883585864810149e+02
1.1383585864837958e+02
7.8831674915781264e+01
4.3835858648563040e+01
8.8358602607896906e+00
2.6683914909519145e-10
3.5002626221536111e+01
7.0000000001069324e+01
1.0500155650189501e+02
1.4000729733591973e+02
1.7500000000307963e+02
2.0999993926165354e+02
2.4499397308775599e+02
2.7996102579652779e+02
3.1494036905313561e+02
3.4999995815543707e+02
3.3833333341728132e+02
3.2666717341641299e+02
3.1016952496262542e+02
2.8683991295277281e+02
2.5385003075729995e+02
2.1883585865731243e+02
1.8382587407653529e+02
1.4883585865284215e+02
1.1383585865239465e+02
7.8840040772943780e+01
4.3835858651983699e+01
8.8358602634169490e+00
2.8506821830420996e-10
3.4997387306126527e+01
6.9999999998846363e+01
1.0499842956355721e+02
1.3999267761185567e+02
1.7499999999698184e+02
2.1000313744031982e+02
2.4499189741406926e+02
2.7999980794969315e+02
3.1494010174417491e+02
3.4999995232461038e+02
3.3833333325027490e+02
3.2666624937960205e+02
3.1016570756390990e+02
2.8682883009606718e+02
2.5382232573807181e+02
2.1883585864350778e+02
1.8384521309100600e+02
1.4883585864787534e+02
1.1383585864814769e+02
7.8831674915502219e+01
4.3835858648434595e+01
8.8358602609428125e+00
1.7290549691318929e-10
3.5002626221978907e+01
7.0000000001121606e+01
1.0500155650143121e+02
1.4000729733502817e+02
1.7500000000313207e+02
2.0999688359104505e+02
2.4499844310873144e+02
2.7999790080812255e+02
3.1494249059902552e+02
3.4999995715949711e+02
3.3833333341175495e+02
3.2666717440112865e+02
3.1016952734787338e+02
2.8683991731835289e+02
2.5385003792325969e+02
2.1883585865723649e+02
1.8382586691187242e+02
1.4883585865272690e+02
1.1383585865220937e+02
7.8840040772727832e+01
4.3835858651789842e+01
8.8358602633877101e+00
1.7226144808147800e-10
3.4997387306832323e+01
6.9999999999048057e+01
1.0499842956314856e+02
1.3999267761095206e+02
1.7499999999716601e+02
2.1000313744158456e+02
2.4499969147029907e+02
2.7999351916876930e+02
3.1493981194277956e+02
3.4999995252647955e+02
3.3833333325391703e+02
3.2666624918532358e+02
3.1016570708943698e+02
2.8682882922540341e+02
2.5382232430658885e+02
2.1883585864379063e+02
1.8384521452352487e+02
1.4883585864822859e+02
1.1383585864852012e+02
7.8831674915800662e+01
4.3835858648705880e+01
8.8358602611677242e+00
1.6194889661447153e-10
3.5002626221566757e+01
7.0000000000969891e+01
1.0500155650144507e+02
1.4000729733522428e+02
1.7500000000286747e+02
2.0999688359051993e+02
2.4499995485293553e+02
2.7998885469178987e+02
3.1494213274787944e+02
3.4999995739962435e+02
3.3833333340924355e+02
3.2666717415611794e+02
3.1016952675981207e+02
2.8683991624528272e+02
2.5385003616405859e+02
2.1883585865717623e+02
1.8382586867072607e+02
1.4883585865268330e+02
1.1383585865230077e+02
7.8840040772882986e+01
4.3835858652017023e+01
8.8358602635280405e+00
2.1634657322219319e-11
3.4997387306931685e+01
6.9999999998858385e+01
1.0499842956299332e+02
1.3999267761060173e+02
1.7499999999705665e+02
2.1000313744157478e+02
2.4495966739183964e+02
2.7998263692994067e+02
3.1494031684059917e+02
3.4999995294153325e+02
3.3833333325574944e+02
3.2666624877375028e+02
3.1016570609338726e+02
2.8682882740249323e+02
2.5382232131439090e+02
2.1883585864389127e+02
1.8384521751649373e+02
1.4883585864833012e+02
1.1383585864864499e+02
7.8831674916105868e+01
4.3835858648983049e+01
8.8358602613915167e+00
9.8541664174286587e-11
3.5002626220945288e+01
7.0000000000585928e+01
1.0500155650119095e+02
1.4000729733516388e+02
1.7500000000251217e+02
2.0999688358966415e+02
2.4499234901560922e+02
2.7997904843949112e+02
3.1494187931736928e+02
3.4999995767779097e+02
3.3833333340803443e+02
3.2666717387548385e+02
3.1016952608416898e+02
2.8683991501085336e+02
2.5385003413974349e+02
2.1883585865708446e+02
1.8382587069460612e+02
1.4883585865244982e+02
1.1383585865197506e+02
7.8840040772567093e+01
4.3835858651687843e+01
8.8358602631022336e+00
3.2842412293921560e-11
