0.0000000000000000e+00
-2.2323542135600195e-10
-4.4811719957387015e-03
6.0743691159543165e-10
-1.0695223992857893e-06
-4.4833106754673399e-03
2.6444891074323818e-05
1.2086490439834152e-03
9.1531441894382483e-03
1.2788245724955271e-02
7.3365468997879388e-06
4.7685575030522337e-08
-5.0522500932983290e-04
-2.0699765662626386e-03
-5.9834461393599913e-03
-1.4919644972409111e-02
3.4912454717779931e-09
1.0440884352625163e-02
1.0117337499097398e-09
8.6045383844590145e-10
-4.4822425370809986e-03
7.0087206891350281e-10
1.0725741075482187e-06
1.7358036372546339e-10
-2.8110655702433228e-03
3.7061156564149187e-10
-1.6705038170471166e-03
-3.2452432282178539e-04
-1.4697745457504735e-04
-8.2075076341377312e-03
-1.1865580423658633e-02
-1.7329894145944869e-02
-2.6715421767573567e-02
-1.9422222893107584e-05
3.6733460293501042e-08
-4.7844864557908295e-04
-2.0050956577774932e-03
-5.8638351504341317e-03
-1.4719822192477281e-02
3.1801379111934232e-09
1.0235029345417068e-02
1.0364293041336206e-09
7.5789806499375045e-10
-4.4811711378414569e-03
5.9737170121279350e-10
-1.0700180823753826e-06
-9.3870786444516065e-12
-2.8020749606756093e-03
4.3531602714004164e-10
-1.6797650316802621e-03
-7.8402999435793555e-03
3.4173934591845721e-04
2.8433857356673703e-03
7.1935503113037041e-03
1.0014558304264910e-02
1.4075704424208106e-02
9.3661767503112015e-06
3.3617031128096239e-08
-5.0728250947219074e-04
-2.0749240065664996e-03
-5.9924790274499123e-03
-1.4934453017975528e-02
3.2494641517727251e-09
1.0455684669280067e-02
9.2723337741632377e-10
6.6242446633371966e-10
-4.4822424114954584e-03
6.4401539022184318e-10
1.0718756771955757e-06
-4.1326677319716577e-10
-2.8110655149238299e-03
-7.5308624909973046e-11
-1.6705048677480921e-03
-7.8236515090655788e-03
8.4525451257776433e-10
-2.4394025962801618e-05
-2.5152479664994130e-03
-1.6599197205489309e-02
-2.6167537003748943e-02
-1.9364536260770361e-05
3.0074747174740738e-08
-4.7851947120766512e-04
-2.0052572842990004e-03
-5.8641246602553513e-03
-1.4720291889512271e-02
2.5527727137562068e-09
1.0235495825479684e-02
8.8347684451333787e-11
-1.7235979099965243e-10
-4.4811720337082925e-03
-2.8220387485990172e-11
-1.0705349596113577e-06
-6.9450086651598813e-10
-2.8020758717100993e-03
-8.5984588876276156e-11
-1.6797652624466249e-03
-7.8403002758718268e-03
7.7846358314265565e-10
3.3572550431869175e-03
2.0684349582035379e-03
4.6569730013610225e-05
1.3897670013040023e-02
9.9763609458871188e-06
2.9327500339729926e-08
-5.0790069146648600e-04
-2.0764101636131320e-03
-5.9951918762671877e-03
-1.4938900427671604e-02
2.8653319979710152e-09
1.0460128695038972e-02
4.1008027298254912e-10
2.8710273808798848e-10
-4.4822430001668842e-03
-4.0929765132777592e-11
1.0717239697057354e-06
-1.1053197845053884e-09
-2.8110662996584145e-03
-5.6398788195802905e-10
-1.6705051853785091e-03
-7.8236515768679675e-03
5.7876024571677540e-10
3.3432787559248035e-03
-6.3608204830446053e-04
-8.9148504672446395e-04
-2.5043928631859096e-02
-1.9631853663616191e-05
2.8027563579416009e-08
-4.7825623278987221e-04
-2.0046187908922212e-03
-5.8629555028470812e-03
-1.4718371494748124e-02
2.5681533534043510e-09
1.0233573188918989e-02
-2.8074758547168825e-10
-3.9886267098835159e-10
-4.4811724362494908e-03
-7.6223881478552317e-10
-1.0715728349994751e-06
-1.5386386312750448e-09
-2.8020764863920297e-03
-1.1446591658915882e-09
-1.6797666021946484e-03
-7.8403017787922816e-03
6.8060020673580237e-11
3.3572552584973051e-03
8.0983211482169457e-05
1.5871255380820732e-03
1.4094110085387041e-02
1.0070304892853301e-05
2.8031835431617218e-08
-5.0799752427730315e-04
-2.0766420191993783e-03
-5.9956149871176999e-03
-1.4939593921516120e-02
2.7205874386945040e-09
1.0460822430779018e-02
2.4507270205031025e-10
1.2275798554523612e-10
-4.4822430607171452e-03
-3.1588386106106984e-12
1.0716580818717230e-06
-7.2934386836468591e-10
-2.8110655536286657e-03
-9.9569903133245562e-12
-1.6705049841091435e-03
-7.8236517630745992e-03
8.0576637847925182e-10
3.3432794910214459e-03
-1.8220085292382245e-05
-4.7128931633628416e-03
-2.5111644578090217e-02
-1.9434516842205217e-05
2.7529088299566602e-08
-4.7845436616045819e-04
-2.0050966604337403e-03
-5.8638286675644852e-03
-1.4719804300594115e-02
3.4819089009044187e-09
1.0235008879895105e-02
1.3076666967245609e-09
1.2272580236343485e-09
-4.4811707298202620e-03
8.6610673385955239e-10
-1.0698780008090837e-06
2.1838954349971308e-10
-2.8020745040357163e-03
8.5366460679551574e-10
-1.6797648486025067e-03
-7.8402999645996920e-03
1.8982307324271664e-09
3.3572567802925986e-03
1.0768007264785820e-02
4.2746897530437150e-03
1.4036879090613430e-02
1.0049058481870313e-05
2.8598149952168344e-08
-5.0797531730809530e-04
-2.0765893753745524e-03
-5.9955192097441712e-03
-1.4939437112515840e-02
3.8310678037900595e-09
1.0460668482828119e-02
1.1869214255424465e-09
7.6217443924086739e-10
-4.4822425125350222e-03
5.1011152485585187e-10
1.0723776926450993e-06
-2.0476973848183661e-10
-2.8110657571007803e-03
4.3055683712240005e-10
-1.6705039477794238e-03
-7.8236500764467410e-03
1.4577467557424283e-09
3.3432790075323608e-03
-3.0652154091135716e-03
-8.8387359004028238e-03
-2.5176699128906632e-02
-1.9263066552972228e-05
2.7494834770435244e-08
-4.7862580456482692e-04
-2.0055103442201518e-03
-5.8645850080328394e-03
-1.4721045399393439e-02
3.6094161031831086e-09
1.0236250405294401e-02
1.0788086551590236e-09
7.6370279048320239e-10
-4.4811710357049034e-03
6.4523061665311725e-10
-1.0702810329823058e-06
-3.6597209558666348e-10
