0.0000000000000000e+00
3.4999999999632031e+01
6.9991336706624224e+01
1.0499999999930046e+02
1.3999999731673779e+02
1.7499133134267836e+02
2.0999992181078017e+02
2.4499602340632845e+02
2.7996788645428455e+02
3.1495029329244437e+02
3.4999996489722810e+02
3.3833333325002957e+02
3.2666573882256296e+02
3.1016362478158720e+02
2.8682282327394347e+02
2.5380736776643337e+02
2.1883585864695510e+02
1.8385569230855509e+02
1.4883585864909213e+02
1.1383585864913840e+02
7.8827192673210277e+01
4.3835858649214387e+01
8.8358613334662408e+00
-4.2100290950437505e-11
-3.5005437286785238e+01
-7.0000000000647674e+01
-1.0500322700575455e+02
-1.3999951551120165e+02
-1.7499978849873108e+02
-2.0998845139916051e+02
-2.4498384356734022e+02
-2.7997740862573301e+02
-3.1496719474407035e+02
-3.4999997862998669e+02
-3.3833333339659430e+02
-3.2666765084508938e+02
-3.1017152757326909e+02
-2.8684577223134590e+02
-2.5386474309400896e+02
-2.1883585865402640e+02
-1.8381564653052607e+02
-1.4883585865169775e+02
-1.1383585865154549e+02
-7.8844521944017117e+01
-4.3835858651299681e+01
-8.8358613333894507e+00
-1.3987029199553389e-10
3.4994585231564457e+01
6.9999999999491209e+01
1.0499674979861615e+02
1.3998483731190601e+02
1.7499908225523893e+02
2.0999175774309600e+02
2.4497837537658481e+02
2.7996828852230800e+02
3.1495199596584536e+02
3.4999996303665262e+02
3.3833333327448958e+02
3.2666574073266577e+02
3.1016362935892226e+02
2.8682283162529262e+02
2.5380738145906435e+02
2.1883585864673225e+02
1.8385567860357864e+02
1.4883585864898311e+02
1.1383585864900270e+02
7.8827192673330060e+01
4.3835858649254803e+01
8.8358613327750692e+00
-8.6161364449664994e-10
-3.5005437287556980e+01
-7.0000000001233531e+01
-1.0500322700643392e+02
-1.4001512098668294e+02
-1.7500000000222960e+02
-2.0999996365568438e+02
-2.4499648833571482e+02
-2.7997762499372493e+02
-3.1496653659014925e+02
-3.4999997751997620e+02
-3.3833333338719552e+02
-3.2666765193587958e+02
-3.1017153021994829e+02
-2.8684577707747815e+02
-2.5386475104930656e+02
-2.1883585865483647e+02
-1.8381563858069580e+02
-1.4883585865278360e+02
-1.1383585865256646e+02
-7.8844521944964740e+01
-4.3835858652068502e+01
-8.8358613340115912e+00
-1.0151377772073563e-09
3.4994585230343148e+01
6.9999999998753552e+01
1.0499674979822794e+02
1.3998483731136213e+02
1.7499999999770120e+02
2.1000649469549154e+02
2.4499396584900634e+02
2.7999985451941774e+02
3.1495399941414837e+02
3.4999996230095189e+02
3.3833333327955734e+02
3.2666574147882488e+02
3.1016363115365095e+02
2.8682283490411697e+02
2.5380738683751048e+02
2.1883585864626838e+02
1.8385567321974656e+02
1.4883585864818613e+02
1.1383585864836709e+02
7.8827192672431025e+01
4.3835858648337506e+01
8.8358613326835052e+00
-1.4758881254826774e-09
-3.5005437288477538e+01
-7.0000000001787996e+01
-1.0500322700665055e+02
-1.4001512098657636e+02
-1.7500000000279141e+02
-2.0999354031274052e+02
-2.4499907919097450e+02
-2.7999879229324421e+02
-3.1496753452772651e+02
-3.4999997679140733e+02
-3.3833333338382045e+02
-3.2666765265744471e+02
-3.1017153196672376e+02
-2.8684578027394571e+02
-2.5386475629482374e+02
-2.1883585865478130e+02
-1.8381563333880968e+02
-1.4883585865304570e+02
-1.1383585865267968e+02
-7.8844521945258265e+01
-4.3835858652634201e+01
-8.8358613350601303e+00
-1.7444329814800509e-09
3.4994585230429031e+01
6.9999999997850225e+01
1.0499674979641155e+02
1.3998483730889893e+02
1.7499999999726930e+02
2.1000649469713787e+02
2.4499977245353477e+02
2.7999510629429972e+02
3.1495390605287588e+02
3.4999996259680648e+02
3.3833333328195579e+02
3.2666574118780250e+02
3.1016363044744571e+02
2.8682283361043454e+02
2.5380738471263902e+02
2.1883585864659614e+02
1.8385567534619025e+02
1.4883585864852637e+02
1.1383585864868903e+02
7.8827192672796699e+01
4.3835858648777219e+01
8.8358613328873563e+00
-8.4840253358315015e-10
-3.5005437287252938e+01
-7.0000000001003045e+01
-1.0500322700636498e+02
-1.4001512098688659e+02
-1.7500000000215849e+02
-2.0999354031133583e+02
-2.4499997307303715e+02
-2.7999356758497333e+02
-3.1496724439245287e+02
-3.4999997683413216e+02
-3.3833333338171064e+02
-3.2666765261040422e+02
-3.1017153185635152e+02
-2.8684578007382709e+02
-2.5386475596815353e+02
-2.1883585865368602e+02
-1.8381563366197858e+02
-1.4883585865132935e+02
-1.1383585865107709e+02
-7.8844521943544919e+01
-4.3835858651077785e+01
-8.8358613332607323e+00
8.4356273524742928e-11
3.4994585232494615e+01
6.9999999999816538e+01
1.0499674979828040e+02
1.3998483731078161e+02
1.7499999999907362e+02
2.1000649469844475e+02
2.4497043539919108e+02
2.7998691161973733e+02
3.1495435371974412e+02
3.4999996299061331e+02
3.3833333328439051e+02
3.2666574079847112e+02
3.1016362950402714e+02
2.8682283188330643e+02
2.5380738187739337e+02
2.1883585864766150e+02
1.8385567818472023e+02
1.4883585864936009e+02
1.1383585864930380e+02
7.8827192673550783e+01
4.3835858649342057e+01
8.8358613335711453e+00
-8.7067301131075120e-11
-3.5005437286617884e+01
-7.0000000000331966e+01
-1.0500322700554139e+02
-1.4001512098588017e+02
-1.7500000000124226e+02
-2.0999354031046806e+02
-2.4499541423118001e+02
-2.7998788717548007e+02
-3.1496705601656373e+02
-3.4999997694091547e+02
-3.3833333338058867e+02
-3.2666765250137325e+02
-3.1017153159461060e+02
-2.8684577959613722e+02
-2.5386475518545575e+02
-2.1883585865350898e+02
-1.8381563444396187e+02
-1.4883585865150414e+02
-1.1383585865130124e+02
-7.8844521943650406e+01
-4.3835858651110328e+01
-8.8358613334701648e+00
-3.9613574398048062e-10
