1.9999999999999974e+02
1.9999999999999974e+02
1.9999999999999974e+02
1.9999999999999974e+02
1.9999999999999974e+02
1.9999999999999974e+02
2.0203778185012277e+02
2.0960751724229954e+02
2.1750780409521769e+02
2.2581082040274197e+02
2.3461990589603590e+02
2.3461990589603590e+02
2.3461990589603590e+02
2.3461990589603590e+02
2.3461990589603590e+02
2.3461990589603590e+02
2.3461990589603590e+02
2.3461990589603590e+02
2.3461990589603590e+02
2.3461990589603590e+02
2.3461990589603590e+02
2.3461990589603590e+02
2.3461990589603590e+02
2.3461990589603590e+02
2.3461990589603590e+02
2.3461990589603590e+02
2.3461990589603590e+02
2.3675393542338415e+02
2.4051722068234474e+02
2.4442397308634278e+02
2.4849997469253387e+02
2.5277221566874653e+02
2.5727841976290256e+02
2.6208484546026352e+02
2.6208484546026352e+02
2.6208484546026352e+02
2.6208484546026352e+02
2.6208484546026352e+02
2.6208484546026352e+02
2.6208484546026352e+02
2.6208484546026352e+02
2.6208484546026352e+02
2.6208484546026352e+02
2.6208484546026352e+02
2.6208484546026352e+02
2.6208484546026352e+02
2.6208484546026352e+02
2.6208484546026352e+02
2.6208484546026352e+02
2.6208484546026352e+02
2.6208484546026352e+02
2.6213871016002452e+02
2.6456820688812149e+02
2.6710426678880043e+02
2.6976660289461717e+02
2.7257938745083158e+02
2.7558631668612583e+02
2.7558631668612583e+02
2.7558631668612583e+02
2.7558631668612583e+02
2.7558631668612583e+02
2.7558631668612583e+02
2.7558631668612583e+02
2.7558631668612583e+02
2.7558631668612583e+02
2.7558631668612583e+02
2.7558631668612583e+02
2.7558631668612583e+02
2.7558631668612583e+02
2.7558631668612583e+02
2.7558631668612583e+02
2.7558631668612583e+02
2.7558631668612583e+02
2.7558631668612583e+02
2.7558631668612583e+02
2.7598642693648685e+02
2.7768287717271528e+02
2.7946326699972053e+02
2.8134694618275211e+02
2.8336270606872569e+02
2.8336270606872569e+02
2.8336270606872569e+02
2.8336270606872569e+02
2.8336270606872569e+02
2.8336270606872569e+02
2.8336270606872569e+02
2.8336270606872569e+02
2.8336270606872569e+02
2.8336270606872569e+02
2.8336270606872569e+02
2.8336270606872569e+02
2.8336270606872569e+02
2.8336270606872569e+02
2.8336270606872569e+02
2.8336270606872569e+02
2.8336270606872569e+02
2.8336270606872569e+02
2.8336270606872569e+02
2.8336270606872569e+02
2.8431091866956956e+02
2.8555337919984021e+02
2.8686536653992761e+02
2.8827190286993590e+02
2.8827190286993590e+02
2.8827190286993590e+02
2.8827190286993590e+02
2.8827190286993590e+02
2.8827190286993590e+02
2.8827190286993590e+02
2.8827190286993590e+02
2.8827190286993590e+02
2.8827190286993590e+02
2.8827190286993590e+02
2.8827190286993590e+02
2.8827190286993590e+02
2.8827190286993590e+02
2.8827190286993590e+02
2.8827190286993590e+02
2.8827190286993590e+02
2.8827190286993590e+02
2.8827190286993590e+02
2.8827190286993590e+02
2.8871034860016329e+02
2.8959912362782023e+02
2.9053828689249542e+02
2.9154533610472379e+02
2.9154533610472379e+02
2.9154533610472379e+02
2.9154533610472379e+02
2.9154533610472379e+02
2.9154533610472379e+02
2.9154533610472379e+02
2.9154533610472379e+02
2.9154533610472379e+02
2.9154533610472379e+02
2.9154533610472379e+02
2.9154533610472379e+02
2.9154533610472379e+02
2.9154533610472379e+02
2.9154533610472379e+02
2.9154533610472379e+02
2.9154533610472379e+02
2.9154533610472379e+02
2.9154533610472379e+02
2.9154533610472379e+02
2.9174988024596365e+02
2.9239671942677757e+02
2.9308052287119563e+02
2.9381397871100478e+02
2.9381397871100478e+02
2.9381397871100478e+02
2.9381397871100478e+02
2.9381397871100478e+02
2.9381397871100478e+02
2.9381397871100478e+02
2.9381397871100478e+02
2.9381397871100478e+02
2.9381397871100478e+02
2.9381397871100478e+02
2.9381397871100478e+02
2.9381397871100478e+02
2.9381397871100478e+02
2.9381397871100478e+02
2.9381397871100478e+02
2.9381397871100478e+02
2.9381397871100478e+02
2.9381397871100478e+02
2.9381397871100478e+02
2.9390679115904209e+02
2.9438312504327098e+02
2.9488693626018312e+02
2.9542728013303611e+02
2.9542728013303611e+02
2.9542728013303611e+02
2.9542728013303611e+02
2.9542728013303611e+02
2.9542728013303611e+02
2.9542728013303611e+02
2.9542728013303611e+02
2.9542728013303611e+02
2.9542728013303611e+02
2.9542728013303611e+02
2.9542728013303611e+02
2.9542728013303611e+02
2.9542728013303611e+02
2.9542728013303611e+02
2.9542728013303611e+02
2.9542728013303611e+02
2.9542728013303611e+02
2.9542728013303611e+02
2.9542728013303611e+02
2.9546552762323898e+02
2.9581962155158016e+02
2.9619385200344431e+02
2.9659524311348332e+02
2.9659524311348332e+02
2.9659524311348332e+02
2.9659524311348332e+02
2.9659524311348332e+02
2.9659524311348332e+02
2.9659524311348332e+02
2.9659524311348332e+02
2.9659524311348332e+02
2.9659524311348332e+02
2.9659524311348332e+02
2.9659524311348332e+02
2.9659524311348332e+02
2.9659524311348332e+02
2.9659524311348332e+02
2.9659524311348332e+02
2.9659524311348332e+02
2.9659524311348332e+02
2.9659524311348332e+02
2.9659524311348332e+02
2.9660775468556903e+02
2.9687199894790911e+02
2.9715163744538273e+02
2.9745153964638814e+02
2.9745153964638814e+02
2.9745153964638814e+02
2.9745153964638814e+02
2.9745153964638814e+02
2.9745153964638814e+02
2.9745153964638814e+02
2.9745153964638814e+02
2.9745153964638814e+02
2.9745153964638814e+02
2.9745153964638814e+02
2.9745153964638814e+02
2.9745153964638814e+02
2.9745153964638814e+02
