0.0000000000000000e+00
-1.1257115929527189e-10
-4.4811719189989810e-03
7.0684382539919653e-10
-1.0694064816688356e-06
-4.4833105772487088e-03
2.6444995572470363e-05
1.2086491237429900e-03
9.1531442152854338e-03
1.2788245750086715e-02
7.3366169409866928e-06
4.7669413688241577e-08
-5.0522501740469660e-04
-2.0699766198276318e-03
-5.9834463179059150e-03
-1.4919645211106121e-02
3.4942214893006732e-09
1.0440884621276013e-02
1.0241583138119097e-09
8.0246862546718757e-10
-4.4822425822940029e-03
6.8198604480583052e-10
1.0725194547145326e-06
2.0461578575101403e-10
-2.8110652263881189e-03
3.5983047821571833e-10
-1.6705042611582157e-03
-3.2452433604093501e-04
-1.4697743889782017e-04
-8.2075076335581098e-03
-1.1865580422041191e-02
-1.7329894150584408e-02
-2.6715421805506335e-02
-1.9422229474920414e-05
3.6762364470116916e-08
-4.7844864486488873e-04
-2.0050955568623845e-03
-5.8638350106044197e-03
-1.4719821979369463e-02
3.1279943773897854e-09
1.0235028983128695e-02
9.1477223061761083e-10
5.6420070439555102e-10
-4.4811713794738681e-03
4.3935094310752001e-10
-1.0700672192122090e-06
-2.2347362037987874e-10
-2.8020753698436525e-03
3.2954814675163702e-10
-1.6797648459701683e-03
-7.8402994861501412e-03
3.4173915983377152e-04
2.8433856327813893e-03
7.1935502785548501e-03
1.0014558269694060e-02
1.4075704388261263e-02
9.3661473525074251e-06
3.3404155832810383e-08
-5.0728278366057064e-04
-2.0749243467752644e-03
-5.9924794670442160e-03
-1.4934453608354142e-02
3.2008457817993039e-09
1.0455685233168404e-02
8.3587356933759677e-10
5.8385568923577612e-10
-4.4822424908927535e-03
7.3948888372518501e-10
1.0720950770968297e-06
-5.4441969404054509e-10
-2.8110665267947993e-03
-2.5318450847232958e-10
-1.6705042100595537e-03
-7.8236500174888694e-03
8.5493021213219572e-10
-2.4394035597562662e-05
-2.5152479512411032e-03
-1.6599197189055261e-02
-2.6167537023587442e-02
-1.9364541756518837e-05
3.0096669403175327e-08
-4.7851946187025282e-04
-2.0052573619035946e-03
-5.8641247507829185e-03
-1.4720292123392801e-02
2.3993067850199980e-09
1.0235495853587996e-02
2.8877570479416242e-11
-1.7113787379219813e-10
-4.4811720082384814e-03
-1.4138664647289549e-10
-1.0706543220950048e-06
-6.5708476185673921e-10
-2.8020756950182684e-03
-9.9621343394233757e-11
-1.6797653960750408e-03
-7.8403007114161913e-03
6.6021678870853479e-10
3.3572553004031897e-03
2.0684349161367291e-03
4.6569719369310886e-05
1.3897669933835019e-02
9.9763216602658014e-06
2.9237185186181311e-08
-5.0790086308156904e-04
-2.0764103537015844e-03
-5.9951920239787685e-03
-1.4938900695013630e-02
2.6556535063720526e-09
1.0460128786014145e-02
2.1153420640899155e-10
1.5171516782538992e-10
-4.4822431424005760e-03
-1.5325748626267855e-10
1.0717574267077862e-06
-1.1624936118073776e-09
-2.8110666976061838e-03
-7.6868369318086646e-10
-1.6705052533315947e-03
-7.8236515195068360e-03
1.0278752096175463e-10
3.3432778531773065e-03
-6.3608243782579943e-04
-8.9148519643175782e-04
-2.5043928770174365e-02
-1.9631966891475558e-05
2.7841188471143774e-08
-4.7825639940620319e-04
-2.0046189097585564e-03
-5.8629556829112514e-03
-1.4718371633588370e-02
2.3422530597889691e-09
1.0233572936840697e-02
-3.5685130606956189e-10
-5.4169750611558050e-10
-4.4811726246469612e-03
-9.2653725606817354e-10
-1.0717720111449901e-06
-1.6223089548366177e-09
-2.8020763201458960e-03
-1.2508851496229648e-09
-1.6797668716833111e-03
-7.8403023272967803e-03
1.3856229024580921e-10
3.3572558476609128e-03
8.0983260112234520e-05
1.5871255228134191e-03
1.4094110107581000e-02
1.0070348993143395e-05
2.8045692516666936e-08
-5.0799751799227011e-04
-2.0766419635608120e-03
-5.9956149506062567e-03
-1.4939593978166662e-02
2.8907638646126882e-09
1.0460822899856885e-02
3.5057407193572733e-10
2.1490712927106499e-10
-4.4822429471822372e-03
1.4577593198559710e-10
1.0717811776640301e-06
-7.3850925084140536e-10
-2.8110658186481755e-03
-5.6403340059127112e-11
-1.6705048556555620e-03
-7.8236515614732351e-03
6.1223866922129136e-10
3.3432788769273063e-03
-1.8220118134941545e-05
-4.7128932033893263e-03
-2.5111644568945393e-02
-1.9434498586138613e-05
2.7536204716726690e-08
-4.7845420674003623e-04
-2.0050964181394407e-03
-5.8638284214982492e-03
-1.4719803889129249e-02
3.4985088494217811e-09
1.0235008615178617e-02
1.4003104604836087e-09
1.2200649528669571e-09
-4.4811705939731454e-03
1.0123802340728692e-09
-1.0695873809026691e-06
4.3894799115273301e-10
-2.8020743700880352e-03
1.0625552376243714e-09
-1.6797645772172836e-03
-7.8402996756269643e-03
2.1356497426348050e-09
3.3572569597355591e-03
1.0768007438153203e-02
4.2746898402022636e-03
1.4036879199492780e-02
1.0049101505723485e-05
2.8683844472498689e-08
-5.0797524061839113e-04
-2.0765893449852992e-03
-5.9955191643413092e-03
-1.4939436882649404e-02
3.7092334817422713e-09
1.0460667970295214e-02
8.7294081062219200e-10
5.5542572096733683e-10
-4.4822425975802735e-03
2.0788529147965786e-10
1.0719815669301317e-06
-4.5107976358188915e-10
-2.8110655880698452e-03
7.7479346376239222e-11
-1.6705047532028765e-03
-7.8236513561738136e-03
1.0821539464009202e-09
3.3432793843591263e-03
-3.0652157323906781e-03
-8.8387360775947898e-03
-2.5176699260098766e-02
-1.9263182303354316e-05
2.7396230438837102e-08
-4.7862597422193922e-04
-2.0055105388200418e-03
-5.8645855592325009e-03
-1.4721046025121544e-02
3.5412360729511891e-09
1.0236250883214240e-02
8.1259659196120685e-10
5.8402805937984123e-10
-4.4811711308463190e-03
5.0980216987327860e-10
-1.0704548347045260e-06
-5.1607101901428966e-10
