0.0000000000000000e+00
0.0000000000000000e+00
0.0000000000000000e+00
0.0000000000000000e+00
0.0000000000000000e+00
0.0000000000000000e+00
8.7962326434665756e+03
4.6928905518934851e+04
9.6965989033295540e+04
1.6274365997149330e+05
2.5035106098447554e+05
2.5035106098447554e+05
2.5035106098447554e+05
2.5035106098447554e+05
2.5035106098447554e+05
2.5035106098447554e+05
2.5035106098447554e+05
2.5035106098447554e+05
2.5035106098447554e+05
2.5035106098447554e+05
2.5035106098447554e+05
2.5035106098447554e+05
2.5035106098447554e+05
2.5035106098447554e+05
2.5035106098447554e+05
2.5035106098447554e+05
2.5035106098447554e+05
2.5931017690523551e+05
2.7943301621061401e+05
3.0666600667814002e+05
3.4274733538114210e+05
3.9007618579917890e+05
4.5218119403951080e+05
5.3479704472412716e+05
5.3479704472412716e+05
5.3479704472412716e+05
5.3479704472412716e+05
5.3479704472412716e+05
5.3479704472412716e+05
5.3479704472412716e+05
5.3479704472412716e+05
5.3479704472412716e+05
5.3479704472412716e+05
5.3479704472412716e+05
5.3479704472412716e+05
5.3479704472412716e+05
5.3479704472412716e+05
5.3479704472412716e+05
5.3479704472412716e+05
5.3479704472412716e+05
5.3479704472412716e+05
5.3531429099361214e+05
5.6192046981828741e+05
5.9713236079732596e+05
6.4330384929512243e+05
7.0385254501325625e+05
7.8435632062049292e+05
7.8435632062049292e+05
7.8435632062049292e+05
7.8435632062049292e+05
7.8435632062049292e+05
7.8435632062049292e+05
7.8435632062049292e+05
7.8435632062049292e+05
7.8435632062049292e+05
7.8435632062049292e+05
7.8435632062049292e+05
7.8435632062049292e+05
7.8435632062049292e+05
7.8435632062049292e+05
7.8435632062049292e+05
7.8435632062049292e+05
7.8435632062049292e+05
7.8435632062049292e+05
7.8435632062049292e+05
7.9143120261286374e+05
8.2613978925552301e+05
8.7157919659998349e+05
9.3116181507556129e+05
1.0103234446541545e+06
1.0103234446541545e+06
1.0103234446541545e+06
1.0103234446541545e+06
1.0103234446541545e+06
1.0103234446541545e+06
1.0103234446541545e+06
1.0103234446541545e+06
1.0103234446541545e+06
1.0103234446541545e+06
1.0103234446541545e+06
1.0103234446541545e+06
1.0103234446541545e+06
1.0103234446541545e+06
1.0103234446541545e+06
1.0103234446541545e+06
1.0103234446541545e+06
1.0103234446541545e+06
1.0103234446541545e+06
1.0103234446541545e+06
1.0385593663431368e+06
1.0837015099871792e+06
1.1427390629506633e+06
1.2212427171787880e+06
1.2212427171787880e+06
1.2212427171787880e+06
1.2212427171787880e+06
1.2212427171787880e+06
1.2212427171787880e+06
1.2212427171787880e+06
1.2212427171787880e+06
1.2212427171787880e+06
1.2212427171787880e+06
1.2212427171787880e+06
1.2212427171787880e+06
1.2212427171787880e+06
1.2212427171787880e+06
1.2212427171787880e+06
1.2212427171787880e+06
1.2212427171787880e+06
1.2212427171787880e+06
1.2212427171787880e+06
1.2212427171787880e+06
1.2399491765590254e+06
1.2847675990831032e+06
1.3433825530776829e+06
1.4212792002422605e+06
1.4212792002422605e+06
1.4212792002422605e+06
1.4212792002422605e+06
1.4212792002422605e+06
1.4212792002422605e+06
1.4212792002422605e+06
1.4212792002422605e+06
1.4212792002422605e+06
1.4212792002422605e+06
1.4212792002422605e+06
1.4212792002422605e+06
1.4212792002422605e+06
1.4212792002422605e+06
1.4212792002422605e+06
1.4212792002422605e+06
1.4212792002422605e+06
1.4212792002422605e+06
1.4212792002422605e+06
1.4212792002422605e+06
1.4334811672566812e+06
1.4781547664677836e+06
1.5365911690884102e+06
1.6142512919110041e+06
1.6142512919110041e+06
1.6142512919110041e+06
1.6142512919110041e+06
1.6142512919110041e+06
1.6142512919110041e+06
1.6142512919110041e+06
1.6142512919110041e+06
1.6142512919110041e+06
1.6142512919110041e+06
1.6142512919110041e+06
1.6142512919110041e+06
1.6142512919110041e+06
1.6142512919110041e+06
1.6142512919110041e+06
1.6142512919110041e+06
1.6142512919110041e+06
1.6142512919110041e+06
1.6142512919110041e+06
1.6142512919110041e+06
1.6218479327742029e+06
1.6663393822381739e+06
1.7245446677592862e+06
1.8018566226684004e+06
1.8018566226684004e+06
1.8018566226684004e+06
1.8018566226684004e+06
1.8018566226684004e+06
1.8018566226684004e+06
1.8018566226684004e+06
1.8018566226684004e+06
1.8018566226684004e+06
1.8018566226684004e+06
1.8018566226684004e+06
1.8018566226684004e+06
1.8018566226684004e+06
1.8018566226684004e+06
1.8018566226684004e+06
1.8018566226684004e+06
1.8018566226684004e+06
1.8018566226684004e+06
1.8018566226684004e+06
1.8018566226684004e+06
1.8061091090691425e+06
1.8505918405718729e+06
1.9087447968987711e+06
1.9859863645235077e+06
1.9859863645235077e+06
1.9859863645235077e+06
1.9859863645235077e+06
1.9859863645235077e+06
1.9859863645235077e+06
1.9859863645235077e+06
1.9859863645235077e+06
1.9859863645235077e+06
1.9859863645235077e+06
1.9859863645235077e+06
1.9859863645235077e+06
1.9859863645235077e+06
1.9859863645235077e+06
1.9859863645235077e+06
1.9859863645235077e+06
1.9859863645235077e+06
1.9859863645235077e+06
1.9859863645235077e+06
1.9859863645235077e+06
1.9878576646126527e+06
2.0321828400858920e+06
2.0901847398081664e+06
2.1671950718357023e+06
2.1671950718357023e+06
2.1671950718357023e+06
2.1671950718357023e+06
2.1671950718357023e+06
2.1671950718357023e+06
2.1671950718357023e+06
2.1671950718357023e+06
2.1671950718357023e+06
2.1671950718357023e+06
2.1671950718357023e+06
2.1671950718357023e+06
2.1671950718357023e+06
2.1671950718357023e+06
