0.0000000000000000e+00
1.2486089731869897e-04
2.4975609755835523e-04
3.7463570093467099e-04
4.9949971134296319e-04
6.2434813267618172e-04
7.4926829267894411e-04
8.7417284958439187e-04
9.9906180729021524e-04
1.1242542248813567e-03
1.2496920002481337e-03
1.3751140429519965e-03
1.5013341139104182e-03
1.5023877146357772e-03
1.3783242393634572e-03
1.2542453704351545e-03
1.1294466576852512e-03
1.0046323682727850e-03
8.7980249830803335e-04
7.5495704390242814e-04
6.2998081706569585e-04
5.0510276828517875e-04
3.8020912302848167e-04
2.5534667073692340e-04
1.3046862586681783e-04
5.5905731775675823e-06
-1.1928747560265162e-04
-2.4418112085838997e-04
-3.6904357316559148e-04
-4.9392161805148112e-04
-6.1881525941088480e-04
-7.4372450114133630e-04
-8.6864934713912147e-04
-9.9348012600526691e-04
-1.1186603931770832e-03
-1.2438563324101025e-03
-1.3697877678401872e-03
-1.4957350639943105e-03
-1.4968216315713084e-03
-1.3727566134271638e-03
-1.2484181056954050e-03
-1.1238407210651027e-03
-9.9900732307127318e-04
-8.7418950650915194e-04
-7.4938726749106338e-04
-6.2437317670027475e-04
-4.9949512788028771e-04
-3.7463267163966724e-04
-2.4973903030408792e-04
-1.2486098544212880e-04
1.7067258643117970e-08
1.2489511603883054e-04
2.4975757223901672e-04
3.7465121359870718e-04
4.9952925848376810e-04
6.2439171078994076e-04
7.4923857441035885e-04
8.7406985323784387e-04
9.9908609485061797e-04
1.1242646908536779e-03
1.2496991198895763e-03
1.3751178171044084e-03
1.5013345440922812e-03
1.5023848015880315e-03
1.3783179840881187e-03
1.2542357721037091e-03
1.1294337209589386e-03
1.0046160923186630e-03
8.7978288229204993e-04
7.5493408699014867e-04
6.2996454112096466e-04
5.0508649233893239e-04
3.8019284708214787e-04
2.5533039478957794e-04
1.3045234991768435e-04
5.5742972297917041e-06
-1.1930375155137164e-04
-2.4419739680809526e-04
-3.6905984911452341e-04
-4.9393789400041413e-04
-6.1883153535953039e-04
-7.4374077708819284e-04
-8.6866562308495409e-04
-9.9349306373577254e-04
-1.1186699936888626e-03
-1.2438625948675913e-03
-1.3697906969153475e-03
-1.4957346588472269e-03
-1.4968178932125448e-03
-1.3727495428526107e-03
-1.2484077039027883e-03
-1.1238269890544896e-03
-9.9899026184132244e-04
-8.7416911689146455e-04
-7.4936355031536106e-04
-6.2435611546673845e-04
-4.9947806664903658e-04
-3.7461561041192838e-04
-2.4972196907522540e-04
-1.2484392421239053e-04
3.4128486556673238e-08
1.2491217726661645e-04
2.4977463346684964e-04
3.7466827482547616e-04
4.9954631971081990e-04
6.2440877201706477e-04
7.4925563563805325e-04
8.7408691446513040e-04
9.9909982785876140e-04
1.1242750966364320e-03
1.2497061994480344e-03
1.3751215712707841e-03
1.5013349741901311e-03
1.5023819084523213e-03
1.3783117687167583e-03
1.2542262336722103e-03
1.1294208641006115e-03
1.0045999162036981e-03
8.7976338609263495e-04
7.5491126987697389e-04
6.2994836501738174e-04
5.0496984247840266e-04
3.8019226741185238e-04
2.5531421867725916e-04
1.3043616990425640e-04
5.5581211242028646e-06
-1.1931992765617548e-04
-2.4421357291177706e-04
-3.6907602521874254e-04
-4.9395407010422593e-04
-6.1884771146394511e-04
-7.4375695319397724e-04
-8.6868179919125403e-04
-9.9350592158807798e-04
-1.1186795342834615e-03
-1.2438688173735258e-03
-1.3697936059754393e-03
-1.4957342536270188e-03
-1.4968141747185909e-03
-1.3727425120721593e-03
-1.2483973618295052e-03
-1.1238133366818098e-03
-9.9897330016054616e-04
-8.7414884673016270e-04
-7.4933997249866440e-04
-6.2433915378097104e-04
-4.9946110496678102e-04
-3.7459864873269302e-04
-2.4970500739387178e-04
-1.2482696252861560e-04
5.1090168743284755e-08
