0.0000000000000000e+00
-3.7461309495952866e-05
-7.4926829267280869e-05
-1.1239375275685219e-04
-1.4986208006915311e-04
-1.8733181130975018e-04
-2.2478048780000427e-04
-2.6223056674654533e-04
-2.9968204825429998e-04
-3.3734662470881303e-04
-3.7508990259083389e-04
-4.1283460508195139e-04
-4.5095974026394185e-04
-4.5149304023773060e-04
-4.1443690973329522e-04
-3.7738215233445847e-04
-3.3994284135589156e-04
-3.0250493202699420e-04
-2.6506842424198998e-04
-2.2763331789692708e-04
-1.9011235976173276e-04
-1.5264894512467215e-04
-1.1518693394278158e-04
-7.7722115855403015e-05
-4.0258701327385191e-05
-2.7952865884435105e-06
3.4668128046008943e-05
7.2130139225577738e-05
1.0959495731572549e-04
1.4705837184559396e-04
1.8452038292122628e-04
2.2198099064572353e-04
2.5944019512627012e-04
2.9693518496157483e-04
3.3454970873160982e-04
3.7216281770179196e-04
4.1016217627607701e-04
4.4816009095443308e-04
4.4869703376472302e-04
4.1164009880971362e-04
3.7445295524249865e-04
3.3713987269124715e-04
2.9969878344628695e-04
2.6225629231495148e-04
2.2481239918956168e-04
1.8730853955326864e-04
1.4984512491219017e-04
1.1238030671059375e-04
7.4918295643852325e-05
3.7454881121578130e-05
-8.5336261029811213e-09
-3.7471948259838396e-05
-7.4936766454306546e-05
-1.1239877752729407e-04
-1.4986219205614064e-04
-1.8732701014481486e-04
-2.2479323189861550e-04
-2.6226085742240407e-04
-2.9973816937663481e-04
-3.3735185764271385e-04
-3.7509346242431375e-04
-4.1283649168648751e-04
-4.5095995535165723e-04
-4.5149158371028377e-04
-4.1443378209261427e-04
-3.7737735370465175e-04
-3.3993637299000178e-04
-3.0249679405018007e-04
-2.6505861678023396e-04
-2.2762184107380835e-04
-1.9010422178500455e-04
-1.5264080714838573e-04
-1.1517879596747141e-04
-7.7713977878967437e-05
-4.0250563350534322e-05
-2.7871486115305812e-06
3.4676266022679923e-05
7.2138277201616051e-05
1.0960309529073675e-04
1.4706650981953379e-04
1.8452852089421973e-04
2.2198912861968762e-04
2.5944833310056738e-04
2.9694165382893365e-04
3.3455450898908540e-04
3.7216594947528993e-04
4.1016364081510032e-04
4.4815988838428064e-04
4.4869516458551800e-04
4.1163656352178376e-04
3.7444775434580341e-04
3.3713300668583796e-04
2.9969025283161434e-04
2.6224609696463667e-04
2.2480053898048751e-04
1.8730000893827671e-04
1.4983659429727638e-04
1.1237177609514347e-04
7.4909765028015815e-05
3.7446350505525673e-05
-1.7064241104995710e-08
-3.7480478875182144e-05
-7.4945297069456973e-05
-1.1240730814334452e-04
-1.4987072267166752e-04
-1.8733554076023551e-04
-2.2480176251351598e-04
-2.6226938803727118e-04
-2.9974503588124396e-04
-3.3735706053612162e-04
-3.7509700220323078e-04
-4.1283836822849393e-04
-4.5096017040250908e-04
-4.5149013714540324e-04
-4.1443067440949236e-04
-3.7737258502603337e-04
-3.3992994456241699e-04
-3.0248870599768247e-04
-2.6504886922725548e-04
-2.2761043414556360e-04
-1.9009613373303648e-04
-1.5258324058920172e-04
-1.1516930446140418e-04
-7.7705889828304887e-05
-4.0242475193317142e-05
-2.7790605593516961e-06
3.4684354074717085e-05
7.2146365253950075e-05
1.0961118334385391e-04
1.4707459787316335e-04
1.8453660894750257e-04
2.2199721667229305e-04
2.5945642115243305e-04
2.9694808275242829e-04
3.3455927928289857e-04
3.7216906126550492e-04
4.1016509534083087e-04
4.4815968577265703e-04
4.4869330533532940e-04
4.1163304812942612e-04
3.7444258330717985e-04
3.3712618049755710e-04
2.9968177198981728e-04
2.6223596134508073e-04
2.2478874846076048e-04
1.8729152809622660e-04
1.4982811345573571e-04
1.1236329525478764e-04
7.4901284187340049e-05
3.7437869664146206e-05
-2.5545082612687393e-08
