0.0000000000000000e+00
-3.7461309496178868e-05
-7.4926829267813117e-05
-1.1239375275749789e-04
-1.4986208007002443e-04
-1.8733181131124797e-04
-2.2478048780142572e-04
-2.6223056674774239e-04
-2.9968204825466915e-04
-3.3734662471022802e-04
-3.7508990259211070e-04
-4.1283460508312168e-04
-4.5095974026405932e-04
-4.5149304023826603e-04
-4.1443690973381618e-04
-3.7738215233559845e-04
-3.3994284135661370e-04
-3.0250493202694736e-04
-2.6506842424186888e-04
-2.2763331789554076e-04
-1.9011235976200243e-04
-1.5264894512528670e-04
-1.1518693394352827e-04
-7.7722115855677562e-05
-4.0258701327948596e-05
-2.7952865883822196e-06
3.4668128046039355e-05
7.2130139225728862e-05
1.0959495731503664e-04
1.4705837184428698e-04
1.8452038291865927e-04
2.2198099064331639e-04
2.5944019512357067e-04
2.9693518496101760e-04
3.3454970873045893e-04
3.7216281770101307e-04
4.1016217627460932e-04
4.4816009095204989e-04
4.4869703376227121e-04
4.1164009880805436e-04
3.7445295524079396e-04
3.3713987269021721e-04
2.9969878344522698e-04
2.6225629231322689e-04
2.2481239918840386e-04
1.8730853955235523e-04
1.4984512491102571e-04
1.1238030670943070e-04
7.4918295642529436e-05
3.7454881120702535e-05
-8.5336266030073249e-09
-3.7471948260997876e-05
-7.4936766455416565e-05
-1.1239877752838401e-04
-1.4986219205643476e-04
-1.8732701014447301e-04
-2.2479323189753632e-04
-2.6226085742126078e-04
-2.9973816937821617e-04
-3.3735185764470379e-04
-3.7509346242584578e-04
-4.1283649168826050e-04
-4.5095995535342659e-04
-4.5149158371280616e-04
-4.1443378209518464e-04
-3.7737735370679647e-04
-3.3993637299207488e-04
-3.0249679405225795e-04
-2.6505861678189643e-04
-2.2762184107578653e-04
-1.9010422178739189e-04
-1.5264080715094439e-04
-1.1517879596995702e-04
-7.7713977881713097e-05
-4.0250563353181584e-05
-2.7871486143383697e-06
3.4676266019926239e-05
7.2138277198540834e-05
1.0960309528867216e-04
1.4706650981901828e-04
1.8452852089490034e-04
2.2198912862080153e-04
2.5944833310158951e-04
2.9694165382664848e-04
3.3455450898699441e-04
3.7216594947277854e-04
4.1016364081133998e-04
4.4815988838061208e-04
4.4869516458313123e-04
4.1163656352010818e-04
3.7444775434381319e-04
3.3713300668399297e-04
2.9969025282911536e-04
2.6224609696165739e-04
2.2480053897762584e-04
1.8730000893519988e-04
1.4983659429427829e-04
1.1237177609286300e-04
7.4909765026074564e-05
3.7446350504297726e-05
-1.7064243706267895e-08
-3.7480478878107552e-05
-7.4945297073071459e-05
-1.1240730814621348e-04
-1.4987072267433796e-04
-1.8733554076219729e-04
-2.2480176251446141e-04
-2.6226938803779653e-04
-2.9974503588597244e-04
-3.3735706054037885e-04
-3.7509700220844932e-04
-4.1283836823387141e-04
-4.5096017040732793e-04
-4.5149013715025982e-04
-4.1443067441394394e-04
-3.7737258502993092e-04
-3.3992994456721182e-04
-3.0248870600208634e-04
-2.6504886923153190e-04
-2.2761043414879824e-04
-1.9009613373776192e-04
-1.5258324059606599e-04
-1.1516930446677797e-04
-7.7705889833879394e-05
-4.0242475199423463e-05
-2.7790605642300189e-06
3.4684354069323477e-05
7.2146365248432760e-05
1.0961118333939274e-04
1.4707459786996425e-04
1.8453660894512827e-04
2.2199721667059738e-04
2.5945642115122910e-04
2.9694808274886262e-04
3.3455927927999085e-04
3.7216906126193085e-04
4.1016509533784470e-04
4.4815968576997651e-04
4.4869330533140828e-04
4.1163304812588219e-04
3.7444258330409345e-04
3.3712618049340574e-04
2.9968177198589355e-04
2.6223596134182612e-04
2.2478874845614872e-04
1.8729152809121254e-04
1.4982811345100512e-04
1.1236329525030438e-04
7.4901284182890212e-05
3.7437869660662346e-05
-2.5545086238090316e-08
