0.0000000000000000e+00
0.0000000000000000e+00
0.0000000000000000e+00
0.0000000000000000e+00
0.0000000000000000e+00
0.0000000000000000e+00
0.0000000000000000e+00
0.0000000000000000e+00
4.7891507532021349e-08
3.5178597158475083e-07
9.1151251769714566e-07
1.7263685649217641e-06
2.7975293049330596e-06
3.8683383473303888e-06
4.6829030370411874e-06
5.2418824976741900e-06
5.5442192310569996e-06
5.5905731768682617e-06
5.5905731768682617e-06
5.5905731768682617e-06
5.5905731768682617e-06
5.5905731768682617e-06
5.5905731768682617e-06
5.5905731768682617e-06
5.5905731768682617e-06
5.5905731768682617e-06
5.5905731768682617e-06
5.5905731768682617e-06
5.5905731768682617e-06
5.5905731768682617e-06
5.5905731768682617e-06
5.5905731768682617e-06
5.5905731768682617e-06
5.6368821122542976e-06
5.9391003823509524e-06
6.4965701264122552e-06
7.3103770141981043e-06
8.3798622986722014e-06
9.4490579165906658e-06
1.0262009779081444e-05
1.0818764149989144e-05
1.1119428321607348e-05
1.1164079098010473e-05
1.1164079098010473e-05
1.1164079098010473e-05
1.1164079098010473e-05
1.1164079098010473e-05
1.1164079098010473e-05
1.1164079098010473e-05
1.1164079098010473e-05
1.1164079098010473e-05
1.1164079098010473e-05
1.1164079098010473e-05
1.1164079098010473e-05
1.1164079098010473e-05
1.1164079098010473e-05
1.1164079098010473e-05
1.1164079098010473e-05
1.1208716482985385e-05
1.1509263703831125e-05
1.2065644010494525e-05
1.2877154820482117e-05
1.3944971327885599e-05
1.5012437140643688e-05
1.5823659603383273e-05
1.6379297835938309e-05
1.6678294346784141e-05
1.6721309071813493e-05
1.6721309071813493e-05
1.6721309071813493e-05
1.6721309071813493e-05
1.6721309071813493e-05
1.6721309071813493e-05
1.6721309071813493e-05
1.6721309071813493e-05
1.6721309071813493e-05
1.6721309071813493e-05
1.6721309071813493e-05
1.6721309071813493e-05
1.6721309071813493e-05
1.6721309071813493e-05
1.6721309071813493e-05
1.6721309071813493e-05
1.6764279787904061e-05
1.7063160839869312e-05
1.7617294363184440e-05
1.8427766034271035e-05
1.9493917102301285e-05
2.0559779503748100e-05
2.1369399149433623e-05
2.1922822302899913e-05
2.2220156256143672e-05
2.2261477812938632e-05
2.2261477812938632e-05
2.2261477812938632e-05
2.2261477812938632e-05
2.2261477812938632e-05
2.2261477812938632e-05
2.2261477812938632e-05
2.2261477812938632e-05
2.2261477812938632e-05
2.2261477812938632e-05
2.2261477812938632e-05
2.2261477812938632e-05
2.2261477812938632e-05
2.2261477812938632e-05
2.2261477812938632e-05
2.2261477812938632e-05
2.2302786976760757e-05
2.2600006974616438e-05
2.3153061056156523e-05
2.3961246637349951e-05
2.5025738914467094e-05
2.6089881493909103e-05
2.6897781720005212e-05
2.7450098708836111e-05
2.7745774975485883e-05
2.7785470452079066e-05
2.7785470452079066e-05
2.7785470452079066e-05
2.7785470452079066e-05
2.7785470452079066e-05
2.7785470452079066e-05
2.7785470452079066e-05
2.7785470452079066e-05
2.7785470452079066e-05
2.7785470452079066e-05
2.7785470452079066e-05
2.7785470452079066e-05
2.7785470452079066e-05
2.7785470452079066e-05
2.7785470452079066e-05
2.7785470452079066e-05
2.7825122915233945e-05
2.8120686709440087e-05
2.8671503966417785e-05
2.9478660369205816e-05
3.0541497163209043e-05
3.1604046284623389e-05
3.2410353643963163e-05
3.2960465504472666e-05
3.3254489157849111e-05
3.3292501407568174e-05
3.3292501407568174e-05
3.3292501407568174e-05
3.3292501407568174e-05
3.3292501407568174e-05
3.3292501407568174e-05
3.3292501407568174e-05
3.3292501407568174e-05
3.3292501407568174e-05
