0.0000000000000000e+00
-1.1985799697103762e-03
1.2975097863532604e-12
-1.1994379113225001e-03
-4.7964743339116607e-03
-1.0790690448866271e-02
1.2530582794832373e-09
8.3924352148247016e-03
1.8163092271206511e-02
-1.9977262966770102e-08
-5.2872943621293100e-09
1.7693674584917347e-02
-9.0735005265495453e-08
-1.2056278537082637e-03
-1.2052885188876688e-03
-2.3718777883004590e-02
-8.0656504982957853e-08
1.1405450459227541e-03
-3.7688912544882229e-03
-1.1073978042061589e-02
-2.7366465211599900e-09
-1.6704924226151258e-09
-2.3978689891704123e-03
2.1627098788597255e-10
4.2080485667135767e-07
-1.2825063378100402e-10
-2.2883590524414298e-11
-2.3978681160908453e-03
2.3586233082190262e-10
4.1965959298972914e-07
-2.3970287369127316e-03
-7.1927650206766560e-03
-1.4387208063852061e-02
2.9682608184442029e-09
-1.1159412331522075e-08
-2.2536902344988823e-02
-8.2500188643360683e-08
-6.7584707910079699e-05
-1.1976813100745603e-03
-1.2055202019991525e-03
-1.0543218614683280e-08
-9.0401232727178164e-09
-9.8892093281882711e-09
1.1250604232529763e-03
-1.4492236342648055e-04
-2.7164514607440084e-09
-8.3136546359841747e-10
-2.3974479575212611e-03
1.0106618271570888e-09
-4.1823540800729521e-07
6.9231432479277657e-10
7.3470865647536145e-10
-2.3974484145062153e-03
9.2586585596679027e-10
-4.1818070391095922e-07
-2.3982860949691132e-03
-7.1931838067712016e-03
-1.4384692440224993e-02
2.1964447662202630e-09
-6.1523279544288670e-09
-9.8501291490420152e-09
1.7693880841288014e-02
-8.9891454772112168e-08
-1.2056268689945642e-03
-1.2052877850503895e-03
-2.3718845354469546e-02
-7.9906350062026515e-08
1.1405450949051107e-03
-3.5057553577411854e-03
-1.0547854003677484e-02
-1.6432809371926418e-09
-8.9565901284006665e-10
-2.3978685652792735e-03
8.7948464443131566e-10
4.2148834340279431e-07
6.5089708793642576e-10
5.7327276099847205e-10
-2.3978679431517890e-03
3.2599034314916049e-10
4.1956027278896716e-07
-2.3970288728855146e-03
-7.1927646108613831e-03
-1.4387207365239138e-02
3.6078428628279388e-09
-1.0628982155815631e-08
-2.2536832341829831e-02
-8.2067400510749285e-08
-6.7583762370459656e-05
-1.1976810676669538e-03
-1.2055201454729697e-03
-1.0554638729053151e-08
-8.9563768574184646e-09
-9.7019685826399668e-09
8.6241654999451040e-04
-6.7035717672577584e-04
-2.3138609841081134e-09
-7.0374638630174995e-10
-2.3974483985190567e-03
5.9720425487481448e-10
-4.1866677805790708e-07
2.4361189831855268e-10
1.8368028510559210e-10
-2.3974489069564292e-03
2.1737418539122903e-11
-4.1891863660215707e-07
-2.3982867360017417e-03
-7.1931841899295660e-03
-1.4384692818820205e-02
1.6927267450672255e-09
-6.9535762653348966e-09
-9.9726978041840986e-09
1.7694106843133352e-02
-9.0756319923472272e-08
-1.2056281162008617e-03
-1.2052888368584828e-03
-2.3718913903623864e-02
-8.0709540376088980e-08
1.1405436754670423e-03
-3.2441945656296717e-03
-1.0024878119661133e-02
-1.9134729821105059e-09
7.6229946349743137e-03
-5.9761868214430527e-09
-1.0050783199395480e-09
1.4116633980520276e-10
2.4673105807094068e-10
1.2653177735566110e-10
-2.3978681172733742e-03
3.7271566561926913e-10
4.1982000707033183e-07
-2.3970288169148889e-03
-7.1927649014846343e-03
-1.4387207918731597e-02
2.5494428576987403e-09
-1.1987618868726808e-08
-2.2536764243592276e-02
-8.3534516694435175e-08
-6.7584751465125202e-05
-1.1976825448209410e-03
-1.2055212265332656e-03
-1.1399829042482669e-08
-1.0052110801592518e-08
-1.0474525050669726e-08
6.0134302727241464e-04
-1.1926496075007266e-03
-2.7382086730831911e-09
-1.2549538799883213e-09
-2.3974488871615417e-03
1.8020516480525758e-10
-4.1890989042451429e-07
-1.1177474708000689e-10
