0.0000000000000000e+00
2.5595764802340767e+01
5.1199999999438461e+01
7.6799599028801225e+01
1.0239456294061178e+02
1.2798489278420109e+02
1.5359999999979109e+02
1.7921046962578095e+02
2.0480875059069638e+02
2.3039999996432488e+02
2.5599999998137878e+02
2.8155508945389693e+02
3.0719999978952762e+02
3.0719574876225272e+02
2.8159575077362445e+02
2.5603148376025598e+02
2.3039999983450832e+02
2.0480425232149318e+02
1.7921118331700322e+02
1.5361348211185856e+02
1.2799999999542433e+02
1.0239999999603126e+02
7.6795363998038297e+01
5.1199999999787408e+01
2.5600001053719950e+01
-1.2050264416035620e-10
-2.5599999999972642e+01
-5.1204635998244193e+01
-7.6800000000239748e+01
-1.0239999895023280e+02
-1.2800463389801985e+02
-1.5361390589454470e+02
-1.7922781598993615e+02
-2.0479999999901594e+02
-2.3040000003236588e+02
-2.5596440841229872e+02
-2.8160000017160201e+02
-3.0719999190122809e+02
-3.0720423121079426e+02
-2.8160425206275607e+02
-2.5600000002589195e+02
-2.3040000002055615e+02
-2.0480000002318258e+02
-1.7921167258576077e+02
-1.5362797557672573e+02
-1.2800000001281668e+02
-1.0240000000358579e+02
-7.6804634942552752e+01
-5.1199999999396233e+01
-2.5600001054223235e+01
7.8828002344054048e-10
2.5600000000734436e+01
5.1195365052265096e+01
7.6800000000614588e+01
1.0239999895063389e+02
1.2799536295270789e+02
1.5358609305628812e+02
1.7917219031075484e+02
2.0479999999410688e+02
2.3039999998943833e+02
2.5599999997675090e+02
2.8155508952414408e+02
3.0719999979020821e+02
3.0719574876301624e+02
2.8159575077413689e+02
2.5603148334512014e+02
2.3039999983497708e+02
2.0480425232008437e+02
1.7921065648442985e+02
1.5361242818829982e+02
1.2799999999650997e+02
1.0239999999663439e+02
7.6795363998351974e+01
5.1200000000020765e+01
2.5600001053685094e+01
1.5024832449870488e-10
-2.5600000000045156e+01
-5.1204635998770470e+01
-7.6800000000600633e+01
-1.0239999895059184e+02
-1.2800463389821539e+02
-1.5361390589403166e+02
-1.7922781598902961e+02
-2.0479999999920989e+02
-2.3040000003248269e+02
-2.5596440799490696e+02
-2.8160000017203288e+02
-3.0719999190015039e+02
-3.0720423121106256e+02
-2.8160425206334651e+02
-2.5600000002643566e+02
-2.3040000002116972e+02
-2.0480000002376687e+02
-1.7921114785332983e+02
-1.5362692636945769e+02
-1.2800000001256601e+02
-1.0240000000396779e+02
-7.6804634943941409e+01
-5.1200000000530892e+01
-2.5600001055168903e+01
-5.9184411788056242e-10
2.5599999999252066e+01
5.1195365050851848e+01
7.6799999998738770e+01
1.0239999894887912e+02
1.2799536295098052e+02
1.5358609305487565e+02
1.7917219030926043e+02
2.0479999999288555e+02
2.3039999998756247e+02
2.5599999997535292e+02
2.8155508962493576e+02
3.0719999978807130e+02
3.0719574876058834e+02
2.8159575077209041e+02
2.5603148293018910e+02
2.3039999983320828e+02
2.0480425231624480e+02
1.7921013280056286e+02
1.5361138056633041e+02
1.2799999999577304e+02
1.0238397667316380e+02
7.6799999984232755e+01
5.1199999996605627e+01
2.5599999998837013e+01
-9.6801659994198908e-10
-2.5600000001031027e+01
-5.1204635999379384e+01
-7.6800000001161905e+01
-1.0239999895097458e+02
-1.2800463389886579e+02
-1.5361390589514690e+02
-1.7922781599037063e+02
-2.0480000000061412e+02
-2.3040000003405055e+02
-2.5596440758121631e+02
-2.8160000017359209e+02
-3.0719999190012510e+02
-3.0720423121275883e+02
-2.8160425206475423e+02
-2.5600000002769815e+02
-2.3040000002270671e+02
-2.0480000002491488e+02
-1.7921062625955199e+02
-1.5362588343771387e+02
-1.2800000001246232e+02
-1.0240000000467651e+02
-7.6804634945229822e+01
-5.1200000001319609e+01
-2.5600001055351196e+01
-1.1783636169163348e-09
