2.0000000000000020e+02
2.0000000000000020e+02
2.0000000000000020e+02
2.0000000000000020e+02
2.0000000000000020e+02
2.0000000000000020e+02
2.0000000000000020e+02
2.0000000000000020e+02
2.0479058749842829e+02
2.3039999998442062e+02
2.5599999998677043e+02
2.8153739577940962e+02
3.0719999988027763e+02
3.0719695439015288e+02
2.8159695606219151e+02
2.5605520253823073e+02
2.3039999991521267e+02
2.0480311177643236e+02
2.0016771719530618e+02
2.0016771719530618e+02
2.0016771719530618e+02
2.0016771719530618e+02
2.0016771719530618e+02
2.0016771719530618e+02
2.0016771719530618e+02
2.0016771719530618e+02
2.0016771719530618e+02
2.0016771719530618e+02
2.0016771719530618e+02
2.0016771719530618e+02
2.0016771719530618e+02
2.0016771719530618e+02
2.0016771719530618e+02
2.0480000000197123e+02
2.3040000002113607e+02
2.5594187150992281e+02
2.8160000008901164e+02
3.0719992431636962e+02
3.0720303352934422e+02
2.8160304654245061e+02
2.5600000001527013e+02
2.3040000001146896e+02
2.0480000001325300e+02
2.0033492237294047e+02
2.0033492237294047e+02
2.0033492237294047e+02
2.0033492237294047e+02
2.0033492237294047e+02
2.0033492237294047e+02
2.0033492237294047e+02
2.0033492237294047e+02
2.0033492237294047e+02
2.0033492237294047e+02
2.0033492237294047e+02
2.0033492237294047e+02
2.0033492237294047e+02
2.0033492237294047e+02
2.0033492237294047e+02
2.0479999999198103e+02
2.3039999999568877e+02
2.5599999998665334e+02
2.8153739564337360e+02
3.0719999988018571e+02
3.0719695439002794e+02
2.8159695606206026e+02
2.5605520219058263e+02
2.3039999991498632e+02
2.0480311177508889e+02
2.0050163927215459e+02
2.0050163927215459e+02
2.0050163927215459e+02
2.0050163927215459e+02
2.0050163927215459e+02
2.0050163927215459e+02
2.0050163927215459e+02
2.0050163927215459e+02
2.0050163927215459e+02
2.0050163927215459e+02
2.0050163927215459e+02
2.0050163927215459e+02
2.0050163927215459e+02
2.0050163927215459e+02
2.0050163927215459e+02
2.0480000000269393e+02
2.3040000002172332e+02
2.5594187116240798e+02
2.8160000008968734e+02
3.0719992431609501e+02
3.0720303352979442e+02
2.8160304654303508e+02
2.5600000001571397e+02
2.3040000001206056e+02
2.0480000001388368e+02
2.0066784433438838e+02
2.0066784433438838e+02
2.0066784433438838e+02
2.0066784433438838e+02
2.0066784433438838e+02
2.0066784433438838e+02
2.0066784433438838e+02
2.0066784433438838e+02
2.0066784433438838e+02
2.0066784433438838e+02
2.0066784433438838e+02
2.0066784433438838e+02
2.0066784433438838e+02
2.0066784433438838e+02
2.0066784433438838e+02
2.0479999999151576e+02
2.3039999999480642e+02
2.5599999998569183e+02
2.8153739551846400e+02
3.0719999987914730e+02
3.0719695438902033e+02
2.8159695606121034e+02
2.5605520184435630e+02
2.3039999991424338e+02
2.0480311177288058e+02
2.0083356411356263e+02
2.0083356411356263e+02
2.0083356411356263e+02
2.0083356411356263e+02
2.0083356411356263e+02
2.0083356411356263e+02
2.0083356411356263e+02
2.0083356411356263e+02
2.0083356411356263e+02
2.0083356411356263e+02
2.0083356411356263e+02
2.0083356411356263e+02
2.0083356411356263e+02
2.0083356411356263e+02
2.0083356411356263e+02
2.0480000000294382e+02
2.3040000002189763e+02
2.5594187081676242e+02
2.8160000008988015e+02
3.0719992431522007e+02
3.0720303352997286e+02
2.8160304654329400e+02
2.5600000001608396e+02
2.3040000001237982e+02
2.0480000001413327e+02
2.0099877504222727e+02
2.0099877504222727e+02
2.0099877504222727e+02
2.0099877504222727e+02
2.0099877504222727e+02
2.0099877504222727e+02
2.0099877504222727e+02
2.0099877504222727e+02
