0.0000000000000000e+00
-1.1985800053489577e-03
-8.7038001502813452e-11
-1.1994380343768574e-03
-4.7964744919198731e-03
-1.0790690704224629e-02
9.9484595880262993e-10
8.3924349976904032e-03
1.8163092202892778e-02
-2.0214406366918776e-08
-5.4964284439087348e-09
1.7693674389303291e-02
-9.0765213185429605e-08
-1.2056279465968917e-03
-1.2052886146830572e-03
-2.3718778066946149e-02
-8.0752212777416059e-08
1.1405450757482848e-03
-3.7688912192504957e-03
-1.1073977821674127e-02
-2.8049962117380070e-09
-1.7941213796432440e-09
-2.3978691292800844e-03
1.6953143387129072e-10
4.2068889928180111e-07
-1.3615967924200022e-10
4.7204318376131006e-11
-2.3978680288967813e-03
1.8159920171066777e-10
4.1950810406676126e-07
-2.3970290800140737e-03
-7.1927653462255979e-03
-1.4387208433390372e-02
2.9423716164049902e-09
-1.1300141397772982e-08
-2.2536902407182830e-02
-8.2680461911631982e-08
-6.7585008765876707e-05
-1.1976815903173026e-03
-1.2055204090791591e-03
-1.0700076801160820e-08
-9.1342377361370284e-09
-9.9699435410225347e-09
1.1250603026848939e-03
-1.4492241542116190e-04
-2.7813270781083039e-09
-8.7850394587289755e-10
-2.3974480710568127e-03
8.6602702007728929e-10
-4.1830109247171977e-07
7.0826841805193255e-10
6.6500383170483328e-10
-2.3974484876965207e-03
8.6548906101111159e-10
-4.1811100768566711e-07
-2.3982858904179399e-03
-7.1931835060037924e-03
-1.4384692120749904e-02
2.0551911820222205e-09
-6.3486138707093530e-09
-9.9548380485266798e-09
1.7693880700097506e-02
-9.0063373352900442e-08
-1.2056271548316860e-03
-1.2052880618198336e-03
-2.3718845571047090e-02
-8.0111859906492305e-08
1.1405448960322070e-03
-3.5057555264656217e-03
-1.0547854198999236e-02
-1.9270749752389919e-09
-1.2007938912366506e-09
-2.3978688803202091e-03
5.4252559274829661e-10
4.2116938689122425e-07
3.1235605830839866e-10
1.9810740490795395e-10
-2.3978683083807533e-03
9.0931348290201628e-11
4.1958776067830286e-07
-2.3970286725306638e-03
-7.1927643592680102e-03
-1.4387207131913077e-02
3.3601500476259191e-09
-1.0890018426635748e-08
-2.2536832656009663e-02
-8.2623729659796005e-08
-6.7584348406418321e-05
-1.1976814687439975e-03
-1.2055204778235824e-03
-1.0888760884606029e-08
-9.2618779209038893e-09
-1.0064437723476483e-08
8.6241609422817763e-04
-6.7035764214569600e-04
-2.7992891654693109e-09
-1.1249597622526533e-09
-2.3974487199850208e-03
3.2051066836954703e-10
-4.1880543884745233e-07
-8.9318964370615835e-11
-1.9158697651747361e-10
-2.3974494000104404e-03
-3.5571809442260682e-10
-4.1925372299292971e-07
-2.3982869628420655e-03
-7.1931842642012018e-03
-1.4384692797650062e-02
1.0465953989552592e-09
-7.5339910315548628e-09
-1.0705099209537764e-08
1.7694106100137250e-02
-9.1395242432024029e-08
-1.2056287476841432e-03
-1.2052894026156782e-03
-2.3718914430455401e-02
-8.1360819524682292e-08
1.1405430527067590e-03
-3.2441951612538662e-03
-1.0024878530864994e-02
-2.5847145442202749e-09
7.6229936521817207e-03
-6.7136541586167193e-09
-1.7722646554771560e-09
-7.0599763710276524e-10
-4.0001123709884835e-10
-5.4223106333704756e-10
-2.3978688412167001e-03
-1.7124953802692686e-10
4.1947347882633226e-07
-2.3970290545556956e-03
-7.1927650348494916e-03
-1.4387207968811813e-02
2.1098149231808682e-09
-1.2318527247648010e-08
-2.2536764664122473e-02
-8.3889524732618806e-08
-6.7585058708305088e-05
-1.1976830270868841e-03
-1.2055216940924272e-03
-1.1828586214141829e-08
-1.0601599161266620e-08
-1.1088730189748383e-08
6.0134252636520917e-04
-1.1926502615121088e-03
-3.4057987185392537e-09
-1.8928805838120894e-09
-2.3974494552333730e-03
-3.8008279851031638e-10
-4.1936993567912153e-07
-5.8465035827614877e-10
