0.0000000000000000e+00
2.5596963382328298e+01
5.1199999999481363e+01
7.6800798466774083e+01
1.0239935941502472e+02
1.2799568347477759e+02
1.5359999999866704e+02
1.7920207719067474e+02
2.0479058749845942e+02
2.3039999998442065e+02
2.5599999998677066e+02
2.8153739577940974e+02
3.0719999988027769e+02
3.0719695439015277e+02
2.8159695606219128e+02
2.5605520253823090e+02
2.3039999991521270e+02
2.0480311177643230e+02
1.7921495220824002e+02
1.5362455608979036e+02
1.2799999999819516e+02
1.0239999999776359e+02
7.6797761867097549e+01
5.1199999999594539e+01
2.5600000632973082e+01
1.3732061737047642e-10
2.5599999999984792e+01
5.1202238130171700e+01
7.6800000000448506e+01
1.0239999936981667e+02
1.2800223686911141e+02
1.5360671312936120e+02
1.7921342878168750e+02
2.0480000000197145e+02
2.3040000002113607e+02
2.5594187150992281e+02
2.8160000008901164e+02
3.0719992431636962e+02
3.0720303352934422e+02
2.8160304654245044e+02
2.5600000001527030e+02
2.3040000001146902e+02
2.0480000001325300e+02
1.7921279764612373e+02
1.5362783065433629e+02
1.2800000001006779e+02
1.0240000000273083e+02
7.6802237494538460e+01
5.1200000000334597e+01
2.5600000635954991e+01
5.9126249095723273e-11
2.5600000000034580e+01
5.1197762500716209e+01
7.6799999999718949e+01
1.0239999936877973e+02
1.2799776123870058e+02
1.5359328623994455e+02
1.7918657500303539e+02
2.0479999999198103e+02
2.3039999999568883e+02
2.5599999998665331e+02
2.8153739564337337e+02
3.0719999988018566e+02
3.0719695439002822e+02
2.8159695606206026e+02
2.5605520219058269e+02
2.3039999991498632e+02
2.0480311177508901e+02
1.7921416223987194e+02
1.5362297604240121e+02
1.2799999999829511e+02
1.0239999999768261e+02
7.6797761867074783e+01
5.1199999999309767e+01
2.5600000632356227e+01
1.8755607180007358e-10
2.5600000000430828e+01
5.1202238130644716e+01
7.6800000000809121e+01
1.0239999937016593e+02
1.2800223686944256e+02
1.5360671312954662e+02
1.7921342878178103e+02
2.0480000000269393e+02
2.3040000002172317e+02
2.5594187116240789e+02
2.8160000008968734e+02
3.0719992431609501e+02
3.0720303352979431e+02
2.8160304654303519e+02
2.5600000001571397e+02
2.3040000001206067e+02
2.0480000001388370e+02
1.7921201026965187e+02
1.5362625601204823e+02
1.2800000001000942e+02
1.0240000000305342e+02
7.6802237495382158e+01
5.1200000000989768e+01
2.5600000636432785e+01
5.1013180358302064e-10
2.5599999999256021e+01
5.1197762500005339e+01
7.6799999998905776e+01
1.0239999936796536e+02
1.2799776123782993e+02
1.5359328623910264e+02
1.7918657500206859e+02
2.0479999999151576e+02
2.3039999999480622e+02
2.5599999998569186e+02
2.8153739551846400e+02
3.0719999987914724e+02
3.0719695438902022e+02
2.8159695606121028e+02
2.5605520184435630e+02
2.3039999991424335e+02
2.0480311177288053e+02
1.7921337699542639e+02
1.5362140544465561e+02
1.2799999999802218e+02
1.0237635367902026e+02
7.6799999990577618e+01
5.1199999997994283e+01
2.5599999999119394e+01
8.1930398643822092e-10
2.5600000000823179e+01
5.1202238130900099e+01
7.6800000001262603e+01
1.0239999937062136e+02
1.2800223686993007e+02
1.5360671313017875e+02
1.7921342878242694e+02
2.0480000000294379e+02
2.3040000002189751e+02
2.5594187081676239e+02
2.8160000008988015e+02
3.0719992431522002e+02
3.0720303352997286e+02
2.8160304654329394e+02
2.5600000001608402e+02
2.3040000001237979e+02
2.0480000001413322e+02
1.7921122760232888e+02
1.5362469078777934e+02
1.2800000000939031e+02
1.0240000000310258e+02
7.6802237496058638e+01
5.1200000001219621e+01
2.5600000636211284e+01
8.8024854330267291e-10
