0.0000000000000000e+00
0.0000000000000000e+00
0.0000000000000000e+00
0.0000000000000000e+00
0.0000000000000000e+00
0.0000000000000000e+00
0.0000000000000000e+00
-5.2704764918086742e+00
-2.0453609550537578e+01
-3.4916366677528231e+01
-4.8350197801159496e+01
-4.8350197801159496e+01
-4.8350197801159496e+01
-4.8350197801159496e+01
-4.8350197801159496e+01
-4.8350197801159496e+01
-4.8350197801159496e+01
-4.8350197801159496e+01
-4.8350197801159496e+01
-4.8350197801159496e+01
-4.8350197801159496e+01
-4.8350197801159496e+01
-4.8350197801159496e+01
-4.8350197801159496e+01
-4.8350197801159496e+01
-4.8350197801159496e+01
-4.8350197801159496e+01
-4.8350197801159496e+01
-4.8350197801159496e+01
-3.3514934890463707e+01
-1.5986984481292778e+01
1.2213424220819289e+00
1.8005586373281194e+01
3.4184869200793777e+01
3.4184869200793777e+01
3.4184869200793777e+01
3.4184869200793777e+01
3.4184869200793777e+01
3.4184869200793763e+01
3.4184869200793777e+01
3.4184869200793777e+01
3.4184869200793749e+01
3.4184869200793749e+01
3.4184869200793749e+01
3.4184869200793742e+01
3.4184869200793742e+01
3.4184869200793727e+01
3.4184869200793713e+01
3.4184869200793713e+01
3.4184869200793713e+01
3.4184869200793713e+01
3.4184869200793713e+01
3.4184869200793713e+01
2.6543238925124587e+01
8.5290253841937957e+00
-9.1983948999645495e+00
-2.6498745819087894e+01
-2.6498745819087894e+01
-2.6498745819087894e+01
-2.6498745819087894e+01
-2.6498745819087894e+01
-2.6498745819087894e+01
-2.6498745819087894e+01
-2.6498745819087894e+01
-2.6498745819087894e+01
-2.6498745819087894e+01
-2.6498745819087894e+01
-2.6498745819087894e+01
-2.6498745819087894e+01
-2.6498745819087894e+01
-2.6498745819087894e+01
-2.6498745819087894e+01
-2.6498745819087894e+01
-2.6498745819087894e+01
-2.6498745819087894e+01
-2.6498745819087894e+01
-2.6498745819087894e+01
-1.4497790338810706e+01
3.7399132726076072e+00
2.1653087032713810e+01
2.1653087032713810e+01
2.1653087032713810e+01
2.1653087032713810e+01
2.1653087032713817e+01
2.1653087032713817e+01
2.1653087032713813e+01
2.1653087032713817e+01
2.1653087032713817e+01
2.1653087032713810e+01
2.1653087032713810e+01
2.1653087032713792e+01
2.1653087032713792e+01
2.1653087032713792e+01
2.1653087032713799e+01
2.1653087032713795e+01
2.1653087032713795e+01
2.1653087032713795e+01
2.1653087032713795e+01
2.1653087032713795e+01
2.1653087032713792e+01
1.8550271640370795e+01
1.6247622609025954e-02
-1.8304175094884414e+01
-1.8304175094884414e+01
-1.8304175094884414e+01
-1.8304175094884414e+01
-1.8304175094884414e+01
-1.8304175094884414e+01
-1.8304175094884414e+01
-1.8304175094884414e+01
-1.8304175094884414e+01
-1.8304175094884414e+01
-1.8304175094884414e+01
-1.8304175094884414e+01
-1.8304175094884414e+01
-1.8304175094884414e+01
-1.8304175094884414e+01
-1.8304175094884414e+01
-1.8304175094884414e+01
-1.8304175094884414e+01
-1.8304175094884414e+01
-1.8304175094884414e+01
-1.8304175094884414e+01
-1.8304175094884414e+01
-2.7257423345148029e+00
1.5857519024398110e+01
1.5857519024398119e+01
1.5857519024398123e+01
1.5857519024398123e+01
1.5857519024398123e+01
1.5857519024398123e+01
1.5857519024398123e+01
1.5857519024398123e+01
1.5857519024398117e+01
1.5857519024398112e+01
1.5857519024398112e+01
1.5857519024398103e+01
1.5857519024398103e+01
1.5857519024398114e+01
1.5857519024398115e+01
1.5857519024398099e+01
1.5857519024398099e+01
1.5857519024398099e+01
1.5857519024398099e+01
1.5857519024398092e+01
1.5857519024398092e+01
1.5857519024398091e+01
4.7588699432229618e+00
-1.3994878473210235e+01
-1.3994878473210235e+01
-1.3994878473210235e+01
-1.3994878473210235e+01
-1.3994878473210235e+01
-1.3994878473210235e+01
-1.3994878473210235e+01
-1.3994878473210235e+01
-1.3994878473210235e+01
-1.3994878473210235e+01
-1.3994878473210235e+01
-1.3994878473210235e+01
-1.3994878473210235e+01
-1.3994878473210235e+01
-1.3994878473210235e+01
-1.3994878473210235e+01
-1.3994878473210235e+01
-1.3994878473210235e+01
-1.3994878473210235e+01
-1.3994878473210235e+01
-1.3994878473210235e+01
-1.3994878473210235e+01
-6.3657634380999228e+00
1.2518884399593095e+01
1.2518884399593095e+01
1.2518884399593091e+01
1.2518884399593080e+01
1.2518884399593075e+01
1.2518884399593075e+01
1.2518884399593086e+01
1.2518884399593086e+01
1.2518884399593086e+01
1.2518884399593086e+01
1.2518884399593080e+01
1.2518884399593080e+01
1.2518884399593080e+01
1.2518884399593091e+01
1.2518884399593091e+01
1.2518884399593091e+01
1.2518884399593091e+01
1.2518884399593084e+01
1.2518884399593084e+01
1.2518884399593084e+01
1.2518884399593084e+01
1.2518884399593086e+01
7.6687839680249965e+00
-1.1316507782055927e+01
-1.1316507782055927e+01
-1.1316507782055927e+01
-1.1316507782055927e+01
-1.1316507782055927e+01
-1.1316507782055927e+01
-1.1316507782055927e+01
-1.1316507782055927e+01
-1.1316507782055927e+01
-1.1316507782055927e+01
-1.1316507782055927e+01
-1.1316507782055927e+01
-1.1316507782055927e+01
-1.1316507782055927e+01
-1.1316507782055927e+01
-1.1316507782055927e+01
-1.1316507782055927e+01
-1.1316507782055927e+01
-1.1316507782055927e+01
-1.1316507782055927e+01
-1.1316507782055927e+01
-1.1316507782055927e+01
-8.7479808963070536e+00
1.0362740890201517e+01
1.0362740890201513e+01
1.0362740890201518e+01
1.0362740890201518e+01
1.0362740890201518e+01
1.0362740890201517e+01
1.0362740890201517e+01
1.0362740890201520e+01
1.0362740890201515e+01
1.0362740890201515e+01
1.0362740890201515e+01
1.0362740890201509e+01
1.0362740890201509e+01
1.0362740890201509e+01
