0.0000000000000000e+00
0.0000000000000000e+00
0.0000000000000000e+00
0.0000000000000000e+00
0.0000000000000000e+00
0.0000000000000000e+00
0.0000000000000000e+00
2.6352382459017765e+00
1.0226804775263741e+01
1.7458183338760008e+01
2.4175098900580227e+01
2.4175098900580217e+01
2.4175098900580188e+01
2.4175098900580188e+01
2.4175098900580231e+01
2.4175098900580231e+01
2.4175098900580245e+01
2.4175098900580238e+01
2.4175098900580224e+01
2.4175098900580267e+01
2.4175098900580245e+01
2.4175098900580245e+01
2.4175098900580274e+01
2.4175098900580252e+01
2.4175098900580242e+01
2.4175098900580203e+01
2.4175098900580203e+01
2.4175098900580174e+01
2.4175098900580174e+01
1.6757467445229494e+01
7.9934922406424667e+00
-6.1067121104394961e-01
-9.0027931866428332e+00
-1.7092434600398633e+01
-1.7092434600398612e+01
-1.7092434600398565e+01
-1.7092434600398590e+01
-1.7092434600398590e+01
-1.7092434600398590e+01
-1.7092434600398605e+01
-1.7092434600398597e+01
-1.7092434600398605e+01
-1.7092434600398590e+01
-1.7092434600398597e+01
-1.7092434600398580e+01
-1.7092434600398565e+01
-1.7092434600398573e+01
-1.7092434600398573e+01
-1.7092434600398541e+01
-1.7092434600398533e+01
-1.7092434600398533e+01
-1.7092434600398519e+01
-1.7092434600398484e+01
-1.3271619462563297e+01
-4.2645126920988554e+00
4.5991974499760877e+00
1.3249372909537582e+01
1.3249372909537591e+01
1.3249372909537598e+01
1.3249372909537598e+01
1.3249372909537598e+01
1.3249372909537605e+01
1.3249372909537605e+01
1.3249372909537602e+01
1.3249372909537586e+01
1.3249372909537570e+01
1.3249372909537566e+01
1.3249372909537556e+01
1.3249372909537556e+01
1.3249372909537549e+01
1.3249372909537529e+01
1.3249372909537527e+01
1.3249372909537547e+01
1.3249372909537547e+01
1.3249372909537554e+01
1.3249372909537545e+01
1.3249372909537538e+01
7.2488951694020347e+00
-1.8699566363082918e+00
-1.0826543516361294e+01
-1.0826543516361273e+01
-1.0826543516361266e+01
-1.0826543516361257e+01
-1.0826543516361252e+01
-1.0826543516361248e+01
-1.0826543516361259e+01
-1.0826543516361276e+01
-1.0826543516361271e+01
-1.0826543516361266e+01
-1.0826543516361255e+01
-1.0826543516361266e+01
-1.0826543516361253e+01
-1.0826543516361253e+01
-1.0826543516361255e+01
-1.0826543516361255e+01
-1.0826543516361248e+01
-1.0826543516361227e+01
-1.0826543516361248e+01
-1.0826543516361271e+01
-1.0826543516361280e+01
-9.2751358201901617e+00
-8.1238113107799537e-03
9.1520875474402281e+00
9.1520875474402192e+00
9.1520875474402157e+00
9.1520875474402175e+00
9.1520875474402192e+00
9.1520875474402139e+00
9.1520875474402370e+00
9.1520875474402335e+00
9.1520875474402388e+00
9.1520875474402352e+00
9.1520875474402281e+00
9.1520875474402139e+00
9.1520875474402139e+00
9.1520875474402121e+00
9.1520875474402033e+00
9.1520875474401979e+00
9.1520875474402192e+00
9.1520875474402228e+00
9.1520875474402335e+00
9.1520875474402317e+00
9.1520875474402263e+00
9.1520875474402352e+00
1.3628711672570071e+00
-7.9287595121999317e+00
-7.9287595121999379e+00
-7.9287595121999361e+00
-7.9287595121999264e+00
-7.9287595121999264e+00
-7.9287595121999210e+00
-7.9287595121999193e+00
-7.9287595121999317e+00
-7.9287595121999335e+00
-7.9287595121999308e+00
-7.9287595121999361e+00
-7.9287595121999406e+00
-7.9287595121999326e+00
-7.9287595121999228e+00
-7.9287595121999193e+00
-7.9287595121999157e+00
-7.9287595121999228e+00
-7.9287595121999246e+00
-7.9287595121999228e+00
-7.9287595121999157e+00
-7.9287595121999326e+00
-7.9287595121999299e+00
-2.3794349716134118e+00
6.9974392366048948e+00
6.9974392366048876e+00
6.9974392366048841e+00
6.9974392366048708e+00
6.9974392366048557e+00
6.9974392366048699e+00
6.9974392366048637e+00
6.9974392366048637e+00
6.9974392366048530e+00
6.9974392366048477e+00
6.9974392366048477e+00
6.9974392366048521e+00
6.9974392366048601e+00
6.9974392366048530e+00
6.9974392366048495e+00
6.9974392366048566e+00
6.9974392366048530e+00
6.9974392366048512e+00
6.9974392366048566e+00
6.9974392366048503e+00
6.9974392366048557e+00
6.9974392366048761e+00
3.1828817190484653e+00
-6.2594421998013843e+00
-6.2594421998013736e+00
-6.2594421998013754e+00
-6.2594421998013683e+00
-6.2594421998013612e+00
-6.2594421998013585e+00
-6.2594421998013541e+00
-6.2594421998013505e+00
-6.2594421998013559e+00
-6.2594421998013487e+00
-6.2594421998013567e+00
-6.2594421998013541e+00
-6.2594421998013523e+00
-6.2594421998013487e+00
-6.2594421998013399e+00
-6.2594421998013487e+00
-6.2594421998013345e+00
-6.2594421998013408e+00
-6.2594421998013319e+00
-6.2594421998013381e+00
-6.2594421998013337e+00
-6.2594421998013337e+00
-3.8343919840116198e+00
5.6582538910410785e+00
5.6582538910410820e+00
5.6582538910410864e+00
5.6582538910410829e+00
5.6582538910410829e+00
5.6582538910410936e+00
5.6582538910410953e+00
5.6582538910410944e+00
5.6582538910410953e+00
5.6582538910410971e+00
5.6582538910411042e+00
5.6582538910411024e+00
5.6582538910411015e+00
5.6582538910411149e+00
5.6582538910411246e+00
5.6582538910411202e+00
5.6582538910411202e+00
5.6582538910411140e+00
5.6582538910411246e+00
5.6582538910411149e+00
5.6582538910411131e+00
5.6582538910411113e+00
4.3739904481682519e+00
-5.1813704450810869e+00
-5.1813704450810913e+00
-5.1813704450810816e+00
-5.1813704450810807e+00
-5.1813704450810834e+00
-5.1813704450810905e+00
-5.1813704450810860e+00
-5.1813704450810789e+00
-5.1813704450810842e+00
-5.1813704450810869e+00
-5.1813704450810798e+00
-5.1813704450810896e+00
-5.1813704450810851e+00
-5.1813704450810842e+00
