0.0000000000000000e+00
0.0000000000000000e+00
0.0000000000000000e+00
0.0000000000000000e+00
0.0000000000000000e+00
0.0000000000000000e+00
0.0000000000000000e+00
2.6352382459068813e+00
1.0226804775273797e+01
1.7458183338768283e+01
2.4175098900579325e+01
2.4175098900579314e+01
2.4175098900579293e+01
2.4175098900579250e+01
2.4175098900579293e+01
2.4175098900579254e+01
2.4175098900579290e+01
2.4175098900579282e+01
2.4175098900579282e+01
2.4175098900579325e+01
2.4175098900579329e+01
2.4175098900579314e+01
2.4175098900579343e+01
2.4175098900579371e+01
2.4175098900579339e+01
2.4175098900579322e+01
2.4175098900579354e+01
2.4175098900579318e+01
2.4175098900579318e+01
1.6757467445234187e+01
7.9934922406502960e+00
-6.1067121103798727e-01
-9.0027931866383568e+00
-1.7092434600395141e+01
-1.7092434600395109e+01
-1.7092434600395080e+01
-1.7092434600395098e+01
-1.7092434600395102e+01
-1.7092434600395094e+01
-1.7092434600395105e+01
-1.7092434600395109e+01
-1.7092434600395116e+01
-1.7092434600395102e+01
-1.7092434600395105e+01
-1.7092434600395087e+01
-1.7092434600395080e+01
-1.7092434600395087e+01
-1.7092434600395094e+01
-1.7092434600395077e+01
-1.7092434600395066e+01
-1.7092434600395066e+01
-1.7092434600395055e+01
-1.7092434600395023e+01
-1.3271619462561116e+01
-4.2645126920948062e+00
4.5991974499885719e+00
1.3249372909550379e+01
1.3249372909550395e+01
1.3249372909550399e+01
1.3249372909550395e+01
1.3249372909550397e+01
1.3249372909550399e+01
1.3249372909550379e+01
1.3249372909550367e+01
1.3249372909550356e+01
1.3249372909550345e+01
1.3249372909550317e+01
1.3249372909550310e+01
1.3249372909550313e+01
1.3249372909550289e+01
1.3249372909550253e+01
1.3249372909550262e+01
1.3249372909550264e+01
1.3249372909550267e+01
1.3249372909550257e+01
1.3249372909550267e+01
1.3249372909550246e+01
7.2488951694085575e+00
-1.8699566362994087e+00
-1.0826543516352549e+01
-1.0826543516352531e+01
-1.0826543516352523e+01
-1.0826543516352512e+01
-1.0826543516352505e+01
-1.0826543516352503e+01
-1.0826543516352517e+01
-1.0826543516352526e+01
-1.0826543516352523e+01
-1.0826543516352514e+01
-1.0826543516352505e+01
-1.0826543516352507e+01
-1.0826543516352494e+01
-1.0826543516352494e+01
-1.0826543516352496e+01
-1.0826543516352503e+01
-1.0826543516352494e+01
-1.0826543516352475e+01
-1.0826543516352498e+01
-1.0826543516352526e+01
-1.0826543516352533e+01
-9.2751358201805836e+00
-8.1238112981905693e-03
9.1520875474442320e+00
9.1520875474442231e+00
9.1520875474442267e+00
9.1520875474442249e+00
9.1520875474442231e+00
9.1520875474442231e+00
9.1520875474442427e+00
9.1520875474442427e+00
9.1520875474442587e+00
9.1520875474442551e+00
9.1520875474442605e+00
9.1520875474442462e+00
9.1520875474442480e+00
9.1520875474442445e+00
9.1520875474442231e+00
9.1520875474442214e+00
9.1520875474442391e+00
9.1520875474442533e+00
9.1520875474442445e+00
9.1520875474442462e+00
9.1520875474442391e+00
9.1520875474442409e+00
1.3628711672578548e+00
-7.9287595121981420e+00
-7.9287595121981500e+00
-7.9287595121981518e+00
-7.9287595121981411e+00
-7.9287595121981429e+00
-7.9287595121981393e+00
-7.9287595121981376e+00
-7.9287595121981402e+00
-7.9287595121981473e+00
-7.9287595121981340e+00
-7.9287595121981411e+00
-7.9287595121981482e+00
-7.9287595121981447e+00
-7.9287595121981322e+00
-7.9287595121981269e+00
-7.9287595121981234e+00
-7.9287595121981269e+00
-7.9287595121981322e+00
-7.9287595121981322e+00
-7.9287595121981367e+00
-7.9287595121981509e+00
-7.9287595121981473e+00
-2.3794349716095300e+00
6.9974392366053646e+00
6.9974392366053557e+00
6.9974392366053522e+00
6.9974392366053513e+00
6.9974392366053424e+00
6.9974392366053513e+00
6.9974392366053451e+00
6.9974392366053459e+00
6.9974392366053362e+00
6.9974392366053326e+00
6.9974392366053344e+00
6.9974392366053415e+00
6.9974392366053522e+00
6.9974392366053486e+00
6.9974392366053451e+00
6.9974392366053486e+00
6.9974392366053451e+00
6.9974392366053433e+00
6.9974392366053602e+00
6.9974392366053522e+00
6.9974392366053637e+00
6.9974392366053690e+00
3.1828817190514389e+00
-6.2594421997917786e+00
-6.2594421997917689e+00
-6.2594421997917689e+00
-6.2594421997917653e+00
-6.2594421997917538e+00
-6.2594421997917573e+00
-6.2594421997917555e+00
-6.2594421997917493e+00
-6.2594421997917573e+00
-6.2594421997917511e+00
-6.2594421997917591e+00
-6.2594421997917564e+00
-6.2594421997917440e+00
-6.2594421997917458e+00
-6.2594421997917351e+00
-6.2594421997917458e+00
-6.2594421997917298e+00
-6.2594421997917342e+00
-6.2594421997917253e+00
-6.2594421997917289e+00
-6.2594421997917244e+00
-6.2594421997917262e+00
-3.8343919840133531e+00
5.6582538910148763e+00
5.6582538910148807e+00
5.6582538910148887e+00
5.6582538910148781e+00
5.6582538910148763e+00
5.6582538910148870e+00
5.6582538910148878e+00
5.6582538910148896e+00
5.6582538910148861e+00
5.6582538910148861e+00
5.6582538910148923e+00
5.6582538910148905e+00
5.6582538910148896e+00
5.6582538910149012e+00
5.6582538910149101e+00
5.6582538910149101e+00
5.6582538910149172e+00
5.6582538910149109e+00
5.6582538910149127e+00
5.6582538910149074e+00
5.6582538910148994e+00
5.6582538910148896e+00
4.3739904481388914e+00
-5.1813704451203417e+00
-5.1813704451203462e+00
-5.1813704451203364e+00
-5.1813704451203311e+00
-5.1813704451203391e+00
-5.1813704451203444e+00
-5.1813704451203426e+00
-5.1813704451203373e+00
-5.1813704451203417e+00
-5.1813704451203417e+00
-5.1813704451203346e+00
-5.1813704451203364e+00
-5.1813704451203337e+00
-5.1813704451203328e+00
