0.0000000000000000e+00
-1.4634146341497659e-04
-2.9270434578832378e-04
-4.3902439024689089e-04
-5.8536584739404839e-04
-7.3172872349713401e-04
-8.7811302482800209e-04
-1.3770242182365800e-03
-2.7982025187836316e-03
-4.5486008490725786e-03
-6.8172023160181462e-03
-6.7684239431220006e-03
-6.7196479494399594e-03
-6.6506723387772613e-03
-6.5531342157804052e-03
-6.4152107182447885e-03
-6.2687829331713549e-03
-6.1223765860546914e-03
-5.9761000063308940e-03
-5.8297585429114684e-03
-5.6834384921820233e-03
-5.5370756160787963e-03
-5.3907341589314699e-03
-5.3537897959353986e-03
-5.2074617173695562e-03
-5.0611068691075213e-03
-4.9147734374519973e-03
-4.7684614161366944e-03
-4.6220824788666811e-03
-3.8223330587774914e-03
-2.7629127166150175e-03
-1.5243758227347630e-03
-2.4344709135355542e-05
1.8877090914047414e-03
1.8389307277504462e-03
1.7901499846505972e-03
1.7211595337591531e-03
1.6235841764324788e-03
1.4855755274447615e-03
1.3392897190094974e-03
1.1929825079060935e-03
1.0466067921874862e-03
9.0026532877214062e-04
7.5390244639805923e-04
6.0758240194164496e-04
4.6124094479735761e-04
4.2429658180480963e-04
2.7794168092890552e-04
1.3161365497382622e-04
-1.4735786006295309e-05
-1.6110664827953498e-04
-3.0741073527405197e-04
-4.5373623028594119e-04
-9.5870553529453810e-04
-2.1224378632838932e-03
-3.5207191545330663e-03
-5.2838768031815237e-03
-5.2350978483147511e-03
-5.1863212727192871e-03
-5.1173448392032974e-03
-5.0198055527111577e-03
-4.8818804101324886e-03
-4.7354568389471304e-03
-4.5890547044841355e-03
-4.4427739121073321e-03
-4.2964324486891529e-03
-4.1501123979616802e-03
-4.0037495218569795e-03
-3.8574080647095408e-03
-3.8204637017136009e-03
-3.6741356231513775e-03
-3.5277807748859925e-03
-3.3814473432278429e-03
-3.2351353219099528e-03
-3.0887563846466346e-03
-2.9423988710402154e-03
-2.7960627748209676e-03
-2.0147859432274860e-03
-6.7266383489814139e-04
1.0087497822805504e-03
9.5997083375274142e-04
9.1118950572295935e-04
8.4219822751855397e-04
7.4462170000004566e-04
6.0661139572002951e-04
4.6032982482824676e-04
3.1402685250756830e-04
1.6764689800698708e-04
2.1305434591176746e-05
-1.2505744778313561e-04
-2.7137749223896140e-04
-4.1771894938349746e-04
-4.5466331237651041e-04
-6.0101821325222278e-04
-7.4734623920806316e-04
-8.9369568018770620e-04
-1.0400665424617464e-03
-1.1863706294553136e-03
-1.3326961244673676e-03
-1.4790430337629280e-03
-1.7828177931592550e-03
-3.0871392443658449e-03
-4.7183785531588708e-03
-4.6695993640498354e-03
-4.6208225542343035e-03
-4.5518457895200974e-03
-4.4543060347205692e-03
-4.3163802300110457e-03
-4.1699583547628117e-03
-4.0235579157418501e-03
-3.8772754279236994e-03
-3.7309339645064739e-03
-3.5846139137789166e-03
-3.4382510376745811e-03
-3.2919095805270531e-03
-3.2549652175320552e-03
-3.1086371389713015e-03
-2.9622822907045951e-03
-2.8159488590451982e-03
-2.6696368377249987e-03
-2.5232579004632882e-03
-2.3769003868597165e-03
-2.2305642906431328e-03
-2.0842496055473829e-03
-9.9648113703367739e-04
5.9860376402241984e-04
5.4983231826159025e-04
5.0105849373080881e-04
4.3207782832585241e-04
3.3451631207212734e-04
1.9652724192863869e-04
5.0191309302051237e-05
-9.6166040664496863e-05
-2.4249161753300534e-04
-3.8883308094429499e-04
-5.3519596331378641e-04
-6.8151600777795716e-04
-8.2785746493041035e-04
-8.6480182791575700e-04
-1.0111567287588968e-03
-1.1574847547470304e-03
-1.3038341957598851e-03
-1.4502050580667211e-03
-1.5965091449957275e-03
-1.7428346399430269e-03
-1.8891815491746077e-03
-2.0355498789588872e-03
-2.8365514130026708e-03
-4.4035191367413629e-03
-4.3547832850749204e-03
-4.3060498084756971e-03
-4.2371343189717796e-03
-4.1396812059836157e-03
-4.0014837393948875e-03
-3.8551422758568293e-03
-3.7088222250101534e-03
-3.5625235805875452e-03
-3.4161178855706717e-03
-3.2697764221449469e-03
-3.1234349587298603e-03
-2.9770934953149909e-03
-2.9401491385879532e-03
-2.7938210848570725e-03
-2.6474662117610347e-03
-2.5011327552793817e-03
-2.3548207091455141e-03
-2.2084418215207353e-03
-2.0620843575396329e-03
-1.9157483109307283e-03
-1.7694336754274342e-03
-1.1814123050042711e-03
3.6407052387361775e-04
3.1541400737439100e-04
2.6675512330374935e-04
1.9764749217829848e-04
9.9906389346685807e-05
-3.7885538433423512e-05
-1.8405670034273654e-04
-3.3056846514741564e-04
-4.7690992848706363e-04
-6.2327281078580939e-04
-7.6959285527786149e-04
-9.1593431245859467e-04
-1.0622757821050180e-03
-1.0992201388305822e-03
-1.2455750148760417e-03
-1.3919030656611329e-03
-1.5382525314781949e-03
-1.6846234185965592e-03
-1.8309274559091893e-03
-1.9772529012255344e-03
-2.1235997608115712e-03
-2.2699680409344969e-03
-2.6929065194133458e-03
-4.2211279875091186e-03
-4.1725548031555952e-03
-4.1239839780412586e-03
-4.0547882880916427e-03
-3.9572273122774554e-03
-3.8192715035877253e-03
-3.6729680673896125e-03
-3.5265723304955415e-03
-3.3801980221774366e-03
-3.2338451361612485e-03
-3.0875136661789081e-03
-2.9412036059624372e-03
-2.7948650134162378e-03
-2.7579206566886276e-03
-2.6115926029508111e-03
-2.4652377298608895e-03
-2.3189042733851254e-03
-2.1725922272575263e-03
-2.0262133396208872e-03
-1.8798558756271883e-03
-1.7335198290067647e-03
-1.5872051934908182e-03
-1.2961386140493642e-03
2.2236490397665104e-04
1.7358463949044141e-04
1.2480199537405216e-04
5.5808855722253749e-05
-4.1770304719510856e-05
-1.7978433339214698e-04
-3.2605636952338538e-04
-4.7234980429404776e-04
-6.1873929634402569e-04
-7.6508075975821436e-04
-9.1144364213094266e-04
-1.0577636865872729e-03
-1.2041051437321393e-03
-1.2410495067246012e-03
