0.0000000000000000e+00
4.3902439024113607e-05
8.7802950709303909e-05
1.3170731707518754e-04
1.7560975593118927e-04
2.1951026744867558e-04
2.6340885179541770e-04
4.8363396726513932e-04
1.1649516792026891e-03
2.0108857457662417e-03
3.1159180093638830e-03
3.1012851423152361e-03
3.0866520611425611e-03
3.0659573937435762e-03
3.0366899833194879e-03
2.9952981522310233e-03
2.9513928391412983e-03
2.9074855982912412e-03
2.8635879610867730e-03
2.8196855220613782e-03
2.7757811555287151e-03
2.7318806440127575e-03
2.6879782051579251e-03
2.6768948979689084e-03
2.6329912512229447e-03
2.5890900199208706e-03
2.5451868612171476e-03
2.5012817749419164e-03
2.4573827028502786e-03
2.0867752209182957e-03
1.5863343808201584e-03
9.9633424696513712e-04
2.7558696369722806e-04
-6.5117175479887345e-04
-6.3653853459713053e-04
-6.2190552852286357e-04
-6.0121169840103355e-04
-5.7194693420836663e-04
-5.3056176974449886e-04
-4.8664623205798348e-04
-4.4273262286081104e-04
-3.9884135401441884e-04
-3.5493891498989869e-04
-3.1103840330527364e-04
-2.6713403694155049e-04
-2.2323159808600163e-04
-2.1214829090129614e-04
-1.6824705817998874e-04
-1.2434341285178830e-04
-8.0441694969333828e-05
-3.6541904362082367e-05
7.3639042246748523e-06
5.1267785175746438e-05
2.7447460442124063e-04
8.2707148646266851e-04
1.4969449259359861e-03
2.3492553826764276e-03
2.3346220948965656e-03
2.3199885929797966e-03
2.2992933305389148e-03
2.2700250785555706e-03
2.2286320572384773e-03
2.1847297920319520e-03
2.1408255993326185e-03
2.0969249139771613e-03
2.0530224749518880e-03
2.0091181084177954e-03
1.9652175969020200e-03
1.9213151580474935e-03
1.9102318508585475e-03
1.8663282041114545e-03
1.8224269728111706e-03
1.7785238141077055e-03
1.7346187278327195e-03
1.6907196557402987e-03
1.6468186564351031e-03
1.6029157297462121e-03
1.2415381981361170e-03
5.9974594283359012e-04
-2.1169204192911592e-04
-1.9705858760385011e-04
-1.8242534741388859e-04
-1.6173118621402952e-04
-1.3246595382921118e-04
-9.1080127288544480e-05
-4.7166284968610499e-05
-3.2543709900731842e-06
4.0638593074188467e-05
8.4541032098649140e-05
1.2844154378337881e-04
1.7234591014741728e-04
2.1624834900238138e-04
2.2733165618714907e-04
2.7123288890831826e-04
3.1513653423607426e-04
3.5903825211853509e-04
4.0293804272419401e-04
4.4684385131149644e-04
4.9074773226363789e-04
5.3464968574982281e-04
6.5726255010023309e-04
1.2801489269582144e-03
2.0665062827358738e-03
2.0518728527601417e-03
2.0372392086430630e-03
2.0165437450935754e-03
1.9872752086857576e-03
1.9458817851046313e-03
1.9019805499375384e-03
1.8580773873680060e-03
1.8141756718821965e-03
1.7702732328574119e-03
1.7263688663229034e-03
1.6824683548074652e-03
1.6385659159520211e-03
1.6274826087627685e-03
1.5835789620166250e-03
1.5396777307152515e-03
1.4957745720115734e-03
1.4518694857359289e-03
1.4079704136456409e-03
1.3640694143416392e-03
1.3201664876561436e-03
1.2762616334184526e-03
7.6164998805830183e-04
-6.6193684348011714e-06
8.0106701383193883e-06
2.2640494676160467e-05
4.3329825585341063e-05
7.2588227247515094e-05
1.1396439437049195e-04
1.5790297279595042e-04
2.0183962070706413e-04
2.4570785084002789e-04
2.8961028986632483e-04
3.3351080155319000e-04
3.7741516791576412e-04
4.2131760677086624e-04
4.3240091395533420e-04
4.7630214667689731e-04
5.2020579200611036e-04
5.6410750988880414e-04
6.0800730049615686e-04
6.5191310908112722e-04
6.9581699003136064e-04
7.3971894351510567e-04
7.8361896970154327e-04
1.1548597310145100e-03
1.9090745310364685e-03
1.8944648132707162e-03
1.8798548820577268e-03
1.8591929548025638e-03
1.8299718482441038e-03
1.7884749494843891e-03
1.7445725104544157e-03
1.7006681439144266e-03
1.6567618496966421e-03
1.6128651933900637e-03
1.5689627543586258e-03
1.5250603153333464e-03
1.4811578763096504e-03
1.4700745692917360e-03
1.4261709232232962e-03
1.3822696912433284e-03
1.3383665318611436e-03
1.2944614449060686e-03
1.2505623741720664e-03
1.2066613762254899e-03
1.1627584508961523e-03
1.1188535980148839e-03
8.5412047788968474e-04
1.1064238671223784e-04
1.2521982557970622e-04
1.3979705194923169e-04
1.6054978007867997e-04
1.8989783446406161e-04
2.3120968922857939e-04
2.7502566317942102e-04
3.1901456726335636e-04
3.6291700629571659e-04
4.0681751798780702e-04
4.5072188434466852e-04
4.9462432319313115e-04
5.3852676239104613e-04
5.4961006940894839e-04
5.9351130146825923e-04
6.3741494745930241e-04
6.8131666600450692e-04
7.2521645727433807e-04
7.6912226453551872e-04
8.1302614416112065e-04
8.5692809632053235e-04
9.0082812118391956e-04
1.0830385756574173e-03
1.8178718615749769e-03
1.8033505723091727e-03
1.7888290721729660e-03
1.7680206176574535e-03
1.7387523249827947e-03
1.6973592461167993e-03
1.6534533834538163e-03
1.6095558304887194e-03
1.5656563504433340e-03
1.5217549431474936e-03
1.4778516084337401e-03
1.4339463461329263e-03
1.3900436353607682e-03
1.3789603283417648e-03
1.3350566822676927e-03
1.2911554502939441e-03
1.2472522909177074e-03
1.2033472039689520e-03
1.1594481332244868e-03
1.1155471352673637e-03
1.0716442099272078e-03
1.0277393570356111e-03
9.1148393713730541e-04
1.8150046537178930e-04
1.9613450952515383e-04
2.1076833952655559e-04
2.3146333481539376e-04
2.6072974672015925e-04
3.0211724123647271e-04
3.4602681220618700e-04
3.8993445521011384e-04
4.3383169024814041e-04
4.7773412927272485e-04
5.2163464095720006e-04
5.6553900732028402e-04
6.0944144617526596e-04
6.2052475336090351e-04
