0.0000000000000000e+00
4.3902439023827479e-05
8.7802950709171148e-05
1.3170731707541747e-04
1.7560975593188170e-04
2.1951026744898978e-04
2.6340885179599146e-04
4.8363396726633731e-04
1.1649516792037926e-03
2.0108857457671499e-03
3.1159180093638067e-03
3.1012851423155218e-03
3.0866520611428994e-03
3.0659573937451704e-03
3.0366899833218493e-03
2.9952981522349421e-03
2.9513928391423109e-03
2.9074855982893699e-03
2.8635879610878884e-03
2.8196855220632617e-03
2.7757811555297216e-03
2.7318806440138356e-03
2.6879782051584832e-03
2.6768948979701136e-03
2.6329912512254982e-03
2.5890900199230654e-03
2.5451868612167200e-03
2.5012817749391430e-03
2.4573827028518745e-03
2.0867752209204659e-03
1.5863343808219191e-03
9.9633424696679660e-04
2.7558696369893123e-04
-6.5117175479702542e-04
-6.3653853459484915e-04
-6.2190552852026853e-04
-6.0121169839951328e-04
-5.7194693420735843e-04
-5.3056176974396294e-04
-4.8664623205583134e-04
-4.4273262285743229e-04
-3.9884135401265094e-04
-3.5493891498816543e-04
-3.1103840330375804e-04
-2.6713403693994376e-04
-2.2323159808429900e-04
-2.1214829089941759e-04
-1.6824705817768788e-04
-1.2434341284950806e-04
-8.0441694966903020e-05
-3.6541904360218685e-05
7.3639042261049277e-06
5.1267785177069083e-05
2.7447460442262521e-04
8.2707148646492918e-04
1.4969449259395447e-03
2.3492553826797973e-03
2.3346220949005689e-03
2.3199885929843372e-03
2.2992933305438341e-03
2.2700250785615949e-03
2.2286320572463022e-03
2.1847297920353391e-03
2.1408255993311193e-03
2.0969249139805492e-03
2.0530224749554116e-03
2.0091181084214232e-03
1.9652175969057128e-03
1.9213151580498703e-03
1.9102318508610156e-03
1.8663282041164210e-03
1.8224269728129873e-03
1.7785238141066312e-03
1.7346187278279210e-03
1.6907196557420373e-03
1.6468186564423464e-03
1.6029157297605219e-03
1.2415381981375059e-03
5.9974594283578714e-04
-2.1169204192693017e-04
-1.9705858760202282e-04
-1.8242534741114264e-04
-1.6173118621093767e-04
-1.3246595382607250e-04
-9.1080127284977089e-05
-4.7166284966284513e-05
-3.2543709884774597e-06
4.0638593076200238e-05
8.4541032100634775e-05
1.2844154378565477e-04
1.7234591014920602e-04
2.1624834900470328e-04
2.2733165618966570e-04
2.7123288891076921e-04
3.1513653423862598e-04
3.5903825212189552e-04
4.0293804272852692e-04
4.4684385131543502e-04
4.9074773226601663e-04
5.3464968575013343e-04
6.5726255010398649e-04
1.2801489269623834e-03
2.0665062827386936e-03
2.0518728527626653e-03
2.0372392086462823e-03
2.0165437450969104e-03
1.9872752086891208e-03
1.9458817851078459e-03
1.9019805499405039e-03
1.8580773873698934e-03
1.8141756718855918e-03
1.7702732328597915e-03
1.7263688663260528e-03
1.6824683548108199e-03
1.6385659159558990e-03
1.6274826087667982e-03
1.5835789620191707e-03
1.5396777307185644e-03
1.4957745720147366e-03
1.4518694857396010e-03
1.4079704136485474e-03
1.3640694143445165e-03
1.3201664876584223e-03
1.2762616334197373e-03
7.6164998806152668e-04
-6.6193684312449137e-06
8.0106701411539485e-06
2.2640494680234228e-05
4.3329825588918483e-05
7.2588227252503115e-05
1.1396439437612989e-04
1.5790297279898773e-04
2.0183962070802913e-04
2.4570785084311424e-04
2.8961028986968857e-04
3.3351080155662513e-04
3.7741516792025591e-04
4.2131760677499000e-04
4.3240091395999871e-04
4.7630214668368295e-04
5.2020579200950131e-04
5.6410750988981700e-04
6.0800730049440695e-04
6.5191310908552496e-04
6.9581699004049417e-04
7.3971894352947340e-04
7.8361896972152663e-04
1.1548597310184288e-03
1.9090745310396181e-03
1.8944648132738456e-03
1.8798548820614536e-03
1.8591929548056479e-03
1.8299718482473995e-03
1.7884749494880934e-03
1.7445725104577973e-03
1.7006681439180257e-03
1.6567618497003967e-03
1.6128651933937439e-03
1.5689627543616759e-03
1.5250603153367697e-03
1.4811578763126625e-03
1.4700745692950835e-03
1.4261709232252988e-03
1.3822696912478422e-03
1.3383665318678806e-03
1.2944614449157176e-03
1.2505623741779874e-03
1.2066613762262855e-03
1.1627584508931983e-03
1.1188535980081271e-03
8.5412047789496458e-04
1.1064238671801181e-04
1.2521982558564014e-04
1.3979705195463384e-04
1.6054978008389349e-04
1.8989783446941237e-04
2.3120968923279916e-04
2.7502566318384527e-04
3.1901456726842890e-04
3.6291700629967718e-04
4.0681751799206452e-04
4.5072188435016104e-04
4.9462432319980767e-04
5.3852676239644947e-04
5.4961006941462473e-04
5.9351130147403087e-04
6.3741494746333803e-04
6.8131666600882107e-04
7.2521645727683553e-04
7.6912226453912358e-04
8.1302614416605898e-04
8.5692809632692546e-04
9.0082812119094346e-04
1.0830385756598177e-03
1.8178718615764957e-03
1.8033505723101090e-03
1.7888290721733971e-03
1.7680206176581732e-03
1.7387523249833290e-03
1.6973592461166696e-03
1.6534533834539392e-03
1.6095558304872705e-03
1.5656563504402960e-03
1.5217549431435604e-03
1.4778516084293001e-03
1.4339463461277824e-03
1.3900436353592896e-03
1.3789603283408608e-03
1.3350566822687541e-03
1.2911554502937933e-03
1.2472522909152376e-03
1.2033472039657727e-03
1.1594481332235301e-03
1.1155471352681679e-03
1.0716442099304303e-03
1.0277393570408615e-03
9.1148393713625991e-04
1.8150046537042982e-04
1.9613450952348955e-04
2.1076833952450447e-04
2.3146333481352381e-04
2.6072974671803345e-04
3.0211724123461656e-04
3.4602681220343172e-04
3.8993445520718367e-04
4.3383169024596756e-04
4.7773412926966529e-04
5.2163464095364475e-04
5.6553900731756235e-04
6.0944144617275679e-04
6.2052475335789713e-04
