0.0000000000000000e+00
0.0000000000000000e+00
0.0000000000000000e+00
0.0000000000000000e+00
0.0000000000000000e+00
0.0000000000000000e+00
0.0000000000000000e+00
3.5263683243149237e-04
1.6275363640508747e-03
3.2315283297762480e-03
5.3537897959353318e-03
5.3537897959353318e-03
5.3537897959353318e-03
5.3537897959353318e-03
5.3537897959353318e-03
5.3537897959353318e-03
5.3537897959353318e-03
5.3537897959353318e-03
5.3537897959353318e-03
5.3537897959353318e-03
5.3537897959353318e-03
5.3537897959353318e-03
5.3537897959353318e-03
5.3537897959353318e-03
5.3537897959353318e-03
5.3537897959353318e-03
5.3537897959353318e-03
5.3537897959353318e-03
5.3537897959353318e-03
6.0072396228242411e-03
6.9202774947758781e-03
8.0124722231738853e-03
9.3661622550097069e-03
1.1131876173673550e-02
1.1131876173673550e-02
1.1131876173673550e-02
1.1131876173673550e-02
1.1131876173673550e-02
1.1131876173673550e-02
1.1131876173673550e-02
1.1131876173673550e-02
1.1131876173673550e-02
1.1131876173673550e-02
1.1131876173673550e-02
1.1131876173673550e-02
1.1131876173673550e-02
1.1131876173673550e-02
1.1131876173673550e-02
1.1131876173673550e-02
1.1131876173673550e-02
1.1131876173673550e-02
1.1131876173673550e-02
1.1131876173673550e-02
1.1490492560445842e-02
1.2507911054705421e-02
1.3759819133562622e-02
1.5376636457192359e-02
1.5376636457192359e-02
1.5376636457192359e-02
1.5376636457192359e-02
1.5376636457192359e-02
1.5376636457192359e-02
1.5376636457192359e-02
1.5376636457192359e-02
1.5376636457192359e-02
1.5376636457192359e-02
1.5376636457192359e-02
1.5376636457192359e-02
1.5376636457192359e-02
1.5376636457192359e-02
1.5376636457192359e-02
1.5376636457192359e-02
1.5376636457192359e-02
1.5376636457192359e-02
1.5376636457192359e-02
1.5376636457192359e-02
1.5376636457192359e-02
1.6011622494286407e-02
1.7207379304569937e-02
1.8742436846530177e-02
1.8742436846530177e-02
1.8742436846530177e-02
1.8742436846530177e-02
1.8742436846530177e-02
1.8742436846530177e-02
1.8742436846530177e-02
1.8742436846530177e-02
1.8742436846530177e-02
1.8742436846530177e-02
1.8742436846530177e-02
1.8742436846530177e-02
1.8742436846530177e-02
1.8742436846530177e-02
1.8742436846530177e-02
1.8742436846530177e-02
1.8742436846530177e-02
1.8742436846530177e-02
1.8742436846530177e-02
1.8742436846530177e-02
1.8742436846530177e-02
1.8899859821662399e-02
2.0058001109740306e-02
2.1542738751685206e-02
2.1542738751685206e-02
2.1542738751685206e-02
2.1542738751685206e-02
2.1542738751685206e-02
2.1542738751685206e-02
2.1542738751685206e-02
2.1542738751685206e-02
2.1542738751685206e-02
2.1542738751685206e-02
2.1542738751685206e-02
2.1542738751685206e-02
2.1542738751685206e-02
2.1542738751685206e-02
2.1542738751685206e-02
2.1542738751685206e-02
2.1542738751685206e-02
2.1542738751685206e-02
2.1542738751685206e-02
2.1542738751685206e-02
2.1542738751685206e-02
2.1542738751685206e-02
2.2484309798420317e-02
2.3932902141300044e-02
2.3932902141300044e-02
2.3932902141300044e-02
2.3932902141300044e-02
2.3932902141300044e-02
2.3932902141300044e-02
2.3932902141300044e-02
2.3932902141300044e-02
2.3932902141300044e-02
2.3932902141300044e-02
2.3932902141300044e-02
2.3932902141300044e-02
2.3932902141300044e-02
2.3932902141300044e-02
2.3932902141300044e-02
2.3932902141300044e-02
2.3932902141300044e-02
2.3932902141300044e-02
2.3932902141300044e-02
2.3932902141300044e-02
2.3932902141300044e-02
2.3932902141300044e-02
2.4587621174754000e-02
2.6008249451971950e-02
2.6008249451971950e-02
2.6008249451971950e-02
2.6008249451971950e-02
2.6008249451971950e-02
2.6008249451971950e-02
2.6008249451971950e-02
2.6008249451971950e-02
2.6008249451971950e-02
2.6008249451971950e-02
2.6008249451971950e-02
2.6008249451971950e-02
2.6008249451971950e-02
2.6008249451971950e-02
2.6008249451971950e-02
2.6008249451971950e-02
2.6008249451971950e-02
2.6008249451971950e-02
2.6008249451971950e-02
2.6008249451971950e-02
2.6008249451971950e-02
2.6008249451971950e-02
2.6449924181135800e-02
2.7849178451731991e-02
2.7849178451731991e-02
2.7849178451731991e-02
2.7849178451731991e-02
2.7849178451731991e-02
2.7849178451731991e-02
2.7849178451731991e-02
2.7849178451731991e-02
2.7849178451731991e-02
2.7849178451731991e-02
2.7849178451731991e-02
2.7849178451731991e-02
2.7849178451731991e-02
2.7849178451731991e-02
2.7849178451731991e-02
2.7849178451731991e-02
2.7849178451731991e-02
2.7849178451731991e-02
2.7849178451731991e-02
2.7849178451731991e-02
2.7849178451731991e-02
2.7849178451731991e-02
2.8125793468619712e-02
2.9507878969589670e-02
2.9507878969589670e-02
2.9507878969589670e-02
2.9507878969589670e-02
2.9507878969589670e-02
2.9507878969589670e-02
2.9507878969589670e-02
2.9507878969589670e-02
2.9507878969589670e-02
2.9507878969589670e-02
2.9507878969589670e-02
2.9507878969589670e-02
2.9507878969589670e-02
2.9507878969589670e-02
2.9507878969589670e-02
2.9507878969589670e-02
2.9507878969589670e-02
2.9507878969589670e-02
2.9507878969589670e-02
2.9507878969589670e-02
2.9507878969589670e-02
2.9507878969589670e-02
2.9652588001829520e-02
3.1024750119552774e-02
3.1024750119552774e-02
3.1024750119552774e-02
3.1024750119552774e-02
3.1024750119552774e-02
3.1024750119552774e-02
3.1024750119552774e-02
3.1024750119552774e-02
3.1024750119552774e-02
3.1024750119552774e-02
3.1024750119552774e-02
3.1024750119552774e-02
3.1024750119552774e-02
3.1024750119552774e-02
