2.0000000000000020e+02
2.0000000000000020e+02
2.0000000000000020e+02
2.0000000000000020e+02
2.0000000000000020e+02
2.0000000000000020e+02
2.0000000000000020e+02
2.0209359453554723e+02
2.0930356924469754e+02
2.1762528885741133e+02
2.2747416826224884e+02
2.2747416826224884e+02
2.2747416826224884e+02
2.2747416826224884e+02
2.2747416826224884e+02
2.2747416826224884e+02
2.2747416826224884e+02
2.2747416826224884e+02
2.2747416826224884e+02
2.2747416826224884e+02
2.2747416826224884e+02
2.2747416826224884e+02
2.2747416826224884e+02
2.2747416826224884e+02
2.2747416826224884e+02
2.2747416826224884e+02
2.2747416826224884e+02
2.2747416826224884e+02
2.2747416826224884e+02
2.3026266629256747e+02
2.3398027663137466e+02
2.3816794912503710e+02
2.4299149594306758e+02
2.4872221509661117e+02
2.4872221509661117e+02
2.4872221509661117e+02
2.4872221509661117e+02
2.4872221509661117e+02
2.4872221509661117e+02
2.4872221509661117e+02
2.4872221509661117e+02
2.4872221509661117e+02
2.4872221509661117e+02
2.4872221509661117e+02
2.4872221509661117e+02
2.4872221509661117e+02
2.4872221509661117e+02
2.4872221509661117e+02
2.4872221509661117e+02
2.4872221509661117e+02
2.4872221509661117e+02
2.4872221509661117e+02
2.4872221509661117e+02
2.4981377270602198e+02
2.5278576091124617e+02
2.5620231167706839e+02
2.6025150421265397e+02
2.6025150421265397e+02
2.6025150421265397e+02
2.6025150421265397e+02
2.6025150421265397e+02
2.6025150421265397e+02
2.6025150421265397e+02
2.6025150421265397e+02
2.6025150421265397e+02
2.6025150421265397e+02
2.6025150421265397e+02
2.6025150421265397e+02
2.6025150421265397e+02
2.6025150421265397e+02
2.6025150421265397e+02
2.6025150421265397e+02
2.6025150421265397e+02
2.6025150421265397e+02
2.6025150421265397e+02
2.6025150421265397e+02
2.6025150421265397e+02
2.6173740311695570e+02
2.6438640568620934e+02
2.6752001754235232e+02
2.6752001754235232e+02
2.6752001754235232e+02
2.6752001754235232e+02
2.6752001754235232e+02
2.6752001754235232e+02
2.6752001754235232e+02
2.6752001754235232e+02
2.6752001754235232e+02
2.6752001754235232e+02
2.6752001754235232e+02
2.6752001754235232e+02
2.6752001754235232e+02
2.6752001754235232e+02
2.6752001754235232e+02
2.6752001754235232e+02
2.6752001754235232e+02
2.6752001754235232e+02
2.6752001754235232e+02
2.6752001754235232e+02
2.6752001754235232e+02
2.6782535896783963e+02
2.6998521422529905e+02
2.7254341964043084e+02
2.7254341964043084e+02
2.7254341964043084e+02
2.7254341964043084e+02
2.7254341964043084e+02
2.7254341964043084e+02
2.7254341964043084e+02
2.7254341964043084e+02
2.7254341964043084e+02
2.7254341964043084e+02
2.7254341964043084e+02
2.7254341964043084e+02
2.7254341964043084e+02
2.7254341964043084e+02
2.7254341964043084e+02
2.7254341964043084e+02
2.7254341964043084e+02
2.7254341964043084e+02
2.7254341964043084e+02
2.7254341964043084e+02
2.7254341964043084e+02
2.7254341964043084e+02
2.7405155725245146e+02
2.7621164780021638e+02
2.7621164780021638e+02
2.7621164780021638e+02
2.7621164780021638e+02
2.7621164780021638e+02
2.7621164780021638e+02
2.7621164780021638e+02
2.7621164780021638e+02
2.7621164780021638e+02
2.7621164780021638e+02
2.7621164780021638e+02
2.7621164780021638e+02
2.7621164780021638e+02
2.7621164780021638e+02
2.7621164780021638e+02
2.7621164780021638e+02
2.7621164780021638e+02
2.7621164780021638e+02
2.7621164780021638e+02
2.7621164780021638e+02
2.7621164780021638e+02
2.7621164780021638e+02
2.7712801233983328e+02
2.7899679135082260e+02
2.7899679135082260e+02
2.7899679135082260e+02
2.7899679135082260e+02
2.7899679135082260e+02
2.7899679135082260e+02
2.7899679135082260e+02
2.7899679135082260e+02
2.7899679135082260e+02
2.7899679135082260e+02
2.7899679135082260e+02
2.7899679135082260e+02
2.7899679135082260e+02
2.7899679135082260e+02
2.7899679135082260e+02
2.7899679135082260e+02
2.7899679135082260e+02
2.7899679135082260e+02
2.7899679135082260e+02
2.7899679135082260e+02
2.7899679135082260e+02
2.7899679135082260e+02
2.7954607623731363e+02
2.8119318171378126e+02
2.8119318171378126e+02
2.8119318171378126e+02
2.8119318171378126e+02
2.8119318171378126e+02
2.8119318171378126e+02
2.8119318171378126e+02
2.8119318171378126e+02
2.8119318171378126e+02
2.8119318171378126e+02
2.8119318171378126e+02
2.8119318171378126e+02
2.8119318171378126e+02
2.8119318171378126e+02
2.8119318171378126e+02
2.8119318171378126e+02
2.8119318171378126e+02
2.8119318171378126e+02
2.8119318171378126e+02
2.8119318171378126e+02
2.8119318171378126e+02
2.8119318171378126e+02
2.8150274064992317e+02
2.8297475150508103e+02
2.8297475150508103e+02
2.8297475150508103e+02
2.8297475150508103e+02
2.8297475150508103e+02
2.8297475150508103e+02
2.8297475150508103e+02
2.8297475150508103e+02
2.8297475150508103e+02
2.8297475150508103e+02
2.8297475150508103e+02
2.8297475150508103e+02
2.8297475150508103e+02
2.8297475150508103e+02
2.8297475150508103e+02
2.8297475150508103e+02
2.8297475150508103e+02
2.8297475150508103e+02
2.8297475150508103e+02
2.8297475150508103e+02
2.8297475150508103e+02
2.8297475150508103e+02
2.8312193405511960e+02
2.8445583730414552e+02
2.8445583730414552e+02
2.8445583730414552e+02
2.8445583730414552e+02
2.8445583730414552e+02
2.8445583730414552e+02
2.8445583730414552e+02
2.8445583730414552e+02
2.8445583730414552e+02
2.8445583730414552e+02
2.8445583730414552e+02
2.8445583730414552e+02
2.8445583730414552e+02
2.8445583730414552e+02
