0.0000000000000000e+00
-2.2853361040538813e-10
-3.2930203671517775e-03
5.1754209116590214e-10
6.7546297874344600e-07
-3.2916693156409319e-03
-9.8777092231865128e-03
-2.6204184868557035e-04
-6.4453742183502036e-03
-6.8955069542587312e-05
-2.5413247571062368e-04
7.5545845206442206e-08
-1.1151863572429729e-04
-8.9375107350527958e-04
-3.2486982533124808e-03
-9.0761491857807887e-03
1.2700936227504917e-09
5.7807186332036577e-03
3.6584988757800111e-10
7.3214529239304096e-10
-3.2923444303127368e-03
9.3055024125382030e-10
-6.7363298467010481e-07
5.6877754544032065e-10
-2.0591358501945616e-03
9.3086295559734813e-10
-1.2336294925857727e-03
-5.7593522477158883e-03
1.5355417285249721e-09
2.8816205915388423e-03
5.7722225243014989e-05
1.0409985948484424e-05
3.2951730578052363e-05
1.1392628415623189e-04
3.5247777588394452e-08
-4.7968657405552897e-04
-1.7826769718570252e-03
-4.8746311361532848e-03
-1.1746165149243697e-02
2.5667048941564162e-09
8.4546232141649719e-03
1.2564706148796205e-09
1.1817092976851216e-09
-3.2930193229154265e-03
8.4813912890079286e-10
6.7590267709975182e-07
6.0943662286654794e-10
-2.0647992478508336e-03
8.5083761078466553e-10
-1.2277959847147480e-03
-5.7488640744512206e-03
1.3786892066674855e-09
2.4570239379731011e-03
-4.0099602054488397e-04
-2.9694909741358748e-03
-3.7861666369367444e-05
-1.5714816158292550e-04
2.4073116339117390e-08
-2.0861770630970739e-04
-1.1281160084223325e-03
-3.6772259695530812e-03
-9.7793436136972799e-03
2.4664180569140744e-09
6.4841665976282329e-03
1.2654356197080005e-09
1.4215672188789109e-09
-3.2923442261274401e-03
1.4087259089318109e-09
-6.7315837367572768e-07
9.9041797258520063e-10
-2.0591359343379292e-03
1.1587260886503100e-09
-1.2336288829933224e-03
-5.7593516111788820e-03
1.5769119255583879e-09
2.4658285393702561e-03
1.6388041119450886e-03
2.7131925124054381e-03
1.0334751497276364e-03
9.0783815103279714e-05
1.8769352226454087e-08
-4.5658651135326001e-04
-1.7269010596082852e-03
-4.7726770028148485e-03
-1.1578969897087467e-02
2.3086625911102144e-09
8.2876326287003345e-03
7.9120606593936910e-10
7.1852827822456920e-10
-3.2930197074635347e-03
5.3204208233067218e-10
6.7545826694096895e-07
1.8600764820003360e-10
-2.0647999250495335e-03
-4.7339055115094148e-11
-1.2277966698821092e-03
-5.7488650825502433e-03
7.6476121098234953e-10
2.4570232960586880e-03
1.6215285476808468e-03
-1.7877190137737073e-05
-1.5123270434968484e-02
-1.2880171845122533e-04
1.5804611486220040e-08
-2.3698464191931458e-04
-1.1965955704474785e-03
-3.8024483284955137e-03
-9.9848416148811524e-03
1.6391284502449325e-09
6.6897571310201073e-03
1.5951812292987661e-10
9.1355630987729525e-11
-3.2923454850597904e-03
2.4293624999088513e-10
-6.7423923278001279e-07
-3.5707166140830435e-10
-2.0591381716925415e-03
-2.2745079444529196e-10
-1.2336295309737886e-03
-5.7593512274742333e-03
7.3540606594515393e-10
2.4658262829806710e-03
1.6388007190164184e-03
-2.4804020709165136e-03
1.0570427026728309e-02
5.5002699447396814e-04
1.3750813854019391e-08
-9.1571360586836900e-04
-2.8351099528977483e-03
-6.7983957748814668e-03
-1.4901383343718464e-02
1.8770797035021469e-09
1.1607306697316185e-02
-7.3588824882212013e-10
5.2139176060626898e-10
-3.2930185423162136e-03
6.1310510654885028e-10
6.7442121721240266e-07
-6.6793865955629090e-12
-2.0647954936101201e-03
1.8461416381907256e-10
-1.2278010986889784e-03
-5.7488737500940822e-03
5.4779617113202935e-10
2.4570317666132461e-03
1.6215455962511724e-03
-2.5071326981839712e-03
-3.8891489369427233e-03
-4.3514017592791443e-03
1.2726514056525681e-08
3.9863825616927749e-03
9.0008385357111895e-03
1.4846231443385543e-02
-1.9462517357078404e-08
-7.1865505286933725e-09
-3.2923409816540618e-03
-9.8763459757754673e-03
1.4558456511389439e-09
-1.8546156098944059e-10
-4.3288298561570736e-10
-2.2435635428965101e-10
-1.4060196327392253e-10
-2.0618074752850727e-03
-2.3072968099937356e-11
-1.2309604498290910e-03
-5.7540146370704832e-03
5.8941662873168676e-10
2.4604910435908176e-03
1.6281321434413567e-03
-2.4964020307828415e-03
7.5081500291430102e-04
7.6938517485444597e-03
1.1678451212462381e-08
-8.0576126284802613e-03
-1.2132377913999634e-08
1.0140997289612251e-02
-2.5596497083162951e-08
-1.3945789971641998e-02
-1.7317310718912516e-08
-5.5927042704082382e-09
-3.2930141132467886e-03
-5.7846831141622460e-10
6.6762631600866010e-07
-1.3113832121612742e-09
-1.1843953846563404e-09
-2.0621254710677973e-03
-1.1566132005247152e-09
-1.2304740906650595e-03
-5.7542196834172339e-03
-4.6201115653953239e-10
2.4623774234589523e-03
1.6322396664781127e-03
-2.4910882371293849e-03
-1.6215058545525804e-04
-1.9974101774818998e-02
1.0148354882829734e-08
1.9611965039688064e-02
-4.2063536186439803e-08
-1.4616339353036057e-08
-2.4979630802659286e-03
-8.3451162493751452e-03
8.5439930988325224e-10
5.0510623943148727e-03
6.8087436554671180e-03
5.2737197138246917e-03
4.4666500339420349e-04
-7.2477907818442374e-10
-9.1917894229878802e-10
-2.0618086526392743e-03
-5.5399845214922541e-10
-1.2309604894711311e-03
-5.7540139439269207e-03
2.5157130505777594e-10
2.4604899489854902e-03
1.6281299130868167e-03
-2.4964051737402329e-03
1.1051423382560334e-05
1.3884631592024050e-05
1.0633540546577841e-08
-3.7972575185742151e-04
-1.5413687905935338e-03
-4.4335356210140819e-03
-1.1022742370581901e-02
1.0185313371430068e-09
7.7318805930179533e-03
-4.9380215887620772e-10
-6.2347537217929072e-10
-3.2930211854543413e-03
-9.7836066338530817e-10
6.7384088831842244e-07
-1.2619229295674271e-09
