0.0000000000000000e+00
2.9999999999987818e+01
6.0003073678470926e+01
9.0000000000806153e+01
1.1999999898594511e+02
1.5000307164916887e+02
1.8000921900603146e+02
2.0999930927326031e+02
2.3998398357050394e+02
2.6999983887370371e+02
2.9999946496398832e+02
2.9000000020348506e+02
2.8000087686098038e+02
2.6586056378211572e+02
2.4586430658885098e+02
2.1758765861363304e+02
1.8757359313387582e+02
1.5756260426195794e+02
1.2757359313118940e+02
9.7573593130341294e+01
6.7576665792780460e+01
3.7573593129766699e+01
7.5735941447522199e+00
1.5040216477596061e-10
2.9998079760373642e+01
5.9999999999330925e+01
8.9998846940778861e+01
1.1999462159945803e+02
1.4999999999842902e+02
1.7999026395687190e+02
2.0999979990943558e+02
2.3999996275815982e+02
2.6999987550298937e+02
2.9999951889780164e+02
2.8999999990505648e+02
2.8000013945834240e+02
2.6585761822173163e+02
2.4585590675144414e+02
2.1756688232258057e+02
1.8757359312634568e+02
1.5757723300192518e+02
1.2757359312834312e+02
9.7573593128208799e+01
6.7570519449744907e+01
3.7573593128099084e+01
7.5735941434542813e+00
-1.3200006831189651e-10
3.0001928759536607e+01
6.0000000000382613e+01
9.0001144282561384e+01
1.2000536262134253e+02
1.5000000000142805e+02
1.7999770928788232e+02
2.0999891431833538e+02
2.3999222283495564e+02
2.6999990402701565e+02
2.9999962294128619e+02
2.9000000006246512e+02
2.8000071860864114e+02
2.6586018193855409e+02
2.4586360856363018e+02
2.1758651348790048e+02
1.8757359313344588e+02
1.5756374923435001e+02
1.2757359313082426e+02
9.7573593130163047e+01
6.7576665792768381e+01
3.7573593129566355e+01
7.5735941445440407e+00
5.2554838296401196e-11
2.9998079760094754e+01
5.9999999999570079e+01
8.9998846941432291e+01
1.1999462160056808e+02
1.4999999999846813e+02
1.8000230395719029e+02
2.1000153449211314e+02
2.3999071760873974e+02
2.6999627559512089e+02
2.9999964809142324e+02
2.8999999994925150e+02
2.8000001034527997e+02
2.6585730643914286e+02
2.4585533660820451e+02
2.1756594674800743e+02
1.8757359312625391e+02
1.5757816874834327e+02
1.2757359312844562e+02
9.7573593128273671e+01
6.7570519449703539e+01
3.7573593128149362e+01
7.5735941435570888e+00
6.3034706291048074e-12
3.0001928759381656e+01
6.0000000000271989e+01
9.0001144282446347e+01
1.2000536262123896e+02
1.5000000000125991e+02
1.7999770928779228e+02
2.0999849149554197e+02
2.3999995150728364e+02
2.6996084279138603e+02
2.9999968228275765e+02
2.9000000004241480e+02
2.8000065923002666e+02
2.6586003861923240e+02
2.4586334654420568e+02
2.1758608362144400e+02
1.8757359313286980e+02
1.5756417903584767e+02
1.2757359313031210e+02
9.7573593129783561e+01
6.7576665792383309e+01
3.7573593129285634e+01
7.5735941442344270e+00
1.3524990795270021e-10
2.9998079760230695e+01
5.9999999999765819e+01
8.9998846941660503e+01
1.1999462160097275e+02
1.4999999999882650e+02
1.8000230395733095e+02
2.1000153449194045e+02
2.3999769261763817e+02
2.6996294375067890e+02
2.9999792633681341e+02
2.8999999996109347e+02
2.8000173222324656e+02
2.6586146357373195e+02
2.4586293805607258e+02
2.1757841987170724e+02
1.8757359312906323e+02
1.5756569346393346e+02
1.2757359312891190e+02
9.7573593129109554e+01
6.7570519450986140e+01
3.7573593128200784e+01
7.5735941424058772e+00
1.1448069510166703e-10
3.0001928754397792e+01
6.0000000000336307e+01
9.0001144287513753e+01
1.2000536263145084e+02
1.5000000000142870e+02
1.7999770927795237e+02
2.0999849147577800e+02
2.4000234761007320e+02
2.6998970742499881e+02
2.9998910906063776e+02
2.9000000003480858e+02
2.8001123187986934e+02
2.6588556231398576e+02
2.4591001230858853e+02
2.1757359315754076e+02
1.8757359313716887e+02
1.5757666578007240e+02
1.2758281007142247e+02
9.7573593131941863e+01
6.7573593129037519e+01
3.7573593128846206e+01
7.5735931288720435e+00
1.0083840848264264e-10
2.9998075737831222e+01
5.9999999999612356e+01
8.9998850962597771e+01
1.1999462964178400e+02
1.4999999999866785e+02
1.8000229591844533e+02
2.1000151841669742e+02
2.3999766850842059e+02
2.6999743108016389e+02
2.9997150831317117e+02
2.8999999996684357e+02
2.8002815178205338e+02
2.6585786436112528e+02
2.4581688187688169e+02
2.1757359309107198e+02
1.8761408320543455e+02
1.5757359311141505e+02
1.2757359312208239e+02
9.7570519454261273e+01
6.7573593127996205e+01
3.7573594138695242e+01
7.5735931287222282e+00
1.8143824461428352e-10
3.0001924739674827e+01
6.0000000000412669e+01
9.0001148303741019e+01
1.2000537066482450e+02
1.5000000000156055e+02
1.7999770124253479e+02
2.0999847540251287e+02
2.4000232349654226e+02
2.6999956469788566e+02
2.9994951317816520e+02
2.9000000003045466e+02
2.8005082566397590e+02
2.6585786442145320e+02
2.4585786439053243e+02
2.1757592442977841e+02
1.8758138114788395e+02
1.5757359313148709e+02
1.2756888035093345e+02
9.7567241790114522e+01
6.7568676434195822e+01
3.7573183267952381e+01
7.5735931295839958e+00
4.3784308491570606e-10
2.9998075739070170e+01
5.9999999999233509e+01
8.9998850960659269e+01
1.1999462963817919e+02
1.4999999999809327e+02
1.8000229592098526e+02
2.1000151842225787e+02
2.3999766851715506e+02
2.6999996271065891e+02
2.9999994863944784e+02
2.8999999996935350e+02
2.7999970982008483e+02
2.6585658084870067e+02
2.4585400982485223e+02
2.1756376962968116e+02
1.8757359312537776e+02
1.5758034624557621e+02
1.2757359312777807e+02
9.7573593127892153e+01
6.7570519449687438e+01
3.7573593128103134e+01
7.5735941435072132e+00
3.1841260654047279e-10
