0.0000000000000000e+00
-3.0000000000193779e+01
-6.0006366698831265e+01
-9.0000000000320398e+01
-1.1999999831054478e+02
-1.5000636331852201e+02
-1.8001909671530154e+02
-2.0999957131517664e+02
-2.3999042894475315e+02
-2.6999990782878098e+02
-2.9999971909644484e+02
-2.9000000012792668e+02
-2.8000098837960712e+02
-2.6586145753324149e+02
-2.4586755528722966e+02
-2.1759673476304729e+02
-1.8757359313263262e+02
-1.5755682354314419e+02
-1.2757359313086468e+02
-9.7573593129671551e+01
-6.7579958137218753e+01
-3.7573593128834901e+01
-7.5735948183407764e+00
3.4956075346956763e-10
2.9996020624420563e+01
6.0000000000227864e+01
8.9997613311405800e+01
1.1998886224747564e+02
1.4999999999989819e+02
1.7999314557741403e+02
2.0999985763163124e+02
2.3999997316814472e+02
2.6999990845471820e+02
2.9999963282408271e+02
2.8999999994028246e+02
2.7999965977171627e+02
2.6585583554480394e+02
2.4585103212039832e+02
2.1755513615755265e+02
1.8757359312891435e+02
1.5758568762503867e+02
1.2757359312962947e+02
9.7573593129422932e+01
6.7567226430467187e+01
3.7573593128999526e+01
7.5735948193875169e+00
6.8510326980678284e-10
-3.0003993558802193e+01
-5.9999999999541522e+01
-9.0002372078570318e+01
-1.2001111148540529e+02
-1.5000000000000222e+02
-1.7999525226388732e+02
-2.0999931531434015e+02
-2.3999519232594631e+02
-2.6999994188873842e+02
-2.9999978008947045e+02
-2.9000000003844025e+02
-2.8000092722644172e+02
-2.6586131005467297e+02
-2.4586728578983133e+02
-2.1759629283186578e+02
-1.8757359313102006e+02
-1.5755726506740936e+02
-1.2757359312958098e+02
-9.7573593128753885e+01
-6.7579958137045168e+01
-3.7573593128187539e+01
-7.5735948176578889e+00
1.0339070669684320e-09
2.9996020623974733e+01
6.0000000000801855e+01
8.9997613312825180e+01
1.1998886224951030e+02
1.5000000000009382e+02
1.8000476978533484e+02
2.1000317329526735e+02
2.3999343080129498e+02
2.6999730907024446e+02
2.9999973887522390e+02
2.8999999996802609e+02
2.7999955375871957e+02
2.6585557953801555e+02
2.4585056393112620e+02
2.1755436777799775e+02
1.8757359312855078e+02
1.5758645638101964e+02
1.2757359312925884e+02
9.7573593129017752e+01
6.7567226430008859e+01
3.7573593128716794e+01
7.5735948190156019e+00
2.8571630573600830e-10
-3.0003993559277919e+01
-6.0000000000293809e+01
-9.0002372079120533e+01
-1.2001111148640742e+02
-1.5000000000055010e+02
-1.7999525226443569e+02
-2.0999686996678292e+02
-2.3999996938451878e+02
-2.6997596606185732e+02
-2.9999981108445115e+02
-2.9000000002656162e+02
-2.8000089621466020e+02
-2.6586123521479794e+02
-2.4586714899255242e+02
-2.1759606846309237e+02
-1.8757359313121725e+02
-1.5755748927858403e+02
-1.2757359313013654e+02
-9.7573593129618303e+01
-6.7579958137850056e+01
-3.7573593129048085e+01
-7.5735948184896813e+00
-1.9728348159943680e-10
2.9996020622131127e+01
5.9999999999556756e+01
8.9997613312140288e+01
1.1998886224972489e+02
1.4999999999960949e+02
1.8000476978368721e+02
2.1000317329277152e+02
2.3999521221575995e+02
2.6997351417772330e+02
2.9999847636380110e+02
2.8999999997488254e+02
2.8000081650960021e+02
2.6585862846374869e+02
2.4585613966015404e+02
2.1756351848818554e+02
1.8757359313095924e+02
1.5757730077081158e+02
1.2757359312820699e+02
9.7573593129639576e+01
6.7567226432438531e+01
3.7573593128719821e+01
7.5735948167530474e+00
7.6542374504790008e-11
-3.0003993550144060e+01
-6.0000000000158948e+01
-9.0002372088436289e+01
-1.2001111150480364e+02
-1.5000000000095537e+02
-1.7999525224665683e+02
-2.0999686993104524e+02
-2.4000485474407458e+02
-2.6999359657396110e+02
-2.9999346046238406e+02
-2.9000000002206195e+02
-2.8000724549733440e+02
-2.6587656147543072e+02
-2.4589516607714626e+02
-2.1757359317703086e+02
-1.8757359314435735e+02
-1.5757995812107401e+02
-1.2759268641743431e+02
-9.7573593130494771e+01
-6.7573593129185170e+01
-3.7573593129236272e+01
-7.5735931290226457e+00
6.8088930318579046e-11
2.9996013930535725e+01
5.9999999999596135e+01
8.9997620001965913e+01
1.1998887562678070e+02
1.4999999999913780e+02
1.8000475640976973e+02
2.1000314654947010e+02
2.3999517210732242e+02
2.6999818189512854e+02
2.9997920216487518e+02
2.8999999997847675e+02
2.8002009416940388e+02
2.6585786434901570e+02
2.4582702287418954e+02
2.1757359306557311e+02
1.8760013741555872e+02
1.5757359309417492e+02
1.2757359311661313e+02
9.7567226440272691e+01
6.7573593127478162e+01
3.7573594806295901e+01
7.5735931274422494e+00
-1.2447307415549896e-09
-3.0003986865128333e+01
-6.0000000001414861e+01
-9.0002378777697274e+01
-1.2001112488423071e+02
-1.5000000000182717e+02
-1.7999523886500609e+02
-2.0999684316286226e+02
-2.4000481458484657e+02
-2.6999972684822745e+02
-2.9996948727979043e+02
-2.9000000002012365e+02
-2.8003121369870075e+02
-2.6585786446330707e+02
-2.4585786440495133e+02
-2.1757842239264389e+02
-1.8758972626396161e+02
-1.5757359313035818e+02
-1.2756382928814274e+02
-9.7560433046020648e+01
-6.7563402714008262e+01
-3.7572736602422914e+01
-7.5735931300951389e+00
-1.0910740817385093e-09
2.9996013930424191e+01
5.9999999998825892e+01
8.9997620000500916e+01
1.1998887562463690e+02
1.4999999999854168e+02
1.8000475641097239e+02
2.1000314655203783e+02
2.3999517211165741e+02
2.6999997376226008e+02
2.9999996252419237e+02
2.8999999998012231e+02
2.7999933009446943e+02
2.6585503948004362e+02
2.4584957628942277e+02
2.1755274688746169e+02
1.8757359312664863e+02
1.5758807812641999e+02
1.2757359312745663e+02
9.7573593127516773e+01
6.7567226428789937e+01
3.7573593127334199e+01
7.5735948175301768e+00
-9.7088276583362194e-10
