0.0000000000000000e+00
-1.8340564644258472e-10
-3.2930203535822336e-03
4.5392811636290846e-10
6.7533783615857425e-07
-3.2916693905807436e-03
-9.8777093169620592e-03
-2.6204198427956342e-04
-6.4453742803980297e-03
-6.8955085069666826e-05
-2.5413243738699512e-04
7.5571074475925035e-08
-1.1151861835372236e-04
-8.9375117825966520e-04
-3.2486985043892239e-03
-9.0761496426383821e-03
1.2165362179497732e-09
5.7807189943891836e-03
2.8363511185371511e-10
6.0741575501318667e-10
-3.2923444462633396e-03
9.3301777649278107e-10
-6.7354413704554867e-07
5.4789831768285297e-10
-2.0591360559774085e-03
8.6301847887317335e-10
-1.2336292534858362e-03
-5.7593517170026910e-03
1.4029819152609529e-09
2.8816204928861491e-03
5.7722166258749363e-05
1.0409983679478313e-05
3.2951726789605417e-05
1.1392627806322920e-04
3.5203826063893362e-08
-4.7968667804282583e-04
-1.7826768836922420e-03
-4.8746309554819778e-03
-1.1746164906386958e-02
2.5704243951881858e-09
8.4546230129062434e-03
1.3161162762870753e-09
1.2464255012259396e-09
-3.2930192324957773e-03
9.5273953556270849e-10
6.7596380180375215e-07
6.3038891183289010e-10
-2.0647992833367282e-03
8.3134681995095029e-10
-1.2277960331201119e-03
-5.7488640511217156e-03
1.4731963884611106e-09
2.4570240519408695e-03
-4.0099598896459182e-04
-2.9694910072535583e-03
-3.7861779185388990e-05
-1.5714820691649381e-04
2.3976707585535281e-08
-2.0861789498135706e-04
-1.1281162292975800e-03
-3.6772264329022327e-03
-9.7793443168577351e-03
2.3851399829151443e-09
6.4841672838880865e-03
1.2211284595550613e-09
1.3967077242469217e-09
-3.2923443274321352e-03
1.3488562094908076e-09
-6.7306931775833202e-07
1.0805614088307902e-09
-2.0591363056931961e-03
1.3048811025306533e-09
-1.2336283313065818e-03
-5.7593505043945989e-03
1.6742410675227883e-09
2.4658277496638998e-03
1.6388021967032862e-03
2.7131925981917918e-03
1.0334750975703581e-03
9.0783785857220106e-05
1.8779815403816251e-08
-4.5658660961079645e-04
-1.7269011950216857e-03
-4.7726771537175486e-03
-1.1578970122352379e-02
2.2852980645116842e-09
8.2876327241150939e-03
8.3538847096422764e-10
7.6968654100287486e-10
-3.2930196819240549e-03
6.0278437049371401e-10
6.7545875825771510e-07
1.7198352698979364e-10
-2.0647998674839870e-03
3.6534124933943009e-12
-1.2277966784869716e-03
-5.7488652542312425e-03
6.5468502598494940e-10
2.4570234171061318e-03
1.6215289701686957e-03
-1.7877280434380567e-05
-1.5123270507962337e-02
-1.2880166884679504e-04
1.5901603117755266e-08
-2.3698462522585533e-04
-1.1965955607113649e-03
-3.8024483652218267e-03
-9.9848416818359223e-03
1.6661106015760993e-09
6.6897573963573577e-03
1.9162917353807000e-10
2.3914380647514469e-10
-3.2923454484307143e-03
2.3214995350083270e-10
-6.7427127494481361e-07
-3.9974479381006581e-10
-2.0591380274375282e-03
-1.9065554261186314e-10
-1.2336295095123774e-03
-5.7593512684110662e-03
8.3052394309222604e-10
2.4658264297279680e-03
1.6388009432764911e-03
-2.4804016854172309e-03
1.0570427062179845e-02
5.5002698088729208e-04
1.3827026345399482e-08
-9.1571368700673684e-04
-2.8351100135807477e-03
-6.7983960624219278e-03
-1.4901383699840717e-02
1.9147250560862772e-09
1.1607307058819571e-02
-6.7387816308544761e-10
5.3868231828951658e-10
-3.2930185529405028e-03
4.2497442770531492e-10
6.7427312843541885e-07
-2.2717367217617502e-10
-2.0647959989114439e-03
1.7017539277087001e-10
-1.2278007464124317e-03
-5.7488729555246355e-03
3.9877929401427105e-10
2.4570308244611298e-03
1.6215438689268843e-03
-2.5071353046092703e-03
-3.8891489873990335e-03
-4.3514017335909653e-03
1.2766461459523677e-08
3.9863825081189776e-03
9.0008385745788261e-03
1.4846231441421909e-02
-1.9517695940843132e-08
-7.1903547322671055e-09
-3.2923410217660758e-03
-9.8763460480015726e-03
1.4383216720377159e-09
-1.0992577888410370e-10
-3.4725840794983456e-10
-7.6844240787964065e-11
-1.0940987778513326e-11
-2.0618071156934909e-03
-9.3655787261258141e-12
-1.2309608138524107e-03
-5.7540153695688680e-03
3.5041330639671558e-10
2.4604916049771339e-03
1.6281334018812372e-03
-2.4964001659516896e-03
7.5081492670903377e-04
7.6938516597244329e-03
1.1587917209677766e-08
-8.0576126707439868e-03
-1.2086654369774490e-08
1.0140997326083312e-02
-2.5401537204116312e-08
-1.3945789780003199e-02
-1.7162765902387726e-08
-5.3459670260097760e-09
-3.2930138641197723e-03
-4.5761045986873064e-10
6.6757498558586576e-07
-1.2485737869786958e-09
-1.1602086891520886e-09
-2.0621254359377843e-03
-8.4772914474450867e-10
-1.2304738218807103e-03
-5.7542191290318309e-03
-7.1356009875403500e-11
2.4623776339496970e-03
1.6322396347913104e-03
-2.4910883715749147e-03
-1.6215009796037038e-04
-1.9974101475285701e-02
1.0513928066087647e-08
1.9611965510517342e-02
-4.1644561214369986e-08
-1.4221420495068722e-08
-2.4979626509046638e-03
-8.3451159058603279e-03
1.4032449298107535e-09
5.0510631872488073e-03
6.8087445322428716e-03
5.2737206612302997e-03
4.4666605548702358e-04
-2.9750425357419404e-10
-5.8643731685224322e-10
-2.0618086392899288e-03
-2.6123253796471795e-10
-1.2309598272053257e-03
-5.7540131405835202e-03
6.4529085914886957e-10
2.4604900253085704e-03
1.6281296469723028e-03
-2.4964058215153290e-03
1.1051779046748645e-05
1.3884857537088964e-05
1.0904188957501161e-08
-3.7972547870248583e-04
-1.5413685235537487e-03
-4.4335352378621603e-03
-1.1022742068560878e-02
1.5233330522341657e-09
7.7318810944103557e-03
-1.4915629921890321e-10
-1.2720277449975352e-10
-3.2930206094307943e-03
-5.5950649604736861e-10
6.7420504620768128e-07
-8.2341307648841721e-10
