0.0000000000000000e+00
0.0000000000000000e+00
0.0000000000000000e+00
0.0000000000000000e+00
0.0000000000000000e+00
0.0000000000000000e+00
0.0000000000000000e+00
9.0328592794578635e+03
4.4872269490164115e+04
9.5972371655893745e+04
1.7153569532938325e+05
1.7153569532938325e+05
1.7153569532938325e+05
1.7153569532938325e+05
1.7153569532938325e+05
1.7153569532938325e+05
1.7153569532938325e+05
1.7153569532938325e+05
1.7153569532938325e+05
1.7153569532938325e+05
1.7153569532938325e+05
1.7153569532938325e+05
1.7153569532938325e+05
1.7153569532938325e+05
1.7153569532938325e+05
1.7153569532938325e+05
1.7153569532938325e+05
1.7153569532938325e+05
1.7153569532938325e+05
1.8521924998810561e+05
2.0748250050546974e+05
2.3821400991187664e+05
2.8138441486327723e+05
3.4432299355793372e+05
3.4432299355793372e+05
3.4432299355793372e+05
3.4432299355793372e+05
3.4432299355793372e+05
3.4432299355793372e+05
3.4432299355793372e+05
3.4432299355793372e+05
3.4432299355793372e+05
3.4432299355793372e+05
3.4432299355793372e+05
3.4432299355793372e+05
3.4432299355793372e+05
3.4432299355793372e+05
3.4432299355793372e+05
3.4432299355793372e+05
3.4432299355793372e+05
3.4432299355793372e+05
3.4432299355793372e+05
3.4432299355793372e+05
3.5345176339688990e+05
3.8205347951769596e+05
4.2193751508106198e+05
4.7950447397801001e+05
4.7950447397801001e+05
4.7950447397801001e+05
4.7950447397801001e+05
4.7950447397801001e+05
4.7950447397801001e+05
4.7950447397801001e+05
4.7950447397801001e+05
4.7950447397801001e+05
4.7950447397801001e+05
4.7950447397801001e+05
4.7950447397801001e+05
4.7950447397801001e+05
4.7950447397801001e+05
4.7950447397801001e+05
4.7950447397801001e+05
4.7950447397801001e+05
4.7950447397801001e+05
4.7950447397801001e+05
4.7950447397801001e+05
4.7950447397801001e+05
4.9778797970539378e+05
5.3592079023655737e+05
5.9063732759489352e+05
5.9063732759489352e+05
5.9063732759489352e+05
5.9063732759489352e+05
5.9063732759489352e+05
5.9063732759489352e+05
5.9063732759489352e+05
5.9063732759489352e+05
5.9063732759489352e+05
5.9063732759489352e+05
5.9063732759489352e+05
5.9063732759489352e+05
5.9063732759489352e+05
5.9063732759489352e+05
5.9063732759489352e+05
5.9063732759489352e+05
5.9063732759489352e+05
5.9063732759489352e+05
5.9063732759489352e+05
5.9063732759489352e+05
5.9063732759489352e+05
5.9530916615826404e+05
6.3220365633581067e+05
6.8506428599890368e+05
6.8506428599890368e+05
6.8506428599890368e+05
6.8506428599890368e+05
6.8506428599890368e+05
6.8506428599890368e+05
6.8506428599890368e+05
6.8506428599890368e+05
6.8506428599890368e+05
6.8506428599890368e+05
6.8506428599890368e+05
6.8506428599890368e+05
6.8506428599890368e+05
6.8506428599890368e+05
6.8506428599890368e+05
6.8506428599890368e+05
6.8506428599890368e+05
6.8506428599890368e+05
6.8506428599890368e+05
6.8506428599890368e+05
6.8506428599890368e+05
6.8506428599890368e+05
7.1538917955326056e+05
7.6702052247799234e+05
7.6702052247799234e+05
7.6702052247799234e+05
7.6702052247799234e+05
7.6702052247799234e+05
7.6702052247799234e+05
7.6702052247799234e+05
7.6702052247799234e+05
7.6702052247799234e+05
7.6702052247799234e+05
7.6702052247799234e+05
7.6702052247799234e+05
7.6702052247799234e+05
7.6702052247799234e+05
7.6702052247799234e+05
7.6702052247799234e+05
7.6702052247799234e+05
7.6702052247799234e+05
7.6702052247799234e+05
7.6702052247799234e+05
7.6702052247799234e+05
7.6702052247799234e+05
7.8838706080111535e+05
8.3896684907440236e+05
8.3896684907440236e+05
8.3896684907440236e+05
8.3896684907440236e+05
8.3896684907440236e+05
8.3896684907440236e+05
8.3896684907440236e+05
8.3896684907440236e+05
8.3896684907440236e+05
8.3896684907440236e+05
8.3896684907440236e+05
8.3896684907440236e+05
8.3896684907440236e+05
8.3896684907440236e+05
8.3896684907440236e+05
8.3896684907440236e+05
8.3896684907440236e+05
8.3896684907440236e+05
8.3896684907440236e+05
8.3896684907440236e+05
8.3896684907440236e+05
8.3896684907440236e+05
8.5354943118975451e+05
9.0342295150903380e+05
9.0342295150903380e+05
9.0342295150903380e+05
9.0342295150903380e+05
9.0342295150903380e+05
9.0342295150903380e+05
9.0342295150903380e+05
9.0342295150903380e+05
9.0342295150903380e+05
9.0342295150903380e+05
9.0342295150903380e+05
9.0342295150903380e+05
9.0342295150903380e+05
9.0342295150903380e+05
9.0342295150903380e+05
9.0342295150903380e+05
9.0342295150903380e+05
9.0342295150903380e+05
9.0342295150903380e+05
9.0342295150903380e+05
9.0342295150903380e+05
9.0342295150903380e+05
9.1262298285530834e+05
9.6182793361625494e+05
9.6182793361625494e+05
9.6182793361625494e+05
9.6182793361625494e+05
9.6182793361625494e+05
9.6182793361625494e+05
9.6182793361625494e+05
9.6182793361625494e+05
9.6182793361625494e+05
9.6182793361625494e+05
9.6182793361625494e+05
9.6182793361625494e+05
9.6182793361625494e+05
9.6182793361625494e+05
9.6182793361625494e+05
9.6182793361625494e+05
9.6182793361625494e+05
9.6182793361625494e+05
9.6182793361625494e+05
9.6182793361625494e+05
9.6182793361625494e+05
9.6182793361625494e+05
9.6667809943489498e+05
1.0155886340657254e+06
1.0155886340657254e+06
1.0155886340657254e+06
1.0155886340657254e+06
1.0155886340657254e+06
1.0155886340657254e+06
1.0155886340657254e+06
1.0155886340657254e+06
1.0155886340657254e+06
1.0155886340657254e+06
1.0155886340657254e+06
1.0155886340657254e+06
1.0155886340657254e+06
1.0155886340657254e+06
