0.0000000000000000e+00
0.0000000000000000e+00
0.0000000000000000e+00
0.0000000000000000e+00
0.0000000000000000e+00
0.0000000000000000e+00
0.0000000000000000e+00
-3.3332779004744411e+00
-1.3332085691360348e+01
-2.3322436577697850e+01
-3.3316854740426159e+01
-3.3316854740426173e+01
-3.3316854740426166e+01
-3.3316854740426095e+01
-3.3316854740426074e+01
-3.3316854740426088e+01
-3.3316854740426130e+01
-3.3316854740426066e+01
-3.3316854740426095e+01
-3.3316854740426095e+01
-3.3316854740426024e+01
-3.3316854740425939e+01
-3.3316854740425924e+01
-3.3316854740425910e+01
-3.3316854740425924e+01
-3.3316854740425924e+01
-3.3316854740425981e+01
-2.6666941713964182e+01
-1.6666706617914343e+01
-6.6706328412956308e+00
3.3279058743609538e+00
1.3325889512965759e+01
2.3322741738854727e+01
3.3317671760725425e+01
3.3317671760725425e+01
3.3317671760725418e+01
3.3317671760725410e+01
3.3317671760725410e+01
3.3317671760725418e+01
3.3317671760725410e+01
3.3317671760725368e+01
3.3317671760725382e+01
3.3317671760725368e+01
3.3317671760725432e+01
3.3317671760725410e+01
3.3317671760725403e+01
3.3317671760725375e+01
3.3317671760725375e+01
3.3317671760725389e+01
3.3317671760725389e+01
2.6666959026530151e+01
1.6666709350654067e+01
6.6708211915970388e+00
-3.3276516986280695e+00
-1.3325551645479075e+01
-2.3322274201599100e+01
-3.3316999357797386e+01
-3.3316999357797336e+01
-3.3316999357797336e+01
-3.3316999357797307e+01
-3.3316999357797314e+01
-3.3316999357797322e+01
-3.3316999357797364e+01
-3.3316999357797364e+01
-3.3316999357797350e+01
-3.3316999357797371e+01
-3.3316999357797386e+01
-3.3316999357797336e+01
-3.3316999357797364e+01
-3.3316999357797414e+01
-3.3316999357797386e+01
-3.3316999357797464e+01
-3.3316999357797421e+01
-2.6666941736868239e+01
-1.6666706612471796e+01
-6.6706328409927211e+00
3.3279058742693244e+00
1.3325889512923270e+01
2.3322741738821620e+01
3.3317671760702900e+01
3.3317671760702936e+01
3.3317671760702900e+01
3.3317671760702879e+01
3.3317671760702865e+01
3.3317671760702787e+01
3.3317671760702801e+01
3.3317671760702737e+01
3.3317671760702737e+01
3.3317671760702773e+01
3.3317671760702730e+01
3.3317671760702765e+01
3.3317671760702765e+01
3.3317671760702758e+01
3.3317671760702744e+01
3.3317671760702687e+01
3.3317671760702702e+01
2.6666959026505001e+01
1.6666709350634715e+01
6.6708211915800817e+00
-3.3276516986455902e+00
-1.3325551645493279e+01
-2.3322274201611052e+01
-3.3316999357794344e+01
-3.3316999357794302e+01
-3.3316999357794366e+01
-3.3316999357794373e+01
-3.3316999357794408e+01
-3.3316999357794373e+01
-3.3316999357794359e+01
-3.3316999357794359e+01
-3.3316999357794401e+01
-3.3316999357794401e+01
-3.3316999357794394e+01
-3.3316999357794451e+01
-3.3316999357794472e+01
-3.3316999357794494e+01
-3.3316999357794536e+01
-3.3316999357794529e+01
-3.3316999357794522e+01
-2.6666941736868868e+01
-1.6666706612465269e+01
-6.6706328409897173e+00
3.3279058742736343e+00
1.3325889512933815e+01
2.3322741738838296e+01
3.3317671760711754e+01
3.3317671760711747e+01
3.3317671760711740e+01
3.3317671760711768e+01
3.3317671760711853e+01
3.3317671760711860e+01
3.3317671760711875e+01
3.3317671760711860e+01
3.3317671760711860e+01
3.3317671760711924e+01
3.3317671760711896e+01
3.3317671760711903e+01
3.3317671760711967e+01
3.3317671760711995e+01
3.3317671760712066e+01
3.3317671760712095e+01
3.3317671760712095e+01
2.6666959026525163e+01
1.6666709350661058e+01
6.6708211916136202e+00
-3.3276516986094733e+00
-1.3325551645451700e+01
-2.3322274201576239e+01
-3.3316999357768083e+01
-3.3316999357768097e+01
-3.3316999357768090e+01
-3.3316999357768054e+01
-3.3316999357768026e+01
-3.3316999357767990e+01
-3.3316999357767976e+01
-3.3316999357767983e+01
-3.3316999357767941e+01
-3.3316999357767948e+01
-3.3316999357767941e+01
-3.3316999357767948e+01
-3.3316999357767962e+01
-3.3316999357767941e+01
-3.3316999357767948e+01
-3.3316999357768005e+01
-3.3316999357767962e+01
-2.6666941736854195e+01
-1.6666706612460182e+01
-6.6706328409758759e+00
3.3279058742899323e+00
1.3325889512950184e+01
2.3322741738847952e+01
3.3317671760720152e+01
3.3317671760720117e+01
3.3317671760720152e+01
3.3317671760720167e+01
3.3317671760720096e+01
3.3317671760720096e+01
3.3317671760720081e+01
3.3317671760720081e+01
3.3317671760720117e+01
3.3317671760720131e+01
3.3317671760720145e+01
3.3317671760720124e+01
3.3317671760720181e+01
3.3317671760720252e+01
3.3317671760720259e+01
3.3317671760720231e+01
3.3317671760720231e+01
2.6666959026527678e+01
1.6666709350648361e+01
6.6708211915979172e+00
-3.3276516986265534e+00
-1.3325551645477654e+01
-2.3322274201604422e+01
-3.3316999357794899e+01
-3.3316999357794870e+01
-3.3316999357794913e+01
-3.3316999357794955e+01
-3.3316999357795012e+01
-3.3316999357795012e+01
-3.3316999357794998e+01
-3.3316999357794991e+01
-3.3316999357794970e+01
-3.3316999357794984e+01
-3.3316999357795005e+01
-3.3316999357795055e+01
-3.3316999357795055e+01
-3.3316999357795048e+01
-3.3316999357795055e+01
-3.3316999357795041e+01
-3.3316999357795055e+01
-2.6666941736876716e+01
-1.6666706612484802e+01
-6.6706328410045979e+00
3.3279058742578700e+00
1.3325889512912497e+01
2.3322741738815679e+01
3.3317671760690423e+01
3.3317671760690402e+01
3.3317671760690395e+01
3.3317671760690395e+01
3.3317671760690480e+01
3.3317671760690473e+01
3.3317671760690494e+01
3.3317671760690558e+01
3.3317671760690601e+01
3.3317671760690615e+01
3.3317671760690573e+01
3.3317671760690608e+01
3.3317671760690637e+01
3.3317671760690615e+01
