0.0000000000000000e+00
0.0000000000000000e+00
0.0000000000000000e+00
0.0000000000000000e+00
0.0000000000000000e+00
0.0000000000000000e+00
0.0000000000000000e+00
-3.3332779004810429e+00
-1.3332085691374482e+01
-2.3322436577714637e+01
-3.3316854740439865e+01
-3.3316854740439886e+01
-3.3316854740439865e+01
-3.3316854740439823e+01
-3.3316854740439773e+01
-3.3316854740439830e+01
-3.3316854740439872e+01
-3.3316854740439801e+01
-3.3316854740439823e+01
-3.3316854740439823e+01
-3.3316854740439780e+01
-3.3316854740439695e+01
-3.3316854740439680e+01
-3.3316854740439666e+01
-3.3316854740439680e+01
-3.3316854740439666e+01
-3.3316854740439730e+01
-2.6666941713978364e+01
-1.6666706617927421e+01
-6.6706328412980307e+00
3.3279058743658130e+00
1.3325889512974037e+01
2.3322741738862039e+01
3.3317671760739657e+01
3.3317671760739657e+01
3.3317671760739692e+01
3.3317671760739678e+01
3.3317671760739628e+01
3.3317671760739664e+01
3.3317671760739614e+01
3.3317671760739600e+01
3.3317671760739579e+01
3.3317671760739572e+01
3.3317671760739572e+01
3.3317671760739557e+01
3.3317671760739543e+01
3.3317671760739529e+01
3.3317671760739529e+01
3.3317671760739515e+01
3.3317671760739508e+01
2.6666959026541356e+01
1.6666709350664547e+01
6.6708211916094440e+00
-3.3276516986134737e+00
-1.3325551645458875e+01
-2.3322274201573080e+01
-3.3316999357759826e+01
-3.3316999357759748e+01
-3.3316999357759769e+01
-3.3316999357759720e+01
-3.3316999357759741e+01
-3.3316999357759748e+01
-3.3316999357759791e+01
-3.3316999357759791e+01
-3.3316999357759784e+01
-3.3316999357759812e+01
-3.3316999357759833e+01
-3.3316999357759784e+01
-3.3316999357759812e+01
-3.3316999357759855e+01
-3.3316999357759855e+01
-3.3316999357759926e+01
-3.3316999357759883e+01
-2.6666941736835195e+01
-1.6666706612442113e+01
-6.6706328409577216e+00
3.3279058743035508e+00
1.3325889512965890e+01
2.3322741738864462e+01
3.3317671760734072e+01
3.3317671760734100e+01
3.3317671760734086e+01
3.3317671760734072e+01
3.3317671760734044e+01
3.3317671760733973e+01
3.3317671760734008e+01
3.3317671760733930e+01
3.3317671760733909e+01
3.3317671760733909e+01
3.3317671760733887e+01
3.3317671760733923e+01
3.3317671760733944e+01
3.3317671760733923e+01
3.3317671760733894e+01
3.3317671760733859e+01
3.3317671760733845e+01
2.6666959026540894e+01
1.6666709350680350e+01
6.6708211916291429e+00
-3.3276516985997766e+00
-1.3325551645451313e+01
-2.3322274201575585e+01
-3.3316999357771280e+01
-3.3316999357771238e+01
-3.3316999357771294e+01
-3.3316999357771287e+01
-3.3316999357771316e+01
-3.3316999357771294e+01
-3.3316999357771273e+01
-3.3316999357771287e+01
-3.3316999357771344e+01
-3.3316999357771337e+01
-3.3316999357771316e+01
-3.3316999357771365e+01
-3.3316999357771408e+01
-3.3316999357771408e+01
-3.3316999357771458e+01
-3.3316999357771451e+01
-3.3316999357771437e+01
-2.6666941736851662e+01
-1.6666706612452892e+01
-6.6706328409660554e+00
3.3279058743033900e+00
1.3325889512964107e+01
2.3322741738856632e+01
3.3317671760724387e+01
3.3317671760724394e+01
3.3317671760724373e+01
3.3317671760724409e+01
3.3317671760724480e+01
3.3317671760724465e+01
3.3317671760724444e+01
3.3317671760724423e+01
3.3317671760724444e+01
3.3317671760724480e+01
3.3317671760724508e+01
3.3317671760724501e+01
3.3317671760724558e+01
3.3317671760724600e+01
3.3317671760724664e+01
3.3317671760724657e+01
3.3317671760724672e+01
2.6666959026525863e+01
1.6666709350648354e+01
6.6708211915927311e+00
-3.3276516986335349e+00
-1.3325551645466009e+01
-2.3322274201587504e+01
-3.3316999357781540e+01
-3.3316999357781540e+01
-3.3316999357781533e+01
-3.3316999357781512e+01
-3.3316999357781484e+01
-3.3316999357781455e+01
-3.3316999357781448e+01
-3.3316999357781462e+01
-3.3316999357781405e+01
-3.3316999357781413e+01
-3.3316999357781391e+01
-3.3316999357781405e+01
-3.3316999357781441e+01
-3.3316999357781420e+01
-3.3316999357781427e+01
-3.3316999357781469e+01
-3.3316999357781405e+01
-2.6666941736860476e+01
-1.6666706612457137e+01
-6.6706328409698905e+00
3.3279058742919587e+00
1.3325889512954129e+01
2.3322741738853914e+01
3.3317671760726277e+01
3.3317671760726263e+01
3.3317671760726306e+01
3.3317671760726327e+01
3.3317671760726270e+01
3.3317671760726277e+01
3.3317671760726292e+01
3.3317671760726299e+01
3.3317671760726292e+01
3.3317671760726292e+01
3.3317671760726270e+01
3.3317671760726270e+01
3.3317671760726313e+01
3.3317671760726398e+01
3.3317671760726398e+01
3.3317671760726412e+01
3.3317671760726412e+01
2.6666959026534048e+01
1.6666709350650848e+01
6.6708211916020437e+00
-3.3276516986183164e+00
-1.3325551645462808e+01
-2.3322274201580647e+01
-3.3316999357769646e+01
-3.3316999357769610e+01
-3.3316999357769660e+01
-3.3316999357769717e+01
-3.3316999357769745e+01
-3.3316999357769738e+01
-3.3316999357769724e+01
-3.3316999357769717e+01
-3.3316999357769681e+01
-3.3316999357769710e+01
-3.3316999357769731e+01
-3.3316999357769767e+01
-3.3316999357769795e+01
-3.3316999357769831e+01
-3.3316999357769838e+01
-3.3316999357769831e+01
-3.3316999357769866e+01
-2.6666941736824498e+01
-1.6666706612417236e+01
-6.6706328409297910e+00
3.3279058743382128e+00
1.3325889512996662e+01
2.3322741738895289e+01
3.3317671760758842e+01
3.3317671760758820e+01
3.3317671760758785e+01
3.3317671760758785e+01
3.3317671760758849e+01
3.3317671760758813e+01
3.3317671760758820e+01
3.3317671760758863e+01
3.3317671760758913e+01
3.3317671760758913e+01
3.3317671760758905e+01
3.3317671760758898e+01
3.3317671760758898e+01
3.3317671760758884e+01
