0.0000000000000000e+00
1.4634146341418734e-04
2.9266151413819615e-04
4.3902439024112337e-04
5.8536584738743248e-04
7.3168589184488444e-04
8.7798452987936147e-04
1.3692111722970767e-03
2.6692289051029657e-03
4.1183467645278275e-03
5.7634054669580114e-03
5.7148440999279628e-03
5.6662803745751245e-03
5.5970775844992084e-03
5.4995166090857648e-03
5.3615283039860646e-03
5.2151487932786461e-03
5.0688616274943794e-03
4.9225530586442237e-03
4.7762230804642191e-03
4.6298716866875781e-03
4.4834988710460068e-03
4.3371543104282094e-03
4.3002099537047074e-03
4.1538550776632020e-03
4.0075270268738741e-03
3.8611775610515910e-03
3.1898554944594301e-03
2.1863484189086364e-03
1.1029580129984552e-03
-7.7639233874162312e-05
-1.3774707750073838e-03
-2.8275315924969329e-03
-4.4727000973366366e-03
-4.4241084261672442e-03
-4.3755191160337039e-03
-4.3063419110626194e-03
-4.2087809352821613e-03
-4.0708251266396130e-03
-3.9245216904912374e-03
-3.7781259535173582e-03
-3.6317516451184690e-03
-3.4853987590220004e-03
-3.3390672889582079e-03
-3.1927572286613187e-03
-3.0464186364366811e-03
-3.0094742797083544e-03
-2.8631462259688105e-03
-2.7167913528813592e-03
-2.5704578964085888e-03
-1.8990571818323998e-03
-8.9554851983020907e-04
1.8781710150241634e-04
1.3684023732871810e-03
2.6682162135800574e-03
4.1182461879946180e-03
5.7633582478031813e-03
5.7147949589039151e-03
5.6662293114956228e-03
5.5970284434812998e-03
5.4994674680636469e-03
5.3614791629594347e-03
5.2150996522457973e-03
5.0688124864706066e-03
4.9225039176298887e-03
4.7761739394584918e-03
4.6298225456909000e-03
4.4834497300590371e-03
4.3371051694040923e-03
4.3001608126803986e-03
4.1538059366427026e-03
4.0074778858493944e-03
3.8611284200242308e-03
3.1897949384816710e-03
2.1862878601137891e-03
1.1028974547458599e-03
-7.7699792079064504e-05
-1.3775313332193221e-03
-2.8275921507099348e-03
-4.4727606555491784e-03
-4.4241689843806768e-03
-4.3755796742472675e-03
-4.3064024692753694e-03
-4.2088414934947525e-03
-4.0708856848538288e-03
-3.9245822487065088e-03
-3.7781865117307795e-03
-3.6318122033308841e-03
-3.4854593172327867e-03
-3.3391278471678666e-03
-3.1928177868687999e-03
-3.0464791946504129e-03
-3.0095348379221903e-03
-2.8632067841847138e-03
-2.7168519110950511e-03
-2.5705184546200399e-03
-1.8991177400456373e-03
-8.9560907804433695e-04
1.8775654328734105e-04
1.3683418150730370e-03
2.6681556553662831e-03
4.1181856297816660e-03
5.7632976895893020e-03
5.7147344006898571e-03
5.6661687532831651e-03
5.5969678852675168e-03
5.4994069098504902e-03
5.3614186047453438e-03
5.2150390940331314e-03
5.0687519282575757e-03
4.9224433594162904e-03
4.7761133812461625e-03
4.6297619874786575e-03
4.4833891718448595e-03
4.3370446111928758e-03
4.3001002544680155e-03
4.1537453784295381e-03
4.0074173276381103e-03
3.8610678618138999e-03
3.1897343802697229e-03
2.1862273019007334e-03
1.1028368965320832e-03
-7.7760350293545378e-05
-1.3775918914337355e-03
-2.8276527089245510e-03
-4.4728212137627463e-03
-4.4242295425942456e-03
-4.3756402324605145e-03
-4.3064630274890423e-03
-4.2089020517093786e-03
-4.0709462430674791e-03
-3.9246428069201408e-03
-3.7782470699449754e-03
-3.6318727615440626e-03
-3.4855198754461512e-03
-3.3391884053816496e-03
-3.1928783450831111e-03
-3.0465397528639418e-03
-3.0095953961363320e-03
-2.8632673423987938e-03
-2.7169124693088263e-03
-2.5705790128327443e-03
-1.8991782982581643e-03
-8.9566963625681826e-04
1.8769598507464077e-04
1.3682812568599349e-03
2.6680950971511154e-03
4.1181250715664692e-03
5.7632371313742631e-03
5.7146738424749318e-03
5.6661081950682346e-03
5.5969073270528509e-03
5.4993463516360887e-03
5.3613580465324169e-03
5.2149785358202305e-03
5.0686913700434466e-03
4.9223828012006825e-03
4.7760528230280886e-03
4.6297014292590666e-03
4.4833286136243501e-03
4.3369840529779019e-03
4.3000396962544997e-03
4.1536848202148868e-03
4.0073567694232448e-03
3.8610073035998350e-03
3.1896738220554524e-03
2.1861667436865826e-03
1.1027763383171249e-03
-7.7820908507864110e-05
-1.3776524496484331e-03
-2.8277132671394511e-03
-4.4728817719781200e-03
-4.4242901008086357e-03
-4.3757007906758466e-03
-4.3065235857054881e-03
-4.2089626099254445e-03
-4.0710068012835676e-03
-3.9247033651369423e-03
-3.7783076281601557e-03
-3.6319333197584644e-03
-3.4855804336600435e-03
-3.3392489635939507e-03
-3.1929389032946840e-03
-3.0466003110798737e-03
-3.0096559543523983e-03
-2.8633279006142192e-03
-2.7169730275246155e-03
-2.5706395710496273e-03
-1.8992388564748161e-03
-8.9573019447205995e-04
1.8763542685943193e-04
1.3682206986440810e-03
2.6680345389371160e-03
4.1180645133531346e-03
5.7631765731606987e-03
5.7146132842610404e-03
5.6660476368542573e-03
5.5968467688382898e-03
5.4992857934216405e-03
5.3612974883173502e-03
5.2149179776051959e-03
5.0686308118290399e-03
4.9223222429869940e-03
4.7759922648163517e-03
4.6296408710484686e-03
4.4832680554157175e-03
4.3369234947640313e-03
4.2999791380402708e-03
4.1536242620021160e-03
4.0072962112091826e-03
3.8609467453838619e-03
3.1896132638397873e-03
2.1861061854712089e-03
1.1027157801024470e-03
-7.7881466723207901e-05
-1.3777130078632628e-03
-2.8277738253544528e-03
-4.4729423301927218e-03
-4.4243506590228585e-03
-4.3757613488899279e-03
-4.3065841439190438e-03
-4.2090231681385700e-03
-4.0710673594975769e-03
-3.9247639233502812e-03
-3.7783681863741182e-03
-3.6319938779727397e-03
-3.4856409918742207e-03
-3.3393095218089337e-03
-3.1929994615098318e-03
-3.0466608692937954e-03
-3.0097165125652831e-03
