0.0000000000000000e+00
-4.3902439024394788e-05
-8.7806805557289879e-05
-1.3170731707059000e-04
-1.7560975592456084e-04
-2.1951412228699485e-04
-2.6342041632766711e-04
-4.7972757125619284e-04
-1.1004690341249806e-03
-1.7957676019526884e-03
-2.5890349928080888e-03
-2.5744952206927995e-03
-2.5599556599792614e-03
-2.5391652661783080e-03
-2.5098969734970349e-03
-2.4685068193492899e-03
-2.4246078034369425e-03
-2.3807004789852598e-03
-2.3367950823025407e-03
-2.2928916132183151e-03
-2.2489900715642773e-03
-2.2050904571708089e-03
-2.1611882838680719e-03
-2.1501049768499697e-03
-2.1062037447938027e-03
-2.0623000987998893e-03
-2.0183983802510193e-03
-1.7120010684188094e-03
-1.2395156969115828e-03
-7.2709128551338227e-04
-1.6606214875699449e-04
4.5458348420905495e-04
1.1503423814767644e-03
1.9436523947509870e-03
1.9291273838200305e-03
1.9146021619109489e-03
1.8937974291713027e-03
1.8645291364987543e-03
1.8231360576353665e-03
1.7792301949762367e-03
1.7353326420044462e-03
1.6914331619521062e-03
1.6475317546505021e-03
1.6036284199319167e-03
1.5597231576256125e-03
1.5158204468767545e-03
1.5047371398576334e-03
1.4608334937829446e-03
1.4169322618099816e-03
1.3730291024335625e-03
1.0666016050356760e-03
5.9411569817550080e-04
8.1698616883580137e-05
-4.7932694993556388e-04
-1.0999674629377262e-03
-1.7957174455215336e-03
-2.5890112516836626e-03
-2.5744706501794404e-03
-2.5599302601026857e-03
-2.5391406956667560e-03
-2.5098724029851611e-03
-2.4684822488379747e-03
-2.4245832329246831e-03
-2.3806759084741840e-03
-2.3367705117920542e-03
-2.2928670427099498e-03
-2.2489655010569857e-03
-2.2050658866650274e-03
-2.1611637133571965e-03
-2.1500804063403910e-03
-2.1061791742843852e-03
-2.0622755282895711e-03
-2.0183738097412241e-03
-1.7119707904461523e-03
-1.2394854175126115e-03
-7.2706100638869435e-04
-1.6603186965516347e-04
4.5461376331285772e-04
1.1503726605811007e-03
1.9436826738565218e-03
1.9291576629246413e-03
1.9146324410147155e-03
1.8938277082750231e-03
1.8645594156027315e-03
1.8231663367392114e-03
1.7792604740797659e-03
1.7353629211078233e-03
1.6914634410556777e-03
1.6475620337548301e-03
1.6036586990358520e-03
1.5597534367294370e-03
1.5158507259811890e-03
1.5047674189619319e-03
1.4608637728876939e-03
1.4169625409148003e-03
1.3730593815387462e-03
1.0666318841405988e-03
5.9414597728077369e-04
8.1728895989251760e-05
-4.7929667082930377e-04
-1.0999371838311912e-03
-1.7956871664149309e-03
-2.5889809725763296e-03
-2.5744403710736725e-03
-2.5598999809967808e-03
-2.5391104165602479e-03
-2.5098421238788911e-03
-2.4684519697311075e-03
-2.4245529538176875e-03
-2.3806456293665079e-03
-2.3367402326841956e-03
-2.2928367636004545e-03
-2.2489352219470541e-03
-2.2050356075547445e-03
-2.1611334342500595e-03
-2.1500501272337970e-03
-2.1061488951773914e-03
-2.0622452491833821e-03
-2.0183435306350686e-03
-1.7119405113388874e-03
-1.2394551384050090e-03
-7.2703072728233411e-04
-1.6600159054858915e-04
4.5464404242038327e-04
1.1504029396889176e-03
1.9437129529638626e-03
1.9291879420328165e-03
1.9146627201231091e-03
1.8938579873841004e-03
1.8645896947104925e-03
1.8231966158474575e-03
1.7792907531874280e-03
1.7353932002164222e-03
1.6914937201651401e-03
1.6475923128649460e-03
1.6036889781471256e-03
1.5597837158408839e-03
1.5158810050905519e-03
1.5047976980716183e-03
1.4608940520000144e-03
1.4169928200240712e-03
1.3730896606450578e-03
1.0666621632500818e-03
5.9417625639034870e-04
8.1759175098740467e-05
-4.7926639172005272e-04
-1.0999069047218390e-03
-1.7956568873056698e-03
-2.5889506934676189e-03
-2.5744100919647349e-03
-2.5598697018875370e-03
-2.5390801374507825e-03
-2.5098118447699647e-03
-2.4684216906216533e-03
-2.4245226747092695e-03
-2.3806153502574359e-03
-2.3367099535747029e-03
-2.2928064844911821e-03
-2.2489049428378203e-03
-2.2050053284459799e-03
-2.1611031551420452e-03
-2.1500198481254683e-03
-2.1061186160691728e-03
-2.0622149700754177e-03
-2.0183132515259848e-03
-1.7119102322307555e-03
-1.2394248592978586e-03
-7.2700044817398024e-04
-1.6597131143976032e-04
4.5467432152910105e-04
1.1504332187968454e-03
1.9437432320718701e-03
1.9292182211407814e-03
1.9146929992301625e-03
1.8938882664901462e-03
1.8646199738175195e-03
1.8232268949538296e-03
1.7793210322941239e-03
1.7354234793222421e-03
1.6915239992718553e-03
1.6476225919719542e-03
1.6037192572536879e-03
1.5598139949476661e-03
1.5159112841964628e-03
1.5048279771775787e-03
1.4609243311043472e-03
1.4170230991288496e-03
1.3731199397515343e-03
1.0666924423555282e-03
5.9420653549534198e-04
8.1789454203912436e-05
-4.7923611261515241e-04
-1.0998766256171276e-03
-1.7956266082009135e-03
-2.5889204143629942e-03
-2.5743798128601242e-03
-2.5598394227826426e-03
-2.5390498583470200e-03
-2.5097815656662773e-03
-2.4683914115180522e-03
-2.4244923956052052e-03
-2.3805850711547047e-03
-2.3366796744733625e-03
-2.2927762053895342e-03
-2.2488746637366287e-03
-2.2049750493432769e-03
-2.1610728760374526e-03
-2.1499895690213285e-03
-2.1060883369671156e-03
-2.0621846909713629e-03
-2.0182829724209907e-03
-1.7118799531280096e-03
-1.2393945801940614e-03
-7.2697016907032226e-04
-1.6594103233689864e-04
4.5470460063145408e-04
1.1504634979000678e-03
1.9437735111747648e-03
1.9292485002438899e-03
1.9147232783341972e-03
1.8939185455945731e-03
1.8646502529226523e-03
1.8232571740582704e-03
1.7793513113995723e-03
1.7354537584259905e-03
1.6915542783738260e-03
1.6476528710725807e-03
1.6037495363521487e-03
1.5598442740450400e-03
1.5159415632992209e-03
1.5048582562801373e-03
