0.0000000000000000e+00
-4.3902439024832480e-05
-8.7806805558214717e-05
-1.3170731707157297e-04
-1.7560975592481858e-04
-2.1951412228692058e-04
-2.6342041632678446e-04
-4.7972757125723997e-04
-1.1004690341261680e-03
-1.7957676019539550e-03
-2.5890349928090230e-03
-2.5744952206929474e-03
-2.5599556599792809e-03
-2.5391652661790483e-03
-2.5098969734971845e-03
-2.4685068193482703e-03
-2.4246078034352468e-03
-2.3807004789853673e-03
-2.3367950823039918e-03
-2.2928916132216063e-03
-2.2489900715692221e-03
-2.2050904571772681e-03
-2.1611882838682823e-03
-2.1501049768512829e-03
-2.1062037447972881e-03
-2.0623000988011938e-03
-2.0183983802506624e-03
-1.7120010684196997e-03
-1.2395156969125178e-03
-7.2709128551317898e-04
-1.6606214875643002e-04
4.5458348421002965e-04
1.1503423814774483e-03
1.9436523947524290e-03
1.9291273838214378e-03
1.9146021619116371e-03
1.8937974291721356e-03
1.8645291364990579e-03
1.8231360576348729e-03
1.7792301949745002e-03
1.7353326420036365e-03
1.6914331619523174e-03
1.6475317546519608e-03
1.6036284199339940e-03
1.5597231576286574e-03
1.5158204468757131e-03
1.5047371398564902e-03
1.4608334937846524e-03
1.4169322618095563e-03
1.3730291024309166e-03
1.0666016050344157e-03
5.9411569817477709e-04
8.1698616883438716e-05
-4.7932694993549612e-04
-1.0999674629369924e-03
-1.7957174455201573e-03
-2.5890112516811403e-03
-2.5744706501778145e-03
-2.5599302601006014e-03
-2.5391406956642906e-03
-2.5098724029828795e-03
-2.4684822488346535e-03
-2.4245832329217536e-03
-2.3806759084709071e-03
-2.3367705117893506e-03
-2.2928670427068555e-03
-2.2489655010546716e-03
-2.2050658866631994e-03
-2.1611637133550493e-03
-2.1500804063380339e-03
-2.1061791742833674e-03
-2.0622755282884877e-03
-2.0183738097389404e-03
-1.7119707904439908e-03
-1.2394854175103763e-03
-7.2706100638556188e-04
-1.6603186965213857e-04
4.5461376331685740e-04
1.1503726605850038e-03
1.9436826738596399e-03
1.9291576629282315e-03
1.9146324410180399e-03
1.8938277082785680e-03
1.8645594156059711e-03
1.8231663367423206e-03
1.7792604740831323e-03
1.7353629211117277e-03
1.6914634410595648e-03
1.6475620337592417e-03
1.6036586990407105e-03
1.5597534367354721e-03
1.5158507259850984e-03
1.5047674189664006e-03
1.4608637728932667e-03
1.4169625409187717e-03
1.3730593815411438e-03
1.0666318841439741e-03
5.9414597728519561e-04
8.1728895993658879e-05
-4.7929667082512563e-04
-1.0999371838270723e-03
-1.7956871664109009e-03
-2.5889809725730588e-03
-2.5744403710702764e-03
-2.5598999809935629e-03
-2.5391104165560707e-03
-2.5098421238743756e-03
-2.4684519697266479e-03
-2.4245529538131621e-03
-2.3806456293624001e-03
-2.3367402326801971e-03
-2.2928367635966958e-03
-2.2489352219435890e-03
-2.2050356075521134e-03
-2.1611334342456095e-03
-2.1500501272292308e-03
-2.1061488951739180e-03
-2.0622452491792145e-03
-2.0183435306306186e-03
-1.7119405113353863e-03
-1.2394551384016042e-03
-7.2703072727710782e-04
-1.6600159054315286e-04
4.5464404242620418e-04
1.1504029396938163e-03
1.9437129529686244e-03
1.9291879420379183e-03
1.9146627201278492e-03
1.8938579873887835e-03
1.8645896947159350e-03
1.8231966158527434e-03
1.7792907531925888e-03
1.7353932002205138e-03
1.6914937201687689e-03
1.6475923128678079e-03
1.6036889781493903e-03
1.5597837158427869e-03
1.5158810050937600e-03
1.5047976980743689e-03
1.4608940520009928e-03
1.4169928200259182e-03
1.3730896606483029e-03
1.0666621632518824e-03
5.9417625639160941e-04
8.1759175099537328e-05
-4.7926639171928331e-04
-1.0999069047199941e-03
-1.7956568873039743e-03
-2.5889506934664024e-03
-2.5744100919626468e-03
-2.5598697018854619e-03
-2.5390801374484038e-03
-2.5098118447674108e-03
-2.4684216906193158e-03
-2.4245226747064848e-03
-2.3806153502555325e-03
-2.3367099535727080e-03
-2.2928064844895636e-03
-2.2489049428362131e-03
-2.2050053284435297e-03
-2.1611031551379990e-03
-2.1500198481215951e-03
-2.1061186160673518e-03
-2.0622149700708007e-03
-2.0183132515203244e-03
-1.7119102322283209e-03
-1.2394248592948417e-03
-7.2700044817094046e-04
-1.6597131143726755e-04
4.5467432153212706e-04
1.1504332188000900e-03
1.9437432320750655e-03
1.9292182211438052e-03
1.9146929992335056e-03
1.8938882664945654e-03
1.8646199738216100e-03
1.8232268949588955e-03
1.7793210322996440e-03
1.7354234793265178e-03
1.6915239992744873e-03
1.6476225919732871e-03
1.6037192572537946e-03
1.5598139949464338e-03
1.5159112841997681e-03
1.5048279771804536e-03
1.4609243311072431e-03
1.4170230991331794e-03
1.3731199397564898e-03
1.0666924423587741e-03
5.9420653549841656e-04
8.1789454207475978e-05
-4.7923611261122158e-04
-1.0998766256126635e-03
-1.7956266081955916e-03
-2.5889204143577068e-03
-2.5743798128544902e-03
-2.5598394227768608e-03
-2.5390498583399887e-03
-2.5097815656585625e-03
-2.4683914115103448e-03
-2.4244923955969626e-03
-2.3805850711464318e-03
-2.3366796744643606e-03
-2.2927762053812158e-03
-2.2488746637283883e-03
-2.2049750493358389e-03
-2.1610728760290583e-03
-2.1499895690118222e-03
-2.1060883369551963e-03
-2.0621846909624326e-03
-2.0182829724145778e-03
-1.7118799531183092e-03
-1.2393945801847750e-03
-7.2697016906065606e-04
-1.6594103232677371e-04
4.5470460064235758e-04
1.1504634979107985e-03
1.9437735111852684e-03
1.9292485002542058e-03
1.9147232783446276e-03
1.8939185456052171e-03
1.8646502529331235e-03
1.8232571740690636e-03
1.7793513114090823e-03
1.7354537584371578e-03
1.6915542783859847e-03
1.6476528710853439e-03
1.6037495363667013e-03
1.5598442740605480e-03
1.5159415633103916e-03
1.5048582562913234e-03
