0.0000000000000000e+00
0.0000000000000000e+00
0.0000000000000000e+00
0.0000000000000000e+00
0.0000000000000000e+00
0.0000000000000000e+00
0.0000000000000000e+00
3.4482165403788042e-04
1.4985136368959187e-03
2.8014176991074452e-03
4.3002099537053770e-03
4.3002099537053770e-03
4.3002099537053770e-03
4.3002099537053770e-03
4.3002099537053770e-03
4.3002099537053770e-03
4.3002099537053770e-03
4.3002099537053770e-03
4.3002099537053770e-03
4.3002099537053770e-03
4.3002099537053770e-03
4.3002099537053770e-03
4.3002099537053770e-03
4.3002099537053770e-03
4.3002099537053770e-03
4.3002099537053770e-03
4.3002099537053770e-03
4.8252019473920861e-03
5.6823646620987548e-03
6.6194617346825510e-03
7.6537352555050113e-03
8.8072496766426409e-03
1.0111006807843380e-02
1.1609894187121843e-02
1.1609894187121843e-02
1.1609894187121843e-02
1.1609894187121843e-02
1.1609894187121843e-02
1.1609894187121843e-02
1.1609894187121843e-02
1.1609894187121843e-02
1.1609894187121843e-02
1.1609894187121843e-02
1.1609894187121843e-02
1.1609894187121843e-02
1.1609894187121843e-02
1.1609894187121843e-02
1.1609894187121843e-02
1.1609894187121843e-02
1.1609894187121843e-02
1.2134949243729262e-02
1.2992113188057128e-02
1.3929191205024996e-02
1.4963455197356432e-02
1.6116955466080735e-02
1.7420687736701086e-02
1.8919529279513146e-02
1.8919529279513146e-02
1.8919529279513146e-02
1.8919529279513146e-02
1.8919529279513146e-02
1.8919529279513146e-02
1.8919529279513146e-02
1.8919529279513146e-02
1.8919529279513146e-02
1.8919529279513146e-02
1.8919529279513146e-02
1.8919529279513146e-02
1.8919529279513146e-02
1.8919529279513146e-02
1.8919529279513146e-02
1.8919529279513146e-02
1.8919529279513146e-02
1.9444532688432756e-02
2.0301695405609090e-02
2.1238792477713639e-02
2.2273065998494036e-02
2.3426580419637289e-02
2.4730337550839074e-02
2.6229224930117409e-02
2.6229224930117409e-02
2.6229224930117409e-02
2.6229224930117409e-02
2.6229224930117409e-02
2.6229224930117409e-02
2.6229224930117409e-02
2.6229224930117409e-02
2.6229224930117409e-02
2.6229224930117409e-02
2.6229224930117409e-02
2.6229224930117409e-02
2.6229224930117409e-02
2.6229224930117409e-02
2.6229224930117409e-02
2.6229224930117409e-02
2.6229224930117409e-02
2.6754279986724770e-02
2.7611443931051707e-02
2.8548521948019268e-02
2.9582785940351061e-02
3.0736286209075554e-02
3.2040018479696550e-02
3.3538860022508242e-02
3.3538860022508242e-02
3.3538860022508242e-02
3.3538860022508242e-02
3.3538860022508242e-02
3.3538860022508242e-02
3.3538860022508242e-02
3.3538860022508242e-02
3.3538860022508242e-02
3.3538860022508242e-02
3.3538860022508242e-02
3.3538860022508242e-02
3.3538860022508242e-02
3.3538860022508242e-02
3.3538860022508242e-02
3.3538860022508242e-02
3.3538860022508242e-02
3.4063863431427498e-02
3.4921026148604331e-02
3.5858123220708818e-02
3.6892396741489725e-02
3.8045911162633318e-02
3.9349668293835183e-02
4.0848555673112769e-02
4.0848555673112769e-02
4.0848555673112769e-02
4.0848555673112769e-02
4.0848555673112769e-02
4.0848555673112769e-02
4.0848555673112769e-02
4.0848555673112769e-02
4.0848555673112769e-02
4.0848555673112769e-02
4.0848555673112769e-02
4.0848555673112769e-02
4.0848555673112769e-02
4.0848555673112769e-02
4.0848555673112769e-02
4.0848555673112769e-02
4.0848555673112769e-02
4.1373610729719942e-02
4.2230774674047358e-02
4.3167852691014807e-02
4.4202116683346331e-02
4.5355616952069251e-02
4.6659349222690327e-02
4.8158190765502346e-02
4.8158190765502346e-02
4.8158190765502346e-02
4.8158190765502346e-02
4.8158190765502346e-02
4.8158190765502346e-02
4.8158190765502346e-02
4.8158190765502346e-02
4.8158190765502346e-02
4.8158190765502346e-02
4.8158190765502346e-02
4.8158190765502346e-02
4.8158190765502346e-02
4.8158190765502346e-02
4.8158190765502346e-02
4.8158190765502346e-02
4.8158190765502346e-02
4.8683194174421199e-02
4.9540356891597817e-02
5.0477453963702790e-02
5.1511727484483467e-02
5.2665241905627179e-02
5.3968999036829141e-02
5.5467886416107108e-02
5.5467886416107108e-02
5.5467886416107108e-02
5.5467886416107108e-02
5.5467886416107108e-02
5.5467886416107108e-02
5.5467886416107108e-02
5.5467886416107108e-02
5.5467886416107108e-02
5.5467886416107108e-02
5.5467886416107108e-02
5.5467886416107108e-02
5.5467886416107108e-02
5.5467886416107108e-02
5.5467886416107108e-02
5.5467886416107108e-02
5.5467886416107108e-02
5.5992941472714219e-02
5.6850105417042565e-02
5.7787183434009855e-02
5.8821447426341184e-02
5.9974947695065436e-02
6.1278679965686589e-02
6.2777521508498288e-02
6.2777521508498288e-02
6.2777521508498288e-02
6.2777521508498288e-02
6.2777521508498288e-02
6.2777521508498288e-02
6.2777521508498288e-02
6.2777521508498288e-02
6.2777521508498288e-02
6.2777521508498288e-02
6.2777521508498288e-02
6.2777521508498288e-02
6.2777521508498288e-02
6.2777521508498288e-02
6.2777521508498288e-02
6.2777521508498288e-02
6.2777521508498288e-02
6.3302524917418293e-02
6.4159687634595106e-02
6.5096784706699926e-02
6.6131058227480791e-02
6.7284572648623975e-02
6.8588329779826304e-02
7.0087217159103862e-02
7.0087217159103862e-02
7.0087217159103862e-02
7.0087217159103862e-02
7.0087217159103862e-02
7.0087217159103862e-02
7.0087217159103862e-02
7.0087217159103862e-02
7.0087217159103862e-02
7.0087217159103862e-02
7.0087217159103862e-02
7.0087217159103862e-02
7.0087217159103862e-02
7.0087217159103862e-02
