0.0000000000000000e+00
2.9999999999823824e+01
5.9993634990794014e+01
8.9999999999738264e+01
1.1999999831028219e+02
1.4999363161237497e+02
1.7998090159509624e+02
2.0999987755572255e+02
2.3999718934498367e+02
2.6997518142826868e+02
2.9996185421001354e+02
2.8999999998190003e+02
2.8003744494277566e+02
2.6585786429195400e+02
2.4585786434578782e+02
2.1756876276589193e+02
1.8755745347890894e+02
1.5757359312778655e+02
1.2758337036223182e+02
9.7586783493827639e+01
6.7583830833095178e+01
3.7574510690281834e+01
7.5735931286586515e+00
3.9990710777028928e-10
-3.0003986863320968e+01
-5.9999999999668468e+01
-9.0002378776321308e+01
-1.1999950131167714e+02
-1.4999992831209289e+02
-1.7999292964707166e+02
-2.0999041502733854e+02
-2.3998701265137197e+02
-2.6998181685788438e+02
-2.9997370860955635e+02
-2.9000000001666393e+02
-2.8002699288334713e+02
-2.6585786444796628e+02
-2.4585786439841087e+02
-2.1757842239851013e+02
-1.8758972628284846e+02
-1.5757359312844781e+02
-1.2756382926523909e+02
-9.7560433002045414e+01
-6.7563402648605958e+01
-3.7572736515900914e+01
-7.5735931276444353e+00
1.5473425120441874e-09
2.9996013933473872e+01
6.0000000001273563e+01
8.9997620002070391e+01
1.1999936177135805e+02
1.4999990603798815e+02
1.7999080655913571e+02
2.0998733427295318e+02
2.3998248994104597e+02
2.6997481163306537e+02
2.9996218839088294e+02
2.8999999998298330e+02
2.8003711070683210e+02
2.6585786429455322e+02
2.4585786434717684e+02
2.1756876276581579e+02
1.8755745347722379e+02
1.5757359312854203e+02
1.2758337036551808e+02
9.7586783499184932e+01
6.7583830840785637e+01
3.7574510700395663e+01
7.5735931291111633e+00
7.5316086785863698e-10
-3.0003986861899609e+01
-5.9999999999368406e+01
-9.0002378777016688e+01
-1.1999950127056286e+02
-1.4999992832159805e+02
-1.7999292964746110e+02
-2.0999041502662388e+02
-2.3998701265114113e+02
-2.6998181685764212e+02
-2.9997370860914316e+02
-2.9000000001670099e+02
-2.8002699288359264e+02
-2.6585786444793968e+02
-2.4585786439836386e+02
-2.1757842239886793e+02
-1.8758972628339205e+02
-1.5757359312859575e+02
-1.2756382926518351e+02
-9.7560433001485976e+01
-6.7563402647860073e+01
-3.7572736514605616e+01
-7.5735931277724706e+00
1.3645784618451199e-09
2.9996013932614801e+01
6.0000000001084246e+01
8.9997620002646613e+01
1.1999936177133952e+02
1.4999990603808067e+02
1.7999080655902719e+02
2.0998733427318206e+02
2.3998248994126823e+02
2.6997481163338603e+02
2.9996218839096144e+02
2.8999999998284738e+02
2.8003711070701462e+02
2.6585786429446989e+02
2.4585786434725787e+02
2.1756876276573365e+02
1.8755745347750917e+02
1.5757359312879720e+02
1.2758337036570478e+02
9.7586783500066531e+01
6.7583830841837141e+01
3.7574510700934141e+01
7.5735931299002397e+00
1.0846597401396080e-09
-3.0003986861800612e+01
-5.9999999998889656e+01
-9.0002378776399524e+01
-1.1999950127029931e+02
-1.4999992832138958e+02
-1.7999292964757626e+02
-2.0999041502677665e+02
-2.3998701265106655e+02
-2.6998181685763632e+02
-2.9997370860900935e+02
-2.9000000001634817e+02
-2.8002699288311828e+02
-2.6585786444753171e+02
-2.4585786439831210e+02
-2.1757842239843563e+02
-1.8758972628312142e+02
-1.5757359312842365e+02
-1.2756382926461787e+02
-9.7560433000995417e+01
-6.7563402647303320e+01
-3.7572736514280500e+01
-7.5735931272656787e+00
1.7081440167048129e-09
2.9996013933341274e+01
6.0000000001461281e+01
8.9997620002949418e+01
1.1999936177216395e+02
1.4999990603863583e+02
1.7999080655948086e+02
2.0998733427348822e+02
2.3998248994148554e+02
2.6997481163353655e+02
2.9996218839098236e+02
2.8999999998297187e+02
2.8003711070729906e+02
2.6585786429482312e+02
2.4585786434757406e+02
2.1756876276649069e+02
1.8755745347810074e+02
1.5757359312918942e+02
1.2758337036576646e+02
9.7586783499421301e+01
6.7583830840806741e+01
3.7574510699744138e+01
7.5735931300678168e+00
1.5435021194355808e-09
-3.0003986861775722e+01
-5.9999999998735220e+01
-9.0002378775698304e+01
-1.1999950127015993e+02
-1.4999992832151372e+02
-1.7999292964779676e+02
-2.0999041502685671e+02
-2.3998701265129532e+02
-2.6998181685793361e+02
-2.9997370860936007e+02
-2.9000000001653410e+02
-2.8002699288370570e+02
-2.6585786444845769e+02
-2.4585786439910962e+02
-2.1757842239925571e+02
-1.8758972628402779e+02
-1.5757359312907735e+02
-1.2756382926495101e+02
-9.7560433001179788e+01
-6.7563402647253398e+01
-3.7572736514113842e+01
-7.5735931281610007e+00
8.0436834357797608e-10
2.9996013932424134e+01
6.0000000000578673e+01
8.9997620002100376e+01
1.1999936177115865e+02
1.4999990603784607e+02
1.7999080655891299e+02
2.0998733427279251e+02
2.3998248994093666e+02
2.6997481163325875e+02
2.9996218839072736e+02
2.8999999998256840e+02
2.8003711070692532e+02
2.6585786429409359e+02
2.4585786434693813e+02
2.1756876276569358e+02
1.8755745347744497e+02
1.5757359312841700e+02
1.2758337036496044e+02
9.7586783499102708e+01
6.7583830840703541e+01
3.7574510700410542e+01
7.5735931294683612e+00
1.0544476973372832e-09
-3.0003986861765991e+01
-5.9999999999245233e+01
-9.0002378776861505e+01
-1.1999950127081877e+02
-1.4999992832193871e+02
-1.7999292964812648e+02
-2.0999041502738535e+02
-2.3998701265184701e+02
-2.6998181685834095e+02
-2.9997370860980448e+02
-2.9000000001683190e+02
-2.8002699288376311e+02
-2.6585786444847588e+02
-2.4585786439881304e+02
-2.1757842239936474e+02
-1.8758972628383972e+02
-1.5757359312918032e+02
-1.2756382926526376e+02
-9.7560433001553065e+01
-6.7563402647978421e+01
-3.7572736514887133e+01
-7.5735931283196312e+00
9.1689645482447179e-10
