0.0000000000000000e+00
0.0000000000000000e+00
0.0000000000000000e+00
0.0000000000000000e+00
0.0000000000000000e+00
0.0000000000000000e+00
0.0000000000000000e+00
8.8394199367857527e+03
4.1301036676441021e+04
8.2848875315064768e+04
1.3626543375407447e+05
1.3626543375407447e+05
1.3626543375407447e+05
1.3626543375407447e+05
1.3626543375407447e+05
1.3626543375407447e+05
1.3626543375407447e+05
1.3626543375407447e+05
1.3626543375407447e+05
1.3626543375407447e+05
1.3626543375407447e+05
1.3626543375407447e+05
1.3626543375407447e+05
1.3626543375407447e+05
1.3626543375407447e+05
1.3626543375407447e+05
1.3626543375407447e+05
1.4348417037940570e+05
1.5794488386219283e+05
1.7726553432546146e+05
2.0246448310662349e+05
2.3488999005522425e+05
2.7642209776558308e+05
3.2978281694466434e+05
3.2978281694466434e+05
3.2978281694466434e+05
3.2978281694466434e+05
3.2978281694466434e+05
3.2978281694466434e+05
3.2978281694466434e+05
3.2978281694466434e+05
3.2978281694466434e+05
3.2978281694466434e+05
3.2978281694466434e+05
3.2978281694466434e+05
3.2978281694466434e+05
3.2978281694466434e+05
3.2978281694466434e+05
3.2978281694466434e+05
3.2978281694466434e+05
3.3700533575674566e+05
3.5147378121239645e+05
3.7080655241836328e+05
3.9602447964450205e+05
4.2847807061817776e+05
4.7005068179591885e+05
5.2346899186350638e+05
5.2346899186350638e+05
5.2346899186350638e+05
5.2346899186350638e+05
5.2346899186350638e+05
5.2346899186350638e+05
5.2346899186350638e+05
5.2346899186350638e+05
5.2346899186350638e+05
5.2346899186350638e+05
5.2346899186350638e+05
5.2346899186350638e+05
5.2346899186350638e+05
5.2346899186350638e+05
5.2346899186350638e+05
5.2346899186350638e+05
5.2346899186350638e+05
5.3068787121478887e+05
5.4514858473645849e+05
5.6446923519087071e+05
5.8966818397107860e+05
6.2209369091982441e+05
6.6362579863021383e+05
7.1698651780929649e+05
7.1698651780929649e+05
7.1698651780929649e+05
7.1698651780929649e+05
7.1698651780929649e+05
7.1698651780929649e+05
7.1698651780929649e+05
7.1698651780929649e+05
7.1698651780929649e+05
7.1698651780929649e+05
7.1698651780929649e+05
7.1698651780929649e+05
7.1698651780929649e+05
7.1698651780929649e+05
7.1698651780929649e+05
7.1698651780929649e+05
7.1698651780929649e+05
7.2420903662137827e+05
7.3867748207702814e+05
7.5801025328299729e+05
7.8322818050913559e+05
8.1568177148281084e+05
8.5725438266055612e+05
9.1067269272813899e+05
9.1067269272813899e+05
9.1067269272813899e+05
9.1067269272813899e+05
9.1067269272813899e+05
9.1067269272813899e+05
9.1067269272813899e+05
9.1067269272813899e+05
9.1067269272813899e+05
9.1067269272813899e+05
9.1067269272813899e+05
9.1067269272813899e+05
9.1067269272813899e+05
9.1067269272813899e+05
9.1067269272813899e+05
9.1067269272813899e+05
9.1067269272813899e+05
9.1789157207942335e+05
9.3235228560109017e+05
9.5167293605550332e+05
9.7687188483571215e+05
1.0092973917844561e+06
1.0508294994948455e+06
1.1041902186739263e+06
1.1041902186739263e+06
1.1041902186739263e+06
1.1041902186739263e+06
1.1041902186739263e+06
1.1041902186739263e+06
1.1041902186739263e+06
1.1041902186739263e+06
1.1041902186739263e+06
1.1041902186739263e+06
1.1041902186739263e+06
1.1041902186739263e+06
1.1041902186739263e+06
1.1041902186739263e+06
1.1041902186739263e+06
1.1041902186739263e+06
1.1041902186739263e+06
1.1114127374860072e+06
1.1258811829416589e+06
1.1452139541476262e+06
1.1704318813737636e+06
1.2028854723474407e+06
1.2444580835251831e+06
1.2978763935927697e+06
1.2978763935927697e+06
1.2978763935927697e+06
1.2978763935927697e+06
1.2978763935927697e+06
1.2978763935927697e+06
1.2978763935927697e+06
1.2978763935927697e+06
1.2978763935927697e+06
1.2978763935927697e+06
1.2978763935927697e+06
1.2978763935927697e+06
1.2978763935927697e+06
1.2978763935927697e+06
1.2978763935927697e+06
1.2978763935927697e+06
1.2978763935927697e+06
1.3050952729440541e+06
1.3195559864657191e+06
1.3388766369201378e+06
1.3640755857003429e+06
1.3965010926490878e+06
1.4380332003594772e+06
1.4913939195385543e+06
1.4913939195385543e+06
1.4913939195385543e+06
1.4913939195385543e+06
1.4913939195385543e+06
1.4913939195385543e+06
1.4913939195385543e+06
1.4913939195385543e+06
1.4913939195385543e+06
1.4913939195385543e+06
1.4913939195385543e+06
1.4913939195385543e+06
1.4913939195385543e+06
1.4913939195385543e+06
1.4913939195385543e+06
1.4913939195385543e+06
1.4913939195385543e+06
1.4986164383506351e+06
1.5130848838062868e+06
1.5324176550122541e+06
1.5576355822383952e+06
1.5900891732120705e+06
1.6316617843898186e+06
1.6850800944573921e+06
1.6850800944573921e+06
1.6850800944573921e+06
1.6850800944573921e+06
1.6850800944573921e+06
1.6850800944573921e+06
1.6850800944573921e+06
1.6850800944573921e+06
1.6850800944573921e+06
1.6850800944573921e+06
1.6850800944573921e+06
1.6850800944573921e+06
1.6850800944573921e+06
1.6850800944573921e+06
1.6850800944573921e+06
1.6850800944573921e+06
1.6850800944573921e+06
1.6922989738086765e+06
1.7067596873303433e+06
1.7260803377847583e+06
1.7512792865649671e+06
1.7837047935137176e+06
1.8252369012241070e+06
1.8785976204031822e+06
1.8785976204031822e+06
1.8785976204031822e+06
1.8785976204031822e+06
1.8785976204031822e+06
1.8785976204031822e+06
1.8785976204031822e+06
1.8785976204031822e+06
1.8785976204031822e+06
1.8785976204031822e+06
1.8785976204031822e+06
1.8785976204031822e+06
1.8785976204031822e+06
1.8785976204031822e+06
