0.0000000000000000e+00
0.0000000000000000e+00
0.0000000000000000e+00
0.0000000000000000e+00
0.0000000000000000e+00
0.0000000000000000e+00
0.0000000000000000e+00
6.6665558009554822e+00
2.6664171382734867e+01
4.6644873155412533e+01
6.6633709480866131e+01
6.6633709480866131e+01
6.6633709480866131e+01
6.6633709480866145e+01
6.6633709480866145e+01
6.6633709480866145e+01
6.6633709480866131e+01
6.6633709480866159e+01
6.6633709480866116e+01
6.6633709480866116e+01
6.6633709480866116e+01
6.6633709480866116e+01
6.6633709480866116e+01
6.6633709480866116e+01
6.6633709480866116e+01
6.6633709480866116e+01
6.6633709480866116e+01
5.3333883427942922e+01
3.3333413235842151e+01
1.3341265682594035e+01
-6.6558117487264541e+00
-2.6651779025939568e+01
-4.6645483477716517e+01
-6.6635343521464875e+01
-6.6635343521464875e+01
-6.6635343521464875e+01
-6.6635343521464875e+01
-6.6635343521464875e+01
-6.6635343521464875e+01
-6.6635343521464875e+01
-6.6635343521464875e+01
-6.6635343521464875e+01
-6.6635343521464875e+01
-6.6635343521464875e+01
-6.6635343521464875e+01
-6.6635343521464875e+01
-6.6635343521464875e+01
-6.6635343521464875e+01
-6.6635343521464875e+01
-6.6635343521464875e+01
-5.3333918053071471e+01
-3.3333418701318585e+01
-1.3341642383206436e+01
6.6553033972415667e+00
2.6651103290937925e+01
4.6644548403172095e+01
6.6633998715557084e+01
6.6633998715557070e+01
6.6633998715557070e+01
6.6633998715557041e+01
6.6633998715557055e+01
6.6633998715557070e+01
6.6633998715557027e+01
6.6633998715557013e+01
6.6633998715557041e+01
6.6633998715557027e+01
6.6633998715557027e+01
6.6633998715556999e+01
6.6633998715556999e+01
6.6633998715556984e+01
6.6633998715556984e+01
6.6633998715556984e+01
6.6633998715556999e+01
5.3333883473703231e+01
3.3333413224913741e+01
1.3341265681950281e+01
-6.6558117485730106e+00
-2.6651779025889290e+01
-4.6645483477686184e+01
-6.6635343521437136e+01
-6.6635343521437136e+01
-6.6635343521437136e+01
-6.6635343521437136e+01
-6.6635343521437136e+01
-6.6635343521437136e+01
-6.6635343521437136e+01
-6.6635343521437136e+01
-6.6635343521437136e+01
-6.6635343521437136e+01
-6.6635343521437136e+01
-6.6635343521437136e+01
-6.6635343521437136e+01
-6.6635343521437136e+01
-6.6635343521437136e+01
-6.6635343521437136e+01
-6.6635343521437136e+01
-5.3333918053046453e+01
-3.3333418701315608e+01
-1.3341642383209747e+01
6.6553033972449089e+00
2.6651103290944185e+01
4.6644548403186320e+01
6.6633998715565369e+01
6.6633998715565369e+01
6.6633998715565369e+01
6.6633998715565369e+01
6.6633998715565397e+01
6.6633998715565397e+01
6.6633998715565411e+01
6.6633998715565411e+01
6.6633998715565411e+01
6.6633998715565411e+01
6.6633998715565411e+01
6.6633998715565440e+01
6.6633998715565468e+01
6.6633998715565440e+01
6.6633998715565440e+01
6.6633998715565440e+01
6.6633998715565454e+01
5.3333883473720078e+01
3.3333413224917770e+01
1.3341265681955402e+01
-6.6558117485773680e+00
-2.6651779025898250e+01
-4.6645483477695237e+01
-6.6635343521436425e+01
-6.6635343521436425e+01
-6.6635343521436425e+01
-6.6635343521436425e+01
-6.6635343521436425e+01
-6.6635343521436425e+01
-6.6635343521436425e+01
-6.6635343521436425e+01
-6.6635343521436425e+01
-6.6635343521436425e+01
-6.6635343521436425e+01
-6.6635343521436425e+01
-6.6635343521436425e+01
-6.6635343521436425e+01
-6.6635343521436425e+01
-6.6635343521436425e+01
-6.6635343521436425e+01
-5.3333918053050688e+01
-3.3333418701309093e+01
-1.3341642383206075e+01
6.6553033972432765e+00
2.6651103290917952e+01
4.6644548403163974e+01
6.6633998715549765e+01
6.6633998715549723e+01
6.6633998715549723e+01
6.6633998715549694e+01
6.6633998715549694e+01
6.6633998715549723e+01
6.6633998715549680e+01
6.6633998715549666e+01
6.6633998715549666e+01
6.6633998715549666e+01
6.6633998715549666e+01
6.6633998715549666e+01
6.6633998715549680e+01
6.6633998715549652e+01
6.6633998715549652e+01
6.6633998715549652e+01
6.6633998715549581e+01
5.3333883473714977e+01
3.3333413224917628e+01
1.3341265681946041e+01
-6.6558117485816348e+00
-2.6651779025904077e+01
-4.6645483477701710e+01
-6.6635343521446302e+01
-6.6635343521446302e+01
-6.6635343521446302e+01
-6.6635343521446302e+01
-6.6635343521446302e+01
-6.6635343521446302e+01
-6.6635343521446302e+01
-6.6635343521446302e+01
-6.6635343521446302e+01
-6.6635343521446302e+01
-6.6635343521446302e+01
-6.6635343521446302e+01
-6.6635343521446302e+01
-6.6635343521446302e+01
-6.6635343521446302e+01
-6.6635343521446302e+01
-6.6635343521446302e+01
-5.3333918053061495e+01
-3.3333418701298974e+01
-1.3341642383199744e+01
6.6553033972450724e+00
2.6651103290940632e+01
4.6644548403185162e+01
6.6633998715564658e+01
6.6633998715564630e+01
6.6633998715564630e+01
6.6633998715564573e+01
6.6633998715564587e+01
6.6633998715564559e+01
6.6633998715564530e+01
6.6633998715564516e+01
6.6633998715564488e+01
6.6633998715564474e+01
6.6633998715564474e+01
6.6633998715564459e+01
6.6633998715564445e+01
6.6633998715564445e+01
6.6633998715564445e+01
6.6633998715564445e+01
6.6633998715564459e+01
5.3333883473700723e+01
3.3333413224901591e+01
1.3341265681933965e+01
-6.6558117485964630e+00
-2.6651779025909445e+01
-4.6645483477711267e+01
-6.6635343521449542e+01
-6.6635343521449542e+01
-6.6635343521449542e+01
-6.6635343521449542e+01
-6.6635343521449542e+01
-6.6635343521449542e+01
-6.6635343521449542e+01
-6.6635343521449542e+01
-6.6635343521449542e+01
-6.6635343521449542e+01
-6.6635343521449542e+01
-6.6635343521449542e+01
-6.6635343521449542e+01
-6.6635343521449542e+01
