0.0000000000000000e+00
-1.0639452946740529e-10
-3.2923457746173255e-03
6.0664042683858677e-10
-6.7348150974843285e-07
-3.2936929794446005e-03
-9.8783836671717355e-03
4.3854359003885170e-05
9.3227091525663016e-04
7.8716951714385783e-03
1.1289988720505391e-02
1.0456977915219386e-08
-1.1652225909160190e-02
-3.4575484315844549e-08
-1.1960806492384462e-08
-2.4984028395827621e-03
-8.3477228960977291e-03
1.6300038703297477e-09
5.0564162353961334e-03
6.8208471613237318e-03
5.2926197214598590e-03
4.7105933639919167e-04
5.8135479928319603e-10
8.4659792606585532e-10
-2.0621244424845128e-03
1.2040578993581439e-09
-1.2304707699452360e-03
-3.2645357659194345e-04
-4.8165845132987881e-05
-4.8281709991252267e-03
-6.6974042765979309e-03
-9.3441124797983936e-03
-1.3591641314051706e-02
-2.0693327386158592e-02
1.1230437595848011e-08
2.0330937825144141e-02
-3.5009234727057263e-08
-1.0757257702512001e-08
-2.4979637444056042e-03
-8.3451215997588975e-03
2.8802356722226524e-09
5.0510718771261979e-03
6.8087607751562175e-03
5.2737446858318552e-03
4.4669763175836982e-04
1.5921501883876920e-09
1.3989239430514527e-09
-2.0618065447912965e-03
1.6986884722995165e-09
-1.2309583997620430e-03
2.3885097443523620e-04
3.4089955529053923e-05
3.2701339279350775e-03
4.3791770709582364e-03
5.8350046056815990e-03
7.9890282703231758e-03
1.1190317490595384e-02
1.1710561907967707e-08
-1.1552584143358741e-02
-3.3128753220735366e-08
-1.0988406424910012e-08
-2.4984026874136449e-03
-8.3477232117220752e-03
2.1522663767466358e-09
5.0564177199714389e-03
6.8208490602810869e-03
5.2926223253448911e-03
4.7106266685736318e-04
8.9079468570332341e-10
8.2934994694180928e-10
-2.0621239921600658e-03
1.2747798950080415e-09
-1.2304713484110183e-03
-3.2648111728466494e-04
-4.8158983965524140e-05
-4.8281704369120704e-03
-6.6974037925328876e-03
-9.3441123689675925e-03
-1.3591641151475122e-02
-2.0693326991292595e-02
1.1142635547047091e-08
2.0330937391311865e-02
-3.5299347620829270e-08
-1.1014334941540140e-08
-2.4979641700934798e-03
-8.3451220481843939e-03
2.4919458247651462e-09
5.0510715393600365e-03
6.8087607925022154e-03
5.2737446210176847e-03
4.4669773836106957e-04
1.3719125837329772e-09
1.0668329462337913e-09
-2.0618072156604376e-03
1.3855957266281021e-09
-1.2309581705974664e-03
2.3885084750717734e-04
3.4089975589655046e-05
3.2701337861092265e-03
4.3791772846124904e-03
5.8350048256508033e-03
7.9890285912191279e-03
1.1190317618579946e-02
1.1365326738041692e-08
-1.1552584338566171e-02
-3.3232099753907999e-08
-1.1044763277381278e-08
-2.4984026877811999e-03
-8.3477230143716597e-03
2.4934843379585317e-09
5.0564181007911827e-03
6.8208502253359650e-03
5.2926237069015527e-03
4.7106388236828778e-04
1.3874505142991519e-09
9.4269471729899258e-10
-2.0621238777094849e-03
1.3625791445289660e-09
-1.2304712614946121e-03
-3.2648085671928485e-04
-4.8158758229431039e-05
-4.8281705713230554e-03
-6.6974039567381603e-03
-9.3441122478525544e-03
-1.3591641080890008e-02
-2.0693326854610977e-02
1.1599507003140311e-08
2.0330938031878232e-02
-3.4604861175021078e-08
-1.0681233163531873e-08
-2.4979635409727104e-03
-8.3451217236968859e-03
2.9682014423151317e-09
5.0510723910661554e-03
6.8087616437445715e-03
5.2737457978597824e-03
4.4669886029592753e-04
2.2469006256257364e-09
1.9530058784544464e-09
-2.0618055236080166e-03
2.2033722630459972e-09
-1.2309580645280909e-03
2.3885181671741209e-04
3.4090663237922767e-05
3.2701343382968732e-03
4.3791776550428053e-03
5.8350050940579878e-03
7.9890287932586814e-03
1.1190317674286092e-02
1.1574672962795096e-08
-1.1552583971796327e-02
-3.2807236689209804e-08
-1.0790715282977863e-08
-2.4984021328227626e-03
-8.3477227820868850e-03
2.7982764149134627e-09
5.0564184150277275e-03
6.8208501149903174e-03
5.2926234892993196e-03
4.7106355297161351e-04
1.4220131388526418e-09
1.1493951591141155e-09
-2.0621239597206115e-03
1.4303088781870436e-09
-1.2304705617907734e-03
-3.2648077345047395e-04
-4.8158934105346948e-05
-4.8281707315383235e-03
-6.6974039736513273e-03
-9.3441124482647499e-03
-1.3591641391393548e-02
-2.0693327196123358e-02
1.1303175532941742e-08
2.0330937302596237e-02
-3.5627608927199402e-08
-1.1509723409867149e-08
-2.4979644377297748e-03
-8.3451225455138649e-03
2.0549589143857335e-09
5.0510718612943421e-03
6.8087612739907355e-03
5.2737453548842086e-03
4.4669844175320187e-04
1.2489597974962795e-09
9.7568874913367243e-10
-2.0618068800271156e-03
9.8570130120958313e-10
-1.2309588555021777e-03
2.3885074500002251e-04
3.4089811474214387e-05
3.2701337036436630e-03
4.3791769049417156e-03
5.8350044942394319e-03
7.9890284383206476e-03
1.1190317355700863e-02
1.1136390794959554e-08
-1.1552584284961790e-02
-3.3577161178180711e-08
-1.1493055039657348e-08
-2.4984029237560506e-03
-8.3477233514579908e-03
1.8479432439208635e-09
5.0564170910537129e-03
6.8208490482880033e-03
5.2926223696503939e-03
4.7106308583685165e-04
8.9302502935148218e-10
6.5061673448439496e-10
-2.0621245074460078e-03
8.7083590173177178e-10
-1.2304713321423099e-03
-3.2648159047982941e-04
-4.8159415608387045e-05
-4.8281711200490471e-03
-6.6974045799439606e-03
-9.3441130683445273e-03
-1.3591641833700775e-02
-2.0693327667655040e-02
1.0914161778118497e-08
2.0330937262308845e-02
-3.5662473748431252e-08
-1.1209672821353908e-08
-2.4979645234237046e-03
-8.3451222451453588e-03
1.8860816808133408e-09
5.0510712322736195e-03
6.8087603624811463e-03
5.2737438698628744e-03
4.4669673520229104e-04
8.6222085742253370e-10
7.0762008884669988e-10
