0.0000000000000000e+00
-1.7541327509973555e-10
-3.2923459135765368e-03
4.4481054133531794e-10
-6.7353510856062747e-07
-3.2936929981141516e-03
-9.8783835437481239e-03
4.3854220387932639e-05
9.3227084778080402e-04
7.8716951289360647e-03
1.1289988709040568e-02
1.0613336766257053e-08
-1.1652225734089264e-02
-3.4541080290212715e-08
-1.1827233975346194e-08
-2.4984025608299643e-03
-8.3477225142140395e-03
1.7386020735159028e-09
5.0564161270184723e-03
6.8208467510104216e-03
5.2926190387372245e-03
4.7105842651857670e-04
6.7007816009561463e-10
7.6049457702601662e-10
-2.0621249013013884e-03
1.1023726593997990e-09
-1.2304706274960408e-03
-3.2645360647986610e-04
-4.8165859759188265e-05
-4.8281709266219429e-03
-6.6974042213632633e-03
-9.3441124459072468e-03
-1.3591641305821914e-02
-2.0693327332490720e-02
1.1286394969053489e-08
2.0330937788085156e-02
-3.5040895275862702e-08
-1.0829754691000819e-08
-2.4979638999163027e-03
-8.3451218881204371e-03
2.7639634916110638e-09
5.0510718978655500e-03
6.8087609772816051e-03
5.2737450088309679e-03
4.4669816723199576e-04
1.5310380186645380e-09
1.3153530437322839e-09
-2.0618062829350784e-03
1.6643662836795197e-09
-1.2309586697164688e-03
2.3885095636518819e-04
3.4089968439574436e-05
3.2701339636979801e-03
4.3791771107460076e-03
5.8350046730042699e-03
7.9890283446705807e-03
1.1190317604631187e-02
1.1663089071681482e-08
-1.1552584128911986e-02
-3.3034394587281410e-08
-1.0916294879957939e-08
-2.4984024540408772e-03
-8.3477230557009296e-03
2.3701627212354961e-09
5.0564178521953617e-03
6.8208492316735418e-03
5.2926223780304831e-03
4.7106264447785136e-04
8.8122391214543191e-10
8.2862774085630008e-10
-2.0621242273854831e-03
1.0672097593016512e-09
-1.2304713531417428e-03
-3.2648111854971111e-04
-4.8158958337564845e-05
-4.8281703367691444e-03
-6.6974037370592402e-03
-9.3441122462615961e-03
-1.3591641074846450e-02
-2.0693326984261601e-02
1.1238128385376346e-08
2.0330937486978493e-02
-3.5164716623985561e-08
-1.0918784980630010e-08
-2.4979640658883526e-03
-8.3451219119354911e-03
2.7502253141237488e-09
5.0510718089836161e-03
6.8087611714777729e-03
5.2737450872706246e-03
4.4669836630981770e-04
1.6375413099453266e-09
1.4400519717644591e-09
-2.0618066917777967e-03
1.6649704449158334e-09
-1.2309581653483031e-03
2.3885097055031211e-04
3.4090133381378039e-05
3.2701338973843727e-03
4.3791773448012047e-03
5.8350048779576358e-03
7.9890286222566026e-03
1.1190317608331951e-02
1.1373156676007933e-08
-1.1552584364361870e-02
-3.3143424666104847e-08
-1.0901338789314593e-08
-2.4984025761330140e-03
-8.3477229000642160e-03
2.5542747512213599e-09
5.0564181383657026e-03
6.8208502143228050e-03
5.2926236625570472e-03
4.7106370834425117e-04
1.4703458187127738e-09
1.0947641861680154e-09
-2.0621238785769724e-03
1.4525187649462573e-09
-1.2304711541926314e-03
-3.2648090284977701e-04
-4.8158774883237777e-05
-4.8281704485035361e-03
-6.6974038651298863e-03
-9.3441121912837561e-03
-1.3591641106856019e-02
-2.0693326855989350e-02
1.1700117793862009e-08
2.0330938075128799e-02
-3.4569158265261014e-08
-1.0562553300035519e-08
-2.4979634131569112e-03
-8.3451215625433041e-03
3.0062784925763522e-09
5.0510723314409539e-03
6.8087615272684216e-03
5.2737456342883916e-03
4.4669863090023585e-04
2.1886407710986165e-09
1.8503563239553146e-09
-2.0618059220762590e-03
1.9239439531788314e-09
-1.2309581525741554e-03
2.3885166393717346e-04
3.4090534267338053e-05
3.2701342426284330e-03
4.3791775921764144e-03
5.8350051238893240e-03
7.9890287883044326e-03
1.1190317641342174e-02
1.1657580805407905e-08
-1.1552583869355808e-02
-3.2664848633795876e-08
-1.0626834622411148e-08
-2.4984019961388441e-03
-8.3477225800938516e-03
2.8703415879900029e-09
5.0564184965926689e-03
6.8208501367188184e-03
5.2926235039366006e-03
4.7106367865221486e-04
1.8026010484575684e-09
1.5077248472774063e-09
-2.0621239143548088e-03
1.9116274792169212e-09
-1.2304699165208036e-03
-3.2648069120065832e-04
-4.8158854477118573e-05
-4.8281706999441622e-03
-6.6974039954559531e-03
-9.3441124303895798e-03
-1.3591641371054881e-02
-2.0693327184611442e-02
1.1316145987010540e-08
2.0330937331684194e-02
-3.5429562797427349e-08
-1.1361342910495991e-08
-2.4979641847325926e-03
-8.3451221929779183e-03
2.2124075686093687e-09
5.0510717120249068e-03
6.8087608924857507e-03
5.2737447841413061e-03
4.4669767756034975e-04
1.2068417900438613e-09
9.1049842512827671e-10
-2.0618069824237433e-03
1.1360158162214137e-09
-1.2309585726560618e-03
2.3885075765900425e-04
3.4089785139950543e-05
3.2701337224429658e-03
4.3791769458383541e-03
5.8350045578484762e-03
7.9890285239822469e-03
1.1190317406338794e-02
1.1258044095355784e-08
-1.1552584168054186e-02
-3.3249896599420524e-08
-1.1075004862256174e-08
-2.4984024647128691e-03
-8.3477228501193951e-03
2.3603279847396278e-09
5.0564177333777592e-03
6.8208496109257964e-03
5.2926229428573420e-03
4.7106356241179500e-04
1.5197585540896315e-09
1.4312554246294343e-09
-2.0621233677459048e-03
1.4900304335887642e-09
-1.2304711713860036e-03
-3.2648114995847770e-04
-4.8159174512875001e-05
-4.8281709359655218e-03
-6.6974044025479634e-03
-9.3441128980379911e-03
-1.3591641715392951e-02
-2.0693327592844174e-02
1.0995982613632629e-08
2.0330937316928286e-02
-3.5566805388000843e-08
-1.1157421992010002e-08
-2.4979644087094574e-03
-8.3451222958149680e-03
2.0793629700182715e-09
5.0510715675163905e-03
6.8087607933092504e-03
5.2737446038972615e-03
4.4669765410144404e-04
1.1317631202557794e-09
9.5077688379407776e-10
