0.0000000000000000e+00
2.9999999999964754e+01
5.9996927336638109e+01
8.9999999999212520e+01
1.1999999898379046e+02
1.4999692530536370e+02
1.7999077997870162e+02
2.0999983370143292e+02
2.3999625707410206e+02
2.6996730973311844e+02
2.9995056422129881e+02
2.8999999997136507e+02
2.8004909716859697e+02
2.6585786432651219e+02
2.4585786435768182e+02
2.1757126116859212e+02
1.8756580120161419e+02
1.5757359312610231e+02
1.2757831394605061e+02
9.7579962646871508e+01
6.7578538213715106e+01
3.7574039631400368e+01
7.5735931280329387e+00
3.5336716704009449e-10
3.0001924738649059e+01
6.0000000000821672e+01
9.0001148305622522e+01
1.1999917485808557e+02
1.4999988014624046e+02
1.7998810147610874e+02
2.0998371762308955e+02
2.3997766853890917e+02
2.6996822521657452e+02
2.9995301528219699e+02
2.9000000002792228e+02
2.8004732382115373e+02
2.6585786441294118e+02
2.4585786438761750e+02
2.1757592443468786e+02
1.8758138116110459e+02
1.5757359313127009e+02
1.2756888033712656e+02
9.7567241762921611e+01
6.7568676393453273e+01
3.7573183213800391e+01
7.5735931292060314e+00
1.4821766826780270e-10
2.9998075739887742e+01
5.9999999999592021e+01
8.9998850960605083e+01
1.1999912292039267e+02
1.4999987194802617e+02
1.7998753642518989e+02
2.0998295509586211e+02
2.3997665493640653e+02
2.6996682260475791e+02
2.9995099807333548e+02
2.8999999997129663e+02
2.8004866329096831e+02
2.6585786432763467e+02
2.4585786435812923e+02
2.1757126116838654e+02
1.8756580120035750e+02
1.5757359312628077e+02
1.2757831394773204e+02
9.7579962650038937e+01
6.7578538218433934e+01
3.7574039637740007e+01
7.5735931282251485e+00
1.6204624076287479e-10
3.0001924737789849e+01
6.0000000000539394e+01
9.0001148305665936e+01
1.1999917478944494e+02
1.4999988016262697e+02
1.7998810147707445e+02
2.0998371762285927e+02
2.3997766853883346e+02
2.6996822521652911e+02
2.9995301528215532e+02
2.9000000002789130e+02
2.8004732382103180e+02
2.6585786441270767e+02
2.4585786438739729e+02
2.1757592443475002e+02
1.8758138116141197e+02
1.5757359313121677e+02
1.2756888033685766e+02
9.7567241762467916e+01
6.7568676392714210e+01
3.7573183212657931e+01
7.5735931292771994e+00
2.1556278565278974e-10
2.9998075739568517e+01
5.9999999999558952e+01
8.9998850960814622e+01
1.1999912292043049e+02
1.4999987194802625e+02
1.7998753642518551e+02
2.0998295509586740e+02
2.3997665493641642e+02
2.6996682260477917e+02
2.9995099807334771e+02
2.8999999997147813e+02
2.8004866329136610e+02
2.6585786432765769e+02
2.4585786435823093e+02
2.1757126116836560e+02
1.8756580120046638e+02
1.5757359312627329e+02
1.2757831394758530e+02
9.7579962649846692e+01
6.7578538218152417e+01
3.7574039637138796e+01
7.5735931284713391e+00
1.1573395472269673e-10
3.0001924737922451e+01
6.0000000000297220e+01
9.0001148305191691e+01
1.1999917478941954e+02
1.4999988016262296e+02
1.7998810147706649e+02
2.0998371762286570e+02
2.3997766853884701e+02
2.6996822521654246e+02
2.9995301528215396e+02
2.9000000002799800e+02
2.8004732382117163e+02
2.6585786441294471e+02
2.4585786438769037e+02
2.1757592443495844e+02
1.8758138116147842e+02
1.5757359313141089e+02
1.2756888033697919e+02
9.7567241762580949e+01
6.7568676393019388e+01
3.7573183213026084e+01
7.5735931294834495e+00
7.6005416167888191e-11
2.9998075739064141e+01
5.9999999999397609e+01
8.9998850961057940e+01
1.1999912292042355e+02
1.4999987194803725e+02
1.7998753642519037e+02
2.0998295509586458e+02
2.3997665493637658e+02
2.6996682260474552e+02
2.9995099807332451e+02
2.8999999997135609e+02
2.8004866329121944e+02
2.6585786432755918e+02
2.4585786435828277e+02
2.1757126116855508e+02
1.8756580120078181e+02
1.5757359312635501e+02
1.2757831394731063e+02
9.7579962649295425e+01
6.7578538217310054e+01
3.7574039636128347e+01
7.5735931284555065e+00
1.9050471964411702e-10
3.0001924737838692e+01
6.0000000000406210e+01
9.0001148305459225e+01
1.1999917478942764e+02
1.4999988016261949e+02
1.7998810147708102e+02
2.0998371762287229e+02
2.3997766853885599e+02
2.6996822521655236e+02
2.9995301528216964e+02
2.9000000002784367e+02
2.8004732382102287e+02
2.6585786441292919e+02
2.4585786438767406e+02
2.1757592443494443e+02
1.8758138116165844e+02
1.5757359313121106e+02
1.2756888033673769e+02
9.7567241762263023e+01
6.7568676392322899e+01
3.7573183212173468e+01
7.5735931293888994e+00
1.4155775002204623e-10
2.9998075739355340e+01
5.9999999999517797e+01
8.9998850960814480e+01
1.1999912292040737e+02
1.4999987194804768e+02
1.7998753642519989e+02
2.0998295509586717e+02
2.3997665493641060e+02
2.6996682260477746e+02
2.9995099807334623e+02
2.8999999997137127e+02
2.8004866329115174e+02
2.6585786432750712e+02
2.4585786435822209e+02
2.1757126116838779e+02
1.8756580120054579e+02
1.5757359312631303e+02
1.2757831394754818e+02
9.7579962649773108e+01
6.7578538218047257e+01
3.7574039637086415e+01
7.5735931282619662e+00
3.5648321548995499e-10
3.0001924737828382e+01
6.0000000000425622e+01
9.0001148305609718e+01
1.1999917478944855e+02
1.4999988016264371e+02
1.7998810147709841e+02
2.0998371762289415e+02
2.3997766853886387e+02
2.6996822521656645e+02
2.9995301528217408e+02
2.9000000002778700e+02
2.8004732382105283e+02
2.6585786441286143e+02
2.4585786438762963e+02
2.1757592443489864e+02
1.8758138116156940e+02
1.5757359313116305e+02
1.2756888033666365e+02
9.7567241762130919e+01
6.7568676392215295e+01
3.7573183212081773e+01
7.5735931293166221e+00
1.0084107163689274e-10
