0.0000000000000000e+00
3.6587373701343939e-05
7.3170731708004156e-05
1.0975275142129264e-04
1.4633343294021648e-04
1.8291277636165446e-04
2.1951219512754031e-04
2.5611027442459593e-04
2.9270701435177624e-04
7.4593496078443960e-04
1.1991869953663272e-03
1.1626016291490134e-03
1.1260149243947687e-03
1.0894268810030868e-03
1.0528455313247853e-03
1.0162628434008513e-03
9.7967881713659048e-04
9.4308943376136096e-04
9.0650406790768884e-04
8.6991870205230996e-04
8.3333333619894034e-04
7.9674797034474530e-04
7.6016126595272499e-04
7.2357723863805527e-04
6.8699187288368392e-04
6.5040516859174360e-04
6.1381712566304075e-04
4.9390551476871268e-04
4.0650408237946010e-05
-4.1260162184614539e-04
-8.6585365417964273e-04
-8.2926828861300088e-04
-7.9268426148670196e-04
-7.5610157270227744e-04
-7.1951219132877168e-04
-6.8292414868929775e-04
-6.4633744468632496e-04
-6.0975609377184514e-04
-5.7317072791650378e-04
-5.3658536206481857e-04
-4.9999999621042361e-04
-4.6341463035720165e-04
-4.2683060294351332e-04
-3.9024389864890878e-04
-3.5365853289183360e-04
-3.1707450557596009e-04
-2.8049181660094237e-04
-2.4391046587092218e-04
-2.0731706936892726e-04
2.1260162741752731e-04
6.6585378006794112e-04
6.2926944215932479e-04
5.9268376578769236e-04
5.5609675085606988e-04
5.1950839726495955e-04
4.8292797848482677e-04
4.4634261262377909e-04
4.0975590822522277e-04
3.7317188091593541e-04
3.3658651516683280e-04
3.0000114920809579e-04
2.6341578335456700e-04
2.2682907896423446e-04
1.9024505164855020e-04
1.5365968589277807e-04
1.1707298159925399e-04
8.0484938670126948e-05
4.3895557007084281e-05
7.3182223914541360e-06
-9.2599491806829445e-05
-5.4585319848008058e-04
-5.0926783241910759e-04
-4.7268380479899974e-04
-4.3610111552078493e-04
-3.9951173513462729e-04
-3.6292369348229423e-04
-3.2633699046531013e-04
-2.8975563757644747e-04
-2.5317027172175078e-04
-2.1658490586993969e-04
-1.7999954001678945e-04
-1.4341417416323173e-04
-1.0683014674944783e-04
-7.0243442455529041e-05
-3.3658076699900807e-05
2.9259506172086212e-06
3.9508639590559133e-05
7.6089990320408872e-05
1.1268338682320462e-04
1.4927544429850444e-04
4.7385338354976280e-04
4.3726801793293941e-04
4.0068131377870940e-04
3.6409327098832684e-04
3.2751192010607824e-04
2.9092923097936036e-04
2.5434520351055038e-04
2.1775582254212304e-04
1.8117045668977454e-04
1.4458509083435691e-04
1.0799972498076561e-04
7.1414359126483588e-05
3.4827654734909285e-05
-1.7563725795451004e-06
-3.8341738334853025e-05
-7.4928442627704629e-05
-1.1151648555678961e-04
-1.4810586721978887e-04
-1.8468320183777565e-04
-2.2126187440646124e-04
-4.3064089198811421e-04
-3.9402863564355677e-04
-3.5741771970703177e-04
-3.2085790421123000e-04
-2.8429942528574207e-04
-2.4768717249750653e-04
-2.1110180665231894e-04
-1.7451777924741286e-04
-1.3793107494535363e-04
-1.0134570918123164e-04
-6.4760343238565239e-05
-2.8174977384849356e-05
8.4090500291021179e-06
4.4995754323518679e-05
8.1581120080289317e-05
1.1816514739627516e-04
1.5474783637033651e-04
1.9132918710018860e-04
2.2792258360125636e-04
2.6451464107405824e-04
4.0475414012354813e-04
3.6817844246489788e-04
3.3160140697692601e-04
2.9502303356014321e-04
2.5844332211724902e-04
2.2186227254949111e-04
1.8525161293063674e-04
1.4863961292286109e-04
1.1208088121938873e-04
7.5495515366314018e-05
3.8910149511698186e-05
2.3247836577535354e-06
-3.4261920733729923e-05
-7.0845948048723866e-05
-1.0743131380411061e-04
-1.4401801809701566e-04
-1.8060606102577291e-04
-2.1719544268826332e-04
-2.5377277730751342e-04
-2.9035144987681603e-04
-3.8918372088440873e-04
-3.5259486129043385e-04
-3.1600734039314204e-04
-2.7942115809343019e-04
-2.4283631429320389e-04
-2.0625339814709046e-04
-1.6967182026173617e-04
-1.3308266644332660e-04
-9.6497300590390098e-05
-5.9911934738739776e-05
-2.3326568885282984e-05
1.3258796968638462e-05
4.9842824382035226e-05
8.6429528676321263e-05
1.2301489443293696e-04
1.5959892174913484e-04
1.9618161072338232e-04
2.3276296145308855e-04
2.6935635795458736e-04
3.0594841542835676e-04
3.7985532492790843e-04
3.4327121064507400e-04
3.0668575791546325e-04
2.7009896664158760e-04
2.3351083672530312e-04
1.9692974696802540e-04
1.6034438110696690e-04
1.2375767670821518e-04
8.7173649398212681e-05
5.0588283648249769e-05
1.4002917689644006e-05
-2.2582448163427303e-05
-5.9169152554709861e-05
-9.5753179869697698e-05
-1.3233854562462842e-04
-1.6892524991733504e-04
-2.0551329284580099e-04
-2.4210267450801350e-04
-2.7868000912760314e-04
-3.1525868169778265e-04
-3.7425331889191825e-04
-3.3766749882245420e-04
-3.0108301722612651e-04
-2.6449987400511390e-04
-2.2791140153531600e-04
-1.9132426773219968e-04
-1.5473847249910578e-04
-1.1815401573731599e-04
-8.1570897349205664e-05
-4.4989117236354162e-05
-8.3992064165701281e-06
