0.0000000000000000e+00
-1.1435251490559345e-03
-2.8432682771993189e-10
-1.1427257784964796e-03
-4.5720922838406010e-03
-1.0288490104847770e-02
1.4267533232796497e-09
8.0024650404145591e-03
1.3718511226194413e-02
1.5110610790251713e-08
1.9530135413685948e-07
4.5758380927151419e-08
-2.2864935748532285e-03
-6.8590334961591134e-03
1.4848265514037398e-09
4.5714750371757523e-03
6.8557784746367586e-03
1.0902660705403074e-09
1.1346643898800880e-09
5.8137852496878640e-10
6.0665363705698284e-10
6.0553018788619216e-10
-2.2863896175841602e-03
6.7330306574151887e-10
-3.8929935690219090e-07
-2.2871692030121799e-03
-6.8599494273032108e-03
-3.6207702273118756e-03
6.8789590349448671e-09
1.6713368654362253e-07
1.7257529848862892e-07
4.7617349842723195e-08
-2.2868579239857202e-03
-6.8609345862971870e-03
1.6561678275841979e-09
4.5753286129512002e-03
6.8646562009408224e-03
4.5064363840191021e-10
7.9389798587374658e-10
3.1407416914825083e-10
4.5540415650178120e-10
3.7695870346163315e-10
-2.2867801369466970e-03
7.7937306855536225e-10
3.9136501044199730e-07
-2.2859987124111639e-03
-6.8595594296648708e-03
-1.3720682077933357e-02
3.6432524661121968e-09
1.1932809323881006e-08
-5.7838072084572250e-04
4.6453664919525361e-08
-1.7079288501768576e-03
-5.7019167779617953e-03
-1.1981527448037427e-02
2.6535493230329951e-09
1.3030711838542520e-09
-2.2863901864386212e-03
1.3375929747263958e-09
-3.8752386934236725e-07
1.2652117693354169e-09
1.3920438800781431e-09
-2.2863883186506635e-03
1.8422975862118885e-09
-3.8858720582124639e-07
-2.2871688421739777e-03
-6.8599491366226981e-03
-1.3718338765251883e-02
4.7985753160357440e-09
-2.0904217662069389e-03
9.3361348614440132e-09
4.8792436705396589e-08
-2.2866924103730627e-03
-6.8606051153307568e-03
2.7016180804764152e-09
4.5750011474259130e-03
6.8640008029846019e-03
1.9985623496732894e-09
2.1189883100885518e-09
1.7367314952887293e-09
1.5415790830885776e-09
1.1939415044286530e-09
-2.2867792449628053e-03
1.6233810960300192e-09
3.9223391574556044e-07
-2.2859975481406875e-03
-6.8595584757145389e-03
-1.3720681165500941e-02
3.3311993533476331e-09
1.1436249442955659e-02
4.3411798227502669e-09
4.6778326324700924e-08
-2.2863012115653470e-03
-6.8586489344300656e-03
1.9848130397973199e-09
4.5710916518388036e-03
6.8550108364702099e-03
1.3199556187193869e-09
1.4920678958722694e-09
1.3758601093385817e-09
1.2275227199873123e-09
1.1981621725543967e-09
-2.2863889145652025e-03
1.6606186606599969e-09
-3.8841037027151809e-07
-2.2871687178833170e-03
-6.8599486952842497e-03
-1.3718338748223653e-02
4.0261421685394169e-09
1.1429614073343895e-02
-1.5558347881158998e-02
4.8011108051699814e-08
1.3272096587316229e-02
2.9208620222527967e-09
-1.5558915039203812e-02
5.3966300943855098e-09
2.0602176113893318e-09
-2.2867821644421979e-03
1.4166467028877455e-09
3.9488082812986538e-07
1.1545552458370201e-09
1.3753090564669528e-09
-2.2867791167220600e-03
1.4468438442296095e-09
3.9187519448581820e-07
-2.2859981407093214e-03
-6.8595592562961790e-03
-1.3720681979059172e-02
3.5939180240140434e-09
1.1436250240438539e-02
-5.6051549758654650e-03
4.7203118702407564e-08
3.3187006964984934e-03
4.3511963358305187e-03
3.0979235971466020e-03
-4.4072730566859224e-04
6.1856251943046168e-10
-1.8489314441011051e-03
-7.1758327252110465e-10
9.0883366582059723e-10
1.4542692783749089e-09
1.5633574438560729e-09
-2.2863885317112322e-03
1.6895071765089334e-09
-3.8853656017316718e-07
-2.2871689121139334e-03
-6.8599490415852627e-03
-1.3718339069515847e-02
3.4956959493443235e-09
1.1429613633123791e-02
-2.0184897787442441e-03
4.8137207559717108e-08
-2.6813919488366257e-04
-2.8234420532964486e-03
-7.6662509330033511e-03
2.5974461111223156e-09
5.3816511368136033e-03
1.7250054073048762e-09
1.7332428341172033e-09
1.6694965250846789e-09
1.6049316730522180e-09
1.4992697052748460e-09
-2.2867792599286828e-03
1.4870306760653470e-09
3.9248081029748766e-07
-2.2859971372086339e-03
-6.8595577954650416e-03
-1.3720680053745264e-02
3.7778868881109855e-09
1.1436249327057647e-02
-7.2713324096207422e-04
4.7646691499836598e-08
-1.5591826973390306e-03
-5.4044339179177532e-03
-1.1535315851153943e-02
3.3618411968033763e-09
1.9826056766807424e-09
-2.2863898327467559e-03
1.5500414270395939e-09
-3.8750616080880826e-07
1.3105665823486596e-09
1.2357567623339742e-09
-2.2863888382665867e-03
1.5594716244180696e-09
-3.8855425184039018e-07
-2.2871688899484079e-03
-6.8599487847185317e-03
-1.3718338689357536e-02
3.6891146429915263e-09
1.1429613006377135e-02
-2.6128672664200834e-04
4.7728386350145540e-08
-2.0253914368843023e-03
-6.3379945497735986e-03
1.7980706898428979e-09
4.0523752886027775e-03
5.8187353305615063e-03
5.2986923739126706e-03
2.4918550076673861e-03
-2.6021662955201079e-03
1.1409535247729230e-09
