0.0000000000000000e+00
7.3164842862429461e-05
1.4632433302261017e-04
2.1951219512034208e-04
2.9269470114823564e-04
3.6587185188818584e-04
4.3904364812452981e-04
5.1221009064062579e-04
5.8537118022041824e-04
6.5852691764658718e-04
7.3167730370210700e-04
6.5851303879009679e-04
5.8534342047668916e-04
5.1219512195070421e-04
4.3904147235981114e-04
3.6585365853615163e-04
2.9266048786442847e-04
2.1951219511806821e-04
1.4634146341244649e-04
7.3165377358538197e-05
-3.1303806336655752e-15
-7.3170730928673360e-05
-1.4634681620146134e-04
-2.1952825660598494e-04
-2.9271505292593293e-04
-3.6585365854231586e-04
-4.3899761380472856e-04
-5.1214691949741332e-04
-5.8530157640253907e-04
-6.5853658537453708e-04
-7.3177695810511213e-04
-6.5856018116695013e-04
-5.8534876453260115e-04
-5.1219512195599772e-04
-4.3904683044275873e-04
-3.6585365854105418e-04
-2.9266584348730139e-04
-2.1951219512613378e-04
-1.4634146341930009e-04
-7.3176085277176209e-05
-6.2510429475406316e-15
7.3170730917440212e-05
1.4633610827703599e-04
2.1949613285586261e-04
2.9265080543676772e-04
3.6585365852988147e-04
4.3905115335683286e-04
5.1224329070317758e-04
5.8543007135213325e-04
6.5853658535652295e-04
7.3163775518963808e-04
6.5851306628678563e-04
5.8538302977293973e-04
5.1219512194592928e-04
4.3900185725771567e-04
3.6585365853271753e-04
2.9270010875801340e-04
2.1951219511999400e-04
1.4634146341097097e-04
7.3165377354975089e-05
-3.8899148944051169e-15
-7.3170730926787214e-05
-1.4634681619750547e-04
-2.1952825659877061e-04
-2.9271505291604051e-04
-3.6585365854238070e-04
-4.3899761381467763e-04
-5.1214691951773062e-04
-5.8530157643212294e-04
-6.5853658537231891e-04
-7.3177695807263073e-04
-6.5856018116520402e-04
-5.8534876456200655e-04
-5.1219512195349289e-04
-4.3904683040986686e-04
-3.6585365853835760e-04
-2.9266584351475046e-04
-2.1951219512282013e-04
-1.4634146341529079e-04
-7.3176085272793728e-05
-1.2562452934043013e-15
7.3170730921918943e-05
1.4633610828135158e-04
2.1949613285919756e-04
2.9265080544132576e-04
3.6585365853324537e-04
4.3905115335892135e-04
5.1224329070438668e-04
5.8543007135224937e-04
6.5853658536172094e-04
7.3163775520000869e-04
6.5851306629203534e-04
5.8538302977316644e-04
5.1219512195063396e-04
4.3900185726570884e-04
3.6585365853517184e-04
2.9270010875546358e-04
2.1951219512212716e-04
1.4634146341445812e-04
7.3165377358766042e-05
3.2149739125960761e-16
-7.3170730922969399e-05
-1.4634681619401629e-04
-2.1952825659570091e-04
-2.9271505291334588e-04
-3.6585365853708253e-04
-4.3899761380806806e-04
-5.1214691950873879e-04
-5.8530157642164413e-04
-6.5853658536807079e-04
-7.3177695807370637e-04
-6.5856018116051149e-04
-5.8534876455061528e-04
-5.1219512194863924e-04
-4.3904683041124537e-04
-3.6585365853332381e-04
-2.9266584350468293e-04
-2.1951219511811307e-04
-1.4634146341215013e-04
-7.3176085269927070e-05
2.5349666119229231e-15
7.3170730927564289e-05
1.4633610828783552e-04
2.1949613286621663e-04
2.9265080544912009e-04
3.6585365853749675e-04
4.3905115336056967e-04
5.1224329070244184e-04
5.8543007134739995e-04
6.5853658536424464e-04
7.3163775520974884e-04
6.5851306629506156e-04
5.8538302976935558e-04
5.1219512195408606e-04
4.3900185727590110e-04
3.6585365853952345e-04
2.9270010875362081e-04
2.1951219512633360e-04
1.4634146341867073e-04
7.3165377362827572e-05
2.8875383403272131e-15
-7.3170730920852739e-05
-1.4634681619135742e-04
-2.1952825659371514e-04
-2.9271505291158183e-04
-3.6585365853594411e-04
-4.3899761380712747e-04
-5.1214691950862365e-04
-5.8530157642118833e-04
-6.5853658536731174e-04
-7.3177695807199886e-04
-6.5856018116021203e-04
-5.8534876455191556e-04
-5.1219512194767311e-04
-4.3904683040706170e-04
-3.6585365853189153e-04
-2.9266584350463539e-04
-2.1951219511530469e-04
-1.4634146340822068e-04
-7.3176085265567493e-05
6.3885393731338773e-15
7.3170730931336391e-05
1.4633610829113333e-04
2.1949613287074556e-04
2.9265080545185147e-04
3.6585365854092272e-04
4.3905115336523412e-04
5.1224329070725743e-04
5.8543007135313126e-04
6.5853658536782001e-04
7.3163775521236177e-04
6.5851306629917308e-04
5.8538302977460322e-04
5.1219512195807646e-04
4.3900185727879673e-04
3.6585365854368543e-04
2.9270010875847316e-04
2.1951219512999067e-04
1.4634146342250968e-04
7.3165377366382698e-05
7.3840615720672826e-15
-7.3170730914550014e-05
-1.4634681618552774e-04
-2.1952825658756473e-04
-2.9271505290536816e-04
-3.6585365852998751e-04
-4.3899761380167572e-04
-5.1214691950303339e-04
-5.8530157641745911e-04
-6.5853658536116984e-04
-7.3177695806399073e-04
-6.5856018115465712e-04
-5.8534876454831709e-04
-5.1219512194369723e-04
-4.3904683040116131e-04
-3.6585365852806885e-04
-2.9266584350261623e-04
-2.1951219511276744e-04
-1.4634146340598722e-04
-7.3176085263748758e-05
8.2601244064626047e-15
