0.0000000000000000e+00
1.4998957400920522e+01
2.9997146703453858e+01
4.4999999999685876e+01
6.0002084678201641e+01
7.5003400865807592e+01
9.0003948689318079e+01
1.0500372827559335e+02
1.2000273975170865e+02
1.3500098324440552e+02
1.4999845888046258e+02
1.3499583211142681e+02
1.1999243729565961e+02
1.0500000000012599e+02
9.0006794689488956e+01
7.5000000000186006e+01
5.9992436740504644e+01
4.4999999999673520e+01
2.9999999999843773e+01
1.4999231643847626e+01
5.3726005286333240e-11
1.4999999873592989e+01
3.0000768102948570e+01
4.5002304815411300e+01
6.0004610137844260e+01
7.5000000000878259e+01
8.9996157458586154e+01
1.0499308263803712e+02
1.1999077566581326e+02
1.3500000000156132e+02
1.5000999421757174e+02
1.3500417876392888e+02
1.1999913266579453e+02
1.0500000000102781e+02
9.0001635090797663e+01
7.5000000000916486e+01
5.9999133741580451e+01
4.5000000000511584e+01
3.0000000000520060e+01
1.5000768229733659e+01
4.9174656080103670e-10
1.4999999872359840e+01
2.9999231516107642e+01
4.4997695057552292e+01
5.9995390623455727e+01
7.4999999998998447e+01
9.0003840383849166e+01
1.0500691190516318e+02
1.2000921468981639e+02
1.3499999999839076e+02
1.4999001859894790e+02
1.3499583728547464e+02
1.2000088874153717e+02
1.0499999999902371e+02
8.9998342424066038e+01
7.4999999999271409e+01
6.0000889821485771e+01
4.4999999999607965e+01
2.9999999999423068e+01
1.4999231643266313e+01
3.1269245010874032e-10
1.4999999873496092e+01
3.0000768102639210e+01
4.5002304814717348e+01
6.0004610136803947e+01
7.5000000001114927e+01
8.9996157460174544e+01
1.0499308264095191e+02
1.1999077566996976e+02
1.3500000000166065e+02
1.5000999421360530e+02
1.3500417876407289e+02
1.1999913266997177e+02
1.0500000000098885e+02
9.0001635086800334e+01
7.5000000000920906e+01
5.9999133745700171e+01
4.5000000000605908e+01
3.0000000000529152e+01
1.5000768229771051e+01
3.0385332866363191e-10
1.4999999872505448e+01
2.9999231516256344e+01
4.4997695057596694e+01
5.9995390623680073e+01
7.4999999998881179e+01
9.0003840383378673e+01
1.0500691190444259e+02
1.2000921468888777e+02
1.3499999999857172e+02
1.4999001860031834e+02
1.3499583728577630e+02
1.2000088874075324e+02
1.0499999999931210e+02
8.9998342425355361e+01
7.4999999999296932e+01
6.0000889820416404e+01
4.4999999999682785e+01
2.9999999999758444e+01
1.4999231643609827e+01
2.3942696162834352e-10
1.4999999873198922e+01
3.0000768102342260e+01
4.5002304814467578e+01
6.0004610136719279e+01
7.5000000000532722e+01
8.9996157459211901e+01
1.0499308263946159e+02
1.1999077566806343e+02
1.3500000000107389e+02
1.5000999421433661e+02
1.3500417876335342e+02
1.1999913266790207e+02
1.0500000000029657e+02
9.0001635087482754e+01
7.5000000000171624e+01
5.9999133743644308e+01
4.4999999999804601e+01
2.9999999999931752e+01
1.5000768229268566e+01
4.0343633625336864e-10
1.4999999873273598e+01
2.9999231517270040e+01
4.4997695058725036e+01
5.9995390624929357e+01
7.4999999999422954e+01
9.0003840383367063e+01
1.0500691190373179e+02
1.2000921468752779e+02
1.3499999999890190e+02
1.4999001860223777e+02
1.3499583728620738e+02
1.2000088873969112e+02
1.0499999999974685e+02
8.9998342427278615e+01
7.4999999999722064e+01
6.0000889819499783e+01
4.5000000000256350e+01
3.0000000000305736e+01
1.4999231644234413e+01
2.2122711166195564e-10
1.4999999872800498e+01
3.0000768101982690e+01
4.5002304814229092e+01
6.0004610136427978e+01
7.5000000000283976e+01
8.9996157458939564e+01
1.0499308263918243e+02
1.1999077566766650e+02
1.3500000000073572e+02
1.5000999421393058e+02
1.3500417876312048e+02
1.1999913266774169e+02
1.0499999999994057e+02
9.0001635086782187e+01
7.4999999999779931e+01
5.9999133743396179e+01
4.4999999999295326e+01
2.9999999999182410e+01
1.5000768228380853e+01
2.8238733430069615e-10
1.4999999874120766e+01
2.9999231517949397e+01
4.4997695059627141e+01
5.9995390625582282e+01
7.5000000000341458e+01
9.0003840384601489e+01
1.0500691190509404e+02
1.2000921468915119e+02
1.3499999999978905e+02
1.4999001860250428e+02
1.3499583728709456e+02
1.2000088874118390e+02
1.0500000000062980e+02
8.9998342427563273e+01
7.5000000000581849e+01
6.0000889820752960e+01
4.5000000000852268e+01
3.0000000000879218e+01
1.4999231644751937e+01
4.5379410084113547e-10
1.4999999872038192e+01
3.0000768101186008e+01
4.5002304813397195e+01
6.0004610135591847e+01
7.4999999999528157e+01
8.9996157458372593e+01
1.0499308263876168e+02
1.1999077566759306e+02
1.3500000000000321e+02
1.5000999421278613e+02
1.3500417876248085e+02
1.1999913266756774e+02
1.0499999999951345e+02
9.0001635085891493e+01
7.4999999999427189e+01
5.9999133743496259e+01
4.4999999999132626e+01
2.9999999999127620e+01
1.5000768228418526e+01
3.8271864757892536e-10
