0.0000000000000000e+00
0.0000000000000000e+00
0.0000000000000000e+00
0.0000000000000000e+00
0.0000000000000000e+00
0.0000000000000000e+00
0.0000000000000000e+00
0.0000000000000000e+00
0.0000000000000000e+00
6.5491198271513262e+00
1.2966840096970207e+01
1.2966840096970198e+01
1.2966840096970191e+01
1.2966840096970168e+01
1.2966840096970166e+01
1.2966840096970177e+01
1.2966840096970156e+01
1.2966840096970154e+01
1.2966840096970150e+01
1.2966840096970177e+01
1.2966840096970177e+01
1.2966840096970166e+01
1.2966840096970159e+01
1.2966840096970175e+01
1.2966840096970170e+01
1.2966840096970166e+01
1.2966840096970149e+01
1.2201667540102452e+01
5.4458187453679630e+00
-1.1998756428399806e+00
-7.7267671977689938e+00
-7.7267671977689778e+00
-7.7267671977689858e+00
-7.7267671977689893e+00
-7.7267671977689973e+00
-7.7267671977689973e+00
-7.7267671977690036e+00
-7.7267671977690053e+00
-7.7267671977690044e+00
-7.7267671977690107e+00
-7.7267671977690160e+00
-7.7267671977690160e+00
-7.7267671977690089e+00
-7.7267671977690089e+00
-7.7267671977690027e+00
-7.7267671977690036e+00
-7.7267671977690036e+00
-7.7267671977690062e+00
-7.7267671977690071e+00
-2.0016623514606855e+00
4.5743441972117829e+00
4.5743441972117864e+00
4.5743441972117829e+00
4.5743441972117846e+00
4.5743441972117811e+00
4.5743441972117784e+00
4.5743441972117784e+00
4.5743441972117740e+00
4.5743441972117713e+00
4.5743441972117704e+00
4.5743441972117704e+00
4.5743441972117651e+00
4.5743441972117527e+00
4.5743441972117544e+00
4.5743441972117527e+00
4.5743441972117527e+00
4.5743441972117518e+00
4.5743441972117571e+00
4.5743441972117633e+00
3.9075669442971934e+00
-2.7150191047785275e+00
-2.7150191047785253e+00
-2.7150191047785297e+00
-2.7150191047785288e+00
-2.7150191047785293e+00
-2.7150191047785244e+00
-2.7150191047785239e+00
-2.7150191047785182e+00
-2.7150191047785159e+00
-2.7150191047785190e+00
-2.7150191047785195e+00
-2.7150191047785244e+00
-2.7150191047785239e+00
-2.7150191047785239e+00
-2.7150191047785270e+00
-2.7150191047785297e+00
-2.7150191047785270e+00
-2.7150191047785315e+00
-2.7150191047785306e+00
-2.7150191047785261e+00
1.6115858496250930e+00
1.6115858496250917e+00
1.6115858496250943e+00
1.6115858496250923e+00
1.6115858496250925e+00
1.6115858496250932e+00
1.6115858496250932e+00
1.6115858496250897e+00
1.6115858496250937e+00
1.6115858496250923e+00
1.6115858496250930e+00
1.6115858496250925e+00
1.6115858496250937e+00
1.6115858496250930e+00
1.6115858496250930e+00
1.6115858496250932e+00
1.6115858496250921e+00
1.6115858496250899e+00
1.6115858496250901e+00
1.6115858496250890e+00
-9.6080987172467325e-01
-9.6080987172467291e-01
-9.6080987172467180e-01
-9.6080987172467003e-01
-9.6080987172467047e-01
-9.6080987172467269e-01
-9.6080987172467291e-01
-9.6080987172467291e-01
-9.6080987172467325e-01
-9.6080987172467291e-01
-9.6080987172467192e-01
-9.6080987172467158e-01
-9.6080987172467003e-01
-9.6080987172466958e-01
-9.6080987172466870e-01
-9.6080987172466759e-01
-9.6080987172466670e-01
-9.6080987172466581e-01
-9.6080987172466603e-01
-9.6080987172466514e-01
5.5840488345797523e-01
5.5840488345797556e-01
5.5840488345797534e-01
5.5840488345797523e-01
5.5840488345797512e-01
5.5840488345797512e-01
5.5840488345797423e-01
5.5840488345797401e-01
5.5840488345797390e-01
5.5840488345797423e-01
5.5840488345797501e-01
5.5840488345797512e-01
5.5840488345797445e-01
5.5840488345797545e-01
5.5840488345797523e-01
5.5840488345797501e-01
5.5840488345797479e-01
5.5840488345797568e-01
5.5840488345797601e-01
5.5840488345797645e-01
-3.4446500955973636e-01
-3.4446500955973625e-01
-3.4446500955973591e-01
-3.4446500955973569e-01
-3.4446500955973514e-01
-3.4446500955973525e-01
-3.4446500955973536e-01
-3.4446500955973552e-01
-3.4446500955973536e-01
-3.4446500955973580e-01
-3.4446500955973636e-01
-3.4446500955973658e-01
-3.4446500955973669e-01
-3.4446500955973614e-01
-3.4446500955973625e-01
-3.4446500955973625e-01
-3.4446500955973641e-01
-3.4446500955973725e-01
-3.4446500955973747e-01
-3.4446500955973747e-01
2.1001944205971371e-01
2.1001944205971390e-01
2.1001944205971390e-01
2.1001944205971390e-01
2.1001944205971421e-01
2.1001944205971407e-01
2.1001944205971401e-01
2.1001944205971360e-01
2.1001944205971398e-01
2.1001944205971401e-01
2.1001944205971393e-01
2.1001944205971393e-01
2.1001944205971451e-01
2.1001944205971432e-01
2.1001944205971437e-01
2.1001944205971437e-01
2.1001944205971421e-01
2.1001944205971407e-01
2.1001944205971382e-01
2.1001944205971373e-01
-1.2723148185396971e-01
-1.2723148185396974e-01
-1.2723148185396974e-01
-1.2723148185396996e-01
-1.2723148185396999e-01
-1.2723148185397004e-01
-1.2723148185397012e-01
-1.2723148185397026e-01
-1.2723148185397043e-01
-1.2723148185397051e-01
-1.2723148185397040e-01
