0.0000000000000000e+00
-1.2196758116783931e-04
-2.4390243902662042e-04
-3.6585216680751350e-04
-4.8781676813899639e-04
-6.0979624664784962e-04
-7.3170731707552280e-04
-8.5363325162501815e-04
-9.7557405392004225e-04
-1.9891820942677797e-03
-3.0685182956701846e-03
-2.9465884234736958e-03
-2.8246734163584345e-03
-2.7027732707005370e-03
-2.5807347629961275e-03
-2.4587111468715268e-03
-2.3368323239656569e-03
-2.2148811044432086e-03
-2.0929447552068027e-03
-1.9709786654132735e-03
-1.8490274458994307e-03
-1.7270762263870208e-03
-1.6051398771617280e-03
-1.4831737873644429e-03
-1.3612225714799519e-03
-1.2392862258808627e-03
-1.1173647469417177e-03
-9.1243630161230488e-04
2.2394115694841614e-07
9.6552391866041340e-04
1.9905570910255027e-03
1.8686278339285281e-03
1.7466837082767291e-03
1.6247247104389628e-03
1.5027508367911131e-03
1.3808229574814141e-03
1.2588717379679918e-03
1.1369056445403244e-03
1.0149692989403615e-03
8.9301808305518088e-04
7.7106685991726927e-04
6.4911564040464719e-04
5.2714954697919293e-04
4.0521320137945562e-04
2.8326198549437711e-04
1.6129589569626197e-04
3.9314928355978405e-05
-8.2680920154964635e-05
-2.0454289619539821e-04
-1.0246584553588421e-03
-2.0182974239742256e-03
-1.8965162318610176e-03
-1.7747498686011198e-03
-1.6526137917105151e-03
-1.5306625720616796e-03
-1.4087262226986457e-03
-1.2868047399962460e-03
-1.1648089134967897e-03
-1.0428576939796094e-03
-9.2090647446688167e-04
-7.9895525495505713e-04
-6.7700403544234896e-04
-5.5506768621724212e-04
-4.3310159641985087e-04
-3.1115038053570055e-04
-1.8921403493709724e-04
-6.7292555997915140e-05
5.4614059905538649e-05
1.7665450112475692e-04
3.7802303215176048e-04
1.3569190966243613e-03
1.2349760700775423e-03
1.1130181716160455e-03
9.9104539761111468e-04
8.6912241280143318e-04
7.4718456096533909e-04
6.2523183847593340e-04
5.0326424170701542e-04
3.8131753475322482e-04
2.5936631524341657e-04
1.3741509572971975e-04
1.5463876217088338e-05
-1.0650221720881190e-04
-2.2843856280786083e-04
-3.5038977869286317e-04
-4.7235586849032408e-04
-5.9433683583072418e-04
-7.1633268434198594e-04
-8.3819466038334773e-04
-9.6007148857580639e-04
-1.6340395557656049e-03
-1.5120903232269723e-03
-1.3901559604899052e-03
-1.2682364639295637e-03
-1.1462366638176609e-03
-1.0242517458415828e-03
-9.0228170637066314e-04
-7.8038300527749497e-04
-6.5843178576592510e-04
-5.3648056625034467e-04
-4.1452934673738491e-04
-2.9257812722500504e-04
-1.7064177799894806e-04
-4.8675688201261933e-05
7.3275527683706361e-05
1.9521187328272810e-04
3.1713335222185432e-04
4.3903996812600364e-04
5.6108040934474976e-04
6.8310595851182301e-04
1.1304408047305206e-03
1.0084898871550480e-03
8.8652409573931055e-04
7.6454342685502790e-04
6.4263622935097769e-04
5.2071416866921101e-04
3.9877724118685657e-04
2.7678257081902643e-04
1.5483135130515868e-04
3.2880131795877180e-05
-8.9071087716609924e-05
-2.1102230722986473e-04
-3.3298840065666387e-04
-4.5492474625646222e-04
-5.7687596214156436e-04
-6.9884205193940414e-04
-8.2082301927870931e-04
-9.4281886778973655e-04
-1.0646808438320363e-03
-1.1865576720251258e-03
-1.4995766502499744e-03
-1.3778687521150894e-03
-1.2559175320456077e-03
-1.1339811822627284e-03
-1.0120596991403403e-03
-8.9006387343616461e-04
-7.6808292889943611e-04
-6.4616143440704757e-04
-5.2421021489415618e-04
-4.0225899538032462e-04
-2.8030777586806569e-04
-1.5835655635564898e-04
-3.6420207130179829e-05
8.5545882667487273e-05
2.0749709855274079e-04
3.2943344415200268e-04
4.5135492309180211e-04
5.7326153899603914e-04
6.9530198021351772e-04
8.1732752937904317e-04
1.0524564531260276e-03
9.3059998577736029e-04
8.0872866762076432e-04
6.8684249503607399e-04
5.6474632781228543e-04
4.4279510831363882e-04
3.2082901490082901e-04
1.9889266931737501e-04
7.6941453448438677e-05
-4.5009769706069777e-05
-1.6696098921777211e-04
-2.8891220873050863e-04
-4.1087830215677805e-04
-5.3281464775644933e-04
-6.5476586364250915e-04
-7.7673195344106472e-04
-8.9871292078148228e-04
-1.0207087692929297e-03
-1.1425707453317500e-03
-1.2644475735225722e-03
-1.4559337273102632e-03
-1.3340149578570132e-03
-1.2121110507770665e-03
-1.0902220024491406e-03
-9.6816129877611143e-04
-8.4611549210047651e-04
-7.2425885974792300e-04
-6.0230764021466834e-04
-4.8037129096812747e-04
-3.5840520117960976e-04
-2.3645398166581899e-04
-1.1450276215393150e-04
7.4335870715192410e-06
1.2939967686920227e-04
2.5135089275495651e-04
3.7328723835423314e-04
4.9520871729427879e-04
6.1711533319923708e-04
7.3915577441758650e-04
8.6118132358314772e-04
1.0252685560572471e-03
9.0333051086293739e-04
7.8137759496780482e-04
6.5940980474613216e-04
5.3747685290695844e-04
4.1552903160956424e-04
2.9356633722769199e-04
1.7162319436944061e-04
4.9671974859140609e-05
-7.2279244654054465e-05
-1.9423046416666497e-04
