0.0000000000000000e+00
3.6587373701343939e-05
7.3170731708004156e-05
1.0975275142129264e-04
1.4633343294021648e-04
1.8291277636165446e-04
2.1951219512754031e-04
2.5611027442459593e-04
2.9270701435177624e-04
7.7507801236542532e-04
1.2903550217457501e-03
1.2537820166690910e-03
1.2172076739590076e-03
1.1806319935181470e-03
1.1440259180789964e-03
1.1074185025863091e-03
1.0708551863683720e-03
1.0342698205139599e-03
9.9768311612148707e-04
9.6109908880571602e-04
9.2451372295109988e-04
8.8792835709796216e-04
8.5134165270671120e-04
8.1475762539190704e-04
7.7817225963754371e-04
7.4158555534413213e-04
7.0499751241559104e-04
6.2694707653146409e-04
1.9500962248399729e-04
-2.6325088889311865e-04
-7.5137754877548514e-04
-7.1480172180689034e-04
-6.7822723258040686e-04
-6.4165408099841454e-04
-6.0508226696324649e-04
-5.6846025922140206e-04
-5.3187489337174062e-04
-4.9529086596218326e-04
-4.5870416166363830e-04
-4.2211879590220956e-04
-3.8553342995641809e-04
-3.4894806410270076e-04
-3.1236403668891529e-04
-2.7577733239447517e-04
-2.3919196663758731e-04
-2.0260793932147319e-04
-1.6602525034680523e-04
-1.2944389961665317e-04
-9.2850503116368371e-05
2.9281670359176839e-04
7.6523430982022920e-04
7.2874592084611642e-04
6.9225620042059725e-04
6.5557518845268730e-04
6.1898982260046259e-04
5.8240311821052492e-04
5.4581507518440542e-04
5.0923372504593171e-04
4.7264835918828170e-04
4.3606299333458296e-04
3.9947762748072197e-04
3.6289226162759130e-04
3.2630555723587565e-04
2.8972152992108114e-04
2.5313616416631530e-04
2.1654945987376333e-04
1.7996141694532554e-04
1.4337203528293839e-04
1.0679470066213836e-04
3.0498146399476734e-05
-4.3455762210592767e-04
-3.9797583988670631e-04
-3.6139539584550663e-04
-3.2481628988404007e-04
-2.8821974298135985e-04
-2.5162453533536440e-04
-2.1503066685026561e-04
-1.7843813742717153e-04
-1.4187827956996696e-04
-1.0529291371479249e-04
-6.8707547861652805e-05
-3.2122182008757026e-05
4.4618454054603527e-06
4.1048549699808923e-05
7.7633915456624847e-05
1.1421794277382215e-04
1.5080063174815667e-04
1.8738198247886606e-04
2.2397537897835031e-04
2.6056743645079262e-04
5.7311720756126738e-04
5.3653296651785842e-04
4.9994738701930640e-04
4.6336046896706723e-04
4.2677686849904289e-04
3.9019192962166802e-04
3.5360565223767305e-04
3.1702077093558940e-04
2.8043540508228341e-04
2.4385003922731038e-04
2.0726467337361902e-04
1.7067930752010847e-04
1.3409260312850004e-04
9.7508575813874245e-05
6.0923210059278707e-05
2.4336505767326056e-05
-1.2251537161013951e-05
-4.8840918823028248e-05
-8.5418253444889669e-05
-1.2199692601660979e-04
-3.2131798059755585e-04
-2.8473274843365240e-04
-2.4814885470050255e-04
-2.1156629929919234e-04
-1.7497665125478762e-04
-1.3838834196325641e-04
-1.0180137132737230e-04
-6.5220553696912893e-05
-2.8635187842458093e-05
7.9501780091845345e-06
4.4535543863329968e-05
8.1120909717042388e-05
1.1770493713038860e-04
1.5429164142433520e-04
1.9087700718019025e-04
2.2746103449652958e-04
2.6404372347029099e-04
3.0062507420078403e-04
3.3721847070180807e-04
3.7381052817575002e-04
5.0587124370261925e-04
4.6942218095376477e-04
4.3283681476359657e-04
3.9625011003585175e-04
3.5966206667220678e-04
3.2308071720979931e-04
2.8649802950330414e-04
2.4990998549979590e-04
2.1332461964585435e-04
1.7673925379197960e-04
1.4015388793805906e-04
1.0356852208465460e-04
6.6981817693040056e-05
3.0397790377753636e-05
-6.1875753773814662e-06
-4.2774279670282356e-05
-7.9362322598755221e-05
-1.1595170426224859e-04
-1.5252903888038677e-04
-1.8910771144937130e-04
-2.8233092454032268e-04
-2.4578779774958121e-04
-2.0924600631019909e-04
-1.7270555012466581e-04
-1.3603170051596384e-04
-9.9446334657136011e-05
-6.2862307238905225e-05
-2.6275602947264289e-05
1.0309762806409435e-05
4.6895128759025486e-05
8.3480494612869468e-05
1.2006586046643892e-04
1.5664988787997920e-04
1.9323659217459127e-04
2.2982195793027732e-04
2.6640598524594748e-04
3.0298867422012235e-04
3.3957002495041237e-04
3.7616342145207766e-04
4.1275547892502030e-04
4.8406248536183758e-04
4.4749528382388389e-04
4.1092674507601688e-04
3.7435686902182895e-04
3.3773918596337077e-04
3.0112016200074809e-04
2.6456845425157892e-04
2.2798308839732059e-04
1.9139638400573423e-04
1.5481235668934778e-04
1.1822699083550855e-04
8.1641624981426610e-05
4.5054920589477417e-05
8.4708932747179600e-06
-2.8114472479540646e-05
-6.4701176772668053e-05
-1.0128921970132187e-04
-1.3787860136420672e-04
-1.7445593598296809e-04
-2.1103460855242565e-04
-2.6873255074827179e-04
-2.3215306029404479e-04
-1.9557490784931518e-04
-1.5899809331732369e-04
-1.2239696303459585e-04
-8.5797172346001516e-05
-4.9198721153329678e-05
-1.2640865476754399e-05
2.3944500378348565e-05
6.0529866231454394e-05
9.7115232084703880e-05
