0.0000000000000000e+00
0.0000000000000000e+00
0.0000000000000000e+00
0.0000000000000000e+00
0.0000000000000000e+00
0.0000000000000000e+00
0.0000000000000000e+00
-6.3999999824964675e+00
-1.4932931959356445e+01
-2.3466666529501982e+01
-3.1999999897828879e+01
-3.1999999897828943e+01
-3.1999999897828879e+01
-3.1999999897828850e+01
-3.1999999897828832e+01
-3.1999999897828804e+01
-3.1999999897828779e+01
-3.1999999897828751e+01
-3.1999999897828737e+01
-3.1999999897828726e+01
-3.1999999897828726e+01
-3.1999999897828783e+01
-3.1999999897828733e+01
-3.1999999897828705e+01
-3.1999999897828754e+01
-2.3466666570455573e+01
-1.4933333178536895e+01
-6.3999998452038795e+00
2.1333334881331725e+00
1.0666666821472100e+01
1.9200000154812599e+01
1.9200000154812614e+01
1.9200000154812589e+01
1.9200000154812582e+01
1.9200000154812585e+01
1.9200000154812599e+01
1.9200000154812628e+01
1.9200000154812628e+01
1.9200000154812621e+01
1.9200000154812621e+01
1.9200000154812628e+01
1.9200000154812631e+01
1.9200000154812631e+01
1.9200000154812638e+01
1.9200000154812642e+01
1.9200000154812646e+01
1.9200000154812631e+01
1.4080000028219263e+01
5.5476598973376277e+00
-2.9866664693762854e+00
-1.1519999892637140e+01
-1.1519999892637149e+01
-1.1519999892637149e+01
-1.1519999892637134e+01
-1.1519999892637140e+01
-1.1519999892637161e+01
-1.1519999892637177e+01
-1.1519999892637159e+01
-1.1519999892637149e+01
-1.1519999892637141e+01
-1.1519999892637138e+01
-1.1519999892637141e+01
-1.1519999892637141e+01
-1.1519999892637145e+01
-1.1519999892637131e+01
-1.1519999892637149e+01
-1.1519999892637143e+01
-1.1519999892637159e+01
-1.0154510824885001e+01
-1.6213332839545287e+00
6.9120001313565993e+00
6.9120001313565931e+00
6.9120001313565984e+00
6.9120001313565842e+00
6.9120001313565798e+00
6.9120001313565913e+00
6.9120001313565869e+00
6.9120001313565886e+00
6.9120001313565833e+00
6.9120001313565886e+00
6.9120001313565993e+00
6.9120001313565913e+00
6.9120001313565913e+00
6.9120001313565940e+00
6.9120001313565940e+00
6.9120001313565940e+00
6.9120001313565931e+00
6.9120001313565824e+00
6.9120001313565771e+00
4.3866620605673052e+00
-4.1471999556744645e+00
-4.1471999556744601e+00
-4.1471999556744557e+00
-4.1471999556744521e+00
-4.1471999556744494e+00
-4.1471999556744557e+00
-4.1471999556744450e+00
-4.1471999556744459e+00
-4.1471999556744539e+00
-4.1471999556744521e+00
-4.1471999556744503e+00
-4.1471999556744450e+00
-4.1471999556744414e+00
-4.1471999556744370e+00
-4.1471999556744512e+00
-4.1471999556744539e+00
-4.1471999556744521e+00
-4.1471999556744592e+00
-4.1471999556744574e+00
-4.1471999556744619e+00
2.4883200073473599e+00
2.4883200073473581e+00
2.4883200073473555e+00
2.4883200073473555e+00
2.4883200073473537e+00
2.4883200073473537e+00
2.4883200073473568e+00
2.4883200073473586e+00
2.4883200073473577e+00
2.4883200073473586e+00
2.4883200073473590e+00
2.4883200073473590e+00
2.4883200073473652e+00
2.4883200073473657e+00
2.4883200073473648e+00
2.4883200073473635e+00
2.4883200073473635e+00
2.4883200073473621e+00
2.4883200073473652e+00
2.4883200073473652e+00
-1.4916769272414099e+00
-1.4916769272414077e+00
-1.4916769272414077e+00
-1.4916769272414081e+00
-1.4916769272414103e+00
-1.4916769272414090e+00
-1.4916769272414094e+00
-1.4916769272414088e+00
-1.4916769272414081e+00
-1.4916769272414081e+00
-1.4916769272414090e+00
-1.4916769272414088e+00
-1.4916769272414097e+00
-1.4916769272414099e+00
-1.4916769272414121e+00
-1.4916769272414099e+00
-1.4916769272414090e+00
-1.4916769272414077e+00
-1.4916769272414081e+00
-1.4916769272414065e+00
8.9679763351061181e-01
8.9679763351061159e-01
8.9679763351061137e-01
8.9679763351061226e-01
8.9679763351061115e-01
8.9679763351061170e-01
8.9679763351061126e-01
8.9679763351061104e-01
8.9679763351061192e-01
8.9679763351061292e-01
8.9679763351061204e-01
8.9679763351061270e-01
8.9679763351061381e-01
8.9679763351061204e-01
8.9679763351061181e-01
8.9679763351061159e-01
8.9679763351061137e-01
8.9679763351060982e-01
8.9679763351060959e-01
8.9679763351060937e-01
-5.3743211308559824e-01
-5.3743211308559768e-01
-5.3743211308559702e-01
-5.3743211308559780e-01
-5.3743211308559735e-01
-5.3743211308559746e-01
-5.3743211308559724e-01
-5.3743211308559835e-01
-5.3743211308559835e-01
-5.3743211308559835e-01
-5.3743211308559835e-01
-5.3743211308559846e-01
-5.3743211308559802e-01
-5.3743211308559735e-01
-5.3743211308559746e-01
-5.3743211308559735e-01
-5.3743211308559713e-01
-5.3743211308559657e-01
-5.3743211308559702e-01
-5.3743211308559691e-01
3.2269152652695010e-01
3.2269152652695027e-01
3.2269152652694993e-01
3.2269152652695021e-01
3.2269152652695055e-01
3.2269152652695066e-01
3.2269152652695049e-01
3.2269152652695055e-01
3.2269152652695027e-01
3.2269152652694988e-01
3.2269152652695032e-01
