0.0000000000000000e+00
-4.6829268292777468e-05
-9.3660729668162122e-05
-1.4048780487527156e-04
-1.8731707296059177e-04
-2.3414853412873223e-04
-2.8098218858524853e-04
-7.2780487683399200e-04
-1.3079582756892446e-03
-1.8881300709822110e-03
-2.4682926751257344e-03
-2.4214634074915063e-03
-2.3746363327350208e-03
-2.3278114506510655e-03
-2.2809756033605414e-03
-2.2341419495636905e-03
-2.1873170667829974e-03
-2.1404877984894906e-03
-2.0936607230743155e-03
-2.0468292619046894e-03
-1.9999999936146811e-03
-1.9531707253210157e-03
-1.9063436499055742e-03
-1.8595121887336856e-03
-1.8126829206448938e-03
-1.2325203188071855e-03
-6.5235771237475305e-04
-7.2195110748282787e-05
5.0796749087879455e-04
1.0881300925053995e-03
1.6682926941314138e-03
1.6214634250279289e-03
1.5746319628416115e-03
1.5277983073669573e-03
1.4809756194433888e-03
1.4341507390535507e-03
1.3873170828496637e-03
1.3404878145567823e-03
1.2936563531811328e-03
1.2468292779715174e-03
1.2000000096768046e-03
1.1531707413838996e-03
1.1063392800083067e-03
1.0595122048008435e-03
1.0126829367156701e-03
9.6585147554782312e-04
9.1901782109119617e-04
5.5219512376536385e-04
-2.7946231474443657e-05
-6.0813006685944649e-04
-1.1882926749568713e-03
-1.1414634071664422e-03
-1.0946363322524545e-03
-1.0478114500113744e-03
-1.0009756030344100e-03
-9.5414194955129050e-04
-9.0731706645642320e-04
-8.6048779816391718e-04
-8.1366072274905766e-04
-7.6682926157836282e-04
-7.1999999328772445e-04
-6.7317072499490185e-04
-6.2634364957955802e-04
-5.7951218840717107e-04
-5.3268292031767442e-04
-4.8585584510606530e-04
-4.3903096256690089e-04
-3.9219511522772636e-04
-2.6002933560444327e-04
3.2013008457887164e-04
9.0029269262197845e-04
8.5346342356189026e-04
8.0663196141845031e-04
7.5979830598693729e-04
7.1297561797771980e-04
6.6615073750139753e-04
6.1931708138380907e-04
5.7248781309157074e-04
5.2565635171561756e-04
4.7882927650670919e-04
4.3200000821116459e-04
3.8517073991886397e-04
3.3833927854289345e-04
2.9151220333561230e-04
2.4468293525037056e-04
1.9785147408203315e-04
1.5101781962565796e-04
1.0419513017408195e-04
5.7370248254441650e-05
-1.4731947484047735e-04
-7.2749268006013380e-04
-6.8066341110429533e-04
-6.3383633502599385e-04
-5.8701145162104429e-04
-5.4017560697243862e-04
-4.9334195581831654e-04
-4.4651707039518242e-04
-3.9968780210327727e-04
-3.5286072668856867e-04
-3.0602926551774080e-04
-2.5919999722759542e-04
-2.1237072893422104e-04
-1.6554365351921212e-04
-1.1871219234727668e-04
-7.1882924257645516e-05
-2.5055849046042535e-05
2.1769033492758901e-05
6.8604880831564015e-05
1.1543853467646033e-04
1.6226999523283640e-04
6.2381268352791077e-04
5.7698341581595522e-04
5.3015195502051490e-04
4.8331830093709170e-04
4.3649561022833186e-04
3.8967072705201262e-04
3.4283707363435911e-04
2.9600780534170916e-04
2.4917634396631023e-04
2.0234926875598421e-04
1.5552000046039510e-04
1.0869073216762841e-04
6.1859270792565270e-05
1.5032195585193716e-05
-3.1797072499896834e-05
-7.8628533668320696e-05
-1.2546218812494115e-04
-1.7228487757833859e-04
-2.1910975949746469e-04
-2.6593683408919033e-04
-5.6157821885713128e-04
-5.1469322183676509e-04
-4.6781042291655001e-04
-4.2103468598433957e-04
-3.7420541769921393e-04
-3.2737834229164508e-04
-2.8054688111957889e-04
-2.3371761303049476e-04
-1.8689053781825696e-04
-1.4005907624087995e-04
-9.3229807951349133e-05
-4.6400539658196239e-05
4.2653575710319749e-07
4.7257996929562325e-05
9.4087265018349045e-05
1.4091434023006907e-04
1.8773922276943224e-04
2.3457507010679537e-04
2.8140872395081599e-04
3.2824018450666053e-04
5.2432247687794374e-04
4.7751326745612273e-04
4.3070186682935560e-04
3.8388827479269628e-04
3.3707249114117000e-04
2.9025451566990775e-04
2.4336692527116206e-04
1.9653765697243407e-04
1.4970619559051603e-04
1.0287912039111768e-04
5.6049852095297443e-05
9.2205838028561739e-06
-3.7610877572652616e-05
-8.4437952780164801e-05
-1.3126722086526460e-04
-1.7809868203416495e-04
-2.2493233649128135e-04
-2.7175502594291008e-04
-3.1857990786141017e-04
-3.6540698245198476e-04
-5.0188942966285981e-04
-4.5505292095505197e-04
-4.0821860580399173e-04
-3.6138648400249552e-04
-3.1455655534563229e-04
-2.6773584851573127e-04
-2.2091733376128288e-04
-1.7407731193905826e-04
-1.2724804364809851e-04
-8.0418775359530854e-05
-3.3589507067334667e-05
1.3239761225659890e-05
6.0066836640156952e-05
1.0689829781281639e-04
1.5372756590262821e-04
2.0055464111533913e-04
2.4737952365623290e-04
2.9421537099176651e-04
3.4104902483305755e-04
3.8788048538638523e-04
4.8845830388508365e-04
4.4163163577150841e-04
3.9480277481838760e-04
3.4797172082093661e-04
3.0114383017320804e-04
2.5431374657168884e-04
2.0748146981035542e-04
1.6064699968390198e-04
1.1381033598751623e-04
6.6997488703343143e-05
2.0168220408841922e-05
