0.0000000000000000e+00
3.1999999999880380e+01
6.3996504030163138e+01
9.5999999998771997e+01
1.2799999876642242e+02
1.5999650156505635e+02
1.9198950962594313e+02
2.2399999993434778e+02
2.5599849484756507e+02
2.8799999948559270e+02
3.1999999961680777e+02
2.8799999965160151e+02
2.5599650248492361e+02
2.2398950688421593e+02
1.9199999999581436e+02
1.6000699960303447e+02
1.2799999999900282e+02
9.5999999998923158e+01
6.3996502797403451e+01
3.1999999998892257e+01
2.3291262573163767e-10
3.2000000000225143e+01
6.4003497201814881e+01
9.6000000001081986e+01
1.2799999876950879e+02
1.6000000020757841e+02
1.9200000042727359e+02
2.2400000042727243e+02
2.5600000042727680e+02
2.8800000042727697e+02
3.2000000042728982e+02
2.8800000032755145e+02
2.5600349619733083e+02
2.2401048680515535e+02
1.9200000000417447e+02
1.5999301286768244e+02
1.2800000000086823e+02
9.6000000000831932e+01
6.4003495970284490e+01
3.2000000000784219e+01
1.5447563342238145e-10
3.1999999999995264e+01
6.3996504030342706e+01
9.5999999999009447e+01
1.2799999876679027e+02
1.5999650156544345e+02
1.9198950962644867e+02
2.2399999997309720e+02
2.5599627546390280e+02
2.8799999933908214e+02
3.1999999967632641e+02
2.8799999965173583e+02
2.5599650242547469e+02
2.2398950676525004e+02
1.9199999999590830e+02
1.6000699972199664e+02
1.2799999999889839e+02
9.5999999998949335e+01
6.3996502797498778e+01
3.1999999998786187e+01
2.1992964620420204e-10
3.2000000000347406e+01
6.4003497201980991e+01
9.6000000001277556e+01
1.2799999876969783e+02
1.6000349473925144e+02
1.9201048914228113e+02
2.2400000000458985e+02
2.5600058432459156e+02
2.8800000010307122e+02
3.2000000041048020e+02
2.8800000032754781e+02
2.5600349621398453e+02
2.2401048683855541e+02
1.9200000000410876e+02
1.5999301283414968e+02
1.2800000000091387e+02
9.6000000000854087e+01
6.4003495970303717e+01
3.2000000000943601e+01
1.2438612974459059e-10
3.1999999999866482e+01
6.3996504030341256e+01
9.5999999999146254e+01
1.2799999876686562e+02
1.5999650156549490e+02
1.9198950962636604e+02
2.2399999999603887e+02
2.5600699070035824e+02
2.8799801738780417e+02
3.1999999994869188e+02
2.8799999965166273e+02
2.5599650215313886e+02
2.2398950622064467e+02
1.9199999999589380e+02
1.6000700026670418e+02
1.2799999999888395e+02
9.5999999998917303e+01
6.3996502797497712e+01
3.1999999998821064e+01
2.1499097398700177e-10
3.2000000000305910e+01
6.4003497201832403e+01
9.6000000001225700e+01
1.2799999876961451e+02
1.6000349473907298e+02
1.9201048914224970e+02
2.2400000000417126e+02
2.5599300437195535e+02
2.8798950347608996e+02
3.2000000007602802e+02
2.8800000032927323e+02
2.5600349655205957e+02
2.2401048751288880e+02
1.9200000000419058e+02
1.5999301216020709e+02
1.2800000000104544e+02
9.6000000001119446e+01
6.4003495970543952e+01
3.2000000001105718e+01
3.4884020353509213e-10
3.1999999999855863e+01
6.3996504030290218e+01
9.5999999999020844e+01
1.2799999876656602e+02
1.5999650156499226e+02
1.9198950962576015e+02
2.2399999999594718e+02
2.5600699070050376e+02
2.8801048297255943e+02
3.1999506853657846e+02
2.8799999965575881e+02
2.5600143868008786e+02
2.2400000000023266e+02
1.9199999999929835e+02
1.5999650279689456e+02
1.2799999999886413e+02
9.6000001231913416e+01
6.3996505263735848e+01
3.1999999998990344e+01
4.4406179013478942e-10
3.2000000000124089e+01
6.4003497201614096e+01
9.6000000001010449e+01
1.2799999876946907e+02
1.6000349473894869e+02
1.9201048914209150e+02
2.2400000000404953e+02
2.5599300437182268e+02
2.8798950347615323e+02
3.2000178657606489e+02
2.8800000033259585e+02
2.5600171189991352e+02
2.2400692004572238e+02
1.9201562353859882e+02
1.6002782114753865e+02
1.2800000000827296e+02
9.6000000001273435e+01
6.4003495963793924e+01
3.2000000001027487e+01
4.2150330205801441e-10
3.2000000000004597e+01
6.3996504030300393e+01
9.5999999999122281e+01
1.2799999876688211e+02
1.5999650156543754e+02
1.9198950962639944e+02
2.2399999999594144e+02
2.5600699069991481e+02
2.8801048297141097e+02
3.1999936232458566e+02
2.8799999965754904e+02
2.5599714045155432e+02
2.2399078347427860e+02
1.9198092749297763e+02
1.5999999999210300e+02
1.2801558069559675e+02
9.5999999995362174e+01
6.3999999997430749e+01
3.1999999999961126e+01
4.5062983481122499e-10
3.2000000000004015e+01
6.4003497201371488e+01
9.6000000000718842e+01
1.2799999876930377e+02
1.6000349473903640e+02
1.9201048914223341e+02
2.2400000000385143e+02
2.5599300437118333e+02
2.8798950347522225e+02
3.2000023329479467e+02
2.8800000033368656e+02
2.5600326358113216e+02
2.2401002180556256e+02
1.9200000000348166e+02
1.5999347738786034e+02
1.2799045272554153e+02
9.5990924784405436e+01
6.3994892332462186e+01
3.2000000000232887e+01
5.8567238670580357e-10
