0.0000000000000000e+00
0.0000000000000000e+00
0.0000000000000000e+00
0.0000000000000000e+00
0.0000000000000000e+00
0.0000000000000000e+00
0.0000000000000000e+00
1.1333333322315882e+01
3.1999999994860339e+01
5.2666666417033973e+01
7.3333333083684934e+01
7.3333333083684906e+01
7.3333333083684906e+01
7.3333333083684906e+01
7.3333333083684892e+01
7.3333333083684849e+01
7.3333333083684849e+01
7.3333333083684849e+01
7.3333333083684849e+01
7.3333333083684821e+01
7.3333333083684821e+01
7.3333333083684821e+01
7.3333333083684792e+01
7.1333201649221266e+01
5.0666666585627212e+01
2.9999999752728399e+01
9.3333330824677887e+00
-1.1333333584204707e+01
-3.2000000250861319e+01
-5.2666666917525582e+01
-7.3333333584184572e+01
-7.3333333584184572e+01
-7.3333333584184572e+01
-7.3333333584184572e+01
-7.3333333584184572e+01
-7.3333333584184572e+01
-7.3333333584184572e+01
-7.3333333584184572e+01
-7.3333333584184572e+01
-7.3333333584184572e+01
-7.3333333584184572e+01
-7.3333333584184572e+01
-7.3333333584184572e+01
-7.1333467883113329e+01
-5.0666666747547879e+01
-3.0000000246034187e+01
-9.3333335829992272e+00
1.1333333083662513e+01
3.1999999750333551e+01
5.2666666417005558e+01
7.3333333083675726e+01
7.3333333083675726e+01
7.3333333083675726e+01
7.3333333083675726e+01
7.3333333083675740e+01
7.3333333083675754e+01
7.3333333083675754e+01
7.3333333083675754e+01
7.3333333083675711e+01
7.3333333083675740e+01
7.3333333083675740e+01
7.3333333083675740e+01
7.3333333083675754e+01
7.1333201649229053e+01
5.0666666585648834e+01
2.9999999752758324e+01
9.3333330824946330e+00
-1.1333333584169118e+01
-3.2000000250833985e+01
-5.2666666917492918e+01
-7.3333333584153237e+01
-7.3333333584153237e+01
-7.3333333584153237e+01
-7.3333333584153237e+01
-7.3333333584153237e+01
-7.3333333584153237e+01
-7.3333333584153237e+01
-7.3333333584153237e+01
-7.3333333584153237e+01
-7.3333333584153237e+01
-7.3333333584153237e+01
-7.3333333584153237e+01
-7.3333333584153237e+01
-7.1333467883076665e+01
-5.0666666747500933e+01
-3.0000000245992254e+01
-9.3333335829679331e+00
1.1333333083706442e+01
3.1999999750377238e+01
5.2666666417048901e+01
7.3333333083724796e+01
7.3333333083724753e+01
7.3333333083724753e+01
7.3333333083724753e+01
7.3333333083724725e+01
7.3333333083724696e+01
7.3333333083724696e+01
7.3333333083724696e+01
7.3333333083724710e+01
7.3333333083724725e+01
7.3333333083724725e+01
7.3333333083724725e+01
7.3333333083724725e+01
7.1333201649283055e+01
5.0666666585690344e+01
2.9999999752805660e+01
9.3333330825427829e+00
-1.1333333584117385e+01
-3.2000000250793171e+01
-5.2666666917465712e+01
-7.3333333584145890e+01
-7.3333333584145890e+01
-7.3333333584145890e+01
-7.3333333584145890e+01
-7.3333333584145890e+01
-7.3333333584145890e+01
-7.3333333584145890e+01
-7.3333333584145890e+01
-7.3333333584145890e+01
-7.3333333584145890e+01
-7.3333333584145890e+01
-7.3333333584145890e+01
-7.3333333584145890e+01
-7.1333467883089767e+01
-5.0666666747521397e+01
-3.0000000246006056e+01
-9.3333335829797068e+00
1.1333333083689340e+01
3.1999999750358633e+01
5.2666666417029759e+01
7.3333333083701618e+01
7.3333333083701646e+01
7.3333333083701646e+01
7.3333333083701646e+01
7.3333333083701618e+01
7.3333333083701618e+01
7.3333333083701618e+01
7.3333333083701618e+01
7.3333333083701604e+01
7.3333333083701604e+01
7.3333333083701604e+01
7.3333333083701604e+01
7.3333333083701575e+01
7.1333201649263643e+01
5.0666666585665183e+01
2.9999999752776439e+01
9.3333330825127128e+00
-1.1333333584149999e+01
-3.2000000250813052e+01
-5.2666666917485820e+01
-7.3333333584159050e+01
-7.3333333584159050e+01
-7.3333333584159050e+01
-7.3333333584159050e+01
-7.3333333584159050e+01
-7.3333333584159050e+01
-7.3333333584159050e+01
-7.3333333584159050e+01
-7.3333333584159050e+01
-7.3333333584159050e+01
-7.3333333584159050e+01
-7.3333333584159050e+01
-7.3333333584159050e+01
-7.1333467883106053e+01
-5.0666666747532851e+01
-3.0000000246013499e+01
-9.3333335829808490e+00
1.1333333083693642e+01
3.1999999750364527e+01
5.2666666417035849e+01
7.3333333083698548e+01
7.3333333083698534e+01
7.3333333083698534e+01
7.3333333083698534e+01
7.3333333083698520e+01
7.3333333083698534e+01
7.3333333083698534e+01
7.3333333083698534e+01
7.3333333083698534e+01
7.3333333083698577e+01
7.3333333083698577e+01
7.3333333083698577e+01
7.3333333083698577e+01
7.1333201649241147e+01
5.0666666585645217e+01
2.9999999752747403e+01
9.3333330824794736e+00
-1.1333333584188150e+01
-3.2000000250861419e+01
-5.2666666917528545e+01
-7.3333333584185823e+01
-7.3333333584185823e+01
-7.3333333584185823e+01
-7.3333333584185823e+01
-7.3333333584185823e+01
-7.3333333584185823e+01
-7.3333333584185823e+01
-7.3333333584185823e+01
-7.3333333584185823e+01
-7.3333333584185823e+01
-7.3333333584185823e+01
