0.0000000000000000e+00
0.0000000000000000e+00
0.0000000000000000e+00
0.0000000000000000e+00
0.0000000000000000e+00
0.0000000000000000e+00
0.0000000000000000e+00
-5.6666666611548120e+00
-1.5999999997423075e+01
-2.6333333208506705e+01
-3.6666666541833514e+01
-3.6666666541833578e+01
-3.6666666541833600e+01
-3.6666666541833592e+01
-3.6666666541833550e+01
-3.6666666541833557e+01
-3.6666666541833578e+01
-3.6666666541833635e+01
-3.6666666541833628e+01
-3.6666666541833706e+01
-3.6666666541833642e+01
-3.6666666541833742e+01
-3.6666666541833791e+01
-3.5666600824603663e+01
-2.5333333292816612e+01
-1.4999999876366545e+01
-4.6666665412378858e+00
5.6666667920941887e+00
1.6000000125422801e+01
2.6333333458758574e+01
3.6666666792089295e+01
3.6666666792089316e+01
3.6666666792089337e+01
3.6666666792089352e+01
3.6666666792089366e+01
3.6666666792089394e+01
3.6666666792089423e+01
3.6666666792089387e+01
3.6666666792089387e+01
3.6666666792089423e+01
3.6666666792089387e+01
3.6666666792089416e+01
3.6666666792089423e+01
3.5666733941554398e+01
2.5333333373777837e+01
1.5000000123024774e+01
4.6666667915080025e+00
-5.6666665418204971e+00
-1.5999999875154291e+01
-2.6333333208489478e+01
-3.6666666541822181e+01
-3.6666666541822160e+01
-3.6666666541822174e+01
-3.6666666541822146e+01
-3.6666666541822117e+01
-3.6666666541822067e+01
-3.6666666541822075e+01
-3.6666666541822025e+01
-3.6666666541821996e+01
-3.6666666541821961e+01
-3.6666666541821911e+01
-3.6666666541821932e+01
-3.6666666541821996e+01
-3.5666600824599719e+01
-2.5333333292809510e+01
-1.4999999876365642e+01
-4.6666665412345898e+00
5.6666667920920668e+00
1.6000000125423306e+01
2.6333333458753653e+01
3.6666666792083426e+01
3.6666666792083397e+01
3.6666666792083490e+01
3.6666666792083461e+01
3.6666666792083447e+01
3.6666666792083433e+01
3.6666666792083447e+01
3.6666666792083440e+01
3.6666666792083419e+01
3.6666666792083483e+01
3.6666666792083412e+01
3.6666666792083369e+01
3.6666666792083369e+01
3.5666733941545552e+01
2.5333333373764525e+01
1.5000000123013983e+01
4.6666667915078781e+00
-5.6666665418274533e+00
-1.5999999875160741e+01
-2.6333333208498267e+01
-3.6666666541834225e+01
-3.6666666541834189e+01
-3.6666666541834182e+01
-3.6666666541834147e+01
-3.6666666541834218e+01
-3.6666666541834260e+01
-3.6666666541834331e+01
-3.6666666541834289e+01
-3.6666666541834267e+01
-3.6666666541834267e+01
-3.6666666541834203e+01
-3.6666666541834253e+01
-3.6666666541834218e+01
-3.5666600824613468e+01
-2.5333333292816253e+01
-1.4999999876372828e+01
-4.6666665412402297e+00
5.6666667920902682e+00
1.6000000125430493e+01
2.6333333458772326e+01
3.6666666792107783e+01
3.6666666792107833e+01
3.6666666792107890e+01
3.6666666792107847e+01
3.6666666792107875e+01
3.6666666792107890e+01
3.6666666792107890e+01
3.6666666792107826e+01
3.6666666792107890e+01
3.6666666792107833e+01
3.6666666792107812e+01
3.6666666792107762e+01
3.6666666792107783e+01
3.5666733941578066e+01
2.5333333373786719e+01
1.5000000123025922e+01
4.6666667915130251e+00
-5.6666665418188558e+00
-1.5999999875153723e+01
-2.6333333208493382e+01
-3.6666666541830672e+01
-3.6666666541830658e+01
-3.6666666541830665e+01
-3.6666666541830637e+01
-3.6666666541830701e+01
-3.6666666541830701e+01
-3.6666666541830672e+01
-3.6666666541830651e+01
-3.6666666541830608e+01
-3.6666666541830601e+01
-3.6666666541830629e+01
-3.6666666541830580e+01
-3.6666666541830573e+01
-3.5666600824611308e+01
-2.5333333292812803e+01
-1.4999999876368838e+01
-4.6666665412326847e+00
5.6666667920960032e+00
1.6000000125426308e+01
2.6333333458760951e+01
3.6666666792096692e+01
3.6666666792096642e+01
3.6666666792096649e+01
3.6666666792096642e+01
3.6666666792096635e+01
3.6666666792096535e+01
3.6666666792096564e+01
3.6666666792096557e+01
3.6666666792096485e+01
3.6666666792096464e+01
3.6666666792096450e+01
3.6666666792096493e+01
3.6666666792096464e+01
3.5666733941568033e+01
2.5333333373774508e+01
1.5000000123012859e+01
4.6666667914945918e+00
-5.6666665418463111e+00
-1.5999999875184644e+01
-2.6333333208518440e+01
-3.6666666541851725e+01
-3.6666666541851669e+01
-3.6666666541851654e+01
-3.6666666541851605e+01
-3.6666666541851598e+01
-3.6666666541851569e+01
-3.6666666541851569e+01
-3.6666666541851527e+01
-3.6666666541851512e+01
-3.6666666541851498e+01
-3.6666666541851512e+01
-3.6666666541851512e+01
-3.6666666541851527e+01
-3.5666600824621291e+01
-2.5333333292812732e+01
-1.4999999876357554e+01
-4.6666665412177268e+00
5.6666667921154605e+00
1.6000000125455124e+01
2.6333333458788715e+01
3.6666666792117411e+01
3.6666666792117468e+01
3.6666666792117439e+01
3.6666666792117489e+01
3.6666666792117503e+01
3.6666666792117510e+01
3.6666666792117532e+01
3.6666666792117461e+01
3.6666666792117454e+01
3.6666666792117425e+01
3.6666666792117397e+01
