0.0000000000000000e+00
0.0000000000000000e+00
0.0000000000000000e+00
0.0000000000000000e+00
0.0000000000000000e+00
0.0000000000000000e+00
0.0000000000000000e+00
-5.6666666611610559e+00
-1.5999999997437255e+01
-2.6333333208527307e+01
-3.6666666541851555e+01
-3.6666666541851619e+01
-3.6666666541851640e+01
-3.6666666541851626e+01
-3.6666666541851598e+01
-3.6666666541851583e+01
-3.6666666541851612e+01
-3.6666666541851612e+01
-3.6666666541851605e+01
-3.6666666541851683e+01
-3.6666666541851633e+01
-3.6666666541851733e+01
-3.6666666541851775e+01
-3.5666600824618399e+01
-2.5333333292811318e+01
-1.4999999876362587e+01
-4.6666665412306214e+00
5.6666667921098135e+00
1.6000000125437833e+01
2.6333333458766418e+01
3.6666666792094631e+01
3.6666666792094638e+01
3.6666666792094645e+01
3.6666666792094659e+01
3.6666666792094659e+01
3.6666666792094745e+01
3.6666666792094773e+01
3.6666666792094745e+01
3.6666666792094752e+01
3.6666666792094773e+01
3.6666666792094723e+01
3.6666666792094766e+01
3.6666666792094738e+01
3.5666733941558562e+01
2.5333333373769619e+01
1.5000000123008938e+01
4.6666667914907540e+00
-5.6666665418424369e+00
-1.5999999875179693e+01
-2.6333333208516443e+01
-3.6666666541853871e+01
-3.6666666541853864e+01
-3.6666666541853871e+01
-3.6666666541853857e+01
-3.6666666541853814e+01
-3.6666666541853786e+01
-3.6666666541853800e+01
-3.6666666541853765e+01
-3.6666666541853694e+01
-3.6666666541853694e+01
-3.6666666541853616e+01
-3.6666666541853630e+01
-3.6666666541853708e+01
-3.5666600824629285e+01
-2.5333333292839267e+01
-1.4999999876392572e+01
-4.6666665412599588e+00
5.6666667920771445e+00
1.6000000125410764e+01
2.6333333458739219e+01
3.6666666792069670e+01
3.6666666792069627e+01
3.6666666792069726e+01
3.6666666792069698e+01
3.6666666792069677e+01
3.6666666792069677e+01
3.6666666792069741e+01
3.6666666792069769e+01
3.6666666792069705e+01
3.6666666792069734e+01
3.6666666792069677e+01
3.6666666792069677e+01
3.6666666792069670e+01
3.5666733941530879e+01
2.5333333373736167e+01
1.5000000122977985e+01
4.6666667914597753e+00
-5.6666665418792554e+00
-1.5999999875216778e+01
-2.6333333208550869e+01
-3.6666666541890805e+01
-3.6666666541890784e+01
-3.6666666541890763e+01
-3.6666666541890741e+01
-3.6666666541890798e+01
-3.6666666541890862e+01
-3.6666666541890919e+01
-3.6666666541890905e+01
-3.6666666541890848e+01
-3.6666666541890834e+01
-3.6666666541890798e+01
-3.6666666541890834e+01
-3.6666666541890841e+01
-3.5666600824669842e+01
-2.5333333292874364e+01
-1.4999999876433085e+01
-4.6666665413028090e+00
5.6666667920268248e+00
1.6000000125362369e+01
2.6333333458693073e+01
3.6666666792037617e+01
3.6666666792037653e+01
3.6666666792037674e+01
3.6666666792037667e+01
3.6666666792037745e+01
3.6666666792037766e+01
3.6666666792037773e+01
3.6666666792037766e+01
3.6666666792037802e+01
3.6666666792037745e+01
3.6666666792037745e+01
3.6666666792037695e+01
3.6666666792037745e+01
3.5666733941511360e+01
2.5333333373734355e+01
1.5000000122979799e+01
4.6666667914663691e+00
-5.6666665418707849e+00
-1.5999999875205241e+01
-2.6333333208536793e+01
-3.6666666541871351e+01
-3.6666666541871365e+01
-3.6666666541871365e+01
-3.6666666541871322e+01
-3.6666666541871393e+01
-3.6666666541871393e+01
-3.6666666541871351e+01
-3.6666666541871308e+01
-3.6666666541871265e+01
-3.6666666541871265e+01
-3.6666666541871308e+01
-3.6666666541871258e+01
-3.6666666541871251e+01
-3.5666600824652612e+01
-2.5333333292852654e+01
-1.4999999876407818e+01
-4.6666665412802919e+00
5.6666667920537295e+00
1.6000000125386507e+01
2.6333333458724610e+01
3.6666666792062003e+01
3.6666666792061960e+01
3.6666666792061967e+01
3.6666666792061946e+01
3.6666666792061946e+01
3.6666666792061889e+01
3.6666666792061903e+01
3.6666666792061918e+01
3.6666666792061861e+01
3.6666666792061875e+01
3.6666666792061832e+01
3.6666666792061861e+01
3.6666666792061847e+01
3.5666733941537373e+01
2.5333333373757675e+01
1.5000000122999991e+01
4.6666667914856266e+00
-5.6666665418479774e+00
-1.5999999875180581e+01
-2.6333333208518138e+01
-3.6666666541847661e+01
-3.6666666541847611e+01
-3.6666666541847590e+01
-3.6666666541847562e+01
-3.6666666541847526e+01
-3.6666666541847512e+01
-3.6666666541847491e+01
-3.6666666541847448e+01
-3.6666666541847434e+01
-3.6666666541847427e+01
-3.6666666541847455e+01
-3.6666666541847384e+01
-3.6666666541847391e+01
-3.5666600824620289e+01
-2.5333333292832872e+01
-1.4999999876390214e+01
-4.6666665412621224e+00
5.6666667920722968e+00
1.6000000125405833e+01
2.6333333458739386e+01
3.6666666792067936e+01
3.6666666792067943e+01
3.6666666792067929e+01
3.6666666792067943e+01
3.6666666792068042e+01
3.6666666792068057e+01
3.6666666792068099e+01
3.6666666792067986e+01
3.6666666792067986e+01
3.6666666792067957e+01
3.6666666792067929e+01
