0.0000000000000000e+00
1.5121951219441315e-04
3.0241616050564606e-04
4.5365853658257439e-04
6.0487804186173369e-04
7.5607468325923340e-04
9.0724846768815203e-04
1.6252032514074530e-03
2.8097560972696585e-03
3.9943089295742988e-03
5.1788617751019816e-03
5.0276422626619639e-03
4.8763998794229789e-03
4.7251346184655997e-03
4.5739837273410617e-03
4.4228099861697004e-03
4.2715447029601731e-03
4.1203251907649388e-03
3.9690828077711309e-03
3.8178861663746410e-03
3.6666666541832218e-03
3.5154471419873773e-03
3.3642047589920671e-03
3.1129980395343255e-03
1.9284552799537938e-03
7.4390242563952911e-04
-4.4065042008831212e-04
-1.6252032656170028e-03
-2.8097561111452328e-03
-3.9943089566741204e-03
-5.1788618022015264e-03
-5.0276422901655241e-03
-4.8764456420122438e-03
-4.7252718508293077e-03
-4.5739837523937933e-03
-4.4227185385850958e-03
-4.2715447279928209e-03
-4.1203252157975979e-03
-3.9691285674859746e-03
-3.8178861914074228e-03
-3.6666666792082398e-03
-3.5154471670134856e-03
-3.3642505187025241e-03
-3.1130183858507189e-03
-1.9284552891421982e-03
-7.4390245233909940e-04
4.4065039298758052e-04
1.6252032385156007e-03
2.8097560840445127e-03
3.9943089295735078e-03
5.1788617751025202e-03
5.0276422626638470e-03
4.8763998794247422e-03
4.7251346184670716e-03
4.5739837273414035e-03
4.4228099861703014e-03
4.2715447029607967e-03
4.1203251907658330e-03
3.9690828077711404e-03
3.8178861663750920e-03
3.6666666541825387e-03
3.5154471419869548e-03
3.3642047589919465e-03
3.1129980395348898e-03
1.9284552799551302e-03
7.4390242564158627e-04
-4.4065042008688260e-04
-1.6252032656153713e-03
-2.8097561111434053e-03
-3.9943089566718652e-03
-5.1788618021997405e-03
-5.0276422901629376e-03
-4.8764456420092731e-03
-4.7252718508265009e-03
-4.5739837523915599e-03
-4.4227185385834695e-03
-4.2715447279903056e-03
-4.1203252157955752e-03
-3.9691285674840577e-03
-3.8178861914061109e-03
-3.6666666792065442e-03
-3.5154471670120402e-03
-3.3642505187009889e-03
-3.1130183858490623e-03
-1.9284552891400781e-03
-7.4390245233722828e-04
4.4065039298900365e-04
1.6252032385177244e-03
2.8097560840461494e-03
3.9943089295748522e-03
5.1788617751036981e-03
5.0276422626642668e-03
4.8763998794249782e-03
4.7251346184678019e-03
4.5739837273424729e-03
4.4228099861706796e-03
4.2715447029626910e-03
4.1203251907673761e-03
3.9690828077726626e-03
3.8178861663774686e-03
3.6666666541864809e-03
3.5154471419908675e-03
3.3642047589959789e-03
3.1129980395383041e-03
1.9284552799588481e-03
7.4390242564513194e-04
-4.4065042008281787e-04
-1.6252032656114081e-03
-2.8097561111407486e-03
-3.9943089566691539e-03
-5.1788618021985731e-03
-5.0276422901620408e-03
-4.8764456420088793e-03
-4.7252718508269858e-03
-4.5739837523920274e-03
-4.4227185385839890e-03
-4.2715447279919839e-03
-4.1203252157967600e-03
-3.9691285674853475e-03
-3.8178861914063920e-03
-3.6666666792079649e-03
-3.5154471670133221e-03
-3.3642505187018107e-03
-3.1130183858504830e-03
-1.9284552891422452e-03
-7.4390245233887399e-04
4.4065039298704780e-04
1.6252032385162779e-03
2.8097560840448068e-03
3.9943089295738816e-03
5.1788617751021343e-03
5.0276422626627576e-03
4.8763998794243207e-03
4.7251346184673743e-03
4.5739837273413462e-03
4.4228099861694774e-03
4.2715447029616320e-03
4.1203251907660481e-03
3.9690828077718872e-03
3.8178861663759906e-03
3.6666666541848320e-03
3.5154471419895214e-03
3.3642047589948140e-03
3.1129980395364718e-03
1.9284552799558835e-03
7.4390242564258482e-04
-4.4065042008600364e-04
-1.6252032656143278e-03
-2.8097561111422214e-03
-3.9943089566712702e-03
-5.1788618022001994e-03
-5.0276422901635405e-03
-4.8764456420097363e-03
-4.7252718508265356e-03
-4.5739837523927464e-03
-4.4227185385853776e-03
-4.2715447279925833e-03
-4.1203252157974556e-03
-3.9691285674860891e-03
-3.8178861914076141e-03
-3.6666666792091350e-03
-3.5154471670147667e-03
-3.3642505187043629e-03
-3.1130183858525022e-03
-1.9284552891435849e-03
-7.4390245233959011e-04
4.4065039298627395e-04
1.6252032385148613e-03
2.8097560840432243e-03
3.9943089295718121e-03
5.1788617751003267e-03
5.0276422626609378e-03
4.8763998794224151e-03
4.7251346184643767e-03
4.5739837273393955e-03
4.4228099861696258e-03
4.2715447029606363e-03
4.1203251907653473e-03
3.9690828077709253e-03
3.8178861663746289e-03
3.6666666541826766e-03
3.5154471419865602e-03
3.3642047589920606e-03
3.1129980395342843e-03
1.9284552799534477e-03
7.4390242563952683e-04
-4.4065042008925104e-04
-1.6252032656174798e-03
-2.8097561111461761e-03
-3.9943089566744742e-03
-5.1788618022027260e-03
-5.0276422901658520e-03
-4.8764456420122559e-03
-4.7252718508294413e-03
-4.5739837523957605e-03
-4.4227185385875929e-03
-4.2715447279939632e-03
-4.1203252157993161e-03
-3.9691285674874508e-03
-3.8178861914085018e-03
-3.6666666792102296e-03
