0.0000000000000000e+00
-4.5365853658268081e-05
-9.0733765470475946e-05
-1.3609756097298259e-04
-1.8146341444393643e-04
-2.2683132606843238e-04
-2.7220129603309779e-04
-6.0089430863669946e-04
-1.1629268291246339e-03
-1.7249593420109047e-03
-2.2869918623357726e-03
-2.2416260093518162e-03
-2.1962622143362246e-03
-2.1509004771001123e-03
-2.1055284490343554e-03
-2.0601584794963453e-03
-2.0147967417245153e-03
-1.9694308880656990e-03
-1.9240670923740427e-03
-1.8786991807479825e-03
-1.8333333270913708e-03
-1.7879674734324080e-03
-1.7426036777415243e-03
-1.6472347339909219e-03
-1.0852032497827258e-03
-5.2317072419434815e-04
3.8861796235197804e-05
6.0089431656038948e-04
1.1629268368850269e-03
1.7249593572101225e-03
2.2869918775356604e-03
2.2416260231640146e-03
2.1962581106376947e-03
2.1508881397704896e-03
2.1055284615649232e-03
2.0601667257659248e-03
2.0147967542417078e-03
1.9694309005826882e-03
1.9240629887702298e-03
1.8786991932658436e-03
1.8333333396055502e-03
1.7879674859474352e-03
1.7425995741359381e-03
1.6472368876865491e-03
1.0852032542798212e-03
5.2317073918652774e-04
-3.8861781033711955e-05
-6.0089430135870550e-04
-1.1629268216836362e-03
-1.7249593420089388e-03
-2.2869918623335825e-03
-2.2416260093499167e-03
-2.1962622143340887e-03
-2.1509004770982861e-03
-2.1055284490323874e-03
-2.0601584794931850e-03
-2.0147967417223174e-03
-1.9694308880634647e-03
-1.9240670923714562e-03
-1.8786991807461738e-03
-1.8333333270901435e-03
-1.7879674734315976e-03
-1.7426036777402920e-03
-1.6472347339899049e-03
-1.0852032497813970e-03
-5.2317072419363095e-04
3.8861796235309097e-05
6.0089431655986907e-04
1.1629268368854287e-03
1.7249593572102287e-03
2.2869918775351205e-03
2.2416260231627417e-03
2.1962581106365966e-03
2.1508881397699466e-03
2.1055284615647644e-03
2.0601667257663775e-03
2.0147967542411519e-03
1.9694309005828430e-03
1.9240629887693921e-03
1.8786991932652486e-03
1.8333333396042379e-03
1.7879674859462198e-03
1.7425995741341157e-03
1.6472368876855232e-03
1.0852032542788223e-03
5.2317073918569659e-04
-3.8861781033571659e-05
-6.0089430135917214e-04
-1.1629268216845163e-03
-1.7249593420103448e-03
-2.2869918623356304e-03
-2.2416260093523648e-03
-2.1962622143366804e-03
-2.1509004771007997e-03
-2.1055284490347193e-03
-2.0601584794955469e-03
-2.0147967417244086e-03
-1.9694308880652414e-03
-1.9240670923737543e-03
-1.8786991807478314e-03
-1.8333333270915205e-03
-1.7879674734332059e-03
-1.7426036777418580e-03
-1.6472347339908204e-03
-1.0852032497813283e-03
-5.2317072419367052e-04
3.8861796235938327e-05
6.0089431656050051e-04
1.1629268368859259e-03
1.7249593572122930e-03
2.2869918775367702e-03
2.2416260231651617e-03
2.1962581106381800e-03
2.1508881397707940e-03
2.1055284615657550e-03
2.0601667257666568e-03
2.0147967542417529e-03
1.9694309005828738e-03
1.9240629887696025e-03
1.8786991932653516e-03
1.8333333396047770e-03
1.7879674859469800e-03
1.7425995741338772e-03
1.6472368876856087e-03
1.0852032542779774e-03
5.2317073918472894e-04
-3.8861781034995169e-05
-6.0089430135930766e-04
-1.1629268216846865e-03
-1.7249593420101889e-03
-2.2869918623359764e-03
-2.2416260093525583e-03
-2.1962622143369770e-03
-2.1509004771011419e-03
-2.1055284490336867e-03
-2.0601584794940008e-03
-2.0147967417234935e-03
-1.9694308880647666e-03
-1.9240670923732538e-03
-1.8786991807478398e-03
-1.8333333270913405e-03
-1.7879674734328208e-03
-1.7426036777411016e-03
-1.6472347339909627e-03
-1.0852032497822022e-03
-5.2317072419422368e-04
3.8861796235422152e-05
6.0089431656013101e-04
1.1629268368855293e-03
1.7249593572106175e-03
2.2869918775358113e-03
2.2416260231646707e-03
2.1962581106383843e-03
2.1508881397715976e-03
2.1055284615667763e-03
2.0601667257676955e-03
2.0147967542415309e-03
1.9694309005835278e-03
1.9240629887706780e-03
1.8786991932647310e-03
1.8333333396036418e-03
1.7879674859453416e-03
1.7425995741329459e-03
1.6472368876838585e-03
1.0852032542769219e-03
5.2317073918412016e-04
-3.8861781036456768e-05
-6.0089430136251668e-04
-1.1629268216882265e-03
-1.7249593420135111e-03
-2.2869918623385907e-03
-2.2416260093548728e-03
-2.1962622143377854e-03
-2.1509004771013704e-03
-2.1055284490349097e-03
-2.0601584794971298e-03
-2.0147967417251081e-03
-1.9694308880663239e-03
-1.9240670923757418e-03
-1.8786991807496446e-03
-1.8333333270933328e-03
-1.7879674734345300e-03
-1.7426036777424114e-03
-1.6472347339915251e-03
-1.0852032497828785e-03
-5.2317072419414746e-04
3.8861796235424998e-05
6.0089431656063549e-04
1.1629268368864207e-03
1.7249593572117236e-03
2.2869918775363660e-03
2.2416260231646412e-03
2.1962581106380842e-03
2.1508881397711648e-03
2.1055284615655585e-03
2.0601667257665415e-03
2.0147967542414186e-03
1.9694309005825490e-03
1.9240629887696135e-03
1.8786991932652395e-03
1.8333333396045397e-03
