0.0000000000000000e+00
-4.5365853659165800e-05
-9.0733765471347373e-05
-1.3609756097325974e-04
-1.8146341444330927e-04
-2.2683132606649144e-04
-2.7220129603127042e-04
-6.0089430863736635e-04
-1.1629268291256779e-03
-1.7249593420121815e-03
-2.2869918623365654e-03
-2.2416260093528389e-03
-2.1962622143362458e-03
-2.1509004771001318e-03
-2.1055284490339977e-03
-2.0601584794961037e-03
-2.0147967417236340e-03
-1.9694308880644556e-03
-1.9240670923734949e-03
-1.8786991807479333e-03
-1.8333333270914231e-03
-1.7879674734321224e-03
-1.7426036777404492e-03
-1.6472347339905411e-03
-1.0852032497819068e-03
-5.2317072419455805e-04
3.8861796235375498e-05
6.0089431656135095e-04
1.1629268368858123e-03
1.7249593572100509e-03
2.2869918775353178e-03
2.2416260231636234e-03
2.1962581106371080e-03
2.1508881397697167e-03
2.1055284615656396e-03
2.0601667257671439e-03
2.0147967542419507e-03
1.9694309005836826e-03
1.9240629887711568e-03
1.8786991932662916e-03
1.8333333396057597e-03
1.7879674859473782e-03
1.7425995741352771e-03
1.6472368876867313e-03
1.0852032542793904e-03
5.2317073918582214e-04
-3.8861781034245911e-05
-6.0089430135956679e-04
-1.1629268216846748e-03
-1.7249593420099983e-03
-2.2869918623351685e-03
-2.2416260093515591e-03
-2.1962622143347297e-03
-2.1509004770988633e-03
-2.1055284490325474e-03
-2.0601584794938837e-03
-2.0147967417231479e-03
-1.9694308880638489e-03
-1.9240670923722130e-03
-1.8786991807470553e-03
-1.8333333270911271e-03
-1.7879674734323084e-03
-1.7426036777402234e-03
-1.6472347339901747e-03
-1.0852032497826022e-03
-5.2317072419453897e-04
3.8861796234613961e-05
6.0089431656014630e-04
1.1629268368854729e-03
1.7249593572099397e-03
2.2869918775350185e-03
2.2416260231632049e-03
2.1962581106365038e-03
2.1508881397696140e-03
2.1055284615646578e-03
2.0601667257657973e-03
2.0147967542398768e-03
1.9694309005818373e-03
1.9240629887693785e-03
1.8786991932646913e-03
1.8333333396037983e-03
1.7879674859456944e-03
1.7425995741335754e-03
1.6472368876848100e-03
1.0852032542769722e-03
5.2317073918389876e-04
-3.8861781036231688e-05
-6.0089430136167751e-04
-1.1629268216873038e-03
-1.7249593420126223e-03
-2.2869918623384545e-03
-2.2416260093550237e-03
-2.1962622143387204e-03
-2.1509004771028510e-03
-2.1055284490358525e-03
-2.0601584794961701e-03
-2.0147967417257729e-03
-1.9694308880675113e-03
-1.9240670923764396e-03
-1.8786991807506351e-03
-1.8333333270941074e-03
-1.7879674734350916e-03
-1.7426036777437809e-03
-1.6472347339930153e-03
-1.0852032497838380e-03
-5.2317072419635468e-04
3.8861796233077762e-05
6.0089431655776897e-04
1.1629268368824595e-03
1.7249593572077624e-03
2.2869918775336884e-03
2.2416260231616619e-03
2.1962581106360931e-03
2.1508881397694739e-03
2.1055284615641469e-03
2.0601667257643878e-03
2.0147967542400664e-03
1.9694309005814669e-03
1.9240629887690799e-03
1.8786991932646809e-03
1.8333333396040065e-03
1.7879674859458566e-03
1.7425995741326471e-03
1.6472368876843215e-03
1.0852032542770641e-03
5.2317073918383599e-04
-3.8861781036204440e-05
-6.0089430136103079e-04
-1.1629268216861656e-03
-1.7249593420109754e-03
-2.2869918623368429e-03
-2.2416260093530483e-03
-2.1962622143364779e-03
-2.1509004771006627e-03
-2.1055284490347306e-03
-2.0601584794963986e-03
-2.0147967417249940e-03
-1.9694308880661283e-03
-1.9240670923747244e-03
-1.8786991807486172e-03
-1.8333333270923770e-03
-1.7879674734338829e-03
-1.7426036777430823e-03
-1.6472347339918736e-03
-1.0852032497827764e-03
-5.2317072419459187e-04
3.8861796233723872e-05
6.0089431655925877e-04
1.1629268368847060e-03
1.7249593572100479e-03
2.2869918775351452e-03
2.2416260231637323e-03
2.1962581106371630e-03
2.1508881397695537e-03
2.1055284615648620e-03
2.0601667257662188e-03
2.0147967542405586e-03
1.9694309005817943e-03
1.9240629887691074e-03
1.8786991932645157e-03
1.8333333396034583e-03
1.7879674859455131e-03
1.7425995741334852e-03
1.6472368876851605e-03
1.0852032542778005e-03
5.2317073918502568e-04
-3.8861781035196715e-05
-6.0089430136048847e-04
-1.1629268216859024e-03
-1.7249593420119533e-03
-2.2869918623364405e-03
-2.2416260093526706e-03
-2.1962622143355641e-03
-2.1509004770991244e-03
-2.1055284490336603e-03
-2.0601584794953799e-03
-2.0147967417234050e-03
-1.9694308880652445e-03
-1.9240670923734359e-03
-1.8786991807483290e-03
-1.8333333270921708e-03
-1.7879674734327684e-03
-1.7426036777417680e-03
-1.6472347339912949e-03
-1.0852032497832907e-03
-5.2317072419506936e-04
3.8861796233680388e-05
6.0089431655974222e-04
1.1629268368849532e-03
1.7249593572106424e-03
2.2869918775349045e-03
2.2416260231630826e-03
2.1962581106362848e-03
2.1508881397688450e-03
2.1055284615641369e-03
2.0601667257661004e-03
2.0147967542399796e-03
1.9694309005812709e-03
1.9240629887691029e-03
1.8786991932643255e-03
1.8333333396030377e-03
