0.0000000000000000e+00
-2.2570502484548975e-10
-3.5154816738695352e-03
6.8467990709591732e-10
-7.4307285873615881e-07
-3.5169678756969761e-03
-1.0547930177914054e-02
3.3033641352995514e-09
1.7275183585320799e-09
4.0649822511662936e-07
4.0656596542378784e-07
1.1160526931561379e-07
-3.5164092378060000e-03
-1.0549900499476558e-02
2.0931448604938080e-09
7.0359121987918615e-03
5.5810504414004608e-10
7.6485966900234890e-10
-3.5162250489214437e-03
6.6994683645570006e-10
3.1367003409817131e-10
4.9990860373583608e-10
-3.5162253621405051e-03
-1.3031840814839864e-03
2.3864734119939528e-08
4.0405405665460773e-07
4.0746823695832851e-07
4.0755276140086494e-07
4.0734197741885744e-07
4.0701762211505826e-07
4.0732273780006306e-07
1.0726457276243708e-07
-3.5156744610498501e-03
-1.0546193836610627e-02
2.0184482994154059e-09
7.0284837763339636e-03
7.5651532551332797e-10
8.1266163826250312e-10
-3.5154807332318581e-03
7.5720196415343379e-10
5.3110337818935263e-10
6.1861450412045028e-10
-3.5154808516095455e-03
-1.3036817199577719e-03
2.4166311587375304e-08
4.0379318585450696e-07
4.0698027574375491e-07
4.0690520988631232e-07
4.0703622074755679e-07
4.0707888176689302e-07
4.0722646822393314e-07
1.1233353558676875e-07
-3.5164084176691349e-03
-1.0549899825486934e-02
2.7386277233643932e-09
7.0359132400415253e-03
9.9966786417577038e-10
1.2357709548160240e-09
-3.5162244485317361e-03
1.1484654769694997e-09
4.5798493171604521e-10
5.1419671379758068e-10
-3.5162251767023624e-03
-1.3031837615553638e-03
2.4148185868031094e-08
4.0455914284086943e-07
4.0771728233429573e-07
4.0766082216863706e-07
4.0779632672322362e-07
4.0754091371375251e-07
4.0763682836709894e-07
1.0765283205450209e-07
-3.5156739673075236e-03
-1.0546193114111424e-02
2.4517981643032924e-09
7.0284841977367295e-03
9.0480654850180245e-10
1.0072046384791064e-09
-3.5154806503875295e-03
8.1805548072447238e-10
4.7269839775029325e-10
6.6542189058970172e-10
-3.5154808068149756e-03
-1.3036816312298975e-03
2.4183231346236903e-08
4.0383762418238065e-07
4.0707036895526228e-07
4.0702302500568895e-07
4.0690715282040326e-07
4.0683305427708217e-07
4.0671582332396000e-07
1.1165930469828029e-07
-3.5164093297091917e-03
-1.0549900662915090e-02
2.1130324538796996e-09
7.0359127689391676e-03
6.4943778754410475e-10
5.8990282840688539e-10
-3.5162252857102424e-03
6.6395980828326236e-10
3.3456835111342580e-10
3.7318189829781552e-10
-3.5162255187699610e-03
-1.3031838690683423e-03
2.4585018087634112e-08
4.0488813768793262e-07
4.0828817465090734e-07
4.0803791108501271e-07
4.0783232889726734e-07
4.0799083920327792e-07
4.0795930166423690e-07
1.0787548529753132e-07
-3.5156736595198055e-03
-1.0546192944933610e-02
2.6116523658726485e-09
7.0284839890829244e-03
1.0228021284565318e-09
1.0306748799902026e-09
-3.5154805765415563e-03
1.0468471638023594e-09
5.5292631391820389e-10
6.7069539844714795e-10
-3.5154811456707454e-03
-1.3036819199130213e-03
2.3683189998007764e-08
4.0337262121970798e-07
4.0653841354900673e-07
4.0686317590525334e-07
4.0686503290979213e-07
4.0699906541882182e-07
4.0669845779940627e-07
1.1173637128793798e-07
-3.5164090767538765e-03
-1.0549900399802215e-02
2.1704613658732551e-09
7.0359124920417156e-03
5.9917766972178737e-10
6.5795731805336270e-10
-3.5162250795785872e-03
7.8933148681893067e-10
3.7730365199416915e-10
3.4959719655555225e-10
-3.5162255890659904e-03
-1.3031839510386882e-03
2.4255185420927756e-08
4.0476328791501384e-07
4.0782704717700649e-07
4.0783785739603929e-07
4.0800582251386995e-07
4.0787480885891034e-07
4.0781167074291086e-07
1.0797366425989514e-07
-3.5156736955550315e-03
-1.0546193003248130e-02
2.5926453375591650e-09
7.0284841586451775e-03
7.7123626363361439e-10
7.8728279964926493e-10
-3.5154808035946818e-03
6.2517853277219488e-10
4.4135611478001202e-11
1.4707804110442103e-10
-3.5154814060368586e-03
-1.3036822379479606e-03
2.3545501530880204e-08
4.0342518011420349e-07
4.0643658306322632e-07
4.0630232668583104e-07
4.0615007612681214e-07
4.0596480537281078e-07
4.0611159357606307e-07
1.1119669786428177e-07
-3.5164093061717683e-03
-1.0549900524859417e-02
1.9796731711636400e-09
7.0359122559463718e-03
5.2816366120510261e-10
4.6270323220744353e-10
-3.5162252941237358e-03
3.6426553950204137e-10
-2.0834735881273845e-10
-3.1573716017569071e-11
-3.5162258448848604e-03
-1.3031843280755817e-03
2.3603840739954363e-08
4.0421077428047653e-07
4.0733775444127939e-07
4.0753832714834101e-07
4.0758322112887330e-07
4.0768992879731362e-07
4.0751137644762170e-07
1.0755171181098384e-07
-3.5156742341669153e-03
-1.0546193510036840e-02
2.0415671178226915e-09
7.0284838516509809e-03
5.6820695264165216e-10
4.3425658990758998e-10
-3.5154810577564485e-03
5.0141672129744849e-10
-9.5471246716779352e-11
