0.0000000000000000e+00
-8.4137424252678324e-11
-3.5154815465318649e-03
7.1075385414839425e-10
-7.4315737147429121e-07
-3.5169681667985577e-03
-1.0547930442770918e-02
3.3830810353703122e-09
1.7928657714745704e-09
4.0656044006980702e-07
4.0656732175006699e-07
1.1164696605493099e-07
-3.5164093449429265e-03
-1.0549900607149035e-02
1.9237315256301139e-09
7.0359120447493180e-03
3.0282879219296170e-10
4.1794125908439195e-10
-3.5162252779432348e-03
5.0880453946799517e-10
1.6937007272918729e-10
3.1733017599298983e-10
-3.5162256594332198e-03
-1.3031842817090961e-03
2.3730151184844211e-08
4.0405897976776425e-07
4.0743965449257223e-07
4.0748311536498964e-07
4.0733076634790958e-07
4.0705618763799938e-07
4.0733380096194017e-07
1.0732427481529696e-07
-3.5156743434262903e-03
-1.0546193695881355e-02
1.9202728762645033e-09
7.0284836455734015e-03
7.8305645514911607e-10
7.8487481615492358e-10
-3.5154808269871065e-03
7.8406936185191564e-10
5.5969306483306168e-10
6.4936149676663399e-10
-3.5154807143781648e-03
-1.3036816485140798e-03
2.4254503047413938e-08
4.0385810923422821e-07
4.0700669532899407e-07
4.0695738635892971e-07
4.0708397708321515e-07
4.0711584059664996e-07
4.0728883800699618e-07
1.1240388092489528e-07
-3.5164085052818966e-03
-1.0549899914198413e-02
2.5953237753079176e-09
7.0359131577863009e-03
9.4907649061346162e-10
1.1183816983423565e-09
-3.5162245060997499e-03
1.0960529441869620e-09
4.4606252228696979e-10
4.5154884490774458e-10
-3.5162253600783113e-03
-1.3031838729216454e-03
2.4179130052986258e-08
4.0456789233163162e-07
4.0773256791666557e-07
4.0760835879457488e-07
4.0779348496999186e-07
4.0756744784043381e-07
4.0764638711697159e-07
1.0757157171103687e-07
-3.5156739529865065e-03
-1.0546193126491956e-02
2.4083953678479709e-09
7.0284842209662017e-03
1.0345861572277636e-09
1.1425019228295870e-09
-3.5154806418971679e-03
8.6874963882838156e-10
4.8621106007684020e-10
7.0331831143012634e-10
-3.5154807559055544e-03
-1.3036815492736503e-03
2.4299782894944452e-08
4.0392284486613399e-07
4.0719658520759432e-07
4.0709863947770416e-07
4.0699056954576791e-07
4.0686357138230479e-07
4.0679815852407327e-07
1.1173319959247291e-07
-3.5164093332796078e-03
-1.0549900672259213e-02
1.9744030039432356e-09
7.0359125718594331e-03
5.3020860710945869e-10
6.1567633660185469e-10
-3.5162251988730465e-03
7.7285981288575826e-10
4.1915039079036676e-10
3.5869082793256862e-10
-3.5162255295828038e-03
-1.3031838262766689e-03
2.4654225337145632e-08
4.0496228717908376e-07
4.0836572158536662e-07
4.0810693483994743e-07
4.0793076244503925e-07
4.0814185969313126e-07
4.0797075041468000e-07
1.0798481361976012e-07
-3.5156737544927760e-03
-1.0546193178620732e-02
2.4023536853729346e-09
7.0284838944759910e-03
8.5766433422934363e-10
8.3290026580856432e-10
-3.5154808850087235e-03
7.4998983517377307e-10
2.8351012314301786e-10
4.4593694368899323e-10
-3.5154813821164119e-03
-1.3036820761222793e-03
2.3643110574188108e-08
4.0337848106592272e-07
4.0658858742724755e-07
4.0694912957171827e-07
4.0691400824456394e-07
4.0699016879796761e-07
4.0672181046901568e-07
1.1170773761930348e-07
-3.5164092181762694e-03
-1.0549900548131536e-02
2.2553628776667547e-09
7.0359127984861783e-03
7.5336637666273574e-10
7.9849079273085470e-10
-3.5162249295463536e-03
8.4454864245941557e-10
4.9913528076024873e-10
4.5568687353743745e-10
-3.5162253433107951e-03
-1.3031838677848911e-03
2.4285661012021122e-08
4.0479659675272219e-07
4.0793037238312041e-07
4.0784572559256958e-07
4.0802961694662419e-07
4.0788895933099381e-07
4.0783534050428426e-07
1.0801145639365339e-07
-3.5156735822717924e-03
-1.0546192863800147e-02
2.6960766118257324e-09
7.0284841842573210e-03
7.2509439789324892e-10
8.6519905668780527e-10
-3.5154807351333783e-03
5.1081801341716399e-10
-1.1311481609034774e-10
-1.4486393171339205e-11
-3.5154815960350104e-03
-1.3036824712778013e-03
2.3472982214856255e-08
4.0341248659815439e-07
4.0642025560432321e-07
4.0625689368289691e-07
4.0610909725920080e-07
4.0598884883760828e-07
4.0608313172418095e-07
1.1115058668339229e-07
-3.5164093338477193e-03
-1.0549900561990722e-02
2.0613261592934957e-09
7.0359122918987622e-03
5.6475314880186239e-10
5.6519096264068231e-10
-3.5162253673479658e-03
4.3017547601406797e-10
-1.0889285602629467e-10
-2.6188204136365764e-11
-3.5162256836807171e-03
-1.3031841205821473e-03
2.3760420100485703e-08
4.0432418716985007e-07
4.0745790335263362e-07
4.0757351134272236e-07
4.0767208473895089e-07
4.0773940584334061e-07
4.0756181748213126e-07
1.0761740713848009e-07
-3.5156741293877808e-03
-1.0546193343934140e-02
2.0403504615750560e-09
7.0284836735182901e-03
6.0061998926633008e-10
4.5159857247318826e-10
-3.5154810711141484e-03
5.1709184227838395e-10
8.4344986555119577e-13
