0.0000000000000000e+00
0.0000000000000000e+00
0.0000000000000000e+00
0.0000000000000000e+00
0.0000000000000000e+00
0.0000000000000000e+00
0.0000000000000000e+00
-1.5533333350715534e+01
-3.6800465011606555e+01
-5.8066666763860965e+01
-7.9333333394808506e+01
-7.9333333394808506e+01
-7.9333333394808506e+01
-7.9333333394808506e+01
-7.9333333394808506e+01
-7.9333333394808506e+01
-7.9333333394808506e+01
-7.9333333394808506e+01
-7.9333333394808506e+01
-7.9333333394808506e+01
-7.9333333394808506e+01
-7.9333333394808506e+01
-7.9333333394808506e+01
-6.9533333343550197e+01
-4.8266666686019789e+01
-2.7000000506790848e+01
-5.7333338411124366e+00
1.5533332824593062e+01
3.6799999490297303e+01
5.8066666155990539e+01
7.9333332821675242e+01
7.9333332821675270e+01
7.9333332821675299e+01
7.9333332821675299e+01
7.9333332821675299e+01
7.9333332821675299e+01
7.9333332821675299e+01
7.9333332821675285e+01
7.9333332821675299e+01
7.9333332821675299e+01
7.9333332821675270e+01
7.9333332821675242e+01
7.9333332821675242e+01
6.9533333330562826e+01
4.8266666661592723e+01
2.6999999927657790e+01
5.7333332608906655e+00
-1.5533333405882706e+01
-3.6800000072655564e+01
-5.8066666739422480e+01
-7.9333333406197568e+01
-7.9333333406197568e+01
-7.9333333406197568e+01
-7.9333333406197568e+01
-7.9333333406197568e+01
-7.9333333406197568e+01
-7.9333333406197568e+01
-7.9333333406197568e+01
-7.9333333406197568e+01
-7.9333333406197568e+01
-7.9333333406197568e+01
-7.9333333406197568e+01
-7.9333333406197568e+01
-6.9533333343557715e+01
-4.8266666686018176e+01
-2.7000000506790940e+01
-5.7333338411127848e+00
1.5533332824598729e+01
3.6799999490296948e+01
5.8066666155985565e+01
7.9333332821663177e+01
7.9333332821663120e+01
7.9333332821663063e+01
7.9333332821663063e+01
7.9333332821663063e+01
7.9333332821663063e+01
7.9333332821663120e+01
7.9333332821663120e+01
7.9333332821663120e+01
7.9333332821663120e+01
7.9333332821663120e+01
7.9333332821663134e+01
7.9333332821663049e+01
6.9533333330572418e+01
4.8266666661610202e+01
2.6999999927666604e+01
5.7333332608987577e+00
-1.5533333405876354e+01
-3.6800000072645034e+01
-5.8066666739420199e+01
-7.9333333406192338e+01
-7.9333333406192338e+01
-7.9333333406192338e+01
-7.9333333406192338e+01
-7.9333333406192338e+01
-7.9333333406192338e+01
-7.9333333406192338e+01
-7.9333333406192338e+01
-7.9333333406192338e+01
-7.9333333406192338e+01
-7.9333333406192338e+01
-7.9333333406192338e+01
-7.9333333406192338e+01
-6.9533333343552641e+01
-4.8266666686022489e+01
-2.7000000506808384e+01
-5.7333338411292418e+00
1.5533332824578043e+01
3.6799999490282524e+01
5.8066666155974247e+01
7.9333332821658942e+01
7.9333332821658942e+01
7.9333332821658914e+01
7.9333332821658914e+01
7.9333332821658914e+01
7.9333332821658914e+01
7.9333332821658900e+01
7.9333332821658914e+01
7.9333332821658914e+01
7.9333332821658914e+01
7.9333332821658942e+01
7.9333332821658885e+01
7.9333332821658871e+01
6.9533333330597685e+01
4.8266666661622345e+01
2.6999999927685188e+01
5.7333332609078402e+00
-1.5533333405854140e+01
-3.6800000072624485e+01
-5.8066666739393852e+01
-7.9333333406165465e+01
-7.9333333406165465e+01
-7.9333333406165465e+01
-7.9333333406165465e+01
-7.9333333406165465e+01
-7.9333333406165465e+01
-7.9333333406165465e+01
-7.9333333406165465e+01
-7.9333333406165465e+01
-7.9333333406165465e+01
-7.9333333406165465e+01
-7.9333333406165465e+01
-7.9333333406165465e+01
-6.9533333343515039e+01
-4.8266666685986053e+01
-2.7000000506765222e+01
-5.7333338410868260e+00
1.5533332824613268e+01
3.6799999490312075e+01
5.8066666155998050e+01
7.9333332821688913e+01
7.9333332821688956e+01
7.9333332821688970e+01
7.9333332821688970e+01
7.9333332821688970e+01
7.9333332821688970e+01
7.9333332821688970e+01
7.9333332821688970e+01
7.9333332821688998e+01
7.9333332821688998e+01
7.9333332821688956e+01
7.9333332821688913e+01
7.9333332821688913e+01
6.9533333330598296e+01
4.8266666661644564e+01
2.6999999927710526e+01
5.7333332609353542e+00
-1.5533333405831449e+01
-3.6800000072611553e+01
-5.8066666739377986e+01
-7.9333333406146323e+01
-7.9333333406146323e+01
-7.9333333406146323e+01
-7.9333333406146323e+01
-7.9333333406146323e+01
-7.9333333406146323e+01
-7.9333333406146323e+01
-7.9333333406146323e+01
-7.9333333406146323e+01
-7.9333333406146323e+01
-7.9333333406146323e+01
-7.9333333406146323e+01
-7.9333333406146323e+01
-6.9533333343518422e+01
-4.8266666685987474e+01
-2.7000000506763719e+01
-5.7333338410930601e+00
1.5533332824612573e+01
3.6799999490301467e+01
5.8066666155992998e+01
7.9333332821683584e+01
7.9333332821683570e+01
7.9333332821683527e+01
7.9333332821683527e+01
7.9333332821683527e+01
7.9333332821683527e+01
7.9333332821683499e+01
7.9333332821683513e+01
7.9333332821683484e+01
7.9333332821683484e+01
7.9333332821683456e+01
