0.0000000000000000e+00
0.0000000000000000e+00
0.0000000000000000e+00
0.0000000000000000e+00
0.0000000000000000e+00
0.0000000000000000e+00
0.0000000000000000e+00
7.7666666753658831e+00
1.8400232505814216e+01
2.9033333381942995e+01
3.9666666697420823e+01
3.9666666697420872e+01
3.9666666697420929e+01
3.9666666697420887e+01
3.9666666697420865e+01
3.9666666697420915e+01
3.9666666697420865e+01
3.9666666697420858e+01
3.9666666697420851e+01
3.9666666697420837e+01
3.9666666697420823e+01
3.9666666697420730e+01
3.9666666697420773e+01
3.4766666671793487e+01
2.4133333343032138e+01
1.3500000253424723e+01
2.8666669205870048e+00
-7.7666664122630147e+00
-1.8399999745115242e+01
-2.9033333077962183e+01
-3.9666666410802144e+01
-3.9666666410802101e+01
-3.9666666410802101e+01
-3.9666666410802122e+01
-3.9666666410802065e+01
-3.9666666410802094e+01
-3.9666666410802065e+01
-3.9666666410802023e+01
-3.9666666410801938e+01
-3.9666666410802009e+01
-3.9666666410801966e+01
-3.9666666410801966e+01
-3.9666666410801923e+01
-3.4766666665246589e+01
-2.4133333330761623e+01
-1.3499999963793179e+01
-2.8666666304134125e+00
7.7666667029726320e+00
1.8400000036359884e+01
2.9033333369744902e+01
3.9666666703133359e+01
3.9666666703133338e+01
3.9666666703133274e+01
3.9666666703133380e+01
3.9666666703133409e+01
3.9666666703133380e+01
3.9666666703133394e+01
3.9666666703133359e+01
3.9666666703133394e+01
3.9666666703133373e+01
3.9666666703133380e+01
3.9666666703133316e+01
3.9666666703133323e+01
3.4766666671811834e+01
2.4133333343038650e+01
1.3500000253419746e+01
2.8666669205790742e+00
-7.7666664122788927e+00
-1.8399999745128238e+01
-2.9033333077974568e+01
-3.9666666410817896e+01
-3.9666666410817825e+01
-3.9666666410817825e+01
-3.9666666410817825e+01
-3.9666666410817768e+01
-3.9666666410817790e+01
-3.9666666410817790e+01
-3.9666666410817847e+01
-3.9666666410817811e+01
-3.9666666410817840e+01
-3.9666666410817825e+01
-3.9666666410817797e+01
-3.9666666410817811e+01
-3.4766666665280432e+01
-2.4133333330807062e+01
-1.3499999963844273e+01
-2.8666666304610393e+00
7.7666667029218628e+00
1.8400000036305844e+01
2.9033333369693395e+01
3.9666666703079059e+01
3.9666666703079116e+01
3.9666666703079066e+01
3.9666666703079080e+01
3.9666666703079123e+01
3.9666666703079116e+01
3.9666666703079059e+01
3.9666666703079031e+01
3.9666666703079031e+01
3.9666666703079059e+01
3.9666666703079038e+01
3.9666666703079073e+01
3.9666666703079059e+01
3.4766666671754301e+01
2.4133333342990348e+01
1.3500000253381069e+01
2.8666669205385222e+00
-7.7666664123142635e+00
-1.8399999745162184e+01
-2.9033333078004212e+01
-3.9666666410844066e+01
-3.9666666410844023e+01
-3.9666666410843995e+01
-3.9666666410843987e+01
-3.9666666410844002e+01
-3.9666666410843980e+01
-3.9666666410843987e+01
-3.9666666410843995e+01
-3.9666666410844009e+01
-3.9666666410844009e+01
-3.9666666410844073e+01
-3.9666666410844030e+01
-3.9666666410844023e+01
-3.4766666665318901e+01
-2.4133333330837083e+01
-1.3499999963874330e+01
-2.8666666304894490e+00
7.7666667028872745e+00
1.8400000036267954e+01
2.9033333369653352e+01
3.9666666703038395e+01
3.9666666703038409e+01
3.9666666703038395e+01
3.9666666703038381e+01
3.9666666703038381e+01
3.9666666703038402e+01
3.9666666703038324e+01
3.9666666703038295e+01
3.9666666703038359e+01
3.9666666703038324e+01
3.9666666703038302e+01
3.9666666703038281e+01
3.9666666703038317e+01
3.4766666671712983e+01
2.4133333342950216e+01
1.3500000253343226e+01
2.8666669205070940e+00
-7.7666664123450078e+00
-1.8399999745191533e+01
-2.9033333078034051e+01
-3.9666666410882129e+01
-3.9666666410882051e+01
-3.9666666410882101e+01
-3.9666666410882129e+01
-3.9666666410882073e+01
-3.9666666410882087e+01
-3.9666666410882058e+01
-3.9666666410882016e+01
-3.9666666410882002e+01
-3.9666666410881916e+01
-3.9666666410881902e+01
-3.9666666410881859e+01
-3.9666666410881859e+01
-3.4766666665341660e+01
-2.4133333330869799e+01
-1.3499999963901498e+01
-2.8666666305099793e+00
7.7666667028746463e+00
1.8400000036262814e+01
2.9033333369647274e+01
3.9666666703037279e+01
3.9666666703037265e+01
3.9666666703037251e+01
3.9666666703037265e+01
3.9666666703037286e+01
3.9666666703037258e+01
3.9666666703037286e+01
3.9666666703037286e+01
3.9666666703037315e+01
3.9666666703037301e+01
3.9666666703037251e+01
3.9666666703037237e+01
3.9666666703037322e+01
3.4766666671717481e+01
2.4133333342948394e+01
1.3500000253330155e+01
2.8666669204936088e+00
-7.7666664123565621e+00
-1.8399999745198340e+01
-2.9033333078041185e+01
-3.9666666410893214e+01
-3.9666666410893200e+01
-3.9666666410893292e+01
-3.9666666410893292e+01
-3.9666666410893271e+01
-3.9666666410893249e+01
-3.9666666410893235e+01
-3.9666666410893328e+01
-3.9666666410893427e+01
-3.9666666410893349e+01
-3.9666666410893306e+01
