0.0000000000000000e+00
0.0000000000000000e+00
0.0000000000000000e+00
0.0000000000000000e+00
0.0000000000000000e+00
0.0000000000000000e+00
0.0000000000000000e+00
7.7666666753496205e+00
1.8400232505792246e+01
2.9033333381917846e+01
3.9666666697387576e+01
3.9666666697387612e+01
3.9666666697387647e+01
3.9666666697387605e+01
3.9666666697387569e+01
3.9666666697387548e+01
3.9666666697387534e+01
3.9666666697387512e+01
3.9666666697387527e+01
3.9666666697387527e+01
3.9666666697387484e+01
3.9666666697387384e+01
3.9666666697387456e+01
3.4766666671756397e+01
2.4133333342987381e+01
1.3500000253365837e+01
2.8666669205251445e+00
-7.7666664123303510e+00
-1.8399999745182335e+01
-2.9033333078028608e+01
-3.9666666410873368e+01
-3.9666666410873319e+01
-3.9666666410873283e+01
-3.9666666410873312e+01
-3.9666666410873276e+01
-3.9666666410873304e+01
-3.9666666410873262e+01
-3.9666666410873241e+01
-3.9666666410873162e+01
-3.9666666410873191e+01
-3.9666666410873169e+01
-3.9666666410873162e+01
-3.9666666410873134e+01
-3.4766666665316016e+01
-2.4133333330830812e+01
-1.3499999963864312e+01
-2.8666666304769666e+00
7.7666667029104008e+00
1.8400000036295996e+01
2.9033333369677788e+01
3.9666666703064358e+01
3.9666666703064315e+01
3.9666666703064251e+01
3.9666666703064280e+01
3.9666666703064294e+01
3.9666666703064280e+01
3.9666666703064266e+01
3.9666666703064237e+01
3.9666666703064237e+01
3.9666666703064202e+01
3.9666666703064195e+01
3.9666666703064166e+01
3.9666666703064180e+01
3.4766666671745938e+01
2.4133333342979547e+01
1.3500000253371230e+01
2.8666669205337398e+00
-7.7666664123197906e+00
-1.8399999745168639e+01
-2.9033333078011008e+01
-3.9666666410845345e+01
-3.9666666410845274e+01
-3.9666666410845266e+01
-3.9666666410845323e+01
-3.9666666410845259e+01
-3.9666666410845266e+01
-3.9666666410845259e+01
-3.9666666410845309e+01
-3.9666666410845274e+01
-3.9666666410845316e+01
-3.9666666410845288e+01
-3.9666666410845281e+01
-3.9666666410845281e+01
-3.4766666665291943e+01
-2.4133333330803143e+01
-1.3499999963822317e+01
-2.8666666304377317e+00
7.7666667029545051e+00
1.8400000036339211e+01
2.9033333369726812e+01
3.9666666703113222e+01
3.9666666703113265e+01
3.9666666703113236e+01
3.9666666703113250e+01
3.9666666703113293e+01
3.9666666703113300e+01
3.9666666703113222e+01
3.9666666703113201e+01
3.9666666703113215e+01
3.9666666703113194e+01
3.9666666703113179e+01
3.9666666703113194e+01
3.9666666703113208e+01
3.4766666671798234e+01
2.4133333343032035e+01
1.3500000253427244e+01
2.8666669205906339e+00
-7.7666664122638460e+00
-1.8399999745120333e+01
-2.9033333077969981e+01
-3.9666666410814663e+01
-3.9666666410814599e+01
-3.9666666410814599e+01
-3.9666666410814592e+01
-3.9666666410814607e+01
-3.9666666410814578e+01
-3.9666666410814585e+01
-3.9666666410814578e+01
-3.9666666410814578e+01
-3.9666666410814607e+01
-3.9666666410814628e+01
-3.9666666410814599e+01
-3.9666666410814571e+01
-3.4766666665278571e+01
-2.4133333330785007e+01
-1.3499999963810598e+01
-2.8666666304181012e+00
7.7666667029671546e+00
1.8400000036356847e+01
2.9033333369740845e+01
3.9666666703127333e+01
3.9666666703127333e+01
3.9666666703127305e+01
3.9666666703127305e+01
3.9666666703127305e+01
3.9666666703127362e+01
3.9666666703127305e+01
3.9666666703127291e+01
3.9666666703127305e+01
3.9666666703127291e+01
3.9666666703127227e+01
3.9666666703127206e+01
3.9666666703127206e+01
3.4766666671801950e+01
2.4133333343035705e+01
1.3500000253421913e+01
2.8666669205796484e+00
-7.7666664122683251e+00
-1.8399999745120621e+01
-2.9033333077964002e+01
-3.9666666410806783e+01
-3.9666666410806741e+01
-3.9666666410806755e+01
-3.9666666410806812e+01
-3.9666666410806734e+01
-3.9666666410806727e+01
-3.9666666410806712e+01
-3.9666666410806670e+01
-3.9666666410806670e+01
-3.9666666410806592e+01
-3.9666666410806577e+01
-3.9666666410806549e+01
-3.9666666410806549e+01
-3.4766666665256182e+01
-2.4133333330774214e+01
-1.3499999963808509e+01
-2.8666666304248527e+00
7.7666667029573420e+00
1.8400000036349258e+01
2.9033333369731256e+01
3.9666666703109641e+01
3.9666666703109691e+01
3.9666666703109684e+01
3.9666666703109684e+01
3.9666666703109698e+01
3.9666666703109684e+01
3.9666666703109684e+01
3.9666666703109684e+01
3.9666666703109684e+01
3.9666666703109684e+01
3.9666666703109676e+01
3.9666666703109676e+01
3.9666666703109712e+01
3.4766666671801701e+01
2.4133333343039801e+01
1.3500000253434290e+01
2.8666669206001756e+00
-7.7666664122552937e+00
-1.8399999745102360e+01
-2.9033333077951102e+01
-3.9666666410789624e+01
-3.9666666410789610e+01
-3.9666666410789681e+01
-3.9666666410789674e+01
-3.9666666410789652e+01
-3.9666666410789638e+01
-3.9666666410789624e+01
-3.9666666410789681e+01
-3.9666666410789752e+01
-3.9666666410789666e+01
-3.9666666410789638e+01
