0.0000000000000000e+00
-1.5560975609852837e-04
-3.1124373036186805e-04
-4.6682926829708061e-04
-6.2243901685980231e-04
-7.7807298358384392e-04
-9.3373117601023171e-04
-1.8662366830277141e-03
-3.0862071815883386e-03
-4.3066478826729584e-03
-5.5277041057205361e-03
-5.3720943513195975e-03
-5.2165088075471168e-03
-5.0609474668705887e-03
-4.9052650816796177e-03
-4.7496069297206425e-03
-4.5940455694722330e-03
-4.4384358133746681e-03
-4.2828502679066712e-03
-4.1272163011804499e-03
-3.9716065450788310e-03
-3.8159967889819348e-03
-3.6604112435135849e-03
-3.0156275795262841e-03
-1.7979660331170592e-03
-5.7974023666718469e-04
6.3905046342618919e-04
1.8584066409834893e-03
3.0783288978479071e-03
4.2988178368248151e-03
5.5198740616831578e-03
5.3642643070756042e-03
5.2086303343032115e-03
5.0529721358266253e-03
4.8974350402227942e-03
4.7418737490685925e-03
4.5862155280397580e-03
4.4306057719416597e-03
4.2749717976785654e-03
4.1193862597451161e-03
3.9637765036518065e-03
3.8081667475538222e-03
3.6525327732908203e-03
3.0077975659654572e-03
1.7901360189028176e-03
5.7191019228021943e-04
-6.4688050788792417e-04
-1.8662366855190695e-03
-3.0861589424575342e-03
-4.3066478815083310e-03
-5.5277041064422158e-03
-5.3720943520130784e-03
-5.2165088082122705e-03
-5.0609474675072236e-03
-4.9052650823736329e-03
-4.7496069304715921e-03
-4.5940455701674373e-03
-4.4384358140700745e-03
-4.2828502686014054e-03
-4.1272163018754261e-03
-3.9716065457742564e-03
-3.8159967896770467e-03
-3.6604112442078932e-03
-3.0156275796528881e-03
-1.7979660332429154e-03
-5.7974023679364549e-04
6.3905046329996041e-04
1.8584066408577887e-03
3.0783288977219406e-03
4.2988178366987128e-03
5.5198740615571987e-03
5.3642643069493033e-03
5.2086303341767302e-03
5.0529721357004649e-03
4.8974350400958211e-03
4.7418737489396227e-03
4.5862155279115897e-03
4.4306057718143483e-03
4.2749717975524440e-03
4.1193862596200807e-03
3.9637765035262619e-03
3.8081667474288328e-03
3.6525327731655784e-03
3.0077975658416483e-03
1.7901360187793946e-03
5.7191019215625143e-04
-6.4688050801245227e-04
-1.8662366856428867e-03
-3.0861589425808344e-03
-4.3066478816322952e-03
-5.5277041065661964e-03
-5.3720943521365968e-03
-5.2165088083365695e-03
-5.0609474676311184e-03
-4.9052650824962900e-03
-4.7496069305942544e-03
-4.5940455702895271e-03
-4.4384358141922754e-03
-4.2828502687234284e-03
-4.1272163019971586e-03
-3.9716065458959681e-03
-3.8159967897990416e-03
-3.6604112443307910e-03
-3.0156275797749666e-03
-1.7979660333658602e-03
-5.7974023691755819e-04
6.3905046317612869e-04
1.8584066407332928e-03
3.0783288975981407e-03
4.2988178365751337e-03
5.5198740614338417e-03
5.3642643068260304e-03
5.2086303340535683e-03
5.0529721355776023e-03
4.8974350399739507e-03
4.7418737488190725e-03
4.5862155277907124e-03
4.4306057716931900e-03
4.2749717974307506e-03
4.1193862594979379e-03
3.9637765034043022e-03
3.8081667473058496e-03
3.6525327730433941e-03
3.0077975657181728e-03
1.7901360186550266e-03
5.7191019203186710e-04
-6.4688050813706407e-04
-1.8662366857672575e-03
-3.0861589427052445e-03
-4.3066478817563323e-03
-5.5277041066902448e-03
-5.3720943522613945e-03
-5.2165088084604174e-03
-5.0609474677562969e-03
-4.9052650826216914e-03
-4.7496069307195058e-03
-4.5940455704146692e-03
-4.4384358143171043e-03
-4.2828502688483840e-03
-4.1272163021217022e-03
-3.9716065460201778e-03
-3.8159967899226532e-03
-3.6604112444557128e-03
-3.0156275798985189e-03
-1.7979660334894328e-03
-5.7974023704037109e-04
6.3905046305362447e-04
1.8584066406105448e-03
3.0783288974745365e-03
4.2988178364508824e-03
5.5198740613104751e-03
5.3642643067020514e-03
5.2086303339293899e-03
5.0529721354529347e-03
4.8974350398489014e-03
4.7418737486942929e-03
4.5862155276655244e-03
4.4306057715683446e-03
4.2749717973058141e-03
4.1193862593731142e-03
3.9637765032788357e-03
3.8081667471812687e-03
3.6525327729182290e-03
3.0077975655935997e-03
1.7901360185319738e-03
5.7191019190957430e-04
-6.4688050825901838e-04
-1.8662366858897372e-03
-3.0861589428281917e-03
-4.3066478818791845e-03
-5.5277041068125593e-03
-5.3720943523833629e-03
-5.2165088085820675e-03
-5.0609474678763710e-03
-4.9052650827438073e-03
-4.7496069308435810e-03
-4.5940455705372014e-03
-4.4384358144394058e-03
-4.2828502689708035e-03
-4.1272163022444720e-03
-3.9716065461435964e-03
-3.8159967900468659e-03
-3.6604112445792871e-03
-3.0156275800228660e-03
-1.7979660336139187e-03
-5.7974023716429106e-04
6.3905046292824538e-04
1.8584066404858431e-03
3.0783288973494664e-03
4.2988178363267578e-03
5.5198740611859236e-03
5.3642643065778045e-03
5.2086303338051438e-03
5.0529721353285246e-03
4.8974350397251176e-03
4.7418737485700486e-03
4.5862155275416105e-03
4.4306057714439996e-03
4.2749717971820754e-03
4.1193862592491274e-03
3.9637765031553009e-03
