0.0000000000000000e+00
4.6682926829070344e-05
9.3363674464571453e-05
1.4004878049072978e-04
1.8673170711855811e-04
2.3341245455315909e-04
2.8009102299712444e-04
7.1526468301772654e-04
1.2940949670085385e-03
1.8732263816469673e-03
2.4526325417497611e-03
2.4059496147208000e-03
2.3592645082940395e-03
2.3125772222661427e-03
2.2659008335256048e-03
2.2192222659972922e-03
2.1725349798593606e-03
2.1258520530297877e-03
2.0791669468028001e-03
2.0324861993706424e-03
1.9858032725392702e-03
1.9391203457097700e-03
1.8924352394831178e-03
1.6011796434000618e-03
1.0234708213960725e-03
4.4547987487764102e-04
-1.3279352394935233e-04
-7.1134966150755957e-04
-1.2901888387194462e-03
-1.8693113569875045e-03
-2.4487175181965967e-03
-2.4020345925307792e-03
-2.3553538460596790e-03
-2.3086752785784403e-03
-2.2619858127905850e-03
-2.2152985268059969e-03
-2.1686199591391619e-03
-2.1219370323098874e-03
-2.0752562846749786e-03
-2.0285711786513861e-03
-1.9818882518240796e-03
-1.9352053249952288e-03
-1.8885245773596407e-03
-1.5972646366347858e-03
-1.0195558143169785e-03
-4.4156485109651719e-04
1.3670854777027177e-04
7.1526468536861339e-04
1.2941038626199492e-03
1.8732263809286896e-03
2.4526325421785149e-03
2.4059496150685548e-03
2.3592645085611726e-03
2.3125772224524611e-03
2.2659008338726588e-03
2.2192222665063563e-03
2.1725349802070148e-03
2.1258520533778405e-03
2.0791669471507020e-03
2.0324861997187923e-03
1.9858032728867847e-03
1.9391203460577741e-03
1.8924352398312035e-03
1.6011796434625711e-03
1.0234708214583998e-03
4.4547987493904031e-04
-1.3279352388722914e-04
-7.1134966144589676e-04
-1.2901888386575716e-03
-1.8693113569255577e-03
-2.4487175181347335e-03
-2.4020345924700413e-03
-2.3553538459989056e-03
-2.3086752785178924e-03
-2.2619858127303403e-03
-2.2152985267471833e-03
-2.1686199590790476e-03
-2.1219370322492857e-03
-2.0752562846138973e-03
-2.0285711785909197e-03
-1.9818882517639025e-03
-1.9352053249341735e-03
-1.8885245772988809e-03
-1.5972646365736149e-03
-1.0195558142563617e-03
-4.4156485103649581e-04
1.3670854783057589e-04
7.1526468542883041e-04
1.2941038626806403e-03
1.8732263809889884e-03
2.4526325422386044e-03
2.4059496151285363e-03
2.3592645086212348e-03
2.3125772225137081e-03
2.2659008339331859e-03
2.2192222665655494e-03
2.1725349802665739e-03
2.1258520534370895e-03
2.0791669472103673e-03
2.0324861997781229e-03
1.9858032729474376e-03
1.9391203461181341e-03
1.8924352398915426e-03
1.6011796435248162e-03
1.0234708215209891e-03
4.4547987500139689e-04
-1.3279352382545683e-04
-7.1134966138402774e-04
-1.2901888385948338e-03
-1.8693113568626267e-03
-2.4487175180715340e-03
-2.4020345924065222e-03
-2.3553538459356693e-03
-2.3086752784547701e-03
-2.2619858126670003e-03
-2.2152985266827370e-03
-2.1686199590161903e-03
-2.1219370321864414e-03
-2.0752562845511384e-03
-2.0285711785298279e-03
-1.9818882517037006e-03
-1.9352053248742206e-03
-1.8885245772392329e-03
-1.5972646365139036e-03
-1.0195558141964970e-03
-4.4156485097668748e-04
1.3670854789060973e-04
7.1526468548848484e-04
1.2941038627398878e-03
1.8732263810484911e-03
2.4526325422978535e-03
2.4059496151886306e-03
2.3592645086814930e-03
2.3125772225726935e-03
2.2659008339921669e-03
2.2192222666248080e-03
2.1725349803268629e-03
2.1258520534976314e-03
2.0791669472701862e-03
2.0324861998376382e-03
1.9858032730061446e-03
1.9391203461773105e-03
1.8924352399510825e-03
1.6011796435832161e-03
1.0234708215793227e-03
4.4547987506068167e-04
-1.3279352376548812e-04
-7.1134966132415051e-04
-1.2901888385354679e-03
-1.8693113568035609e-03
-2.4487175180127395e-03
-2.4020345923481336e-03
-2.3553538458776983e-03
-2.3086752783967423e-03
-2.2619858126085596e-03
-2.2152985266249169e-03
-2.1686199589586305e-03
-2.1219370321289024e-03
-2.0752562844937638e-03
-2.0285711784709046e-03
-1.9818882516445114e-03
-1.9352053248147772e-03
-1.8885245771794712e-03
-1.5972646364532169e-03
-1.0195558141359526e-03
-4.4156485091536603e-04
1.3670854795232837e-04
7.1526468555049762e-04
1.2941038628023775e-03
1.8732263811105094e-03
2.4526325423607329e-03
2.4059496152504254e-03
2.3592645087434608e-03
2.3125772226350776e-03
2.2659008340543546e-03
2.2192222666866370e-03
2.1725349803879915e-03
2.1258520535581654e-03
2.0791669473317173e-03
2.0324861999003025e-03
1.9858032730681670e-03
1.9391203462390749e-03
1.8924352400116729e-03
1.6011796436447765e-03
1.0234708216400633e-03
4.4547987512125729e-04
-1.3279352370525828e-04
-7.1134966126330606e-04
-1.2901888384744234e-03
-1.8693113567419093e-03
-2.4487175179520866e-03
-2.4020345922868883e-03
-2.3553538458161495e-03
-2.3086752783353644e-03
-2.2619858125471973e-03
-2.2152985265636964e-03
-2.1686199588960720e-03
-2.1219370320671067e-03
-2.0752562844320028e-03
-2.0285711784087303e-03
-1.9818882515820996e-03
