0.0000000000000000e+00
4.6682926829114580e-05
9.3363674464448301e-05
1.4004878048960950e-04
1.8673170711763654e-04
2.3341245455124751e-04
2.8009102299442169e-04
7.1526468301561885e-04
1.2940949670070285e-03
1.8732263816452280e-03
2.4526325417474700e-03
2.4059496147180986e-03
2.3592645082907253e-03
2.3125772222635241e-03
2.2659008335227378e-03
2.2192222659954139e-03
2.1725349798573292e-03
2.1258520530272927e-03
2.0791669468007605e-03
2.0324861993692681e-03
1.9858032725377853e-03
1.9391203457087818e-03
1.8924352394819504e-03
1.6011796433980092e-03
1.0234708213940182e-03
4.4547987487504527e-04
-1.3279352395192181e-04
-7.1134966151051608e-04
-1.2901888387221035e-03
-1.8693113569899767e-03
-2.4487175181997852e-03
-2.4020345925340591e-03
-2.3553538460630626e-03
-2.3086752785815784e-03
-2.2619858127933355e-03
-2.2152985268100701e-03
-2.1686199591428195e-03
-2.1219370323139163e-03
-2.0752562846787304e-03
-2.0285711786551829e-03
-1.9818882518280816e-03
-1.9352053249989923e-03
-1.8885245773632210e-03
-1.5972646366373224e-03
-1.0195558143196823e-03
-4.4156485109945049e-04
1.3670854776806824e-04
7.1526468536618705e-04
1.2941038626174428e-03
1.8732263809254520e-03
2.4526325421755334e-03
2.4059496150657658e-03
2.3592645085583203e-03
2.3125772224496361e-03
2.2659008338691495e-03
2.2192222665017225e-03
2.1725349802028558e-03
2.1258520533732443e-03
2.0791669471469654e-03
2.0324861997145561e-03
1.9858032728831947e-03
1.9391203460544348e-03
1.8924352398281773e-03
1.6011796434598755e-03
1.0234708214557015e-03
4.4547987493707763e-04
-1.3279352388929653e-04
-7.1134966144775324e-04
-1.2901888386594241e-03
-1.8693113569271912e-03
-2.4487175181356537e-03
-2.4020345924706645e-03
-2.3553538459992023e-03
-2.3086752785183859e-03
-2.2619858127299066e-03
-2.2152985267460150e-03
-2.1686199590790251e-03
-2.1219370322500437e-03
-2.0752562846139714e-03
-2.0285711785910251e-03
-1.9818882517641458e-03
-1.9352053249345575e-03
-1.8885245772992680e-03
-1.5972646365727161e-03
-1.0195558142552553e-03
-4.4156485103411712e-04
1.3670854783194255e-04
7.1526468543107351e-04
1.2941038626825684e-03
1.8732263809910167e-03
2.4526325422404936e-03
2.4059496151310287e-03
2.3592645086236421e-03
2.3125772225160647e-03
2.2659008339360387e-03
2.2192222665691885e-03
2.1725349802703782e-03
2.1258520534409293e-03
2.0791669472142401e-03
2.0324861997826913e-03
1.9858032729508576e-03
1.9391203461221564e-03
1.8924352398955039e-03
1.6011796435280636e-03
1.0234708215230647e-03
4.4547987500428087e-04
-1.3279352382224686e-04
-7.1134966138109150e-04
-1.2901888385928701e-03
-1.8693113568608425e-03
-2.4487175180701020e-03
-2.4020345924049128e-03
-2.3553538459334484e-03
-2.3086752784528507e-03
-2.2619858126648831e-03
-2.2152985266809268e-03
-2.1686199590141174e-03
-2.1219370321843181e-03
-2.0752562845496245e-03
-2.0285711785263906e-03
-1.9818882517000044e-03
-1.9352053248710833e-03
-1.8885245772351446e-03
-1.5972646365104018e-03
-1.0195558141927784e-03
-4.4156485097224051e-04
1.3670854789475737e-04
7.1526468549326855e-04
1.2941038627452665e-03
1.8732263810533210e-03
2.4526325423028720e-03
2.4059496151930598e-03
2.3592645086862882e-03
2.3125772225778178e-03
2.2659008339969040e-03
2.2192222666302455e-03
2.1725349803313017e-03
2.1258520535022162e-03
2.0791669472749424e-03
2.0324861998431390e-03
1.9858032730116319e-03
1.9391203461828822e-03
1.8924352399564126e-03
1.6011796435884817e-03
1.0234708215840888e-03
4.4547987506486804e-04
-1.3279352376166411e-04
-7.1134966131970560e-04
-1.2901888385318681e-03
-1.8693113567997850e-03
-2.4487175180084014e-03
-2.4020345923439100e-03
-2.3553538458729317e-03
-2.3086752783924077e-03
-2.2619858126040645e-03
-2.2152985266199092e-03
-2.1686199589535178e-03
-2.1219370321235399e-03
-2.0752562844876142e-03
-2.0285711784641886e-03
-1.9818882516377816e-03
-1.9352053248081742e-03
-1.8885245771725276e-03
-1.5972646364473149e-03
-1.0195558141298695e-03
-4.4156485091001126e-04
1.3670854795680556e-04
7.1526468555487975e-04
1.2941038628072354e-03
1.8732263811150525e-03
2.4526325423641828e-03
2.4059496152547565e-03
2.3592645087479594e-03
2.3125772226399574e-03
2.2659008340592743e-03
2.2192222666926522e-03
2.1725349803932920e-03
2.1258520535646051e-03
2.0791669473388132e-03
2.0324861999057673e-03
1.9858032730743084e-03
1.9391203462446221e-03
1.8924352400186807e-03
1.6011796436512893e-03
1.0234708216467336e-03
4.4547987512867806e-04
-1.3279352369802096e-04
-7.1134966125650789e-04
-1.2901888384680687e-03
-1.8693113567358826e-03
-2.4487175179444300e-03
-2.4020345922797482e-03
-2.3553538458081754e-03
-2.3086752783283756e-03
-2.2619858125397844e-03
-2.2152985265549430e-03
-2.1686199588881669e-03
-2.1219370320586591e-03
-2.0752562844233201e-03
-2.0285711784005225e-03
-1.9818882515736133e-03
