0.0000000000000000e+00
0.0000000000000000e+00
0.0000000000000000e+00
0.0000000000000000e+00
0.0000000000000000e+00
0.0000000000000000e+00
0.0000000000000000e+00
7.7696839026099838e-04
1.8413041746003530e-03
2.9061600780354822e-03
3.9716065450774614e-03
3.9716065450774614e-03
3.9716065450774614e-03
3.9716065450774614e-03
3.9716065450774614e-03
3.9716065450774614e-03
3.9716065450774614e-03
3.9716065450774614e-03
3.9716065450774614e-03
3.9716065450774614e-03
3.9716065450774614e-03
3.9716065450774614e-03
3.9716065450774614e-03
4.4607562424163784e-03
5.5228080327986533e-03
6.5854240759175356e-03
7.6486050199193155e-03
8.7123514413847344e-03
9.7766639421570951e-03
1.0841543125041981e-02
1.1906989593808976e-02
1.1906989593808976e-02
1.1906989593808976e-02
1.1906989593808976e-02
1.1906989593808976e-02
1.1906989593808976e-02
1.1906989593808976e-02
1.1906989593808976e-02
1.1906989593808976e-02
1.1906989593808976e-02
1.1906989593808976e-02
1.1906989593808976e-02
1.1906989593808976e-02
1.2396139263189363e-02
1.3458191054143587e-02
1.4520807124994428e-02
1.5583988069066069e-02
1.6647734490600363e-02
1.7712046991441705e-02
1.8776926174395914e-02
1.9842372643233127e-02
1.9842372643233127e-02
1.9842372643233127e-02
1.9842372643233127e-02
1.9842372643233127e-02
1.9842372643233127e-02
1.9842372643233127e-02
1.9842372643233127e-02
1.9842372643233127e-02
1.9842372643233127e-02
1.9842372643233127e-02
1.9842372643233127e-02
1.9842372643233127e-02
2.0331522341140135e-02
2.1393574131522885e-02
2.2456190174641674e-02
2.3519371118643446e-02
2.4583117540109167e-02
2.5647430040881238e-02
2.6712309223765884e-02
2.7777755692532522e-02
2.7777755692532522e-02
2.7777755692532522e-02
2.7777755692532522e-02
2.7777755692532522e-02
2.7777755692532522e-02
2.7777755692532522e-02
2.7777755692532522e-02
2.7777755692532522e-02
2.7777755692532522e-02
2.7777755692532522e-02
2.7777755692532522e-02
2.7777755692532522e-02
2.8266905361911818e-02
2.9328957152865657e-02
3.0391573223716932e-02
3.1454754167788618e-02
3.2518500589323013e-02
3.3582813090164143e-02
3.4647692273118737e-02
3.5713138741955815e-02
3.5713138741955815e-02
3.5713138741955815e-02
3.5713138741955815e-02
3.5713138741955815e-02
3.5713138741955815e-02
3.5713138741955815e-02
3.5713138741955815e-02
3.5713138741955815e-02
3.5713138741955815e-02
3.5713138741955815e-02
3.5713138741955815e-02
3.5713138741955815e-02
3.6202288439862826e-02
3.7264340230245094e-02
3.8326956273363216e-02
3.9390137217365020e-02
4.0453883638830540e-02
4.1518196139602892e-02
4.2583075322487708e-02
4.3648521791254710e-02
4.3648521791254710e-02
4.3648521791254710e-02
4.3648521791254710e-02
4.3648521791254710e-02
4.3648521791254710e-02
4.3648521791254710e-02
4.3648521791254710e-02
4.3648521791254710e-02
4.3648521791254710e-02
4.3648521791254710e-02
4.3648521791254710e-02
4.3648521791254710e-02
4.4137671460632528e-02
4.5199723251587040e-02
4.6262339322437965e-02
4.7325520266510129e-02
4.8389266688043844e-02
4.9453579188885044e-02
5.0518458371839381e-02
5.1583904840676424e-02
5.1583904840676424e-02
5.1583904840676424e-02
5.1583904840676424e-02
5.1583904840676424e-02
5.1583904840676424e-02
5.1583904840676424e-02
5.1583904840676424e-02
5.1583904840676424e-02
5.1583904840676424e-02
5.1583904840676424e-02
5.1583904840676424e-02
5.1583904840676424e-02
5.2073054538583956e-02
5.3135106328966161e-02
5.4197722372084631e-02
5.5260903316086393e-02
5.6324649737551538e-02
5.7388962238323647e-02
5.8453841421208179e-02
5.9519287889975458e-02
5.9519287889975458e-02
5.9519287889975458e-02
5.9519287889975458e-02
5.9519287889975458e-02
5.9519287889975458e-02
5.9519287889975458e-02
5.9519287889975458e-02
5.9519287889975458e-02
5.9519287889975458e-02
5.9519287889975458e-02
5.9519287889975458e-02
5.9519287889975458e-02
6.0008437559354789e-02
6.1070489350308177e-02
6.2133105421158935e-02
6.3196286365231044e-02
6.4260032786764981e-02
6.5324345287606694e-02
6.6389224470560879e-02
6.7454670939397776e-02
6.7454670939397776e-02
6.7454670939397776e-02
6.7454670939397776e-02
6.7454670939397776e-02
6.7454670939397776e-02
6.7454670939397776e-02
6.7454670939397776e-02
6.7454670939397776e-02
6.7454670939397776e-02
6.7454670939397776e-02
6.7454670939397776e-02
6.7454670939397776e-02
6.7943820637304170e-02
6.9005872427686479e-02
7.0068488470805088e-02
7.1131669414806545e-02
7.2195415836271981e-02
7.3259728337043514e-02
7.4324607519928310e-02
7.5390053988695596e-02
7.5390053988695596e-02
7.5390053988695596e-02
7.5390053988695596e-02
7.5390053988695596e-02
7.5390053988695596e-02
7.5390053988695596e-02
7.5390053988695596e-02
7.5390053988695596e-02
7.5390053988695596e-02
7.5390053988695596e-02
