0.0000000000000000e+00
-1.8025126942719533e-10
-3.7233693009292670e-03
3.2189923399124125e-10
8.1213261012474979e-07
-3.7217447059765723e-03
-1.1168481803562457e-02
2.2163538625972198e-08
-1.1047287813191732e-02
4.8776540996899394e-07
4.0096441578123425e-07
1.2145677202886161e-07
-3.7227160932387197e-03
-1.1167300777441332e-02
1.8546715938214715e-09
7.4423139334677466e-03
3.4594489663467736e-10
9.1779027110317762e-11
-3.7225579696160546e-03
5.6647088756780181e-11
-3.7750384057173859e-10
-4.4415093839624280e-10
-3.7225585066738565e-03
-2.8440194066664480e-09
-4.7698679997686318e-09
4.0521146059758123e-07
4.0580045141323375e-07
4.0655065813940892e-07
4.0740043931807295e-07
4.0823615465031530e-07
4.0879405105081809e-07
1.2630009864039013e-07
-3.7235255379097741e-03
-1.1171357514977621e-02
1.9675840964117583e-09
7.4504263124278254e-03
2.9783202396131822e-10
1.2074488496256003e-10
-3.7233690397956059e-03
8.1496943874039531e-11
-2.5470903193313351e-10
-4.1205345157000861e-10
-3.7233693400054810e-03
3.0312031688866173e-09
6.2578526612372427e-09
4.2543317930260025e-07
4.2637437358790297e-07
4.2713245367295470e-07
4.2772270729552524e-07
4.2858767301562339e-07
4.2949176477156047e-07
1.2165439275789356e-07
-3.7227441989415191e-03
-1.1167357462794247e-02
1.5948956511314288e-09
7.4423702495648109e-03
-1.5294529906742502e-10
-2.0097312913246470e-10
-3.7225581077631430e-03
-3.9195524773214574e-10
-8.5923873522996580e-10
-7.1246406788580470e-10
-3.7225585007297584e-03
-3.0936988533123263e-09
-4.9171556346014326e-09
4.0486491389090372e-07
4.0569582735992726e-07
4.0645591715426997e-07
4.0721295587980188e-07
4.0802737044835955e-07
4.0887580840272095e-07
1.2602163234398014e-07
-3.7235257087180600e-03
-1.1171357877065410e-02
1.5390820449531583e-09
7.4504256599609141e-03
-1.4469353851286372e-10
-1.3443090980237160e-10
-3.7233689314190559e-03
3.0590039847864197e-11
-4.7833943279185272e-10
-3.3225529937488844e-10
-3.7233694382007403e-03
3.3893962827360850e-09
6.4496805498018544e-09
4.2564600393869600e-07
4.2621827965927154e-07
4.2727522763136459e-07
4.2806986456356843e-07
4.2887370237158460e-07
4.2964753652689732e-07
1.2181107426213757e-07
-3.7227442286878686e-03
-1.1167357072539524e-02
2.3260919263293561e-09
7.4423709511707457e-03
6.7222777334941959e-10
5.3218343519080194e-10
-3.7225574483876985e-03
5.3579027496762121e-10
1.2120065442938318e-10
1.7891408179742711e-10
-3.7225577652869320e-03
-1.9000784435049438e-09
-4.0051560088962251e-09
4.0566391967165411e-07
4.0636707192583779e-07
4.0695248305902621e-07
4.0794231034389998e-07
4.0877953499781682e-07
4.0953250465015128e-07
1.2681368461811939e-07
-3.7235249119621748e-03
-1.1171357135386244e-02
2.2817893449334741e-09
7.4504266651967792e-03
5.4352748995903395e-10
7.1563983114448874e-10
-3.7233684838302375e-03
2.7190278039863353e-10
-4.4727360163627053e-10
-6.1791997010133670e-10
-3.7233694871368485e-03
2.8026003042108819e-09
5.7885712383022190e-09
4.2484624414713537e-07
4.2563815268821020e-07
4.2654275018853728e-07
4.2727491058454512e-07
4.2812879782495761e-07
4.2890659676992630e-07
1.2108167674396448e-07
-3.7227445460833305e-03
-1.1167357927525098e-02
1.1998818947843154e-09
7.4423699600830364e-03
-1.7295460151662591e-10
-7.7245266417202332e-11
-3.7225583127823546e-03
-4.0880062683840086e-10
-8.3949836666507921e-10
-6.8644073893463350e-10
-3.7225587142222785e-03
-2.8286887643686249e-09
-4.8031627390569115e-09
4.0506435597331187e-07
4.0588769243426266e-07
4.0663545972602745e-07
4.0735888627853477e-07
4.0811765918819760e-07
4.0906098566695825e-07
1.2603913912080975e-07
-3.7235259489236203e-03
-1.1171358198072754e-02
1.3094529935336632e-09
7.4504257135652079e-03
-5.8599191815208433e-10
-3.4400796984629577e-10
-3.7233692666156244e-03
-1.9164532618395407e-10
-9.0865892926168643e-10
-7.7035859419241722e-10
-3.7233697541170932e-03
2.7469959004830620e-09
5.9577881338375780e-09
4.2507434264369147e-07
4.2594540011162996e-07
4.2677032557869049e-07
4.2765317217648992e-07
4.2835858219626537e-07
4.2923190297826202e-07
1.2138553129339667e-07
-3.7227442460965468e-03
-1.1167357245458209e-02
1.5543889514505457e-09
7.4423700412171974e-03
-8.8567058322330253e-12
3.7890374367669310e-11
-3.7225576933202524e-03
-7.5730156818855705e-12
-5.3686793454865679e-10
-6.9949174798214994e-10
-3.7225587447515212e-03
-2.7869432094998522e-09
-4.9426066421952138e-09
4.0512365535400656e-07
4.0572586515252570e-07
4.0649688252764823e-07
4.0731058419138790e-07
4.0827284688999810e-07
4.0906674986396986e-07
1.2618537939446919e-07
-3.7235255620302922e-03
-1.1171358031187057e-02
1.5897256782356447e-09
7.4504261128424086e-03
1.1322035591117620e-10
1.3690040821148588e-10
-3.7233688782316141e-03
2.6519667016440891e-11
-4.6607818444045004e-10
