0.0000000000000000e+00
-1.8722748093888688e-10
-3.7233692610579160e-03
5.0111624440425206e-10
8.1228622360808722e-07
-3.7217444143444354e-03
-1.1168481406716660e-02
2.2319478448523913e-08
-1.1047287755430615e-02
4.8781071687562214e-07
4.0104819255627223e-07
1.2160550284893769e-07
-3.7227159165618474e-03
-1.1167300615919237e-02
2.0023577196641707e-09
7.4423139960838828e-03
4.8957681249205017e-10
2.6440252061708449e-10
-3.7225578049469325e-03
6.2773672648431593e-11
-3.2915775434594819e-10
-4.4757466745911484e-10
-3.7225584751420246e-03
-2.7560135878565103e-09
-4.6768729284925310e-09
4.0535933417768363e-07
4.0588118606110516e-07
4.0665253599458475e-07
4.0746621189607796e-07
4.0829861159091889e-07
4.0889538431848793e-07
1.2641947319615132e-07
-3.7235253980300604e-03
-1.1171357419271274e-02
2.0205564184271153e-09
7.4504265799443066e-03
5.3826340030369844e-10
3.9556198178969300e-10
-3.7233688207531576e-03
3.1017911168942637e-10
-7.6392785951851910e-13
-1.8810821177059719e-10
-3.7233691483168265e-03
3.0772565797448671e-09
6.3256328809448105e-09
4.2551663339818545e-07
4.2639069681809293e-07
4.2718669246707749e-07
4.2779725099803053e-07
4.2867518337518683e-07
4.2957295491009680e-07
1.2167882839460973e-07
-3.7227441873338386e-03
-1.1167357487378569e-02
1.7184822695730371e-09
7.4423705175390127e-03
1.7652405765740994e-12
-8.4612790900119616e-11
-3.7225580470196746e-03
-3.0088829455762136e-10
-7.7826195870189689e-10
-6.7433921106124591e-10
-3.7225584742768421e-03
-3.0716138413713696e-09
-4.9006260831875444e-09
4.0484711185226251e-07
4.0572134096786617e-07
4.0646918006558926e-07
4.0725038473642417e-07
4.0803917481636428e-07
4.0884708843314452e-07
1.2594895793097499e-07
-3.7235258226290570e-03
-1.1171357927721351e-02
1.3187184415037577e-09
7.4504252821268775e-03
-3.4330184774052210e-10
-2.3297577134725210e-10
-3.7233691152798315e-03
-1.4974448092479818e-10
-6.3000281191277979e-10
-4.6892982333717361e-10
-3.7233695749325415e-03
3.1835384067019350e-09
6.3487431478487864e-09
4.2551081982258436e-07
4.2618637837983585e-07
4.2718392057533000e-07
4.2803205747057026e-07
4.2883963452642697e-07
4.2960857665449930e-07
1.2175426832600751e-07
-3.7227442612684115e-03
-1.1167357123998434e-02
2.2149091709804803e-09
7.4423707266506652e-03
4.1685949691160387e-10
2.5995763467369830e-10
-3.7225577305448911e-03
2.1674026774233370e-10
-1.0636729049388460e-10
-1.2030960526543856e-10
-3.7225580986463254e-03
-2.0774732255828096e-09
-4.0328577499678555e-09
4.0558929782189175e-07
4.0627739121932025e-07
4.0691252286232965e-07
4.0795393886497442e-07
4.0879282863693038e-07
4.0953325701151287e-07
1.2681538108109241e-07
-3.7235250104606793e-03
-1.1171357177684910e-02
2.1913752635847368e-09
7.4504266124450795e-03
4.3209670114341431e-10
6.1332760156415144e-10
-3.7233684910570417e-03
-1.6678840352703432e-11
-7.7090556187485423e-10
-8.6059117570162533e-10
-3.7233698910981387e-03
2.6127223771487042e-09
5.6625166330114818e-09
4.2470893068971959e-07
4.2551877156872476e-07
4.2640918489206616e-07
4.2712920512093747e-07
4.2804963741620036e-07
4.2880820192742529e-07
1.2105826397633327e-07
-3.7227446326261685e-03
-1.1167358006722358e-02
1.1596308612718199e-09
7.4423698293909100e-03
-1.2425257434588501e-10
-4.5363768449218044e-11
-3.7225582362691795e-03
-4.2423976821331033e-10
-8.9269765021994816e-10
-7.6280539238239299e-10
-3.7225587924652821e-03
-2.9189693027061463e-09
-4.8667965947196259e-09
4.0502808466669477e-07
4.0585344393538970e-07
4.0653264558635653e-07
4.0732392821340792e-07
4.0805277266707153e-07
4.0895221970378720e-07
1.2596717167662566e-07
-3.7235260866135835e-03
-1.1171358239152232e-02
1.2145841831317490e-09
7.4504255411185615e-03
-7.7814491670166162e-10
-5.6499651924171001e-10
-3.7233696106630468e-03
-6.1606100858908557e-10
-1.3486768355657804e-09
-1.1895060530742376e-09
-3.7233702307333289e-03
2.5223049068077748e-09
5.7986726850737825e-09
4.2499744391822781e-07
4.2590926176825036e-07
4.2670249493675065e-07
4.2754279827385794e-07
4.2828953537022289e-07
4.2923200493672654e-07
1.2126982490817067e-07
-3.7227443738624103e-03
-1.1167357417252477e-02
1.4045672148494274e-09
7.4423697262134304e-03
-2.0627873435406752e-10
-2.6041548736145089e-10
-3.7225580931775611e-03
-2.3181742654498759e-10
-9.0806414648731616e-10
-1.0172334191397015e-09
-3.7225591667608849e-03
-3.0325660216220380e-09
-5.0795677646160318e-09
4.0493942937262225e-07
4.0560370306103928e-07
4.0642842605080861e-07
4.0724735679534455e-07
4.0821922016540691e-07
4.0887813735257620e-07
1.2607260931242464e-07
-3.7235258138336581e-03
-1.1171358157842190e-02
1.4348863658237427e-09
7.4504257331197317e-03
-1.2929689843221072e-10
-1.7100689096383671e-10
-3.7233692348385100e-03
-2.4302260895736303e-10
-7.9169866562265515e-10
