0.0000000000000000e+00
-3.1900000000308562e+01
-6.3807198745751066e+01
-9.5700000000659031e+01
-1.2759999796894445e+02
-1.5950719468144237e+02
-1.9142159217107240e+02
-2.2330000000383208e+02
-2.5521174480519426e+02
-2.8709999965800364e+02
-3.1899999969120665e+02
-2.8710000020670907e+02
-2.5520719743587443e+02
-2.2332158934801265e+02
-1.9140000000228636e+02
-1.5948561346350851e+02
-1.2760000000069665e+02
-9.5700000000821689e+01
-6.3807196714710813e+01
-3.1900000001068864e+01
-4.7659828821736097e-10
3.1899999999339538e+01
6.3792803285533104e+01
9.5699999981874981e+01
1.2759999996624705e+02
1.5949999964509942e+02
1.9139999964417254e+02
2.2329999964349145e+02
2.5519999964287956e+02
2.8709999964225347e+02
3.1899999964135782e+02
2.8709999977730092e+02
2.5519280116779871e+02
2.2327840178094453e+02
1.9139999999786144e+02
1.5951440556590231e+02
1.2759999999938643e+02
9.5699999999195541e+01
6.3792801253847308e+01
3.1899999999006265e+01
-3.3255698888877706e-10
-3.1900000000500725e+01
-6.3807198745771608e+01
-9.5700000001101770e+01
-1.2760000000131939e+02
-1.5949999968303871e+02
-1.9139999968228182e+02
-2.2329999968166484e+02
-2.5519999968122360e+02
-2.8709999968050261e+02
-3.1899999967976402e+02
-2.8710000020652575e+02
-2.5520719744689382e+02
-2.2332158937034487e+02
-1.9140000000244123e+02
-1.5948561344129817e+02
-1.2760000000123682e+02
-9.5700000001283328e+01
-6.3807196714955332e+01
-3.1900000001490728e+01
-1.0234160513639445e-09
3.1899999998987855e+01
6.3792803285468459e+01
9.5699999981580902e+01
1.2759999996606405e+02
1.5949999964466980e+02
1.9139999964403967e+02
2.2329999964336082e+02
2.5519999964267740e+02
2.8709999964201177e+02
3.1899999964135617e+02
2.8709999977701472e+02
2.5519280116756735e+02
2.2327840178064403e+02
1.9139999999731219e+02
1.5951440556474265e+02
1.2759999999861233e+02
9.5699999998738150e+01
6.3792801253723667e+01
3.1899999998914584e+01
-6.5123216297005262e-10
-3.1900000000531669e+01
-6.3807198745921355e+01
-9.5700000000855070e+01
-1.2760000000118569e+02
-1.5949999968292184e+02
-1.9139999968244962e+02
-2.2329999968158512e+02
-2.5519999968091690e+02
-2.8709999968027364e+02
-3.1899999967966050e+02
-2.8710000020630230e+02
-2.5520719744691363e+02
-2.2332158937000588e+02
-1.9140000000173245e+02
-1.5948561344067852e+02
-1.2760000000037503e+02
-9.5700000000515814e+01
-6.3807196714178929e+01
-3.1900000000521867e+01
3.6778362142669449e-12
3.1899999999874069e+01
6.3792803286105631e+01
9.5699999982682471e+01
1.2759999996694759e+02
1.5949999964541445e+02
1.9139999964462851e+02
2.2329999964379974e+02
2.5519999964337205e+02
2.8709999964274760e+02
3.1899999964202135e+02
2.8709999977783036e+02
2.5519280116841503e+02
2.2327840178150009e+02
1.9139999999837187e+02
1.5951440556624178e+02
1.2759999999972884e+02
9.5699999999846725e+01
6.3792801254514387e+01
3.1899999999442230e+01
-2.2218669011193889e-10
-3.1900000000457535e+01
-6.3807198745604140e+01
-9.5700000001396063e+01
-1.2760000000184127e+02
-1.5949999968369499e+02
-1.9139999968306012e+02
-2.2329999968230561e+02
-2.5519999968173491e+02
-2.8709999968100203e+02
-3.1899999968039094e+02
-2.8710000020715336e+02
-2.5520719744734737e+02
-2.2332158937103182e+02
-1.9140000000294469e+02
-1.5948561344176119e+02
-1.2760000000127823e+02
-9.5700000001229881e+01
-6.3807196715054602e+01
-3.1900000001375002e+01
-8.4633133683042999e-10
3.1899999999242883e+01
6.3792803285145936e+01
9.5699999981853821e+01
1.2759999996618613e+02
1.5949999964489862e+02
1.9139999964424064e+02
2.2329999964350421e+02
2.5519999964280984e+02
2.8709999964208254e+02
3.1899999964154017e+02
2.8709999977705701e+02
2.5519280116740850e+02
2.2327840178044656e+02
1.9139999999728730e+02
1.5951440556520902e+02
1.2759999999851610e+02
9.5699999998700804e+01
6.3792801253474181e+01
3.1899999998699350e+01
-1.0409541801466842e-09
-3.1900000000907603e+01
-6.3807198746214226e+01
-9.5700000001468311e+01
-1.2760000000165536e+02
-1.5949999968339884e+02
-1.9139999968267017e+02
-2.2329999968201139e+02
-2.5519999968131978e+02
-2.8709999968074345e+02
-3.1899999967998804e+02
-2.8710000020675011e+02
-2.5520719744687511e+02
-2.2332158937002271e+02
-1.9140000000255802e+02
-1.5948561344196722e+02
-1.2760000000113618e+02
-9.5700000001111306e+01
-6.3807196714689447e+01
-3.1900000001139382e+01
-8.2468996967361143e-10
3.1899999998928280e+01
6.3792803284928901e+01
9.5699999981812354e+01
1.2759999996600752e+02
1.5949999964488578e+02
1.9139999964402503e+02
2.2329999964338128e+02
2.5519999964273097e+02
2.8709999964223539e+02
3.1899999964149748e+02
2.8709999977715268e+02
2.5519280116763804e+02
2.2327840178049672e+02
1.9139999999754974e+02
1.5951440556538756e+02
1.2759999999902504e+02
9.5699999999068751e+01
6.3792801253923109e+01
3.1899999999015847e+01
-5.0337940026796897e-10
