0.0000000000000000e+00
3.1900000000124827e+01
6.3803475376470075e+01
9.5700000001070606e+01
1.2759999878115386e+02
1.5950347293688236e+02
1.9141042368946731e+02
2.2330000002607332e+02
2.5520069751740991e+02
2.8710000014579174e+02
3.1900000009221264e+02
2.8710000032824036e+02
2.5520347471986966e+02
2.2331042204731600e+02
1.9140000000421480e+02
1.5949305577747327e+02
1.2760000000111440e+02
9.5700000000999694e+01
6.3803474156823526e+01
3.1900000001128571e+01
1.8544523943157876e-10
3.1899999999785422e+01
6.3796525844023996e+01
9.5699999984675017e+01
1.2759999997097044e+02
1.5949999923981403e+02
1.9139999923833176e+02
2.2329999923689007e+02
2.5519999923544646e+02
2.8709999923398618e+02
3.1899999923251312e+02
2.8709999965094113e+02
2.5519652469326658e+02
2.2328957313841164e+02
1.9139999999586735e+02
1.5950695513945610e+02
1.2759999999896841e+02
9.5699999998937329e+01
6.3796524622777611e+01
3.1899999998810411e+01
8.9258059153473418e-11
3.1900000000200642e+01
6.3803475376527437e+01
9.5700000004156024e+01
1.2760000000761121e+02
1.5950000010851369e+02
1.9140000010866447e+02
2.2330000010882449e+02
2.5520000010898355e+02
2.8710000010913416e+02
3.1900000010929637e+02
2.8710000032819227e+02
2.5520347470270065e+02
2.2331042201286976e+02
1.9140000000409799e+02
1.5949305581168176e+02
1.2760000000116119e+02
9.5700000001140566e+01
6.3803474156877954e+01
3.1900000001144317e+01
9.1184751737417207e-11
3.1899999999681249e+01
6.3796525843955983e+01
9.5699999984663449e+01
1.2759999997097293e+02
1.5949999923981377e+02
1.9139999923833105e+02
2.2329999923689820e+02
2.5519999923544574e+02
2.8709999923397845e+02
3.1899999923249482e+02
2.8709999965102941e+02
2.5519652469333315e+02
2.2328957313854653e+02
1.9139999999588321e+02
1.5950695513927155e+02
1.2759999999885625e+02
9.5699999998921854e+01
6.3796524622747050e+01
3.1899999998974160e+01
3.1318939029994412e-11
3.1900000000131090e+01
6.3803475376414774e+01
9.5700000004141572e+01
1.2760000000758487e+02
1.5950000010850022e+02
1.9140000010865185e+02
2.2330000010881469e+02
2.5520000010896786e+02
2.8710000010913052e+02
3.1900000010928835e+02
2.8710000032808489e+02
2.5520347470266876e+02
2.2331042201290762e+02
1.9140000000400292e+02
1.5949305581151734e+02
1.2760000000091952e+02
9.5700000000911857e+01
6.3803474156589473e+01
3.1900000000898125e+01
-2.8221698156649586e-11
3.1899999999844777e+01
6.3796525844037589e+01
9.5699999984671209e+01
1.2759999997096664e+02
1.5949999923978780e+02
1.9139999923830629e+02
2.2329999923686725e+02
2.5519999923542386e+02
2.8709999923396146e+02
3.1899999923248839e+02
2.8709999965101582e+02
2.5519652469337626e+02
2.2328957313865649e+02
1.9139999999613516e+02
1.5950695513960292e+02
1.2759999999924105e+02
9.5699999999182268e+01
6.3796524623001879e+01
3.1899999999314623e+01
3.0090249171085791e-10
3.1899999999718293e+01
6.3803475375915042e+01
9.5700000004103742e+01
1.2760000000756679e+02
1.5950000010847256e+02
1.9140000010863864e+02
2.2330000010878163e+02
2.5520000010893702e+02
2.8710000010909124e+02
3.1900000010924850e+02
2.8710000032822347e+02
2.5520347470275800e+02
2.2331042201306468e+02
1.9140000000412442e+02
1.5949305581165592e+02
1.2760000000112964e+02
9.5700000001168590e+01
6.3803474156780069e+01
3.1900000000958489e+01
6.3647166690077843e-11
3.1899999999967502e+01
6.3796525843899310e+01
9.5699999984727683e+01
1.2759999997102111e+02
1.5949999923985237e+02
1.9139999923837010e+02
2.2329999923692014e+02
2.5519999923546843e+02
2.8709999923399732e+02
3.1899999923253358e+02
2.8709999965105368e+02
2.5519652469342631e+02
2.2328957313866522e+02
1.9139999999602531e+02
1.5950695513958172e+02
1.2759999999919813e+02
9.5699999999155381e+01
6.3796524622912813e+01
3.1899999999103205e+01
1.5721760968495465e-10
3.1899999999927669e+01
6.3803475376221819e+01
9.5700000004103003e+01
1.2760000000753355e+02
1.5950000010843468e+02
1.9140000010859740e+02
2.2330000010874784e+02
2.5520000010891772e+02
2.8710000010906759e+02
3.1900000010921991e+02
2.8710000032807773e+02
2.5520347470256519e+02
2.2331042201269130e+02
1.9140000000403754e+02
1.5949305581185095e+02
1.2760000000102863e+02
9.5700000000999978e+01
6.3803474156796213e+01
3.1900000001019670e+01
2.0336404566489999e-10
3.1899999999786655e+01
6.3796525843884652e+01
9.5699999984722126e+01
1.2759999997101853e+02
1.5949999923985428e+02
1.9139999923836029e+02
2.2329999923691867e+02
2.5519999923545194e+02
2.8709999923398948e+02
3.1899999923252517e+02
2.8709999965102384e+02
2.5519652469332590e+02
2.2328957313859112e+02
1.9139999999603748e+02
1.5950695513946442e+02
1.2759999999903317e+02
9.5699999999085890e+01
6.3796524622979625e+01
3.1899999999124109e+01
5.6035504964200959e-11
