0.0000000000000000e+00
1.2486089731869897e-04
2.4975609755835523e-04
3.7463570093467099e-04
4.9949971134296319e-04
6.2434813267618172e-04
7.4926829267894411e-04
8.7417284958439187e-04
1.1538388267941606e-03
2.1095418869676663e-03
3.0870261559570551e-03
4.0652148390063142e-03
5.0434254920132390e-03
5.0709523487780343e-03
4.9460743005904041e-03
4.8211806559275193e-03
4.6962714108941088e-03
4.5713465615924527e-03
4.4465621059576717e-03
4.3217620772194945e-03
4.1968060084001156e-03
4.0719279596278055e-03
3.9470343143806277e-03
3.8221718620718684e-03
3.6972938171835877e-03
3.5724157645125451e-03
3.4475377157318831e-03
3.3226440704760669e-03
3.1977816181690661e-03
3.0729035732828280e-03
2.9480099319229326e-03
2.8231006901928541e-03
2.6981758441945937e-03
2.5733913742499114e-03
2.4485913311978556e-03
2.3236352766928948e-03
2.1986636062204115e-03
2.0729912103808527e-03
2.0729018953964513e-03
2.1977894197830984e-03
2.3226613492229788e-03
2.4475176876116557e-03
2.5723584388398749e-03
2.6973016153969548e-03
2.8222291831065584e-03
2.9470577129621922e-03
3.0719357617438694e-03
3.1967982179456288e-03
3.3216918593056513e-03
3.4465699041912002e-03
3.5714479568681227e-03
3.6963260056478565e-03
3.8211884618485912e-03
3.9460821032077410e-03
4.0709601480929010e-03
4.1958226003988739e-03
4.3206694640192840e-03
4.4455007428460223e-03
4.5704723470934615e-03
4.6954283353910324e-03
4.8202284446584604e-03
4.9450129808016165e-03
5.0699845422038101e-03
5.0698754880983254e-03
4.9450893990459609e-03
4.8202877364816703e-03
4.6954704965188826e-03
4.5704723470849241e-03
4.4454585711609026e-03
4.3207162494576104e-03
4.1958382007547300e-03
4.0709445555773879e-03
3.9460821032073620e-03
3.8212040582583091e-03
3.6963260056480755e-03
3.5714479568669274e-03
3.4465699080862720e-03
3.3216762628315065e-03
3.1968138105246762e-03
3.0719357656384893e-03
2.9470421242789283e-03
2.8221328825491884e-03
2.6972080365509272e-03
2.5724235666060207e-03
2.4476235235537766e-03
2.3226674690482963e-03
2.1976957985753044e-03
2.0729599893196671e-03
2.0728999287701970e-03
2.1977873359685864e-03
2.3226591482498056e-03
2.4475153695077737e-03
2.5723560036371787e-03
2.6972995315835135e-03
2.8222274505952157e-03
2.9470556291498868e-03
3.0719336779313905e-03
3.1967961341323571e-03
3.3216897754936546e-03
3.4465678203806946e-03
3.5714458730559322e-03
3.6963239218356881e-03
3.8211863780367354e-03
3.9460800193960154e-03
4.0709580642814191e-03
4.1958205165874944e-03
4.3206673802088083e-03
4.4454986590355110e-03
4.5704702632841255e-03
4.6954262515826227e-03
4.8202263608486760e-03
4.9450108969903567e-03
5.0699824583929519e-03
5.0698713863415335e-03
4.9450873163928407e-03
4.8202876734368873e-03
4.6954724535859900e-03
4.5704702632724829e-03
4.4454524454572951e-03
4.3207141656422393e-03
4.1958361169434303e-03
4.0709424717701543e-03
3.9460800193967267e-03
3.8212019744443587e-03
3.6963239218374558e-03
3.5714458730566850e-03
3.4465678242768089e-03
3.3216741790212862e-03
3.1968117267139901e-03
3.0719336818284611e-03
2.9470400404691599e-03
2.8221307987386767e-03
2.6972059527416090e-03
2.5724214827963611e-03
2.4476214397438972e-03
2.3226653852381277e-03
2.1976937147659505e-03
2.0729599220967667e-03
2.0728998629027553e-03
2.1977872698418109e-03
2.3226590818636850e-03
2.4475153028628458e-03
2.5723559367324201e-03
2.6972994654567311e-03
2.8222273852463540e-03
2.9470555630228571e-03
3.0719336118043136e-03
3.1967960680064395e-03
3.3216897093669264e-03
3.4465677542537170e-03
3.5714458069297985e-03
