0.0000000000000000e+00
-3.7461309495952866e-05
-7.4926829267280869e-05
-1.1239375275685219e-04
-1.4986208006915311e-04
-1.8733181130975018e-04
-2.2478048780000427e-04
-2.6223056674654533e-04
-3.7712416416356745e-04
-8.2999045569366776e-04
-1.2937571790467843e-03
-1.7578757122819395e-03
-2.2220054285596157e-03
-2.2357688576483169e-03
-2.1983054429662533e-03
-2.1608434317400256e-03
-2.1233828238630941e-03
-2.0859236192298531e-03
-2.0484517846817902e-03
-2.0109813542187964e-03
-1.9735249554151042e-03
-1.9360615407864352e-03
-1.8985995296116748e-03
-1.8611347115204823e-03
-1.8236712969898559e-03
-1.7862078822531481e-03
-1.7487444676192400e-03
-1.7112824564401974e-03
-1.6738176383503450e-03
-1.6363542238210941e-03
-1.5988922127452292e-03
-1.5614316050198680e-03
-1.5239724005398103e-03
-1.4865005651697079e-03
-1.4490301338859510e-03
-1.4115737359036594e-03
-1.3741187408512097e-03
-1.3362029224825601e-03
-1.3361624150089338e-03
-1.3736264171945165e-03
-1.4110918229853456e-03
-1.4485586324842899e-03
-1.4860268457986537e-03
-1.5234800759878608e-03
-1.5609347089742642e-03
-1.5984069052606994e-03
-1.6358703198963002e-03
-1.6733351380918580e-03
-1.7107971491663171e-03
-1.7482605636953306e-03
-1.7857239784349688e-03
-1.8231873930687954e-03
-1.8606522112637560e-03
-1.8981142223377810e-03
-1.9355776368660466e-03
-1.9730424549541463e-03
-2.0105086767083875e-03
-2.0479763022321512e-03
-2.0854312954970661e-03
-2.1228876916913838e-03
-2.1603581247672736e-03
-2.1978299619295426e-03
-2.2352849540252951e-03
-2.2352345196774699e-03
-2.1978194376196820e-03
-2.1604057553982416e-03
-2.1229934729078428e-03
-2.0854312955183871e-03
-2.0478705289926537e-03
-2.0105044662535828e-03
-1.9730410516106099e-03
-1.9355790404217556e-03
-1.8981142223368813e-03
-1.8606508078119522e-03
-1.8231873930702031e-03
-1.7857239784354220e-03
-1.7482605638015421e-03
-1.7107985526227968e-03
-1.6733337345322752e-03
-1.6358703200021496e-03
-1.5984083089263211e-03
-1.5609477012004044e-03
-1.5234884967190137e-03
-1.4860166613502033e-03
-1.4485462300668629e-03
-1.4110898320840613e-03
-1.3736348370312133e-03
-1.3361873117325777e-03
-1.3361613525656305e-03
-1.3736253752915512e-03
-1.4110908016225360e-03
-1.4485576316642206e-03
-1.4860258655215635e-03
-1.5234790340841898e-03
-1.5609336054386077e-03
-1.5984058633558831e-03
-1.6358692779915849e-03
-1.6733340961870712e-03
-1.7107961072613804e-03
-1.7482595217895274e-03
-1.7857229365305634e-03
-1.8231863511649752e-03
-1.8606511693582920e-03
-1.8981131804309513e-03
-1.9355765949588856e-03
-1.9730414130467509e-03
-2.0105076348001121e-03
-2.0479752603236342e-03
-2.0854302535909357e-03
-2.1228866497862335e-03
-2.1603570828608795e-03
-2.1978289200219594e-03
-2.2352839121188013e-03
-2.2352324689738083e-03
-2.1978183957641656e-03
-2.1604057223146571e-03
-2.1229944485207279e-03
-2.0854302536116882e-03
-2.0478674697191322e-03
-2.0105034243488129e-03
-1.9730400097043230e-03
-1.9355779985150404e-03
-1.8981131804310038e-03
-1.8606497659071294e-03
-1.8231863511639825e-03
-1.7857229365297893e-03
-1.7482595218953232e-03
-1.7107975107153932e-03
-1.6733326926252350e-03
-1.6358692780959355e-03
-1.5984072670207961e-03
-1.5609466592956560e-03
-1.5234874548142822e-03
-1.4860156194440848e-03
-1.4485451881591171e-03
-1.4110887901778561e-03
-1.3736337951252976e-03
-1.3361872781188287e-03
-1.3361613194539557e-03
-1.3736253422250778e-03
-1.4110907686022589e-03
-1.4485575986899904e-03
-1.4860258325934740e-03
-1.5234790010174289e-03
-1.5609335722341542e-03
-1.5984058302891948e-03
-1.6358692449249261e-03
-1.6733340631198911e-03
-1.7107960741939215e-03
-1.7482594887228869e-03
-1.7857229034643732e-03
