0.0000000000000000e+00
-3.7461309496178868e-05
-7.4926829267813117e-05
-1.1239375275749789e-04
-1.4986208007002443e-04
-1.8733181131124797e-04
-2.2478048780142572e-04
-2.6223056674774239e-04
-3.7712416416492303e-04
-8.2999045569482884e-04
-1.2937571790481389e-03
-1.7578757122838750e-03
-2.2220054285614242e-03
-2.2357688576497784e-03
-2.1983054429682122e-03
-2.1608434317414290e-03
-2.1233828238647620e-03
-2.0859236192323979e-03
-2.0484517846842904e-03
-2.0109813542214120e-03
-1.9735249554177414e-03
-1.9360615407894772e-03
-1.8985995296157559e-03
-1.8611347115234300e-03
-1.8236712969920189e-03
-1.7862078822562884e-03
-1.7487444676222992e-03
-1.7112824564425729e-03
-1.6738176383529642e-03
-1.6363542238232616e-03
-1.5988922127477846e-03
-1.5614316050230649e-03
-1.5239724005427738e-03
-1.4865005651724821e-03
-1.4490301338892625e-03
-1.4115737359071869e-03
-1.3741187408546135e-03
-1.3362029224868995e-03
-1.3361624150118969e-03
-1.3736264171982379e-03
-1.4110918229885399e-03
-1.4485586324884162e-03
-1.4860268458030510e-03
-1.5234800759908484e-03
-1.5609347089755460e-03
-1.5984069052617129e-03
-1.6358703198975338e-03
-1.6733351380936639e-03
-1.7107971491676828e-03
-1.7482605636958894e-03
-1.7857239784367176e-03
-1.8231873930706739e-03
-1.8606522112648476e-03
-1.8981142223381277e-03
-1.9355776368663819e-03
-1.9730424549538926e-03
-2.0105086767074334e-03
-2.0479763022312725e-03
-2.0854312954977127e-03
-2.1228876916934503e-03
-2.1603581247679354e-03
-2.1978299619285092e-03
-2.2352849540256217e-03
-2.2352345196776160e-03
-2.1978194376201725e-03
-2.1604057553988774e-03
-2.1229934729088680e-03
-2.0854312955184248e-03
-2.0478705289915396e-03
-2.0105044662540351e-03
-1.9730410516109820e-03
-1.9355790404218596e-03
-1.8981142223372582e-03
-1.8606508078127572e-03
-1.8231873930700864e-03
-1.7857239784357811e-03
-1.7482605638016390e-03
-1.7107985526224505e-03
-1.6733337345322906e-03
-1.6358703200022959e-03
-1.5984083089270863e-03
-1.5609477012017866e-03
-1.5234884967211602e-03
-1.4860166613499841e-03
-1.4485462300641619e-03
-1.4110898320832566e-03
-1.3736348370321993e-03
-1.3361873117315709e-03
-1.3361613525645858e-03
-1.3736253752903765e-03
-1.4110908016214518e-03
-1.4485576316632829e-03
-1.4860258655206820e-03
-1.5234790340827025e-03
-1.5609336054369378e-03
-1.5984058633544455e-03
-1.6358692779906633e-03
-1.6733340961865388e-03
-1.7107961072600384e-03
-1.7482595217894335e-03
-1.7857229365294438e-03
-1.8231863511640818e-03
-1.8606511693579661e-03
-1.8981131804310233e-03
-1.9355765949582622e-03
-1.9730414130461438e-03
-2.0105076347992292e-03
-2.0479752603225236e-03
-2.0854302535902322e-03
-2.1228866497866919e-03
-2.1603570828609329e-03
-2.1978289200212508e-03
-2.2352839121192029e-03
-2.2352324689731062e-03
-2.1978183957640568e-03
-2.1604057223151259e-03
-2.1229944485222545e-03
-2.0854302536117550e-03
-2.0478674697172877e-03
-2.0105034243483987e-03
-1.9730400097043559e-03
-1.9355779985150273e-03
-1.8981131804309964e-03
-1.8606497659071945e-03
-1.8231863511640018e-03
-1.7857229365305033e-03
-1.7482595218955800e-03
-1.7107975107158177e-03
-1.6733326926261353e-03
-1.6358692780962015e-03
-1.5984072670216739e-03
-1.5609466592960428e-03
-1.5234874548154334e-03
-1.4860156194457673e-03
-1.4485451881610983e-03
-1.4110887901788360e-03
-1.3736337951255955e-03
-1.3361872781193604e-03
-1.3361613194538041e-03
-1.3736253422248336e-03
-1.4110907686012174e-03
-1.4485575986881711e-03
-1.4860258325906539e-03
-1.5234790010177199e-03
-1.5609335722371531e-03
-1.5984058302895769e-03
-1.6358692449255693e-03
-1.6733340631215766e-03
-1.7107960741949374e-03
-1.7482594887234361e-03
-1.7857229034642333e-03
