0.0000000000000000e+00
0.0000000000000000e+00
0.0000000000000000e+00
0.0000000000000000e+00
0.0000000000000000e+00
0.0000000000000000e+00
0.0000000000000000e+00
0.0000000000000000e+00
1.5482292451513924e-04
9.8563944809497255e-04
1.8382458739457949e-03
2.6915563043424890e-03
3.5448889071684237e-03
3.5724157645104803e-03
3.5724157645104803e-03
3.5724157645104803e-03
3.5724157645104803e-03
3.5724157645104803e-03
3.5724157645104803e-03
3.5724157645104803e-03
3.5724157645104803e-03
3.5724157645104803e-03
3.5724157645104803e-03
3.5724157645104803e-03
3.5724157645104803e-03
3.5724157645104803e-03
3.5724157645104803e-03
3.5724157645104803e-03
3.5724157645104803e-03
3.5724157645104803e-03
3.5724157645104803e-03
3.5724157645104803e-03
3.5724157645104803e-03
3.5724157645104803e-03
3.5724157645104803e-03
3.5724157645104803e-03
3.5724157645104803e-03
3.5733037332675213e-03
3.5733835721501227e-03
3.5733835721501227e-03
3.5733835721501227e-03
3.5733835721501227e-03
3.5733835721501227e-03
3.5733835721501227e-03
3.5733835721501227e-03
3.5733835721501227e-03
3.5733835721501227e-03
3.5733835721501227e-03
3.5733835721501227e-03
3.5733835721501227e-03
3.5733835721501227e-03
3.5733835721501227e-03
3.5733835721501227e-03
3.5733835721501227e-03
3.5733835721501227e-03
3.5733835721501227e-03
3.5733835721501227e-03
3.5733835721501227e-03
3.5733835721501227e-03
3.5733835721501227e-03
3.5733835721501227e-03
3.5733835721501227e-03
3.5733835721501227e-03
3.5733835721501227e-03
3.5733835721501227e-03
3.5733835721501227e-03
3.5733835721501227e-03
3.5733835721501227e-03
3.5733835721501227e-03
3.5733835721501227e-03
3.5733835721501227e-03
3.5733835721501227e-03
3.5733835721501227e-03
3.5733835721501227e-03
3.5733835721501227e-03
3.5733835721501227e-03
3.5733835721501227e-03
3.5733835721501227e-03
3.5733835721501227e-03
3.5733835721501227e-03
3.5733835721501227e-03
3.5733835721501227e-03
3.5733835721501227e-03
3.5733835721501227e-03
3.5733835721501227e-03
3.5733835721501227e-03
3.5733835721501227e-03
3.5733835721501227e-03
3.5733856559633584e-03
3.5733856559633584e-03
3.5733856559633584e-03
3.5733856559633584e-03
3.5733856559633584e-03
3.5733856559633584e-03
3.5733856559633584e-03
3.5733856559633584e-03
3.5733856559633584e-03
3.5733856559633584e-03
3.5733856559633584e-03
3.5733856559633584e-03
3.5733856559633584e-03
3.5733856559633584e-03
3.5733856559633584e-03
3.5733856559633584e-03
3.5733856559633584e-03
3.5733856559633584e-03
3.5733856559633584e-03
3.5733856559633584e-03
3.5733856559633584e-03
3.5733856559633584e-03
3.5733856559633584e-03
3.5733856559633584e-03
3.5733856559633584e-03
3.5733856559633584e-03
3.5733856559633584e-03
3.5733856559633584e-03
3.5733856559633584e-03
3.5733856559633584e-03
3.5733856559633584e-03
3.5733856559633584e-03
3.5733856559633584e-03
3.5733856559633584e-03
3.5733856559633584e-03
3.5733856559633584e-03
3.5733856559633584e-03
3.5733856559633584e-03
3.5733856559633584e-03
3.5733856559633584e-03
3.5733856559633584e-03
3.5733856559633584e-03
3.5733856559633584e-03
3.5733856559633584e-03
3.5733856559633584e-03
3.5733856559633584e-03
3.5733856559633584e-03
3.5733856559633584e-03
3.5733856559633584e-03
3.5733856559633584e-03
3.5733857220929359e-03
3.5733857220929359e-03
3.5733857220929359e-03
3.5733857220929359e-03
3.5733857220929359e-03
3.5733857220929359e-03
3.5733857220929359e-03
3.5733857220929359e-03
3.5733857220929359e-03
3.5733857220929359e-03
3.5733857220929359e-03
3.5733857220929359e-03
3.5733857220929359e-03
