0.0000000000000000e+00
2.5595764802340767e+01
5.1199999999438461e+01
7.6799599028801225e+01
1.0239456294061178e+02
1.2798489278420109e+02
1.5359999999979109e+02
1.7921046962578095e+02
2.0479638392778185e+02
2.3039999997231166e+02
2.5599992056419171e+02
2.8159999967393418e+02
3.0720000000584474e+02
3.0719999974779711e+02
2.8159999992261407e+02
2.5599536409904761e+02
2.3038609122704034e+02
2.0477218025596454e+02
1.7919999999796056e+02
1.5362319004219810e+02
1.2799999999845460e+02
1.0239999999941773e+02
7.6795364002281389e+01
5.1200000000288469e+01
2.5600001050037683e+01
4.9742055961176706e-10
-2.5599999999586800e+01
-5.1204635997976972e+01
-7.6799999999896343e+01
-1.0239999895003110e+02
-1.2800463389782172e+02
-1.5361390589409470e+02
-1.7922781598959861e+02
-2.0480000000213929e+02
-2.3037681371391778e+02
-2.5600000000167370e+02
-2.8162782754263452e+02
-3.0720000005342484e+02
-3.0720247600058235e+02
-2.8160000007630623e+02
-2.5600215976402069e+02
-2.3040895401339532e+02
-2.0482038177574398e+02
-1.7920000000119134e+02
-1.5358425748364840e+02
-1.2800000000080766e+02
-1.0240000000084575e+02
-7.6804634949153865e+01
-5.1200000001026602e+01
-2.5600001050958774e+01
-7.4333704027975599e-10
2.5599999999106654e+01
5.1195365050804028e+01
7.6799999998824475e+01
1.0239999894887038e+02
1.2799536295099335e+02
1.5358609305449090e+02
1.7917219030870086e+02
2.0479999999680021e+02
2.3042316843665836e+02
2.5599999999749289e+02
2.8157220185456879e+02
3.0719999999566465e+02
3.0718183491999793e+02
2.8159577975478572e+02
2.5600509578416603e+02
2.3040978196028817e+02
2.0479999998948983e+02
1.7918557198486624e+02
1.5359999997023468e+02
1.2799999999371809e+02
1.0239536401923974e+02
7.6799999998702418e+01
5.1200001030080287e+01
2.5599999998733210e+01
-1.3519568520386019e-09
-2.5600000001434751e+01
-5.1204635999638739e+01
-7.6800000001378933e+01
-1.0239999895139729e+02
-1.2800463389912650e+02
-1.5361390589517950e+02
-1.7922781599045510e+02
-2.0480000000309269e+02
-2.3037681371463154e+02
-2.5600000000258501e+02
-2.8162782754390446e+02
-3.0719233334447432e+02
-3.0720243880344782e+02
-2.8160000007714598e+02
-2.5600219695478432e+02
-2.3040902838662333e+02
-2.0482049332293462e+02
-1.7920000000154943e+02
-1.5358414596006173e+02
-1.2800000000095116e+02
-1.0240000000108490e+02
-7.6804634949601649e+01
-5.1200000001047883e+01
-2.5600001050584158e+01
-9.0247593513390271e-10
2.5599999998785442e+01
5.1195365050807560e+01
7.6799999999055530e+01
1.0239999894935006e+02
1.2799536295150942e+02
1.5358609305536748e+02
1.7917219030973189e+02
2.0479999999763885e+02
2.3042316843754332e+02
2.5599999999813835e+02
2.8157220185500728e+02
3.0719999999598525e+02
3.0718151666422131e+02
2.8159578006257925e+02
2.5600541481270056e+02
2.3041041986654642e+02
2.0479999998942122e+02
1.7918493376331190e+02
1.5359999996904438e+02
1.2799999999392355e+02
1.0239536402074128e+02
7.6799999999080583e+01
5.1200001029425920e+01
2.5599999999330421e+01
-8.5138911066912766e-10
-2.5600000000605551e+01
-5.1204635998826035e+01
-7.6800000000824241e+01
-1.0239999895074716e+02
-1.2800463389858760e+02
-1.5361390589498154e+02
-1.7922781599002144e+02
-2.0480000000269763e+02
-2.3037681371417077e+02
-2.5600000000230915e+02
-2.8162782754326958e+02
-3.0719201534372951e+02
-3.0720243872049610e+02
-2.8160000007642884e+02
-2.5600219703644490e+02
-2.3040902855058812e+02
-2.0482049356941860e+02
-1.7920000000094382e+02
-1.5358414571253829e+02
-1.2800000000041433e+02
-1.0240000000051941e+02
-7.6804634948689738e+01
-5.1200000000266165e+01
-2.5600001049860531e+01
-1.5272431191639336e-10
