0.0000000000000000e+00
-1.1985800053489577e-03
-8.7038001502813452e-11
-1.1994380343768574e-03
-4.7964744919198731e-03
-1.0790690704224629e-02
9.9484595880262993e-10
8.3924349976904032e-03
-3.1267322799227630e-03
5.8365372949731996e-09
-6.2080068057580163e-05
1.1321370233974894e-07
1.8794514065343278e-07
-4.4852303242209611e-08
4.3966966581428722e-08
-2.3977354639551107e-03
-7.1938024208272290e-03
-1.4388576191417802e-02
2.3026076523822051e-09
1.1993228246094922e-02
2.0037881895770557e-09
7.3340527032486182e-10
-2.3978685390728754e-03
4.2621550674708599e-10
4.2017378091179675e-07
1.7430734131765302e-10
8.4273760987408479e-11
-2.3978680587799302e-03
2.6256540384708394e-10
4.1956935844296312e-07
-2.3970287515474001e-03
-7.1927648588772895e-03
-1.4387207983598937e-02
2.2345080631678979e-09
1.1991858747606880e-02
1.6356485874131485e-09
-1.4391821961049928e-02
-8.6824445939068804e-08
-8.8899727961817983e-04
4.4310729867567926e-08
-1.5086605002647426e-03
-5.4146922781376124e-03
-1.1717632573670360e-02
1.4456451023880753e-09
9.3185633339570115e-03
7.3563707856373505e-10
2.5708979915365592e-10
-2.3974492903502580e-03
-3.5298957149727486e-10
-4.1936706314067969e-07
-4.2300276485508090e-10
-4.2818066166917707e-10
-2.3974494680570240e-03
-3.9428878771358575e-10
-4.1938418724102845e-07
-2.3982869881030494e-03
-7.1931847720478181e-03
-1.4384693522087310e-02
1.9943845307722091e-09
1.1984733312846751e-02
1.7433164635504102e-09
-1.4380085195668099e-02
4.0558365556174349e-09
6.9850306511316778e-03
-1.1931518620722453e-03
-1.1765060181543786e-02
-2.4731112597482764e-02
-7.2127099878616126e-09
2.2326759270690548e-02
-1.6612587364407565e-08
-3.9607187436234545e-09
-2.3978590898923353e-03
-2.1522665406107843e-10
4.0969194693129989e-07
-5.9839355605079458e-10
-5.7213911216519500e-10
-6.5346712097162342e-10
-2.3978688584784290e-03
-3.3293047301917168e-10
4.1916194114971112e-07
-2.3970292161078354e-03
-7.1927650768849787e-03
-1.4387207940080644e-02
2.3129871550233866e-09
1.1991859444347745e-02
2.0168752528651877e-09
-1.4391822045947600e-02
-3.8333272364722568e-03
-8.6704054545458831e-04
4.3878255067349935e-08
-1.5306149088970891e-03
-5.4585979248457789e-03
-1.1783485987668740e-02
1.4095057196024669e-09
9.3844082647874250e-03
6.3125575671124536e-10
3.2327333270057647e-11
-2.3974495328883717e-03
-3.0104468532212704e-10
-4.1934580588340770e-07
-5.4742998238728456e-10
-7.9129139001950084e-10
-2.3974495084291433e-03
-2.0167082776677226e-10
-4.1883290260988484e-07
-2.3982864865341237e-03
-7.1931839618268358e-03
-1.4384692495898990e-02
2.5081427683181339e-09
1.1984733621818969e-02
2.1029407322328454e-09
-1.4380084784813934e-02
4.1615046729291690e-09
7.1440689486361201e-03
-1.1930347446302287e-03
-1.1923774615591690e-02
-2.5048569285316201e-02
-7.2354135871149533e-09
2.2644036220159990e-02
-1.7455587173022571e-08
-3.8936817936782419e-09
-2.3978583812984157e-03
-2.0175744925387859e-10
4.0907580239284501e-07
-4.7239898722556580e-10
-7.1406184942140617e-10
-4.3303852361856865e-10
-2.3978684481785642e-03
-1.7351311864595119e-10
4.1928189800501055e-07
-2.3970293612020745e-03
-7.1927653422055420e-03
-1.4387208116286529e-02
1.8986419984353666e-09
1.1991858920905115e-02
1.5969524734573895e-09
-1.4391821877246629e-02
-3.9923273871372992e-03
-8.6699152738469094e-04
4.4413810086065749e-08
-1.5306630333581136e-03
-5.4586945992360488e-03
-1.1783631338080934e-02
1.7347292837464943e-09
9.3845541108537253e-03
9.0951694532818455e-10
3.6438917646095995e-10
-2.3974490199677820e-03
2.0914047606689798e-10
-4.1871703249039323e-07
-1.3267142297431089e-10
