0.0000000000000000e+00
2.5596963382328298e+01
5.1199999999481363e+01
7.6800798466774083e+01
1.0239935941502472e+02
1.2799568347477759e+02
1.5359999999866704e+02
1.7920207719067474e+02
2.0479951065996949e+02
2.3039999996642928e+02
2.5599998264422462e+02
2.8159999956067151e+02
3.0719999981787868e+02
3.0719999979265668e+02
2.8159999987861113e+02
2.5599776183451689e+02
2.3039328502944602e+02
2.0478656883206119e+02
1.7919999999556572e+02
1.5361119681384790e+02
1.2799999999634771e+02
1.0239999999855837e+02
7.6797761870605669e+01
5.1199999999743603e+01
2.5600000629786116e+01
2.7163381589912403e-10
2.5599999999799191e+01
5.1202238130005099e+01
7.6800000000250250e+01
1.0239999936967436e+02
1.2800223686916931e+02
1.5360671312937009e+02
1.7921342878172379e+02
2.0480000000445528e+02
2.3038880557277619e+02
2.5600000000341930e+02
2.8161343572077794e+02
3.0719999996678285e+02
3.0720158700338663e+02
2.8160000012076091e+02
2.5600065110363079e+02
2.3040353932128687e+02
2.0480866414337848e+02
1.7920000000273154e+02
1.5359357604693773e+02
1.2800000000146650e+02
1.0240000000105130e+02
7.6802237499862983e+01
5.1200000000623405e+01
2.5600000631484910e+01
1.1246507112592791e-10
2.5599999999534049e+01
5.1197762500329361e+01
7.6799999999346852e+01
1.0239999936837226e+02
1.2799776123814925e+02
1.5359328623948602e+02
1.7918657500243341e+02
2.0479999999489004e+02
2.3041118370332453e+02
2.5599999999583588e+02
2.8158658193998713e+02
3.0719999999172427e+02
3.0717484988947137e+02
2.8159697290673370e+02
2.5601686084442235e+02
2.3043451307294251e+02
2.0479999999685489e+02
1.7916324522582318e+02
1.5359999998695272e+02
1.2799999999778774e+02
1.0239776187845416e+02
7.6799999999033147e+01
5.1200000620437997e+01
2.5599999999456500e+01
1.7590904220811478e-10
2.5600000000678090e+01
5.1202238130635678e+01
7.6800000000929032e+01
1.0239999937045241e+02
1.2800223686985322e+02
1.5360671313010158e+02
1.7921342878257011e+02
2.0480000000528065e+02
2.3038880557375583e+02
2.5600000000442844e+02
2.8161343572182625e+02
3.0718850001705027e+02
3.0720157176271402e+02
2.8160000012082230e+02
2.5600066633968135e+02
2.3040356978851980e+02
2.0480870983677184e+02
1.7920000000271619e+02
1.5359353036808952e+02
1.2800000000136268e+02
1.0240000000093181e+02
7.6802237499915236e+01
5.1200000000521577e+01
2.5600000631118764e+01
1.8571226052605658e-10
2.5599999999766517e+01
5.1197762500469196e+01
7.6799999999384141e+01
1.0239999936835500e+02
1.2799776123817057e+02
1.5359328623951606e+02
1.7918657500243356e+02
2.0479999999529946e+02
2.3041118370401222e+02
2.5599999999614695e+02
2.8158658193996916e+02
3.0719999999192476e+02
3.0717437259545216e+02
2.8159697309745883e+02
2.5601733858740920e+02
2.3043546843584181e+02
2.0479999999676448e+02
1.7916228972733768e+02
1.5359999998663915e+02
1.2799999999791106e+02
1.0239776187921339e+02
7.6799999999372034e+01
5.1200000620442609e+01
2.5599999999894059e+01
3.7112203772143479e-11
2.5600000000098113e+01
5.1202238130312153e+01
7.6800000000640694e+01
1.0239999936997482e+02
1.2800223686922732e+02
1.5360671312960997e+02
1.7921342878193229e+02
2.0480000000465716e+02
2.3038880557319362e+02
2.5600000000393965e+02
2.8161343572139361e+02
3.0718802301634759e+02
3.0720157172891766e+02
2.8160000012078376e+02
2.5600066637329235e+02
2.3040356985579839e+02
2.0480870993782972e+02
1.7920000000266305e+02
1.5359353026684869e+02
1.2800000000131206e+02
1.0240000000088641e+02
7.6802237499751996e+01
5.1200000000502683e+01
2.5600000631137057e+01
1.8248154798914040e-10
