0.0000000000000000e+00
-1.1985799697103762e-03
1.2975097863532604e-12
-1.1994379113225001e-03
-4.7964743339116607e-03
-1.0790690448866271e-02
1.2530582794832373e-09
8.3924352148247016e-03
-3.1267320952056794e-03
5.9284341064800846e-09
-6.2079997974862999e-05
1.1331171391432610e-07
1.8798722583802427e-07
-4.4866879642109332e-08
4.4039158505248336e-08
-2.3977354746244997e-03
-7.1938023904811075e-03
-1.4388576001804529e-02
2.4871390593758721e-09
1.1993228454523507e-02
2.2100220920495255e-09
9.8527667798599039e-10
-2.3978681095389123e-03
6.6346180489297335e-10
4.2032932530450130e-07
4.6606153983757200e-10
3.4052551095241846e-10
-2.3978678849404570e-03
4.4513164718923930e-10
4.1971717086260618e-07
-2.3970285532543224e-03
-7.1927645902483727e-03
-1.4387207766102961e-02
2.3977046473031434e-09
1.1991858969235745e-02
1.8556710919862300e-09
-1.4391821752062888e-02
-8.6459332949086686e-08
-8.8899711224834635e-04
4.4598701432008960e-08
-1.5086602791903375e-03
-5.4146919385028702e-03
-1.1717632157431133e-02
1.6344869962552633e-09
9.3185632448010893e-03
5.8190457493964904e-10
1.5396256774991682e-10
-2.3974492914745687e-03
-4.5340563004529115e-10
-4.1958066488708599e-07
-4.6194170072815653e-10
-4.2662355650789710e-10
-2.3974495826501081e-03
-6.5052134156280672e-10
-4.1961954823118170e-07
-2.3982873235955993e-03
-7.1931852182912960e-03
-1.4384693942998579e-02
1.8258928035314070e-09
1.1984733354934832e-02
1.5707927877900819e-09
-1.4380085640994059e-02
3.8252619335409946e-09
6.9850304016071335e-03
-1.1931520336580788e-03
-1.1765060331154457e-02
-2.4731112711177637e-02
-7.5173279221278348e-09
2.2326758815461836e-02
-1.6823417959322214e-08
-4.1786371287253049e-09
-2.3978593388627699e-03
-4.4616324233672014e-10
4.0959268609167761e-07
-8.4822605538872451e-10
-7.4425276362137354e-10
-8.5983354275272366e-10
-2.3978691476344927e-03
-5.6679210325929129e-10
4.1894829446638389e-07
-2.3970293304892182e-03
-7.1927650789817953e-03
-1.4387207829780358e-02
2.0627685062239562e-09
1.1991858804228187e-02
1.6700684315635228e-09
-1.4391822110664790e-02
-3.8333276113820154e-03
-8.6704092205723983e-04
4.3474256907751900e-08
-1.5306152969224844e-03
-5.4585982820471767e-03
-1.1783486337829826e-02
9.2413373333237481e-10
9.3844077904769296e-03
1.9177273695044343e-10
-3.3860035793244629e-10
-2.3974498399815759e-03
-7.5154385233511801e-10
-4.1958499196263399e-07
-9.6011064443441255e-10
-1.1708121282038681e-09
-2.3974498148647636e-03
-4.5555652304208231e-10
-4.1917697551837809e-07
-2.3982868357932206e-03
-7.1931843353345709e-03
-1.4384692907669765e-02
2.1707539186490969e-09
1.1984733440398292e-02
1.8798342853907937e-09
-1.4380085138305602e-02
3.9595650612756239e-09
7.1440685896520320e-03
-1.1930350148686669e-03
-1.1923774801741893e-02
-2.5048569305747757e-02
-7.4514002626435113e-09
2.2644035728405287e-02
-1.7733833165570746e-08
-4.0813594771529389e-09
-2.3978585628808536e-03
-3.8124114958313248e-10
4.0889078381271619e-07
-6.5486338449802476e-10
-7.9486256995724009e-10
-5.8182924327397722e-10
-2.3978685795890543e-03
-1.9351652492148448e-10
4.1917331152901179e-07
-2.3970293592338134e-03
-7.1927654011735018e-03
-1.4387208062086609e-02
2.0204945044870215e-09
1.1991859124582180e-02
1.6643071035843737e-09
-1.4391821874520351e-02
-3.9923273768111122e-03
-8.6699162934626554e-04
4.4296131004213414e-08
-1.5306632715025312e-03
-5.4586949803967057e-03
-1.1783631839565184e-02
1.7035305838346057e-09
9.3845545099578744e-03
8.8594172107392989e-10
3.6959341253889756e-10
-2.3974488555323355e-03
2.6392651660817686e-10
-4.1872990846325204e-07
-2.4617261356770798e-10
