2.0000000000000020e+02
2.0000000000000020e+02
2.0000000000000020e+02
2.0000000000000020e+02
2.0000000000000020e+02
2.0000000000000020e+02
2.0000000000000020e+02
2.0000000000000020e+02
2.0479951065996949e+02
2.3039999996642925e+02
2.5599998264422476e+02
2.8159999956067162e+02
3.0719999981787879e+02
3.0719999979265657e+02
3.0717247293531454e+02
3.0717247293531454e+02
3.0717247293531454e+02
3.0717247293531454e+02
3.0717247293531454e+02
3.0717247293531454e+02
3.0717247293531454e+02
3.0717247293531454e+02
3.0717247293531454e+02
3.0717247293531454e+02
3.0717247293531454e+02
3.0717247293531454e+02
3.0717247293531454e+02
3.0717247293531454e+02
3.0717247293531454e+02
3.0717247293531454e+02
3.0717247293531454e+02
3.0717247293531454e+02
3.0717247293531454e+02
3.0717247293531454e+02
3.0717247293531454e+02
3.0717247293531454e+02
3.0717247293531454e+02
3.0719999996678297e+02
3.0720158700338624e+02
3.0720150716450382e+02
3.0720150716450382e+02
3.0720150716450382e+02
3.0720150716450382e+02
3.0720150716450382e+02
3.0720150716450382e+02
3.0720150716450382e+02
3.0720150716450382e+02
3.0720150716450382e+02
3.0720150716450382e+02
3.0720150716450382e+02
3.0720150716450382e+02
3.0720150716450382e+02
3.0720150716450382e+02
3.0720150716450382e+02
3.0720150716450382e+02
3.0720150716450382e+02
3.0720150716450382e+02
3.0720150716450382e+02
3.0720150716450382e+02
3.0720150716450382e+02
3.0720150716450382e+02
3.0720150716450382e+02
3.0720150716450382e+02
3.0720150716450382e+02
3.0720150716450382e+02
3.0720150716450382e+02
3.0720150716450382e+02
3.0720150716450382e+02
3.0720150716450382e+02
3.0720150716450382e+02
3.0720150716450382e+02
3.0720150716450382e+02
3.0720150716450382e+02
3.0720150716450382e+02
3.0720150716450382e+02
3.0720150716450382e+02
3.0720150716450382e+02
3.0720150716450382e+02
3.0720150716450382e+02
3.0720150716450382e+02
3.0720150716450382e+02
3.0720150716450382e+02
3.0720150716450382e+02
3.0720150716450382e+02
3.0720150716450382e+02
3.0720150716450382e+02
3.0720150716450382e+02
3.0720150716450382e+02
3.0720157176271402e+02
3.0720156967890102e+02
3.0720156967890102e+02
3.0720156967890102e+02
3.0720156967890102e+02
3.0720156967890102e+02
3.0720156967890102e+02
3.0720156967890102e+02
3.0720156967890102e+02
3.0720156967890102e+02
3.0720156967890102e+02
3.0720156967890102e+02
3.0720156967890102e+02
3.0720156967890102e+02
3.0720156967890102e+02
3.0720156967890102e+02
3.0720156967890102e+02
3.0720156967890102e+02
3.0720156967890102e+02
3.0720156967890102e+02
3.0720156967890102e+02
3.0720156967890102e+02
3.0720156967890102e+02
3.0720156967890102e+02
3.0720156967890102e+02
3.0720156967890102e+02
3.0720156967890102e+02
3.0720156967890102e+02
3.0720156967890102e+02
3.0720156967890102e+02
3.0720156967890102e+02
3.0720156967890102e+02
3.0720156967890102e+02
3.0720156967890102e+02
3.0720156967890102e+02
3.0720156967890102e+02
3.0720156967890102e+02
3.0720156967890102e+02
3.0720156967890102e+02
3.0720156967890102e+02
3.0720156967890102e+02
3.0720156967890102e+02
3.0720156967890102e+02
3.0720156967890102e+02
3.0720156967890102e+02
3.0720156967890102e+02
3.0720156967890102e+02
3.0720156967890102e+02
3.0720156967890102e+02
3.0720156967890102e+02
3.0720157172891766e+02
3.0720157166278830e+02
3.0720157166278830e+02
3.0720157166278830e+02
3.0720157166278830e+02
3.0720157166278830e+02
3.0720157166278830e+02
3.0720157166278830e+02
3.0720157166278830e+02
3.0720157166278830e+02
3.0720157166278830e+02
3.0720157166278830e+02
3.0720157166278830e+02
