0.0000000000000000e+00
0.0000000000000000e+00
0.0000000000000000e+00
0.0000000000000000e+00
0.0000000000000000e+00
0.0000000000000000e+00
0.0000000000000000e+00
-1.5533333372101559e+01
-3.6801036205737624e+01
-5.8066667011339696e+01
-7.9333333584966027e+01
-7.9333333584966027e+01
-7.9333333584966027e+01
-7.9333333584966027e+01
-7.9333333584966027e+01
-7.9333333584966027e+01
-7.9333333584966027e+01
-7.9333333584966027e+01
-7.9333333584966027e+01
-7.9333333584966027e+01
-7.9333333584966027e+01
-7.9333333584966027e+01
-7.9333333584966027e+01
-6.9533333339527104e+01
-4.8266666678388340e+01
-2.7000000279958890e+01
-5.7333336132920953e+00
1.5533333053377884e+01
3.6799999720041711e+01
5.8066666386716463e+01
7.9333333053378922e+01
7.9333333053378908e+01
7.9333333053378908e+01
7.9333333053378908e+01
7.9333333053378908e+01
7.9333333053378908e+01
7.9333333053378908e+01
7.9333333053378880e+01
7.9333333053378865e+01
7.9333333053378865e+01
7.9333333053378894e+01
7.9333333053378837e+01
7.9333333053378837e+01
6.9533333327163064e+01
4.8266666655258916e+01
2.6999999718686418e+01
5.7333330520033510e+00
-1.5533333614653177e+01
-3.6800000281313082e+01
-5.8066666947984061e+01
-7.9333333614646904e+01
-7.9333333614646904e+01
-7.9333333614646904e+01
-7.9333333614646904e+01
-7.9333333614646904e+01
-7.9333333614646904e+01
-7.9333333614646904e+01
-7.9333333614646904e+01
-7.9333333614646904e+01
-7.9333333614646904e+01
-7.9333333614646904e+01
-7.9333333614646904e+01
-7.9333333614646904e+01
-6.9533333339541684e+01
-4.8266666678400938e+01
-2.7000000279955579e+01
-5.7333336133055859e+00
1.5533333053362192e+01
3.6799999720028723e+01
5.8066666386693676e+01
7.9333333053361997e+01
7.9333333053361969e+01
7.9333333053361997e+01
7.9333333053361997e+01
7.9333333053361997e+01
7.9333333053361997e+01
7.9333333053361997e+01
7.9333333053361997e+01
7.9333333053361997e+01
7.9333333053361997e+01
7.9333333053361940e+01
7.9333333053361926e+01
7.9333333053361926e+01
6.9533333327133832e+01
4.8266666655238630e+01
2.6999999718655005e+01
5.7333330519712096e+00
-1.5533333614690775e+01
-3.6800000281356397e+01
-5.8066666948033657e+01
-7.9333333614698020e+01
-7.9333333614698020e+01
-7.9333333614698020e+01
-7.9333333614698020e+01
-7.9333333614698020e+01
-7.9333333614698020e+01
-7.9333333614698020e+01
-7.9333333614698020e+01
-7.9333333614698020e+01
-7.9333333614698020e+01
-7.9333333614698020e+01
-7.9333333614698020e+01
-7.9333333614698020e+01
-6.9533333339595501e+01
-4.8266666678444473e+01
-2.7000000280021968e+01
-5.7333336133736568e+00
1.5533333053293964e+01
3.6799999719972206e+01
5.8066666386638545e+01
7.9333333053309815e+01
7.9333333053309815e+01
7.9333333053309815e+01
7.9333333053309815e+01
7.9333333053309815e+01
7.9333333053309815e+01
7.9333333053309815e+01
7.9333333053309843e+01
7.9333333053309815e+01
7.9333333053309815e+01
7.9333333053309815e+01
7.9333333053309872e+01
7.9333333053309843e+01
6.9533333327100664e+01
4.8266666655198989e+01
2.6999999718631742e+01
5.7333330519498755e+00
-1.5533333614709228e+01
-3.6800000281371823e+01
-5.8066666948043604e+01
-7.9333333614707442e+01
-7.9333333614707442e+01
-7.9333333614707442e+01
-7.9333333614707442e+01
-7.9333333614707442e+01
-7.9333333614707442e+01
-7.9333333614707442e+01
-7.9333333614707442e+01
-7.9333333614707442e+01
-7.9333333614707442e+01
-7.9333333614707442e+01
-7.9333333614707442e+01
-7.9333333614707442e+01
-6.9533333339586562e+01
-4.8266666678443585e+01
-2.7000000280016991e+01
-5.7333336133547661e+00
1.5533333053312218e+01
3.6799999719981187e+01
5.8066666386642900e+01
7.9333333053301956e+01
7.9333333053301956e+01
7.9333333053301956e+01
7.9333333053301956e+01
7.9333333053301956e+01
7.9333333053301956e+01
7.9333333053301956e+01
7.9333333053301914e+01
7.9333333053301899e+01
7.9333333053301899e+01
7.9333333053301899e+01
7.9333333053301899e+01
7.9333333053301857e+01
6.9533333327082929e+01
4.8266666655178376e+01
2.6999999718614031e+01
5.7333330519250918e+00
-1.5533333614736502e+01
-3.6800000281405353e+01
-5.8066666948062895e+01
-7.9333333614718413e+01
-7.9333333614718413e+01
-7.9333333614718413e+01
-7.9333333614718413e+01
-7.9333333614718413e+01
-7.9333333614718413e+01
-7.9333333614718413e+01
-7.9333333614718413e+01
-7.9333333614718413e+01
-7.9333333614718413e+01
-7.9333333614718413e+01
-7.9333333614718413e+01
-7.9333333614718413e+01
-6.9533333339568216e+01
-4.8266666678421345e+01
-2.7000000279990793e+01
-5.7333336133253043e+00
1.5533333053342135e+01
3.6799999720013481e+01
5.8066666386692567e+01
7.9333333053342713e+01
7.9333333053342713e+01
7.9333333053342699e+01
7.9333333053342699e+01
7.9333333053342699e+01
7.9333333053342699e+01
7.9333333053342699e+01
7.9333333053342670e+01
7.9333333053342670e+01
7.9333333053342670e+01
7.9333333053342642e+01
