0.0000000000000000e+00
0.0000000000000000e+00
0.0000000000000000e+00
0.0000000000000000e+00
0.0000000000000000e+00
0.0000000000000000e+00
0.0000000000000000e+00
7.7666666860583078e+00
1.8400518102885858e+01
2.9033333505689001e+01
3.9666666792505580e+01
3.9666666792505495e+01
3.9666666792505488e+01
3.9666666792505502e+01
3.9666666792505502e+01
3.9666666792505524e+01
3.9666666792505538e+01
3.9666666792505580e+01
3.9666666792505588e+01
3.9666666792505566e+01
3.9666666792505573e+01
3.9666666792505573e+01
3.9666666792505580e+01
3.4766666669790617e+01
2.4133333339219988e+01
1.3500000140006851e+01
2.8666668066708878e+00
-7.7666665266689687e+00
-1.8399999859998147e+01
-2.9033333193334947e+01
-3.9666666526667200e+01
-3.9666666526667143e+01
-3.9666666526667136e+01
-3.9666666526667115e+01
-3.9666666526667086e+01
-3.9666666526667107e+01
-3.9666666526667129e+01
-3.9666666526667115e+01
-3.9666666526667058e+01
-3.9666666526667086e+01
-3.9666666526667058e+01
-3.9666666526667022e+01
-3.9666666526667086e+01
-3.4766666663554702e+01
-2.4133333327597107e+01
-1.3499999859309469e+01
-2.8666665259703872e+00
7.7666668073581757e+00
1.8400000140685478e+01
2.9033333474023674e+01
3.9666666807359213e+01
3.9666666807359228e+01
3.9666666807359249e+01
3.9666666807359242e+01
3.9666666807359228e+01
3.9666666807359249e+01
3.9666666807359263e+01
3.9666666807359299e+01
3.9666666807359285e+01
3.9666666807359327e+01
3.9666666807359320e+01
3.9666666807359391e+01
3.9666666807359327e+01
3.4766666669808401e+01
2.4133333339237595e+01
1.3500000140019136e+01
2.8666668066975114e+00
-7.7666665266355128e+00
-1.8399999859966517e+01
-2.9033333193300827e+01
-3.9666666526636995e+01
-3.9666666526636966e+01
-3.9666666526636909e+01
-3.9666666526636881e+01
-3.9666666526636938e+01
-3.9666666526637030e+01
-3.9666666526637044e+01
-3.9666666526637044e+01
-3.9666666526637044e+01
-3.9666666526637073e+01
-3.9666666526637094e+01
-3.9666666526637059e+01
-3.9666666526637123e+01
-3.4766666663531865e+01
-2.4133333327592137e+01
-1.3499999859305042e+01
-2.8666665259615751e+00
7.7666668073695844e+00
1.8400000140702410e+01
2.9033333474037640e+01
3.9666666807364905e+01
3.9666666807364948e+01
3.9666666807364905e+01
3.9666666807364933e+01
3.9666666807364884e+01
3.9666666807364841e+01
3.9666666807364798e+01
3.9666666807364798e+01
3.9666666807364763e+01
3.9666666807364791e+01
3.9666666807364834e+01
3.9666666807364834e+01
3.9666666807364805e+01
3.4766666669815422e+01
2.4133333339238803e+01
1.3500000140030302e+01
2.8666668067038801e+00
-7.7666665266332240e+00
-1.8399999859970897e+01
-2.9033333193301445e+01
-3.9666666526637570e+01
-3.9666666526637584e+01
-3.9666666526637577e+01
-3.9666666526637641e+01
-3.9666666526637627e+01
-3.9666666526637641e+01
-3.9666666526637655e+01
-3.9666666526637670e+01
-3.9666666526637684e+01
-3.9666666526637684e+01
-3.9666666526637691e+01
-3.9666666526637705e+01
-3.9666666526637712e+01
-3.4766666663530081e+01
-2.4133333327578512e+01
-1.3499999859295768e+01
-2.8666665259576787e+00
7.7666668073734613e+00
1.8400000140702645e+01
2.9033333474034869e+01
3.9666666807365473e+01
3.9666666807365431e+01
3.9666666807365459e+01
3.9666666807365438e+01
3.9666666807365452e+01
3.9666666807365424e+01
3.9666666807365509e+01
3.9666666807365509e+01
3.9666666807365509e+01
3.9666666807365452e+01
3.9666666807365452e+01
3.9666666807365466e+01
3.9666666807365580e+01
3.4766666669801033e+01
2.4133333339222485e+01
1.3500000140009792e+01
2.8666668066778138e+00
-7.7666665266566435e+00
-1.8399999859995400e+01
-2.9033333193327053e+01
-3.9666666526660983e+01
-3.9666666526660975e+01
-3.9666666526660947e+01
-3.9666666526660961e+01
-3.9666666526660983e+01
-3.9666666526660947e+01
-3.9666666526660975e+01
-3.9666666526660975e+01
-3.9666666526660947e+01
-3.9666666526660975e+01
-3.9666666526660975e+01
-3.9666666526661032e+01
-3.9666666526661061e+01
-3.4766666663552677e+01
-2.4133333327600504e+01
-1.3499999859317832e+01
-2.8666665259747166e+00
7.7666668073549090e+00
1.8400000140687297e+01
2.9033333474015755e+01
3.9666666807342452e+01
3.9666666807342473e+01
3.9666666807342430e+01
3.9666666807342430e+01
3.9666666807342438e+01
3.9666666807342466e+01
3.9666666807342416e+01
3.9666666807342423e+01
3.9666666807342423e+01
3.9666666807342402e+01
3.9666666807342409e+01
3.9666666807342374e+01
3.9666666807342395e+01
3.4766666669771794e+01
2.4133333339201855e+01
1.3500000139989819e+01
2.8666668066602039e+00
-7.7666665266731165e+00
-1.8399999860012937e+01
-2.9033333193350437e+01
-3.9666666526673353e+01
-3.9666666526673332e+01
-3.9666666526673318e+01
-3.9666666526673332e+01
-3.9666666526673296e+01
-3.9666666526673289e+01
-3.9666666526673254e+01
-3.9666666526673268e+01
-3.9666666526673268e+01
-3.9666666526673289e+01
-3.9666666526673247e+01
