0.0000000000000000e+00
0.0000000000000000e+00
0.0000000000000000e+00
0.0000000000000000e+00
0.0000000000000000e+00
0.0000000000000000e+00
0.0000000000000000e+00
7.7666666860432265e+00
1.8400518102851766e+01
2.9033333505650599e+01
3.9666666792460632e+01
3.9666666792460575e+01
3.9666666792460553e+01
3.9666666792460525e+01
3.9666666792460532e+01
3.9666666792460575e+01
3.9666666792460532e+01
3.9666666792460589e+01
3.9666666792460575e+01
3.9666666792460511e+01
3.9666666792460525e+01
3.9666666792460497e+01
3.9666666792460468e+01
3.4766666669736516e+01
2.4133333339168445e+01
1.3500000139952107e+01
2.8666668066212937e+00
-7.7666665267088444e+00
-1.8399999860043522e+01
-2.9033333193381427e+01
-3.9666666526711573e+01
-3.9666666526711552e+01
-3.9666666526711531e+01
-3.9666666526711502e+01
-3.9666666526711481e+01
-3.9666666526711509e+01
-3.9666666526711523e+01
-3.9666666526711509e+01
-3.9666666526711488e+01
-3.9666666526711495e+01
-3.9666666526711467e+01
-3.9666666526711410e+01
-3.9666666526711481e+01
-3.4766666663608120e+01
-2.4133333327661536e+01
-1.3499999859376606e+01
-2.8666665260326134e+00
7.7666668072953016e+00
1.8400000140627849e+01
2.9033333473960568e+01
3.9666666807287889e+01
3.9666666807287875e+01
3.9666666807287903e+01
3.9666666807287882e+01
3.9666666807287854e+01
3.9666666807287854e+01
3.9666666807287847e+01
3.9666666807287911e+01
3.9666666807287882e+01
3.9666666807287911e+01
3.9666666807287925e+01
3.9666666807288003e+01
3.9666666807287939e+01
3.4766666669733546e+01
2.4133333339163620e+01
1.3500000139936708e+01
2.8666668066083321e+00
-7.7666665267264108e+00
-1.8399999860061968e+01
-2.9033333193392515e+01
-3.9666666526724569e+01
-3.9666666526724555e+01
-3.9666666526724455e+01
-3.9666666526724427e+01
-3.9666666526724498e+01
-3.9666666526724597e+01
-3.9666666526724590e+01
-3.9666666526724605e+01
-3.9666666526724619e+01
-3.9666666526724640e+01
-3.9666666526724647e+01
-3.9666666526724605e+01
-3.9666666526724690e+01
-3.4766666663601754e+01
-2.4133333327646220e+01
-1.3499999859349664e+01
-2.8666665260093493e+00
7.7666668073214540e+00
1.8400000140654232e+01
2.9033333473996318e+01
3.9666666807333598e+01
3.9666666807333627e+01
3.9666666807333570e+01
3.9666666807333570e+01
3.9666666807333534e+01
3.9666666807333499e+01
3.9666666807333414e+01
3.9666666807333421e+01
3.9666666807333385e+01
3.9666666807333435e+01
3.9666666807333492e+01
3.9666666807333485e+01
3.9666666807333456e+01
3.4766666669780285e+01
2.4133333339205834e+01
1.3500000139991867e+01
2.8666668066699850e+00
-7.7666665266605346e+00
-1.8399999860001117e+01
-2.9033333193336773e+01
-3.9666666526671797e+01
-3.9666666526671754e+01
-3.9666666526671762e+01
-3.9666666526671840e+01
-3.9666666526671833e+01
-3.9666666526671861e+01
-3.9666666526671889e+01
-3.9666666526671897e+01
-3.9666666526671939e+01
-3.9666666526671939e+01
-3.9666666526671946e+01
-3.9666666526671946e+01
-3.9666666526671939e+01
-3.4766666663570383e+01
-2.4133333327620264e+01
-1.3499999859335771e+01
-2.8666665259919832e+00
7.7666668073359562e+00
1.8400000140669391e+01
2.9033333474008945e+01
3.9666666807342260e+01
3.9666666807342246e+01
3.9666666807342260e+01
3.9666666807342246e+01
3.9666666807342246e+01
3.9666666807342246e+01
3.9666666807342317e+01
3.9666666807342317e+01
3.9666666807342317e+01
3.9666666807342288e+01
3.9666666807342295e+01
3.9666666807342303e+01
3.9666666807342366e+01
3.4766666669785998e+01
2.4133333339221597e+01
1.3500000140007709e+01
2.8666668066774355e+00
-7.7666665266550678e+00
-1.8399999859985353e+01
-2.9033333193315325e+01
-3.9666666526640462e+01
-3.9666666526640455e+01
-3.9666666526640434e+01
-3.9666666526640441e+01
-3.9666666526640455e+01
-3.9666666526640405e+01
-3.9666666526640455e+01
-3.9666666526640462e+01
-3.9666666526640434e+01
-3.9666666526640462e+01
-3.9666666526640462e+01
-3.9666666526640512e+01
-3.9666666526640483e+01
-3.4766666663529975e+01
-2.4133333327577514e+01
-1.3499999859295814e+01
-2.8666665259499990e+00
7.7666668073819567e+00
1.8400000140718451e+01
2.9033333474047438e+01
3.9666666807376217e+01
3.9666666807376238e+01
3.9666666807376195e+01
3.9666666807376203e+01
3.9666666807376217e+01
3.9666666807376224e+01
3.9666666807376210e+01
3.9666666807376188e+01
3.9666666807376188e+01
3.9666666807376188e+01
3.9666666807376188e+01
3.9666666807376131e+01
3.9666666807376117e+01
3.4766666669796415e+01
2.4133333339219401e+01
1.3500000140000877e+01
2.8666668066649996e+00
-7.7666665266690806e+00
-1.8399999860000626e+01
-2.9033333193342134e+01
-3.9666666526669488e+01
-3.9666666526669459e+01
-3.9666666526669459e+01
-3.9666666526669445e+01
-3.9666666526669424e+01
-3.9666666526669410e+01
-3.9666666526669403e+01
-3.9666666526669410e+01
-3.9666666526669395e+01
-3.9666666526669417e+01
-3.9666666526669395e+01
