0.0000000000000000e+00
-1.5560975609852837e-04
-3.1124373036186805e-04
-4.6682926829708061e-04
-6.2243901685980231e-04
-7.7807298358384392e-04
-9.3373117601023171e-04
-1.8659349615495532e-03
-3.0849583421605248e-03
-4.3038211569690404e-03
-5.5227642412274411e-03
-5.3671544854708292e-03
-5.2115689403428953e-03
-5.0560075983104259e-03
-4.9003252158510745e-03
-4.7446670666223935e-03
-4.5891057036443255e-03
-4.4334959475465568e-03
-4.2779104020778825e-03
-4.1222764353508537e-03
-3.9666666792493302e-03
-3.8110569231516573e-03
-3.6554713776846721e-03
-3.0098373987261749e-03
-1.7908943096098932e-03
-5.7195123467072449e-04
6.4699185476054606e-04
1.8659349441918307e-03
3.0848780336223533e-03
4.3038211230543490e-03
5.5227642124848954e-03
5.3671544561122112e-03
5.2115204815754461e-03
5.0558622813344370e-03
4.9003251892392029e-03
4.7447639015944744e-03
4.5891056770559126e-03
4.4334959209584449e-03
4.2778619466959551e-03
4.1222764087634920e-03
3.9666666526694929e-03
3.8110568965708837e-03
3.6554229223088328e-03
3.0098373980251359e-03
1.7908943082972472e-03
5.7195120428051548e-04
-6.4699188515199432e-04
-1.8659349745821392e-03
-3.0848780640125488e-03
-4.3038211534435914e-03
-5.5227642428743737e-03
-5.3671544869533273e-03
-5.2115689416606693e-03
-5.0560075994652374e-03
-4.9003252173330358e-03
-4.7446670684324725e-03
-4.5891057051258210e-03
-4.4334959490284591e-03
-4.2779104035600233e-03
-4.1222764368336398e-03
-3.9666666807325161e-03
-3.8110569246359994e-03
-3.6554713791682558e-03
-3.0098373987251415e-03
-1.7908943096082001e-03
-5.7195123466841720e-04
6.4699185476165477e-04
1.8659349441926744e-03
3.0848780336232267e-03
4.3038211230538052e-03
5.5227642124849536e-03
5.3671544561121158e-03
5.2115204815749491e-03
5.0558622813330458e-03
4.9003251892382992e-03
4.7447639015920527e-03
4.5891056770544329e-03
4.4334959209564630e-03
4.2778619466935534e-03
4.1222764087605239e-03
3.9666666526670703e-03
3.8110568965692235e-03
3.6554229223054752e-03
3.0098373980215411e-03
1.7908943082943090e-03
5.7195120427714534e-04
-6.4699188515511411e-04
-1.8659349745856417e-03
-3.0848780640162776e-03
-4.3038211534479854e-03
-5.5227642428790193e-03
-5.3671544869572348e-03
-5.2115689416649203e-03
-5.0560075994690720e-03
-4.9003252173379390e-03
-4.7446670684383940e-03
-4.5891057051325873e-03
-4.4334959490348897e-03
-4.2779104035672493e-03
-4.1222764368402292e-03
-3.9666666807387776e-03
-3.8110569246421473e-03
-3.6554713791742397e-03
-3.0098373987327330e-03
-1.7908943096149536e-03
-5.7195123467624742e-04
6.4699185475320829e-04
1.8659349441841903e-03
3.0848780336153424e-03
4.3038211230461637e-03
5.5227642124774188e-03
5.3671544561054718e-03
5.2115204815680761e-03
5.0558622813266967e-03
4.9003251892320819e-03
4.7447639015860601e-03
4.5891056770481246e-03
4.4334959209506248e-03
4.2778619466879433e-03
4.1222764087546380e-03
3.9666666526614472e-03
3.8110568965639877e-03
3.6554229223014706e-03
3.0098373980177256e-03
1.7908943082898185e-03
5.7195120427337189e-04
-6.4699188515864861e-04
-1.8659349745893370e-03
-3.0848780640197917e-03
-4.3038211534511348e-03
-5.5227642428817081e-03
-5.3671544869607372e-03
-5.2115689416678927e-03
-5.0560075994715223e-03
-4.9003252173411465e-03
-4.7446670684408651e-03
-4.5891057051343932e-03
-4.4334959490369436e-03
-4.2779104035682832e-03
-4.1222764368419812e-03
-3.9666666807408046e-03
-3.8110569246440199e-03
-3.6554713791763240e-03
-3.0098373987334339e-03
-1.7908943096162425e-03
-5.7195123467746205e-04
6.4699185475313803e-04
1.8659349441841385e-03
3.0848780336151117e-03
4.3038211230452782e-03
5.5227642124760891e-03
5.3671544561034196e-03
5.2115204815651756e-03
5.0558622813236297e-03
4.9003251892290739e-03
4.7447639015843019e-03
4.5891056770461583e-03
4.4334959209487886e-03
4.2778619466870412e-03
4.1222764087546328e-03
3.9666666526601601e-03
3.8110568965623987e-03
3.6554229223005430e-03
3.0098373980158117e-03
1.7908943082872535e-03
5.7195120427101266e-04
-6.4699188516145994e-04
-1.8659349745921146e-03
-3.0848780640233215e-03
-4.3038211534539850e-03
-5.5227642428842616e-03
-5.3671544869630097e-03
-5.2115689416706249e-03
-5.0560075994741617e-03
-4.9003252173432229e-03
-4.7446670684436025e-03
-4.5891057051358139e-03
-4.4334959490378778e-03
-4.2779104035688608e-03
-4.1222764368420749e-03
-3.9666666807410822e-03
-3.8110569246439007e-03
-3.6554713791758882e-03
-3.0098373987330093e-03
-1.7908943096153107e-03
-5.7195123467605855e-04
6.4699185475460344e-04
1.8659349441856920e-03
3.0848780336169032e-03
4.3038211230484779e-03
5.5227642124781708e-03
5.3671544561060720e-03
5.2115204815685297e-03
5.0558622813273090e-03
4.9003251892319908e-03
4.7447639015872900e-03
4.5891056770497197e-03
4.4334959209525694e-03
4.2778619466907718e-03
4.1222764087571542e-03
3.9666666526635532e-03
