0.0000000000000000e+00
4.6682926829070344e-05
9.3363674464571453e-05
1.4004878049072978e-04
1.8673170711855811e-04
2.3341245455315909e-04
2.8009102299712444e-04
7.1511382221521244e-04
1.2934706932767981e-03
1.8718130185022344e-03
2.4501626093078733e-03
2.4034796817956122e-03
2.3567945748861007e-03
2.3101072883759287e-03
2.2634309006102611e-03
2.2167523340585827e-03
2.1700650469443031e-03
2.1233821201153812e-03
2.0766970138885754e-03
2.0300162664568739e-03
1.9833333396257133e-03
1.9366504127964332e-03
1.8899653065691643e-03
1.5982845530173742e-03
1.0199349596736187e-03
4.4158537435507654e-04
-1.3676421914099498e-04
-7.1511381263723861e-04
-1.2934634061328445e-03
-1.8718129996285319e-03
-2.4501625931245261e-03
-2.4034796670512901e-03
-2.3567989201720061e-03
-2.3101203522824061e-03
-2.2634308872997292e-03
-2.2167436021210450e-03
-2.1700650336487493e-03
-2.1233821068195116e-03
-2.0767013591830880e-03
-2.0300162531599565e-03
-1.9833333263333773e-03
-1.9366503995043203e-03
-1.8899696518681424e-03
-1.5982845526732660e-03
-1.0199349590315166e-03
-4.4158535731129284e-04
1.3676423618431933e-04
7.1511382968021437e-04
1.2934634231757300e-03
1.8718130166724275e-03
2.4501626101684896e-03
2.4034796825389520e-03
2.3567945755120132e-03
2.3101072888832399e-03
2.2634309013537450e-03
2.2167523350367277e-03
2.1700650476877267e-03
2.1233821208583989e-03
2.0766970146323923e-03
2.0300162672001994e-03
1.9833333403688840e-03
1.9366504135397069e-03
1.8899653073126091e-03
1.5982845530193536e-03
1.0199349596767371e-03
4.4158537435812282e-04
-1.3676421913724697e-04
-7.1511381263322760e-04
-1.2934634061292701e-03
-1.8718129996258199e-03
-2.4501625931216678e-03
-2.4034796670489352e-03
-2.3567989201697787e-03
-2.3101203522819364e-03
-2.2634308872983163e-03
-2.2167436021190406e-03
-2.1700650336477540e-03
-2.1233821068188767e-03
-2.0767013591841744e-03
-2.0300162531608989e-03
-1.9833333263340712e-03
-1.9366503995050276e-03
-1.8899696518695345e-03
-1.5982845526742067e-03
-1.0199349590326473e-03
-4.4158535731174267e-04
1.3676423618444352e-04
7.1511382968033569e-04
1.2934634231764775e-03
1.8718130166722039e-03
2.4501626101672580e-03
2.4034796825382959e-03
2.3567945755110955e-03
2.3101072888828404e-03
2.2634309013525524e-03
2.2167523350359896e-03
2.1700650476859590e-03
2.1233821208572340e-03
2.0766970146304342e-03
2.0300162671979100e-03
1.9833333403662303e-03
1.9366504135372704e-03
1.8899653073098425e-03
1.5982845530167259e-03
1.0199349596735539e-03
4.4158537435575184e-04
-1.3676421914037424e-04
-7.1511381263660077e-04
-1.2934634061330290e-03
-1.8718129996287284e-03
-2.4501625931250062e-03
-2.4034796670518803e-03
-2.3567989201725755e-03
-2.3101203522831642e-03
-2.2634308873004643e-03
-2.2167436021226315e-03
-2.1700650336506037e-03
-2.1233821068209285e-03
-2.0767013591856433e-03
-2.0300162531616656e-03
-1.9833333263350630e-03
-1.9366503995056036e-03
-1.8899696518690776e-03
-1.5982845526740998e-03
-1.0199349590329352e-03
-4.4158535731278465e-04
1.3676423618284639e-04
7.1511382967867892e-04
1.2934634231744342e-03
1.8718130166701747e-03
2.4501626101660801e-03
2.4034796825352436e-03
2.3567945755084032e-03
2.3101072888798055e-03
2.2634309013502005e-03
2.2167523350337531e-03
2.1700650476838045e-03
2.1233821208544415e-03
2.0766970146277762e-03
2.0300162671959949e-03
1.9833333403641356e-03
1.9366504135349683e-03
1.8899653073085520e-03
1.5982845530146314e-03
1.0199349596713959e-03
4.4158537435362035e-04
-1.3676421914229827e-04
-7.1511381263827034e-04
-1.2934634061346501e-03
-1.8718129996307116e-03
-2.4501625931267132e-03
-2.4034796670535106e-03
-2.3567989201749239e-03
-2.3101203522868357e-03
-2.2634308873024397e-03
-2.2167436021232295e-03
-2.1700650336516540e-03
-2.1233821068228622e-03
-2.0767013591871117e-03
-2.0300162531638800e-03
-1.9833333263373585e-03
-1.9366503995079255e-03
-1.8899696518726449e-03
-1.5982845526768066e-03
-1.0199349590355100e-03
-4.4158535731534727e-04
1.3676423618091624e-04
7.1511382967667141e-04
1.2934634231723812e-03
1.8718130166677190e-03
2.4501626101634220e-03
2.4034796825335722e-03
2.3567945755054681e-03
2.3101072888772867e-03
2.2634309013478443e-03
2.2167523350315262e-03
2.1700650476813212e-03
2.1233821208523308e-03
2.0766970146253107e-03
2.0300162671933438e-03
1.9833333403623905e-03
1.9366504135333005e-03
1.8899653073064138e-03
1.5982845530134729e-03
1.0199349596705335e-03
4.4158537435236061e-04
-1.3676421914367366e-04
-7.1511381263972512e-04
-1.2934634061361314e-03
-1.8718129996322691e-03
-2.4501625931278616e-03
-2.4034796670546043e-03
-2.3567989201756278e-03
-2.3101203522872590e-03
-2.2634308873039403e-03
-2.2167436021247196e-03
-2.1700650336526342e-03
-2.1233821068238311e-03
-2.0767013591883755e-03
-2.0300162531643766e-03
-1.9833333263377020e-03
