0.0000000000000000e+00
4.6682926829114580e-05
9.3363674464448301e-05
1.4004878048960950e-04
1.8673170711763654e-04
2.3341245455124751e-04
2.8009102299442169e-04
7.1511382221333547e-04
1.2934706932738076e-03
1.8718130184998156e-03
2.4501626093049065e-03
2.4034796817925435e-03
2.3567945748827319e-03
2.3101072883724176e-03
2.2634309006071625e-03
2.2167523340552702e-03
2.1700650469407123e-03
2.1233821201120831e-03
2.0766970138858150e-03
2.0300162664536612e-03
1.9833333396214524e-03
1.9366504127925643e-03
1.8899653065659128e-03
1.5982845530142806e-03
1.0199349596710491e-03
4.4158537435285143e-04
-1.3676421914256227e-04
-7.1511381263811920e-04
-1.2934634061345729e-03
-1.8718129996302632e-03
-2.4501625931259308e-03
-2.4034796670525790e-03
-2.3567989201733466e-03
-2.3101203522844370e-03
-2.2634308873009444e-03
-2.2167436021223296e-03
-2.1700650336506037e-03
-2.1233821068219992e-03
-2.0767013591861550e-03
-2.0300162531631562e-03
-1.9833333263363914e-03
-1.9366503995070030e-03
-1.8899696518713876e-03
-1.5982845526757324e-03
-1.0199349590343427e-03
-4.4158535731389633e-04
1.3676423618211260e-04
7.1511382967796844e-04
1.2934634231741658e-03
1.8718130166698074e-03
2.4501626101652262e-03
2.4034796825360616e-03
2.3567945755093821e-03
2.3101072888808928e-03
2.2634309013506134e-03
2.2167523350345181e-03
2.1700650476852825e-03
2.1233821208564191e-03
2.0766970146297243e-03
2.0300162671979430e-03
1.9833333403659779e-03
1.9366504135371195e-03
1.8899653073104173e-03
1.5982845530170225e-03
1.0199349596743405e-03
4.4158537435433506e-04
-1.3676421914133119e-04
-7.1511381263729737e-04
-1.2934634061337151e-03
-1.8718129996297195e-03
-2.4501625931253163e-03
-2.4034796670518751e-03
-2.3567989201727585e-03
-2.3101203522834777e-03
-2.2634308873007800e-03
-2.2167436021230400e-03
-2.1700650336504892e-03
-2.1233821068211440e-03
-2.0767013591859013e-03
-2.0300162531637338e-03
-1.9833333263367487e-03
-1.9366503995068879e-03
-1.8899696518705870e-03
-1.5982845526753406e-03
-1.0199349590337091e-03
-4.4158535731252520e-04
1.3676423618330750e-04
7.1511382967933356e-04
1.2934634231754471e-03
1.8718130166718067e-03
2.4501626101677146e-03
2.4034796825383635e-03
2.3567945755110782e-03
2.3101072888827593e-03
2.2634309013524804e-03
2.2167523350356730e-03
2.1700650476856355e-03
2.1233821208554394e-03
2.0766970146285685e-03
2.0300162671974199e-03
1.9833333403657186e-03
1.9366504135365011e-03
1.8899653073101881e-03
1.5982845530166439e-03
1.0199349596739439e-03
4.4158537435551684e-04
-1.3676421914001128e-04
-7.1511381263582004e-04
-1.2934634061326639e-03
-1.8718129996287518e-03
-2.4501625931248063e-03
-2.4034796670523032e-03
-2.3567989201728583e-03
-2.3101203522840077e-03
-2.2634308873011088e-03
-2.2167436021232685e-03
-2.1700650336506340e-03
-2.1233821068212351e-03
-2.0767013591854381e-03
-2.0300162531626045e-03
-1.9833333263355023e-03
-1.9366503995061099e-03
-1.8899696518703121e-03
-1.5982845526748123e-03
-1.0199349590332347e-03
-4.4158535731277467e-04
1.3676423618339876e-04
7.1511382967870082e-04
1.2934634231750633e-03
1.8718130166712355e-03
2.4501626101671287e-03
2.4034796825375343e-03
2.3567945755104207e-03
2.3101072888819822e-03
2.2634309013520168e-03
2.2167523350350988e-03
2.1700650476861559e-03
2.1233821208572821e-03
2.0766970146301662e-03
2.0300162671979855e-03
1.9833333403653664e-03
1.9366504135368146e-03
1.8899653073111409e-03
1.5982845530171318e-03
1.0199349596748985e-03
4.4158537435580870e-04
-1.3676421914000930e-04
-7.1511381263593171e-04
-1.2934634061316150e-03
-1.8718129996278701e-03
-2.4501625931230490e-03
-2.4034796670505641e-03
-2.3567989201715364e-03
-2.3101203522824707e-03
-2.2634308872995137e-03
-2.2167436021206452e-03
-2.1700650336487727e-03
-2.1233821068190467e-03
-2.0767013591835308e-03
-2.0300162531597080e-03
-1.9833333263339285e-03
-1.9366503995040976e-03
-1.8899696518684917e-03
-1.5982845526731544e-03
-1.0199349590321242e-03
-4.4158535731200863e-04
1.3676423618443282e-04
7.1511382968030652e-04
1.2934634231762923e-03
1.8718130166715573e-03
2.4501626101672627e-03
2.4034796825373652e-03
2.3567945755103730e-03
2.3101072888817254e-03
2.2634309013521503e-03
2.2167523350354597e-03
2.1700650476852911e-03
2.1233821208558453e-03
2.0766970146283074e-03
2.0300162671965105e-03
1.9833333403646079e-03
1.9366504135359310e-03
1.8899653073098837e-03
1.5982845530158115e-03
1.0199349596730560e-03
4.4158537435447156e-04
-1.3676421914201719e-04
-7.1511381263776358e-04
-1.2934634061333391e-03
-1.8718129996301411e-03
-2.4501625931259347e-03
-2.4034796670527442e-03
-2.3567989201737707e-03
-2.3101203522854765e-03
-2.2634308873025317e-03
-2.2167436021234789e-03
-2.1700650336518783e-03
-2.1233821068221306e-03
-2.0767013591867747e-03
-2.0300162531633557e-03
-1.9833333263367535e-03
