0.0000000000000000e+00
0.0000000000000000e+00
0.0000000000000000e+00
0.0000000000000000e+00
0.0000000000000000e+00
0.0000000000000000e+00
0.0000000000000000e+00
7.7666666860507719e-04
1.8400518102868811e-03
2.9033333505669831e-03
3.9666666792483015e-03
3.9666666792483015e-03
3.9666666792483015e-03
3.9666666792483015e-03
3.9666666792483015e-03
3.9666666792483015e-03
3.9666666792483015e-03
3.9666666792483015e-03
3.9666666792483015e-03
3.9666666792483015e-03
3.9666666792483015e-03
3.9666666792483015e-03
3.9666666792483015e-03
4.4566666915202427e-03
5.5200000245771855e-03
6.5833333444986564e-03
7.6466666778319944e-03
8.7100000111654929e-03
9.7733333444986852e-03
1.0836666677832419e-02
1.1900000011165540e-02
1.1900000011165540e-02
1.1900000011165540e-02
1.1900000011165540e-02
1.1900000011165540e-02
1.1900000011165540e-02
1.1900000011165540e-02
1.1900000011165540e-02
1.1900000011165540e-02
1.1900000011165540e-02
1.1900000011165540e-02
1.1900000011165540e-02
1.1900000011165540e-02
1.2389999997476336e-02
1.3453333331071543e-02
1.4516666677900162e-02
1.5580000011234319e-02
1.6643333344567142e-02
1.7706666677900128e-02
1.8770000011233679e-02
1.9833333344566828e-02
1.9833333344566828e-02
1.9833333344566828e-02
1.9833333344566828e-02
1.9833333344566828e-02
1.9833333344566828e-02
1.9833333344566828e-02
1.9833333344566828e-02
1.9833333344566828e-02
1.9833333344566828e-02
1.9833333344566828e-02
1.9833333344566828e-02
1.9833333344566828e-02
2.0323333358322079e-02
2.1386666691379123e-02
2.2450000011301392e-02
2.3513333344633895e-02
2.4576666677967283e-02
2.5640000011300609e-02
2.6703333344633859e-02
2.7766666677967275e-02
2.7766666677967275e-02
2.7766666677967275e-02
2.7766666677967275e-02
2.7766666677967275e-02
2.7766666677967275e-02
2.7766666677967275e-02
2.7766666677967275e-02
2.7766666677967275e-02
2.7766666677967275e-02
2.7766666677967275e-02
2.7766666677967275e-02
2.7766666677967275e-02
2.8256666664278687e-02
2.9319999997873436e-02
3.0383333344702623e-02
3.1446666678036798e-02
3.2510000011369888e-02
3.3573333344703193e-02
3.4636666678037033e-02
3.5700000011370255e-02
3.5700000011370255e-02
3.5700000011370255e-02
3.5700000011370255e-02
3.5700000011370255e-02
3.5700000011370255e-02
3.5700000011370255e-02
3.5700000011370255e-02
3.5700000011370255e-02
3.5700000011370255e-02
3.5700000011370255e-02
3.5700000011370255e-02
3.5700000011370255e-02
3.6190000025125402e-02
3.7253333358182927e-02
3.8316666678104072e-02
3.9380000011436475e-02
4.0443333344769884e-02
4.1506666678103800e-02
4.2570000011437119e-02
4.3633333344770653e-02
4.3633333344770653e-02
4.3633333344770653e-02
4.3633333344770653e-02
4.3633333344770653e-02
4.3633333344770653e-02
4.3633333344770653e-02
4.3633333344770653e-02
4.3633333344770653e-02
4.3633333344770653e-02
4.3633333344770653e-02
4.3633333344770653e-02
4.3633333344770653e-02
4.4123333331081122e-02
4.5186666664676231e-02
4.6250000011504561e-02
4.7313333344838678e-02
4.8376666678171629e-02
4.9440000011504774e-02
5.0503333344838364e-02
5.1566666678171558e-02
5.1566666678171558e-02
5.1566666678171558e-02
5.1566666678171558e-02
5.1566666678171558e-02
5.1566666678171558e-02
5.1566666678171558e-02
5.1566666678171558e-02
5.1566666678171558e-02
5.1566666678171558e-02
5.1566666678171558e-02
5.1566666678171558e-02
5.1566666678171558e-02
5.2056666691927586e-02
5.3120000024984723e-02
5.4183333344906090e-02
5.5246666678239208e-02
5.6310000011572547e-02
5.7373333344905963e-02
5.8436666678239088e-02
5.9500000011572053e-02
5.9500000011572053e-02
5.9500000011572053e-02
5.9500000011572053e-02
5.9500000011572053e-02
5.9500000011572053e-02
5.9500000011572053e-02
5.9500000011572053e-02
5.9500000011572053e-02
5.9500000011572053e-02
5.9500000011572053e-02
5.9500000011572053e-02
5.9500000011572053e-02
5.9989999997882980e-02
6.1053333331478214e-02
6.2116666678306391e-02
6.3180000011640897e-02
6.4243333344973966e-02
6.5306666678307396e-02
6.6370000011640312e-02
6.7433333344973062e-02
6.7433333344973062e-02
6.7433333344973062e-02
6.7433333344973062e-02
6.7433333344973062e-02
6.7433333344973062e-02
6.7433333344973062e-02
6.7433333344973062e-02
6.7433333344973062e-02
6.7433333344973062e-02
6.7433333344973062e-02
6.7433333344973062e-02
6.7433333344973062e-02
6.7923333358730575e-02
6.8986666691787921e-02
7.0050000011709440e-02
7.1113333345042731e-02
7.2176666678376133e-02
7.3240000011709661e-02
7.4303333345043646e-02
7.5366666678376132e-02
7.5366666678376132e-02
7.5366666678376132e-02
7.5366666678376132e-02
7.5366666678376132e-02
7.5366666678376132e-02
7.5366666678376132e-02
7.5366666678376132e-02
7.5366666678376132e-02
7.5366666678376132e-02
7.5366666678376132e-02
