0.0000000000000000e+00
-1.8722748093888688e-10
-3.7233692610579160e-03
5.0111624440425206e-10
8.1228622360808722e-07
-3.7217444143444354e-03
-1.1168481406716660e-02
1.1404267474804512e-08
-1.0711813639705249e-02
5.1150327394358751e-07
4.2935372283456401e-07
1.1979178573137608e-07
-3.7227476875151934e-03
-1.1167362250574346e-02
1.8542072518241296e-09
7.4423757363892935e-03
2.7587832355009566e-10
4.2176538569996964e-10
-3.7225575401231576e-03
5.3232264189890192e-10
1.7745782271323240e-10
2.6757282273714684e-10
-3.7225580336473687e-03
1.6060988842962893e-09
2.6690227131606822e-09
4.5509301454948892e-07
4.5521071125336894e-07
4.5524066412815917e-07
4.5522299945594015e-07
4.5548635252489389e-07
4.5548413629206265e-07
1.2491243260900680e-07
-3.7235745849823563e-03
-1.1171454405043852e-02
2.5773018866363281e-09
7.4505246423476282e-03
9.5041366543763946e-10
8.0182123649832296e-10
-3.7233678471723305e-03
1.1730686965766462e-09
5.2738672770330427e-10
3.4895122787780224e-10
-3.7233683975750219e-03
2.4029547728185441e-09
4.0775595486894659e-09
4.5726651703309690e-07
4.5694001277682138e-07
4.5701775415554437e-07
4.5703829014076799e-07
4.5713994992460412e-07
4.5710336692981519e-07
1.2074162585157630e-07
-3.7227735730159302e-03
-1.1167415608223846e-02
2.6786162060102927e-09
7.4424305088269371e-03
1.3331639483866363e-09
1.3181529506815763e-09
-3.7225565012818569e-03
1.3727813183860167e-09
9.2595892579059322e-10
8.1938150436252313e-10
-3.7225572241366195e-03
2.5269527813556533e-09
3.9106898863339314e-09
4.5619914048200190e-07
4.5622428881108760e-07
4.5618906188400656e-07
4.5606666926437748e-07
4.5587636356924306e-07
4.5601876882891360e-07
1.2532388066258732e-07
-3.7235742954542113e-03
-1.1171454667058624e-02
2.5373612637896592e-09
7.4505244802408150e-03
6.9337448230517303e-10
5.4325655863850706e-10
-3.7233687167272855e-03
2.1522919284294759e-10
-2.7335907650094661e-10
-3.1351557438004318e-10
-3.7233693249550284e-03
1.5520048399219380e-09
3.4472317957180111e-09
4.5688354803514833e-07
4.5677796605441379e-07
4.5679712677615664e-07
4.5689654759557967e-07
4.5678594289430570e-07
4.5656968628675394e-07
1.2048232608303781e-07
-3.7227740136049911e-03
-1.1167415826054586e-02
2.1136241567296988e-09
7.4424298430774251e-03
1.2146923469937312e-10
1.6279683713228324e-10
-3.7225579487071793e-03
-5.0839785301278334e-12
-5.4459083701998330e-10
-5.7267913065958936e-10
-3.7225587486763535e-03
8.1756971184231822e-10
2.3109527823176647e-09
4.5470555440199601e-07
4.5451669480228477e-07
4.5446194847508763e-07
4.5431545988832734e-07
4.5437910830430370e-07
4.5432002904079497e-07
1.2368656149185328e-07
-3.7235758668204577e-03
-1.1171455749149514e-02
1.2347005069100890e-09
7.4505228461377079e-03
-7.5011039489803097e-10
-6.2645243635220283e-10
-3.7233696215387764e-03
-4.2511018170933836e-10
-9.6922832484018277e-10
-9.3957552094548406e-10
-3.7233696339244002e-03
1.1634903892435383e-09
2.7564563615032168e-09
4.5601774267905572e-07
4.5592653062587449e-07
4.5582204316752243e-07
4.5590421982573304e-07
4.5583589378987708e-07
4.5586694027526277e-07
1.1917534489272909e-07
-3.7227751098157244e-03
-1.1167417016003987e-02
1.1142622595049737e-09
7.4424288564772963e-03
-6.2701111774199557e-10
-5.4962894826313937e-10
-3.7225585894833497e-03
-6.8866632836151842e-10
-1.4473059183690989e-09
-1.4459983007344374e-09
-3.7225593229235090e-03
3.3821500406866993e-10
1.8070091694703672e-09
4.5413937354198633e-07
4.5414854221453992e-07
4.5412955292124581e-07
4.5410726823365269e-07
4.5398218985196108e-07
4.5404078598951654e-07
1.2333414805858889e-07
-3.7235765391286160e-03
-1.1171456793551204e-02
6.6508120720643008e-10
7.4505228911765364e-03
-9.4988372987520399e-10
-1.0512652346977751e-09
-3.7233698721312620e-03
-6.9171350327602593e-10
-1.5450622786034011e-09
-1.4756137303318865e-09
-3.7233704645816632e-03
4.3200809933695731e-10
1.9277473919270110e-09
4.5515952168690509e-07
4.5505153980970459e-07
4.5500988237153734e-07
4.5491345069964631e-07
4.5473129870752010e-07
4.5475803602443658e-07
1.1828414377368363e-07
-3.7227762990814928e-03
-1.1167418122298446e-02
1.6754656980459898e-10
7.4424279494877746e-03
-1.5300815403906489e-09
-1.3183731197430309e-09
-3.7225594732606059e-03
-1.4451502750014800e-09
-1.9103835372599640e-09
-1.8513758526087413e-09
-3.7225598287613550e-03
1.2359420433815020e-10
1.6951191723763884e-09
4.5410479625965398e-07
4.5397021105619222e-07
4.5396893477102622e-07
4.5399364634953174e-07
4.5397166823234955e-07
4.5388492867172071e-07
1.2337231104354850e-07
-3.7235763239083478e-03
-1.1171456590180069e-02
5.1346043419260180e-10
7.4505228161912667e-03
-8.8266509182853068e-10
-9.1603221964083906e-10
-3.7233698333579593e-03
-5.8851172157490089e-10
-1.1890271221253917e-09
