0.0000000000000000e+00
3.1900000000124827e+01
6.3803475376470075e+01
9.5700000001070606e+01
1.2759999878115386e+02
1.5950347293688236e+02
1.9141042368946731e+02
2.2330000005815248e+02
2.5520155430860663e+02
2.8710000051700968e+02
3.1900000037744951e+02
2.8710000032350183e+02
2.5520347442527049e+02
2.2331042146277946e+02
1.9140000000425522e+02
1.5949305636194629e+02
1.2760000000123443e+02
9.5700000001247560e+01
6.3803474156984102e+01
3.1900000001172039e+01
1.3897823836449416e-10
3.1899999999780775e+01
6.3796525843832853e+01
9.5699999990709600e+01
1.2759999998241790e+02
1.5949999958006197e+02
1.9139999958006172e+02
2.2329999958006698e+02
2.5519999958006281e+02
2.8709999958007472e+02
3.1899999958006839e+02
2.8709999965590066e+02
2.5519652435569679e+02
2.2328957245821380e+02
1.9139999999583824e+02
1.5950695581984132e+02
1.2759999999890076e+02
9.5699999998959768e+01
6.3796524622687862e+01
3.1899999998882326e+01
2.0588495915855345e-10
3.1900000000291271e+01
6.3803475376499996e+01
9.5700000009255760e+01
1.2760000001711209e+02
1.5950000042197084e+02
1.9140000042199537e+02
2.2330000042198023e+02
2.5520000042197009e+02
2.8710000042197623e+02
3.1900000042197081e+02
2.8710000032360864e+02
2.5520347438090033e+02
2.2331042137401852e+02
1.9140000000419727e+02
1.5949305645072562e+02
1.2760000000117952e+02
9.5700000001220488e+01
6.3803474157030792e+01
3.1900000001282184e+01
1.4835619662459557e-10
3.1899999999436730e+01
6.3796525843566158e+01
9.5699999990687360e+01
1.2759999998239874e+02
1.5949999958006643e+02
1.9139999958004159e+02
2.2329999958004350e+02
2.5519999958004348e+02
2.8709999958004039e+02
3.1899999958004275e+02
2.8709999965589498e+02
2.5519652435563296e+02
2.2328957245810690e+02
1.9139999999581346e+02
1.5950695581959025e+02
1.2759999999882794e+02
9.5699999998788954e+01
6.3796524622599804e+01
3.1899999998812014e+01
2.1350026844342714e-10
3.1900000000203715e+01
6.3803475376639739e+01
9.5700000009299373e+01
1.2760000001714232e+02
1.5950000042201810e+02
1.9140000042204352e+02
2.2330000042203625e+02
2.5520000042203503e+02
2.8710000042205081e+02
3.1900000042204726e+02
2.8710000032360063e+02
2.5520347438087484e+02
2.2331042137399066e+02
1.9140000000426451e+02
1.5949305645093318e+02
1.2760000000134964e+02
9.5700000001282220e+01
6.3803474157154483e+01
3.1900000001322496e+01
2.3972888277977538e-10
3.1899999999529058e+01
6.3796525843676761e+01
9.5699999990606827e+01
1.2759999998233343e+02
1.5949999957996721e+02
1.9139999957993962e+02
2.2329999957994090e+02
2.5519999957995839e+02
2.8709999957995774e+02
3.1899999957996454e+02
2.8709999965597302e+02
2.5519652435563464e+02
2.2328957245816289e+02
1.9139999999593437e+02
1.5950695581988268e+02
1.2759999999903617e+02
9.5699999999024399e+01
6.3796524622800291e+01
3.1899999998889022e+01
1.1078898424472277e-10
3.1900000000126099e+01
6.3803475376471283e+01
9.5700000009349466e+01
1.2760000001720209e+02
1.5950000042205278e+02
1.9140000042207527e+02
2.2330000042206422e+02
2.5520000042205803e+02
2.8710000042206559e+02
3.1900000042206159e+02
2.8710000032358136e+02
2.5520347438082882e+02
2.2331042137383952e+02
1.9140000000430459e+02
1.5949305645082831e+02
1.2760000000123063e+02
9.5700000001277829e+01
6.3803474156969742e+01
3.1900000001223088e+01
3.7964166080228692e-11
3.1899999999632762e+01
6.3796525843629666e+01
9.5699999990620171e+01
1.2759999998233450e+02
1.5949999957997420e+02
1.9139999957996784e+02
2.2329999957996841e+02
2.5519999957997177e+02
2.8709999957996416e+02
3.1899999957995283e+02
2.8709999965582972e+02
2.5519652435546979e+02
2.2328957245803446e+02
1.9139999999567812e+02
1.5950695581958939e+02
1.2759999999875433e+02
9.5699999998766359e+01
6.3796524622637705e+01
3.1899999998814899e+01
1.8733099047124599e-10
3.1900000000288067e+01
6.3803475376405359e+01
9.5700000009375756e+01
1.2760000001723279e+02
1.5950000042207898e+02
1.9140000042211292e+02
2.2330000042210506e+02
2.5520000042210881e+02
2.8710000042209481e+02
3.1900000042207773e+02
2.8710000032360233e+02
2.5520347438086162e+02
2.2331042137387402e+02
1.9140000000429194e+02
1.5949305645096595e+02
1.2760000000107733e+02
9.5700000001059280e+01
6.3803474156627530e+01
3.1900000000848291e+01
5.0452590014166657e-11
3.1899999999985422e+01
6.3796525844073606e+01
9.5699999990647925e+01
1.2759999998236809e+02
1.5949999958001428e+02
1.9139999958001221e+02
2.2329999958001366e+02
2.5519999958002074e+02
2.8709999958003914e+02
3.1899999958001433e+02
2.8709999965595722e+02
2.5519652435568258e+02
2.2328957245830730e+02
1.9139999999596287e+02
1.5950695581992997e+02
1.2759999999917852e+02
9.5699999999206625e+01
6.3796524623127262e+01
3.1899999999132923e+01
-6.0209915458458729e-11
