0.0000000000000000e+00
-1.8025126942719533e-10
-3.7233693009292670e-03
3.2189923399124125e-10
8.1213261012474979e-07
-3.7217447059765723e-03
-1.1168481803562457e-02
1.1259786061039819e-08
-1.0711813792986987e-02
5.1143788169135842e-07
4.2926768624946290e-07
1.1967735671367435e-07
-3.7227478910543225e-03
-1.1167362517670171e-02
1.5954611111781635e-09
7.4423755159458444e-03
-4.7181618489498166e-11
1.5212679948546092e-10
-3.7225577289946173e-03
3.1465779866581640e-10
-2.0574103880916601e-10
-4.5959700789822819e-11
-3.7225582178035217e-03
1.4291141849175352e-09
2.6334516632767199e-09
4.5501814456372716e-07
4.5519331354754660e-07
4.5526169922624301e-07
4.5514317633591497e-07
4.5543297170995112e-07
4.5545297360098873e-07
1.2490508256997792e-07
-3.7235745998976206e-03
-1.1171454536728645e-02
2.5603294576818793e-09
7.4505246179526058e-03
8.3704000594541518e-10
5.9834984689526221e-10
-3.7233681321636345e-03
8.7042613153890851e-10
2.3907073377946642e-10
8.1418601367381182e-11
-3.7233687370433603e-03
2.2276661357598653e-09
3.9438817956215262e-09
4.5718233274774148e-07
4.5690860198996731e-07
4.5695078973178959e-07
4.5701368620777741e-07
4.5704252673330588e-07
4.5698042342541653e-07
1.2063014117444956e-07
-3.7227736413108516e-03
-1.1167415647408172e-02
2.5251710363581690e-09
7.4424304435679288e-03
1.2219219874080166e-09
1.2968018150304628e-09
-3.7225566159489821e-03
1.3329983373224280e-09
7.7736949732818855e-10
7.2131909146628902e-10
-3.7225573373793502e-03
2.4050520274644675e-09
3.8423392014070569e-09
4.5606374232761624e-07
4.5609293396399200e-07
4.5608730085672909e-07
4.5594266772591780e-07
4.5580795990397708e-07
4.5595702930952748e-07
1.2534966985034393e-07
-3.7235742451803833e-03
-1.1171454399906846e-02
2.6715336194455071e-09
7.4505243672080453e-03
7.6517557282389385e-10
6.6694183227982233e-10
-3.7233685150388470e-03
2.4987385002486952e-10
-2.1306253921140977e-10
-1.2021843871317953e-10
-3.7233690146813705e-03
1.7226534645028823e-09
3.4920065146835121e-09
4.5689837903296908e-07
4.5671048137939190e-07
4.5674676831620284e-07
4.5684797218159028e-07
4.5678773792118200e-07
4.5660113668358575e-07
1.2044235923743511e-07
-3.7227740860432778e-03
-1.1167415901802299e-02
2.0053412978298714e-09
7.4424296909985366e-03
-3.1627753844299051e-11
-2.1362351590579868e-10
-3.7225583319354019e-03
-2.2883013366016873e-10
-7.4382771451936718e-10
-7.9595321579592330e-10
-3.7225587941312607e-03
7.3101106872517328e-10
2.2916248269958552e-09
4.5463251849027852e-07
4.5451131853995389e-07
4.5447589550517126e-07
4.5426695260442472e-07
4.5431164316925468e-07
4.5429267319883578e-07
1.2357915041791887e-07
-3.7235759527871502e-03
-1.1171455934500710e-02
1.0859026949049818e-09
7.4505226906056753e-03
-8.1180942670493746e-10
-7.0879052850311832e-10
-3.7233696280655881e-03
-6.1323804110685948e-10
-1.0827191654393293e-09
-1.0813772035740663e-09
-3.7233698820681219e-03
1.0403554415541204e-09
2.7058258592776249e-09
4.5598865529728584e-07
4.5592796322470154e-07
4.5576458530908990e-07
4.5589759334334640e-07
4.5585582130000519e-07
4.5586072641036723e-07
1.1931989553750088e-07
-3.7227750155832528e-03
-1.1167416880515058e-02
1.1705777103320678e-09
7.4424288647400062e-03
-4.9267360873771687e-10
-3.9546904531928424e-10
-3.7225584522661494e-03
-6.0366406060758593e-10
-1.4608736102413631e-09
-1.3965653441120124e-09
-3.7225591560873248e-03
4.3477263752294491e-10
1.8946736977104021e-09
4.5412960039494429e-07
4.5415884314894733e-07
4.5414335000192959e-07
4.5417031783884180e-07
4.5400425724526845e-07
4.5411664363731208e-07
1.2330937649367857e-07
-3.7235765147384599e-03
-1.1171456634196594e-02
5.9550661525761037e-10
7.4505227739001274e-03
-1.0108792609939251e-09
-1.0035555851736319e-09
-3.7233698593150295e-03
-5.7240240263896697e-10
-1.5489478643458633e-09
-1.4092712964056509e-09
-3.7233703090798244e-03
4.8401439065023746e-10
1.9525561929939557e-09
4.5517545429576099e-07
4.5509327805930084e-07
4.5505155804281363e-07
4.5497024882892095e-07
4.5476646578078171e-07
4.5480488851389210e-07
1.1828693800020132e-07
-3.7227761579012998e-03
-1.1167418013400892e-02
2.2177794698277365e-10
7.4424279539064163e-03
-1.5244581245065300e-09
-1.3914853680067528e-09
-3.7225595878094095e-03
-1.5441653143984058e-09
-2.1312012569078757e-09
-2.0473675873092765e-09
-3.7225598518885600e-03
2.4409740136295326e-11
1.6681764951977488e-09
4.5407502710112659e-07
4.5393562732151271e-07
4.5396815450624900e-07
4.5405783840578587e-07
4.5395496927726103e-07
4.5386101231171441e-07
1.2334773448612376e-07
-3.7235763548125701e-03
-1.1171456620815820e-02
4.4198553636028984e-10
7.4505227049502538e-03
-1.0851336264445558e-09
-9.9274065992214273e-10
-3.7233699112862364e-03
-7.5863367241895240e-10
-1.3655963741582407e-09
