0.0000000000000000e+00
-3.1900000000308562e+01
-6.3807198745751066e+01
-9.5700000000659031e+01
-1.2759999796894445e+02
-1.5950719468144237e+02
-1.9142159217107240e+02
-2.2330000004682046e+02
-2.5521226612232306e+02
-2.8710000000553919e+02
-3.1899999994813879e+02
-2.8710000020376731e+02
-2.5520719717305957e+02
-2.2332158882516359e+02
-1.9140000000253039e+02
-1.5948561398632015e+02
-1.2760000000112022e+02
-9.5700000000960642e+01
-6.3807196714618676e+01
-3.1900000000748555e+01
-2.0213218169585813e-10
3.1899999999891591e+01
6.3792803285707137e+01
9.5699999992227191e+01
1.2759999998506912e+02
1.5950000003511758e+02
1.9140000003526376e+02
2.2330000003531819e+02
2.5520000003524603e+02
2.8710000003553466e+02
3.1900000003553657e+02
2.8709999978080947e+02
2.5519280078110432e+02
2.2327840100374294e+02
1.9139999999840705e+02
1.5951440634447135e+02
1.2759999999979448e+02
9.5699999999659866e+01
6.3792801254698226e+01
3.1899999999904068e+01
2.4387097116213110e-10
-3.1900000000076080e+01
-6.3807198745067311e+01
-9.5700000006940400e+01
-1.2760000001310144e+02
-1.5949999996474645e+02
-1.9139999996507115e+02
-2.2329999996499592e+02
-2.5519999996494408e+02
-2.8709999996488500e+02
-3.1899999996492863e+02
-2.8710000020292267e+02
-2.5520719715450750e+02
-2.2332158878964634e+02
-1.9140000000159537e+02
-1.5948561402024944e+02
-1.2759999999990194e+02
-9.5699999999912976e+01
-6.3807196713589349e+01
-3.1899999999929300e+01
4.7517924628654229e-10
3.1900000000207083e+01
6.3792803286285356e+01
9.5699999993153398e+01
1.2759999998627536e+02
1.5950000003619795e+02
1.9140000003620020e+02
2.2330000003618159e+02
2.5520000003604827e+02
2.8710000003588254e+02
3.1900000003603071e+02
2.8709999978123182e+02
2.5519280078136273e+02
2.2327840100357341e+02
1.9139999999841802e+02
1.5951440634401393e+02
1.2759999999955728e+02
9.5699999999394052e+01
6.3792801253983946e+01
3.1899999999044578e+01
-3.9774175463774093e-10
-3.1900000000420576e+01
-6.3807198745809544e+01
-9.5700000007662084e+01
-1.2760000001367268e+02
-1.5949999996512707e+02
-1.9139999996529929e+02
-2.2329999996526422e+02
-2.5519999996516270e+02
-2.8709999996526403e+02
-3.1899999996546188e+02
-2.8710000020313811e+02
-2.5520719715492456e+02
-2.2332158878985467e+02
-1.9140000000220505e+02
-1.5948561402116616e+02
-1.2760000000130474e+02
-9.5700000001307629e+01
-6.3807196715294793e+01
-3.1900000001439473e+01
-9.3462347649512533e-10
3.1899999998844741e+01
6.3792803284905354e+01
9.5699999991381077e+01
1.2759999998463462e+02
1.5950000003463623e+02
1.9140000003445357e+02
2.2330000003440983e+02
2.5520000003424934e+02
2.8710000003430326e+02
3.1900000003427124e+02
2.8709999977960604e+02
2.5519280077972491e+02
2.2327840100232117e+02
1.9139999999709460e+02
1.5951440634265111e+02
1.2759999999825519e+02
9.5699999998356759e+01
6.3792801253175469e+01
3.1899999998369850e+01
-1.1069281836925243e-09
-3.1900000001136579e+01
-6.3807198746229297e+01
-9.5700000008247613e+01
-1.2760000001447098e+02
-1.5949999996604959e+02
-1.9139999996614810e+02
-2.2329999996627095e+02
-2.5519999996615707e+02
-2.8709999996621997e+02
-3.1899999996619789e+02
-2.8710000020433358e+02
-2.5520719715589155e+02
-2.2332158879078776e+02
-1.9140000000316229e+02
-1.5948561402196771e+02
-1.2760000000179042e+02
-9.5700000001750382e+01
-6.3807196715490591e+01
-3.1900000001869252e+01
-1.6427057356917800e-09
3.1899999998211495e+01
6.3792803284390182e+01
9.5699999991006663e+01
1.2759999998418536e+02
1.5950000003410864e+02
1.9140000003412143e+02
2.2330000003410493e+02
2.5520000003411067e+02
2.8710000003395737e+02
3.1900000003403153e+02
2.8709999977915163e+02
2.5519280077894285e+02
2.2327840100132056e+02
1.9139999999630842e+02
1.5951440634242203e+02
1.2759999999777392e+02
9.5699999997738900e+01
6.3792801252771973e+01
3.1899999998182842e+01
-1.7698415667673088e-09
-3.1900000001730511e+01
-6.3807198746792210e+01
-9.5700000008917726e+01
-1.2760000001529274e+02
-1.5949999996691150e+02
-1.9139999996704066e+02
-2.2329999996707426e+02
-2.5519999996716678e+02
-2.8709999996734609e+02
-3.1899999996729639e+02
-2.8710000020531663e+02
-2.5520719715708995e+02
-2.2332158879194202e+02
-1.9140000000409731e+02
-1.5948561402301434e+02
-1.2760000000260469e+02
-9.5700000002414228e+01
-6.3807196716158082e+01
-3.1900000002342928e+01
-1.9511985880925192e-09
3.1899999998036051e+01
6.3792803284233251e+01
9.5699999990721878e+01
1.2759999998404969e+02
1.5950000003410415e+02
1.9140000003396514e+02
2.2330000003398209e+02
2.5520000003404647e+02
2.8710000003400256e+02
3.1900000003388726e+02
2.8709999977931733e+02
2.5519280077934340e+02
2.2327840100170155e+02
1.9139999999644058e+02
1.5951440634269056e+02
1.2759999999819460e+02
9.5699999998252252e+01
6.3792801253254908e+01
3.1899999998459354e+01
-1.0983556795152185e-09
