0.0000000000000000e+00
3.0731707315990802e-04
6.1463414633455111e-04
9.2185680474023515e-04
2.9626015714175431e-03
5.3697602656237057e-03
5.0624932390056646e-03
4.7551317703421773e-03
4.4478591151330144e-03
4.1405420419978710e-03
3.8332249688207399e-03
3.5259078956500342e-03
3.2185908224795527e-03
2.9111792764923354e-03
2.6039566760862123e-03
2.2966396609470836e-03
2.6039444938156190e-03
2.9111549194348624e-03
3.2185786607218710e-03
3.5259079216969297e-03
3.8332128071365441e-03
4.1405298802999592e-03
4.4478469534736421e-03
4.7550696118784921e-03
5.0624810997637925e-03
5.3697981148667674e-03
5.0624918708832862e-03
4.7550911607428231e-03
4.4478577460976207e-03
4.1405299100723460e-03
3.8332235997901301e-03
3.5259065266264552e-03
3.2185894534538352e-03
2.9111779074635028e-03
2.6039553070607048e-03
2.2966382919240411e-03
2.6039457083985636e-03
2.9111587160361189e-03
3.2185798753099513e-03
3.5259065558587068e-03
3.8332140217197910e-03
4.1405310948846568e-03
4.4478481680572069e-03
4.7550708264608998e-03
5.0624823143471005e-03
5.3697993294514069e-03
5.0624907926561987e-03
4.7550877882917546e-03
4.4478566678672199e-03
4.1405311274719716e-03
3.8332225215626753e-03
3.5259054483979969e-03
3.2185883752253669e-03
2.9111768292358442e-03
2.6039542288324139e-03
2.2966372136948346e-03
2.6039466649137293e-03
2.9111617060464711e-03
3.2185808318277265e-03
3.5259054801335321e-03
3.8332149782339927e-03
4.1405320513999387e-03
4.4478491245724897e-03
4.7550717829755312e-03
5.0624832708613511e-03
5.3698002859657121e-03
5.0624899434430675e-03
4.7550851322411625e-03
4.4478558186528154e-03
4.1405320862048980e-03
3.8332216723512657e-03
3.5259045991855569e-03
3.2185875260134504e-03
2.9111759800248766e-03
2.6039533796204913e-03
2.2966363644829459e-03
2.6039474181859226e-03
2.9111640608177397e-03
3.2185815851024395e-03
3.5259046328967453e-03
3.8332157315066956e-03
4.1405328046738819e-03
4.4478498778453123e-03
4.7550725362484744e-03
5.0624840241347904e-03
5.3698010392398974e-03
5.0624892745988158e-03
4.7550830404037457e-03
4.4478551498073355e-03
4.1405328412257173e-03
3.8332210035091547e-03
3.5259039303415264e-03
3.2185868571703901e-03
2.9111753111815608e-03
2.6039527107778473e-03
2.2966356956397086e-03
2.6039480113958318e-03
2.9111659153056649e-03
3.2185821783150882e-03
3.5259039656086763e-03
3.8332163247178862e-03
4.1405333978861312e-03
4.4478504710576466e-03
4.7550731294603776e-03
5.0624846173477579e-03
5.3698016324534468e-03
5.0624887478068516e-03
4.7550813929186277e-03
4.4478546230147659e-03
4.1405334358148695e-03
3.8332204767184174e-03
3.5259034035501425e-03
3.2185863303790621e-03
2.9111747843903720e-03
2.6039521839861276e-03
2.2966351688483667e-03
2.6039484785458228e-03
2.9111673757879759e-03
3.2185826454674488e-03
3.5259034400408262e-03
3.8332167918676760e-03
