0.0000000000000000e+00
-9.2195121948332435e-05
-1.8439024389848546e-04
-2.7659386657281264e-04
-1.2354471277663871e-03
-2.3776175475389246e-03
-2.2853929605573644e-03
-2.1931768781662192e-03
-2.1010027283074229e-03
-2.0088076063617391e-03
-1.9166124844083809e-03
-1.8244173624571108e-03
-1.7322222405055682e-03
-1.6400356177112064e-03
-1.5478319965673872e-03
-1.4556368761471272e-03
-1.5478259048999842e-03
-1.6400234332537905e-03
-1.7322161596218962e-03
-1.8244173862726266e-03
-1.9166064035630154e-03
-2.0088015255133175e-03
-2.1009966474652957e-03
-2.1932002701413669e-03
-2.2853868913326452e-03
-2.3775820116811609e-03
-2.2853922764265477e-03
-2.1932110393353371e-03
-2.1010020437643275e-03
-2.0088015499079449e-03
-1.9166117998935740e-03
-1.8244166779438188e-03
-1.7322215559921153e-03
-1.6400349331971429e-03
-1.5478313120540024e-03
-1.4556361916349115e-03
-1.5478265121911859e-03
-1.6400253325859209e-03
-1.7322167669130330e-03
-1.8244167012846008e-03
-1.9166070108538060e-03
-2.0088021328041219e-03
-2.1009972547560035e-03
-2.1932008774319446e-03
-2.2853874986236917e-03
-2.3775826189720737e-03
-2.2853917373119150e-03
-2.1932093540274322e-03
-2.1010015046498136e-03
-2.0088021567762617e-03
-1.9166112607807524e-03
-1.8244161388297846e-03
-1.7322210168787470e-03
-1.6400343940831544e-03
-1.5478307729409402e-03
-1.4556356525221243e-03
-1.5478269904513062e-03
-1.6400268284059720e-03
-1.7322172451742013e-03
-1.8244161617996220e-03
-1.9166074891145237e-03
-2.0088026110650428e-03
-2.1009977330159494e-03
-2.1932013556916130e-03
-2.2853879768841736e-03
-2.3775830972339986e-03
-2.2853913127087091e-03
-2.1932080267249060e-03
-2.1010010800461242e-03
-2.0088026347044063e-03
-1.9166108361770933e-03
-1.8244157142261672e-03
-1.7322205922751541e-03
-1.6400339694800942e-03
-1.5478303483369437e-03
-1.4556352279179005e-03
-1.5478273670888835e-03
-1.6400280064344580e-03
-1.7322176218126572e-03
-1.8244157369001605e-03
-1.9166078657526947e-03
-2.0088029877027500e-03
-2.1009981096548410e-03
-2.1932017323302356e-03
-2.2853883535226150e-03
-2.3775834738705140e-03
-2.2853909782871683e-03
-2.1932069813758977e-03
-2.1010007456239719e-03
-2.0088030110777979e-03
-1.9166105017550642e-03
-1.8244153798049562e-03
-1.7322202578527153e-03
-1.6400336350579595e-03
-1.5478300139150144e-03
-1.4556348934962157e-03
-1.5478276636934464e-03
-1.6400289341812549e-03
-1.7322179184175866e-03
-1.8244154022467134e-03
-1.9166081623561953e-03
-2.0088032843071013e-03
-2.1009984062586818e-03
-2.1932020289336068e-03
-2.2853886501252281e-03
-2.3775837704735920e-03
-2.2853907148882658e-03
-2.1932061580781184e-03
-2.1010004822253300e-03
-2.0088033074739768e-03
-1.9166102383566383e-03
-1.8244151164052034e-03
-1.7322199944540140e-03
-1.6400333716597337e-03
-1.5478297505174994e-03
-1.4556346300985063e-03
-1.5478278972664932e-03
-1.6400296648165580e-03
-1.7322181519912520e-03
-1.8244151386661131e-03
-1.9166083959289049e-03
