0.0000000000000000e+00
-9.2195121948613419e-05
-1.8439024389855501e-04
-2.7659386657263510e-04
-1.2354471277665573e-03
-2.3776175475391540e-03
-2.2853929605579247e-03
-2.1931768781666655e-03
-2.1010027283083722e-03
-2.0088076063622669e-03
-1.9166124844089240e-03
-1.8244173624571559e-03
-1.7322222405055133e-03
-1.6400356177105337e-03
-1.5478319965675220e-03
-1.4556368761486701e-03
-1.5478259049011435e-03
-1.6400234332544386e-03
-1.7322161596228349e-03
-1.8244173862740571e-03
-1.9166064035646352e-03
-2.0088015255146211e-03
-2.1009966474662941e-03
-2.1932002701423622e-03
-2.2853868913337984e-03
-2.3775820116822980e-03
-2.2853922764281484e-03
-2.1932110393373559e-03
-2.1010020437655583e-03
-2.0088015499088712e-03
-1.9166117998948348e-03
-1.8244166779446910e-03
-1.7322215559937549e-03
-1.6400349331984717e-03
-1.5478313120559830e-03
-1.4556361916379778e-03
-1.5478265121935317e-03
-1.6400253325874782e-03
-1.7322167669155833e-03
-1.8244167012878185e-03
-1.9166070108555973e-03
-2.0088021328057331e-03
-2.1009972547570053e-03
-2.1932008774333666e-03
-2.2853874986245022e-03
-2.3775826189727780e-03
-2.2853917373120199e-03
-2.1932093540266272e-03
-2.1010015046498106e-03
-2.0088021567764955e-03
-1.9166112607801261e-03
-1.8244161388296387e-03
-1.7322210168779707e-03
-1.6400343940832008e-03
-1.5478307729395917e-03
-1.4556356525208063e-03
-1.5478269904501299e-03
-1.6400268284048997e-03
-1.7322172451734036e-03
-1.8244161617985040e-03
-1.9166074891132261e-03
-2.0088026110639118e-03
-2.1009977330157595e-03
-2.1932013556919131e-03
-2.2853879768827707e-03
-2.3775830972306961e-03
-2.2853913127069466e-03
-2.1932080267245543e-03
-2.1010010800442797e-03
-2.0088026347017608e-03
-1.9166108361744409e-03
-1.8244157142236967e-03
-1.7322205922731537e-03
-1.6400339694784211e-03
-1.5478303483352752e-03
-1.4556352279165845e-03
-1.5478273670868131e-03
-1.6400280064309668e-03
-1.7322176218107031e-03
-1.8244157369000031e-03
-1.9166078657504566e-03
-2.0088029877006444e-03
-2.1009981096525745e-03
-2.1932017323279670e-03
-2.2853883535200684e-03
-2.3775834738683395e-03
-2.2853909782849608e-03
-2.1932069813733550e-03
-2.1010007456212618e-03
-2.0088030110741464e-03
-1.9166105017517873e-03
-1.8244153798015485e-03
-1.7322202578494358e-03
-1.6400336350545657e-03
-1.5478300139124485e-03
-1.4556348934938726e-03
-1.5478276636903933e-03
-1.6400289341773969e-03
-1.7322179184143614e-03
-1.8244154022442961e-03
-1.9166081623531374e-03
-2.0088032843040343e-03
-2.1009984062551521e-03
-2.1932020289302462e-03
-2.2853886501223979e-03
-2.3775837704714952e-03
-2.2853907148848579e-03
-2.1932061580750106e-03
-2.1010004822225349e-03
-2.0088033074721896e-03
-1.9166102383535056e-03
-1.8244151164028325e-03
-1.7322199944511455e-03
-1.6400333716561212e-03
-1.5478297505133465e-03
-1.4556346300954809e-03
-1.5478278972630539e-03
-1.6400296648133102e-03
-1.7322181519879806e-03
-1.8244151386637370e-03
-1.9166083959262072e-03
