0.0000000000000000e+00
0.0000000000000000e+00
0.0000000000000000e+00
0.0000000000000000e+00
1.7333332852314553e-03
3.8332249688264211e-03
3.8332249688264211e-03
3.8332249688264211e-03
3.8332249688264211e-03
3.8332249688264211e-03
3.8332249688264211e-03
3.8332249688264211e-03
3.8332249688264211e-03
3.8332249688264211e-03
3.8332249688264211e-03
3.8332371305160903e-03
3.8332371305160903e-03
3.8332371305160903e-03
3.8332371305160903e-03
3.8332371305160903e-03
3.8332371305160903e-03
3.8332371305160903e-03
3.8332371305160903e-03
3.8332371305160903e-03
3.8332371305160903e-03
3.8332479231788885e-03
3.8332479231788885e-03
3.8332479231788885e-03
3.8332479231788885e-03
3.8332479231788885e-03
3.8332479231788885e-03
3.8332479231788885e-03
3.8332479231788885e-03
3.8332479231788885e-03
3.8332479231788885e-03
3.8332575012586748e-03
3.8332575012586748e-03
3.8332575012586748e-03
3.8332575012586748e-03
3.8332575012586748e-03
3.8332575012586748e-03
3.8332575012586748e-03
3.8332575012586748e-03
3.8332575012586748e-03
3.8332575012586748e-03
3.8332660011110567e-03
3.8332660011110567e-03
3.8332660011110567e-03
3.8332660011110567e-03
3.8332660011110567e-03
3.8332660011110567e-03
3.8332660011110567e-03
3.8332660011110567e-03
3.8332660011110567e-03
3.8332660011110567e-03
3.8332735444469692e-03
3.8332735444469692e-03
3.8332735444469692e-03
3.8332735444469692e-03
3.8332735444469692e-03
3.8332735444469692e-03
3.8332735444469692e-03
3.8332735444469692e-03
3.8332735444469692e-03
3.8332735444469692e-03
3.8332802385722970e-03
3.8332802385722970e-03
3.8332802385722970e-03
3.8332802385722970e-03
3.8332802385722970e-03
3.8332802385722970e-03
3.8332802385722970e-03
3.8332802385722970e-03
3.8332802385722970e-03
3.8332802385722970e-03
3.8332861794236899e-03
3.8332861794236899e-03
3.8332861794236899e-03
3.8332861794236899e-03
3.8332861794236899e-03
3.8332861794236899e-03
3.8332861794236899e-03
3.8332861794236899e-03
3.8332861794236899e-03
3.8332861794236899e-03
3.8332914514303900e-03
3.8332914514303900e-03
3.8332914514303900e-03
3.8332914514303900e-03
3.8332914514303900e-03
3.8332914514303900e-03
3.8332914514303900e-03
3.8332914514303900e-03
3.8332914514303900e-03
3.8332914514303900e-03
3.8332961302270964e-03
3.8332961302270964e-03
3.8332961302270964e-03
3.8332961302270964e-03
3.8332961302270964e-03
3.8332961302270964e-03
3.8332961302270964e-03
3.8332961302270964e-03
3.8332961302270964e-03
3.8332961302270964e-03
3.8333002822315116e-03
3.8333002822315116e-03
3.8333002822315116e-03
3.8333002822315116e-03
3.8333002822315116e-03
3.8333002822315116e-03
3.8333002822315116e-03
3.8333002822315116e-03
3.8333002822315116e-03
3.8333002822315116e-03
3.8333039670854496e-03
3.8333039670854496e-03
3.8333039670854496e-03
3.8333039670854496e-03
3.8333039670854496e-03
3.8333039670854496e-03
