0.0000000000000000e+00
-2.1944043509302118e-10
7.2365305412371085e-10
-1.4517607458041412e-02
2.7795394237392939e-07
-1.7533053397864772e-02
1.9353850941700364e-06
3.0145650000843005e-03
-1.1116531796172735e-09
9.6816164155766605e-10
1.0317806230081976e-09
1.2059596641896189e-09
1.3726107718763353e-09
-1.4523854925217742e-02
9.3204531894185954e-09
-9.5263374556703881e-04
1.8415350073591300e-06
-1.3559960169438756e-02
8.3956565493416454e-09
-9.6520987948949682e-04
1.6156709053411575e-09
1.2212306824383141e-09
1.3755403790659297e-09
-1.4517607634030046e-02
9.1141776222012961e-09
8.4473327802557887e-04
1.8913089124168920e-06
-1.5363627953455614e-02
9.5150037044760851e-09
8.4486536672190088e-04
1.0554184792504558e-09
1.4149354284329315e-09
1.1779083424483572e-09
-1.4523855316745823e-02
9.0677843117612886e-09
-7.4892637419661241e-04
1.8414090817935137e-06
-1.3763949192954726e-02
8.7579117181717532e-09
-7.6093839237060092e-04
1.9270936564290489e-09
1.6149823309789769e-09
1.7497241197005089e-09
-1.4517607517876018e-02
9.3762354400843681e-09
6.6395451215174280e-04
1.8920394685299240e-06
-1.5183098269398896e-02
9.8011398694475591e-09
6.6458622035650539e-04
1.2108470856117912e-09
1.6524462680907556e-09
1.5326968718818725e-09
-1.4523854940457798e-02
9.5730766501636870e-09
-5.8849402967472595e-04
1.8414854251203681e-06
-1.3924602874854355e-02
8.7017717286266042e-09
-6.0006315241352881e-04
1.5643724949933458e-09
1.2354855861565006e-09
1.3050258261398877e-09
-1.4517607916215741e-02
8.9257184971708219e-09
5.2157937419090611e-04
1.8915259452448628e-06
-1.5040920865680226e-02
9.3537092066327499e-09
5.2260481036551999e-04
1.1701334009718899e-09
1.5514615121982563e-09
1.1495544259257919e-09
-1.4523855304788089e-02
9.0867931436531341e-09
-4.6214478429429623e-04
1.8413775933789172e-06
-1.4051127416705621e-02
8.6430756488565454e-09
-4.7336415237743125e-04
1.3273267759905027e-09
1.3649114641132198e-09
1.1428638856207359e-09
-1.4517607813724860e-02
8.7760061848101125e-09
4.0945082842446391e-04
1.8915037496571355e-06
-1.4928947210017012e-02
9.5012665664292561e-09
4.1078705410545522e-04
1.5520133039614458e-09
1.4983010560750280e-09
1.7497445275386651e-09
-1.4523854689566476e-02
9.5011472864291499e-09
-3.6263635022542673e-04
1.8418480670607491e-06
-1.4150772457357561e-02
9.3553499475026490e-09
-3.7358011091097635e-04
2.3286845848681705e-09
2.1791704173106363e-09
2.2939850516287698e-09
-1.4517606607993706e-02
1.0135445445070844e-08
3.2114412464329665e-04
1.8929660396213074e-06
-1.4840760108136827e-02
1.0437920529861314e-08
3.2272407383519911e-04
2.5746868009374249e-09
2.6886197792622219e-09
2.7145464012246599e-09
-1.4523853751218247e-02
1.0468504355818328e-08
-2.8426693762890212e-04
1.8427020588818452e-06
-1.4229248370247928e-02
1.0233959416571733e-08
-2.9499402031067705e-04
3.1308388451287784e-09
