0.0000000000000000e+00
-1.7513039272112201e-10
7.3142832871006512e-10
-1.4517607493258977e-02
2.7795736959869651e-07
-1.7533053387792426e-02
1.9354307302166283e-06
3.0145650277866253e-03
-1.0365241181812188e-09
1.0151671779202731e-09
1.0524240709475328e-09
1.1144743358963008e-09
1.2802918370404576e-09
-1.4523855125973371e-02
9.2526091070091278e-09
-9.5263359359041048e-04
1.8416288184957066e-06
-1.3559960162392694e-02
8.4583772561384319e-09
-9.6520971139642774e-04
1.8248691508682516e-09
1.3837910608715953e-09
1.4816008260524467e-09
-1.4517607508832230e-02
9.2484435205675864e-09
8.4473341202913408e-04
1.8914980102173395e-06
-1.5363627700316282e-02
9.6695684157954336e-09
8.4486546704880337e-04
1.1878509536699047e-09
1.4971322456034946e-09
1.3820011595342280e-09
-1.4523855165080139e-02
9.3141595767176925e-09
-7.4892594793565489e-04
1.8417233933881481e-06
-1.3763948989505021e-02
9.1127770161545482e-09
-7.6093795474308705e-04
2.1487680198328236e-09
1.8084081558725739e-09
1.8314573304453140e-09
-1.4517607385145846e-02
9.4418751178446459e-09
6.6395454671187273e-04
1.8919697580963818e-06
-1.5183098527238514e-02
9.6720551628737468e-09
6.6458612452525035e-04
9.6289169509692279e-10
1.5094382812847249e-09
1.2962139442403292e-09
-1.4523855079313532e-02
9.2378252101131551e-09
-5.8849436424964591e-04
1.8411583886188955e-06
-1.3924603154059316e-02
8.4616936936159043e-09
-6.0006344923921730e-04
1.2445780103873731e-09
9.3493563331934888e-10
1.1635003349449841e-09
-1.4517607974843623e-02
8.6148768539702281e-09
5.2157873426624858e-04
1.8911304279142744e-06
-1.5040921057051413e-02
8.8974332671245480e-09
5.2260426128735230e-04
6.3002825875994940e-10
1.0326623042069673e-09
7.0250138462428327e-10
-1.4523855712123911e-02
8.6684522463123739e-09
-4.6214510420854052e-04
1.8409399167749489e-06
-1.4051128096331408e-02
8.2102030122289180e-09
-4.7336428792298541e-04
8.7929696008379376e-10
9.1889866107318147e-10
6.7612083661933988e-10
-1.4517608275467648e-02
8.2580707880663559e-09
4.0945042362327362e-04
1.8911264271927989e-06
-1.4928947659962014e-02
8.9966534962294624e-09
4.1078639433312210e-04
9.4659955916801091e-10
8.8418074010002354e-10
1.1655038490766368e-09
-1.4523855283504788e-02
9.0241426226724956e-09
-3.6263678631997501e-04
1.8413047523814250e-06
-1.4150773144565854e-02
8.7603133790192067e-09
-3.7358057424517928e-04
1.7763972637990790e-09
1.6252280651461510e-09
1.6614673148007570e-09
-1.4517607230954573e-02
9.5895602037748592e-09
3.2114369011651799e-04
1.8923577777790201e-06
-1.4840760677374921e-02
9.9282530958104204e-09
3.2272371905643947e-04
2.0231663435141420e-09
2.3047540429179265e-09
2.2792941407357868e-09
-1.4523854299091197e-02
9.8176627547358785e-09
-2.8426742345666914e-04
1.8421891743405918e-06
-1.4229248894101130e-02
9.7214609382372108e-09
-2.9499438703743208e-04
2.7117641140890806e-09
