0.0000000000000000e+00
6.2999999997662755e+01
1.2599999999900962e+02
1.8897193440725823e+02
2.5199999883489966e+02
3.1497921601140013e+02
2.5199999654796892e+02
1.8899270304969033e+02
1.2599999999218829e+02
6.3000000000706009e+01
-6.0609780671314983e-10
-6.3000000000530079e+01
-1.2600000000037841e+02
-1.8902808124156070e+02
-2.5200000000625539e+02
-3.1499806654915272e+02
-2.5200000312596302e+02
-1.8903000295508457e+02
-1.2600000001007427e+02
-6.2998080641136809e+01
9.0058346998787566e-10
6.2999999999165027e+01
1.2599999999983622e+02
1.8897193440743922e+02
2.5199999999395985e+02
3.1499828242871206e+02
2.5199999670696889e+02
1.8897363181664562e+02
1.2599999999683256e+02
6.2998300525084794e+01
-1.3171568227994331e-09
-6.2999999999639428e+01
-1.2600000000012476e+02
-1.8902808124204631e+02
-2.5200000000600011e+02
-3.1499847396392158e+02
-2.5200000312601679e+02
-1.8902959603470441e+02
-1.2600000000876551e+02
-6.2998487064554034e+01
1.1065678362216378e-09
6.2999999999701103e+01
1.2600000000013478e+02
1.8897193440731132e+02
2.5199999999414084e+02
3.1499864398786139e+02
2.5199999670729056e+02
1.8897326981833928e+02
1.2599999999622352e+02
6.2998662961078743e+01
-1.3554134703716485e-09
-6.2999999999843482e+01
-1.2600000000030681e+02
-1.8902808124202440e+02
-2.5200000000609148e+02
-3.1499879482760628e+02
-2.5200000312641473e+02
-1.8902927556080198e+02
-1.2600000000866427e+02
-6.2998807149107542e+01
3.3461943999534444e-10
6.2999999999150873e+01
1.2599999999960615e+02
1.8897193440672447e+02
2.5199999999334901e+02
3.1499892873622343e+02
2.5199999670642521e+02
1.8897298472262764e+02
1.2599999999510401e+02
6.2998948400579735e+01
-1.5609849805628935e-09
-6.3000000000321364e+01
-1.2600000000087360e+02
-1.8902808124240104e+02
-2.5200000000669900e+02
-3.1499904752765519e+02
-2.5200000312687973e+02
-1.8902902316866286e+02
-1.2600000000862775e+02
-6.2999059234363855e+01
-1.3522146950025569e-10
6.2999999999180886e+01
1.2599999999917975e+02
1.8897193440644645e+02
2.5199999999309600e+02
3.1499915299353802e+02
2.5199999670654330e+02
1.8897276019331639e+02
1.2599999999511104e+02
6.2999173202384057e+01
-8.1901800231331979e-10
-6.3000000000204921e+01
-1.2600000000015451e+02
-1.8902808124168695e+02
-2.5200000000590018e+02
-3.1499924654338145e+02
-2.5200000312649394e+02
-1.8902882439360619e+02
-1.2600000000754744e+02
-6.2999257765989910e+01
8.5625913717513963e-10
6.3000000000249244e+01
1.2600000000048284e+02
1.8897193440768191e+02
2.5199999999464859e+02
3.1499932961085290e+02
2.5199999670756307e+02
1.8897258336362336e+02
1.2599999999566177e+02
6.2999350247955924e+01
2.6574247193053760e-10
-6.2999999999147775e+01
-1.2599999999924580e+02
-1.8902808124080843e+02
-2.5200000000517593e+02
-3.1499940327974406e+02
-2.5200000312596887e+02
-1.8902866784598174e+02
-1.2600000000654524e+02
-6.2999414121502369e+01
1.2559154087843325e-09
