2.0000000000000020e+02
2.0000000000000020e+02
2.0000000000000020e+02
2.0000000000000020e+02
2.5199999855694392e+02
3.1499674906479299e+02
3.1499674906479299e+02
3.1499674906479299e+02
3.1499674906479299e+02
3.1499674906479299e+02
3.1499674906479299e+02
3.1499674906479299e+02
3.1499674906479299e+02
3.1499674906479299e+02
3.1499674906479299e+02
3.1499711391548306e+02
3.1499711391548306e+02
3.1499711391548306e+02
3.1499711391548306e+02
3.1499711391548306e+02
3.1499711391548306e+02
3.1499711391548306e+02
3.1499711391548306e+02
3.1499711391548306e+02
3.1499711391548306e+02
3.1499743769536690e+02
3.1499743769536690e+02
3.1499743769536690e+02
3.1499743769536690e+02
3.1499743769536690e+02
3.1499743769536690e+02
3.1499743769536690e+02
3.1499743769536690e+02
3.1499743769536690e+02
3.1499743769536690e+02
3.1499772503776018e+02
3.1499772503776018e+02
3.1499772503776018e+02
3.1499772503776018e+02
3.1499772503776018e+02
3.1499772503776018e+02
3.1499772503776018e+02
3.1499772503776018e+02
3.1499772503776018e+02
3.1499772503776018e+02
3.1499798003333171e+02
3.1499798003333171e+02
3.1499798003333171e+02
3.1499798003333171e+02
3.1499798003333171e+02
3.1499798003333171e+02
3.1499798003333171e+02
3.1499798003333171e+02
3.1499798003333171e+02
3.1499798003333171e+02
3.1499820633340914e+02
3.1499820633340914e+02
3.1499820633340914e+02
3.1499820633340914e+02
3.1499820633340914e+02
3.1499820633340914e+02
3.1499820633340914e+02
3.1499820633340914e+02
3.1499820633340914e+02
3.1499820633340914e+02
3.1499840715716914e+02
3.1499840715716914e+02
3.1499840715716914e+02
3.1499840715716914e+02
3.1499840715716914e+02
3.1499840715716914e+02
3.1499840715716914e+02
3.1499840715716914e+02
3.1499840715716914e+02
3.1499840715716914e+02
3.1499858538271093e+02
3.1499858538271093e+02
3.1499858538271093e+02
3.1499858538271093e+02
3.1499858538271093e+02
3.1499858538271093e+02
3.1499858538271093e+02
3.1499858538271093e+02
3.1499858538271093e+02
3.1499858538271093e+02
3.1499874354291182e+02
3.1499874354291182e+02
3.1499874354291182e+02
3.1499874354291182e+02
3.1499874354291182e+02
3.1499874354291182e+02
3.1499874354291182e+02
3.1499874354291182e+02
3.1499874354291182e+02
3.1499874354291182e+02
3.1499888390681321e+02
3.1499888390681321e+02
3.1499888390681321e+02
3.1499888390681321e+02
3.1499888390681321e+02
3.1499888390681321e+02
3.1499888390681321e+02
3.1499888390681321e+02
3.1499888390681321e+02
3.1499888390681321e+02
3.1499900846694544e+02
3.1499900846694544e+02
3.1499900846694544e+02
3.1499900846694544e+02
3.1499900846694544e+02
3.1499900846694544e+02
3.1499900846694544e+02
3.1499900846694544e+02
3.1499900846694544e+02
3.1499900846694544e+02
3.1499911901256371e+02
3.1499911901256371e+02
3.1499911901256371e+02
3.1499911901256371e+02
3.1499911901256371e+02
3.1499911901256371e+02
