0.0000000000000000e+00
6.2999999997860030e+01
1.2599999999828209e+02
1.8898645201473380e+02
2.5199999855694401e+02
3.1499674906479299e+02
2.5199999461256101e+02
1.8898968848467646e+02
1.2599999999326236e+02
6.2999999999714333e+01
1.6485044369585388e-09
6.3000000001690267e+01
1.2600000000170486e+02
1.8901355738653507e+02
2.5200000001554193e+02
3.1499711391548306e+02
2.5200000496754487e+02
1.8901644299491869e+02
1.2600000001850123e+02
6.2997115431341342e+01
8.3871180792294906e-10
6.2999999997862503e+01
1.2599999999840769e+02
1.8898645201501074e+02
2.5199999998477858e+02
3.1499743769536690e+02
2.5199999481556540e+02
1.8898899544447247e+02
1.2599999998724024e+02
6.2997455659667935e+01
2.4473500581755734e-09
6.3000000001095465e+01
1.2600000000140474e+02
1.8901355738680545e+02
2.5200000001519115e+02
3.1499772503776057e+02
2.5200000496758301e+02
1.8901583208561323e+02
1.2600000001770087e+02
6.2997726126380442e+01
9.2356455021989301e-10
6.2999999997989413e+01
1.2599999999834421e+02
1.8898645201476279e+02
2.5199999998473169e+02
3.1499798003333171e+02
2.5199999481528590e+02
1.8898845291673754e+02
1.2599999998648696e+02
6.2997998374906331e+01
2.4434510098235508e-09
6.3000000001424425e+01
1.2600000000172120e+02
1.8901355738701457e+02
2.5200000001549694e+02
3.1499820633340937e+02
2.5200000496773660e+02
1.8901535095778740e+02
1.2600000001724605e+02
6.2998207085806712e+01
1.0796736786609144e-09
6.2999999998065618e+01
1.2599999999837192e+02
1.8898645201467016e+02
2.5199999998457884e+02
3.1499840715716948e+02
2.5199999481509693e+02
1.8898802564358897e+02
1.2599999998597839e+02
6.2998425796043918e+01
2.4685366576889854e-09
6.3000000001613394e+01
1.2600000000179963e+02
1.8901355738689256e+02
2.5200000001557657e+02
3.1499858538271110e+02
2.5200000496803861e+02
1.8901497204090634e+02
1.2600000001705442e+02
6.2998585870143700e+01
1.2576900910018768e-09
6.2999999998038902e+01
1.2599999999827034e+02
1.8898645201449102e+02
2.5199999998457892e+02
3.1499874354291194e+02
2.5199999481522823e+02
1.8898768914075134e+02
1.2599999998586212e+02
6.2998762415659890e+01
2.0947881901130342e-09
6.3000000001396138e+01
1.2600000000161211e+02
1.8901355738670060e+02
2.5200000001516295e+02
3.1499888390681332e+02
2.5200000496807036e+02
1.8901467362080501e+02
1.2600000001660533e+02
6.2998884185647341e+01
1.2211368827116438e-09
6.2999999998347043e+01
1.2599999999850516e+02
1.8898645201460141e+02
2.5199999998478589e+02
3.1499900846694555e+02
2.5199999481490116e+02
1.8898742412401617e+02
1.2599999998547869e+02
6.2999027524059436e+01
2.0572982365387404e-09
6.3000000001644494e+01
1.2600000000174271e+02
1.8901355738678319e+02
2.5200000001531905e+02
3.1499911901256360e+02
2.5200000496841437e+02
1.8901443859734960e+02
1.2600000001652292e+02
6.2999119127298727e+01
1.7269247452544153e-09
