0.0000000000000000e+00
1.0000000000000001e-01
2.0000000000000001e-01
3.0000000000000004e-01
4.0000000000000002e-01
5.0000000000000000e-01
5.9999999999999998e-01
6.9999999999999996e-01
7.9999999999999993e-01
8.9999999999999991e-01
1.0000000000000000e+00
1.1000000000000001e+00
1.2000000000000002e+00
1.3000000000000003e+00
1.4000000000000004e+00
1.5000000000000004e+00
1.6000000000000005e+00
1.7000000000000006e+00
1.8000000000000007e+00
1.9000000000000008e+00
2.0000000000000000e+00
2.1000000000000001e+00
2.2000000000000002e+00
2.3000000000000003e+00
2.4000000000000004e+00
2.5000000000000004e+00
2.6000000000000005e+00
2.7000000000000006e+00
2.8000000000000007e+00
2.9000000000000008e+00
3.0000000000000000e+00
3.1000000000000001e+00
3.2000000000000002e+00
3.3000000000000003e+00
3.4000000000000004e+00
3.5000000000000004e+00
3.6000000000000005e+00
3.7000000000000006e+00
3.8000000000000007e+00
3.9000000000000008e+00
4.0000000000000000e+00
4.0999999999999996e+00
4.1999999999999993e+00
4.2999999999999989e+00
4.3999999999999986e+00
4.4999999999999982e+00
4.5999999999999979e+00
4.6999999999999975e+00
4.7999999999999972e+00
4.8999999999999968e+00
5.0000000000000000e+00
5.0999999999999996e+00
5.1999999999999993e+00
5.2999999999999989e+00
5.3999999999999986e+00
5.4999999999999982e+00
5.5999999999999979e+00
5.6999999999999975e+00
5.7999999999999972e+00
5.8999999999999968e+00
6.0000000000000000e+00
6.0999999999999996e+00
6.1999999999999993e+00
6.2999999999999989e+00
6.3999999999999986e+00
6.4999999999999982e+00
6.5999999999999979e+00
6.6999999999999975e+00
6.7999999999999972e+00
6.8999999999999968e+00
7.0000000000000000e+00
7.0999999999999996e+00
7.1999999999999993e+00
7.2999999999999989e+00
7.3999999999999986e+00
7.4999999999999982e+00
7.5999999999999979e+00
7.6999999999999975e+00
7.7999999999999972e+00
7.8999999999999968e+00
8.0000000000000000e+00
8.0999999999999996e+00
8.1999999999999993e+00
8.2999999999999989e+00
8.3999999999999986e+00
8.4999999999999982e+00
8.5999999999999979e+00
8.6999999999999975e+00
8.7999999999999972e+00
8.8999999999999968e+00
9.0000000000000000e+00
9.0999999999999996e+00
9.1999999999999993e+00
9.2999999999999989e+00
9.3999999999999986e+00
9.4999999999999982e+00
9.5999999999999979e+00
9.6999999999999975e+00
9.7999999999999972e+00
9.8999999999999968e+00
1.0000000000000000e+01
1.0100000000000000e+01
1.0199999999999999e+01
1.0299999999999999e+01
1.0399999999999999e+01
1.0499999999999998e+01
1.0599999999999998e+01
1.0699999999999998e+01
1.0799999999999997e+01
1.0899999999999997e+01
1.1000000000000000e+01
1.1100000000000000e+01
1.1199999999999999e+01
1.1299999999999999e+01
1.1399999999999999e+01
1.1499999999999998e+01
1.1599999999999998e+01
1.1699999999999998e+01
1.1799999999999997e+01
1.1899999999999997e+01
1.2000000000000000e+01
