0.0000000000000000e+00
0.0000000000000000e+00
0.0000000000000000e+00
0.0000000000000000e+00
0.0000000000000000e+00
0.0000000000000000e+00
0.0000000000000000e+00
0.0000000000000000e+00
0.0000000000000000e+00
0.0000000000000000e+00
0.0000000000000000e+00
0.0000000000000000e+00
0.0000000000000000e+00
0.0000000000000000e+00
0.0000000000000000e+00
0.0000000000000000e+00
0.0000000000000000e+00
0.0000000000000000e+00
0.0000000000000000e+00
0.0000000000000000e+00
0.0000000000000000e+00
0.0000000000000000e+00
0.0000000000000000e+00
0.0000000000000000e+00
0.0000000000000000e+00
0.0000000000000000e+00
0.0000000000000000e+00
0.0000000000000000e+00
0.0000000000000000e+00
0.0000000000000000e+00
9.3027272086650972e-11
9.3027272086650856e-11
9.3027272086650868e-11
9.3027272086650868e-11
9.3027272086650752e-11
9.3027272086650752e-11
9.3027272086650675e-11
9.3027272086650856e-11
9.3027272086650739e-11
9.3027272086650920e-11
9.3027272086650804e-11
9.3027272086650907e-11
9.3027272086650959e-11
9.3027272086650920e-11
9.3027272086650972e-11
9.3027272086650907e-11
9.3027272086650843e-11
9.3027272086650959e-11
9.3027272086650985e-11
9.3027272086651192e-11
-6.1463317800152753e-04
-6.1463317800152873e-04
-6.1463317800152927e-04
-6.1463317800152959e-04
-6.1463317800152894e-04
-6.1463317800152884e-04
-6.1463317800152786e-04
-6.1463317800152797e-04
-6.1463317800152623e-04
-6.1463317800152591e-04
-6.1463317800152623e-04
-6.1463317800152613e-04
-6.1463317800152710e-04
-6.1463317800152710e-04
-6.1463317800152829e-04
-6.1463317800152743e-04
-6.1463317800152829e-04
-6.1463317800152873e-04
-6.1463317800152970e-04
-6.1463317800152992e-04
-5.4545326626533920e-04
-5.4545326626533898e-04
-5.4545326626533920e-04
-5.4545326626533866e-04
-5.4545326626533877e-04
-5.4545326626533898e-04
-5.4545326626533844e-04
-5.4545326626533844e-04
-5.4545326626533855e-04
-5.4545326626533909e-04
-5.4545326626533866e-04
-5.4545326626533877e-04
-5.4545326626533909e-04
-5.4545326626533823e-04
-5.4545326626533768e-04
-5.4545326626533714e-04
-5.4545326626533801e-04
-5.4545326626533768e-04
-5.4545326626533768e-04
-5.4545326626533790e-04
-1.0986915627331914e-03
-1.0986915627331914e-03
-1.0986915627331929e-03
-1.0986915627331955e-03
-1.0986915627331968e-03
-1.0986915627331957e-03
-1.0986915627331961e-03
-1.0986915627331966e-03
-1.0986915627331957e-03
-1.0986915627331948e-03
-1.0986915627331935e-03
-1.0986915627331925e-03
-1.0986915627331925e-03
-1.0986915627331929e-03
-1.0986915627331918e-03
-1.0986915627331905e-03
-1.0986915627331914e-03
-1.0986915627331935e-03
-1.0986915627331961e-03
-1.0986915627331961e-03
-9.7502816129336079e-04
-9.7502816129336036e-04
-9.7502816129336036e-04
-9.7502816129335960e-04
-9.7502816129336090e-04
-9.7502816129336047e-04
-9.7502816129336057e-04
-9.7502816129335917e-04
-9.7502816129335819e-04
-9.7502816129335971e-04
-9.7502816129336025e-04
-9.7502816129335960e-04
-9.7502816129335992e-04
-9.7502816129336177e-04
-9.7502816129336133e-04
-9.7502816129336155e-04
-9.7502816129336220e-04
-9.7502816129336253e-04
-9.7502816129336448e-04
-9.7502816129336459e-04
-9.7502816129336545e-04
-9.7502816129336469e-04
-9.7502816129336285e-04
-9.7502816129336296e-04
-9.7502816129336090e-04
-9.7502816129336036e-04
-9.7502816129335884e-04
-9.7502816129335754e-04
-9.7502816129335776e-04
-9.7502816129335797e-04
-9.7502816129335667e-04
-9.7502816129335819e-04
-9.7502816129335743e-04
-9.7502816129335873e-04
-9.7502816129335917e-04
-9.7502816129335895e-04
-9.7502816129335667e-04
-9.7502816129335602e-04
-9.7502816129335732e-04
-9.7502816129335841e-04
-8.6528381389762378e-04
-8.6528381389762345e-04
-8.6528381389762280e-04
-8.6528381389762215e-04
-8.6528381389762194e-04
-8.6528381389762129e-04
-8.6528381389762107e-04
-8.6528381389762215e-04
-8.6528381389762367e-04
-8.6528381389762400e-04
-8.6528381389762335e-04
-8.6528381389762129e-04
-8.6528381389762226e-04
-8.6528381389762042e-04
-8.6528381389762063e-04
-8.6528381389762053e-04
-8.6528381389762085e-04
-8.6528381389762074e-04
-8.6528381389762107e-04
-8.6528381389762020e-04
-8.6528381389762063e-04
-8.6528381389762074e-04
-8.6528381389762118e-04
-8.6528381389762139e-04
-8.6528381389761933e-04
-8.6528381389761955e-04
-8.6528381389761857e-04
-8.6528381389761684e-04
-8.6528381389761543e-04
-8.6528381389761424e-04
-8.6528381389761359e-04
-8.6528381389761315e-04
-8.6528381389761435e-04
-8.6528381389761478e-04
-8.6528381389761630e-04
-8.6528381389761695e-04
-8.6528381389761695e-04
-8.6528381389761782e-04
-8.6528381389761955e-04
-8.6528381389761825e-04
-6.1432289934853937e-04
-6.1432289934853915e-04
-6.1432289934853872e-04
-6.1432289934853894e-04
-6.1432289934853861e-04
-6.1432289934853829e-04
-6.1432289934853774e-04
-6.1432289934853807e-04
-6.1432289934853839e-04
-6.1432289934853926e-04
-6.1432289934853948e-04
