0.0000000000000000e+00
9.7550506852659154e-05
1.9512195121856001e-04
2.9268387632737592e-04
3.9023628403510964e-04
4.8777917619923671e-04
5.8536585365708091e-04
6.8294300888587216e-04
7.8051064374176464e-04
8.7806876008274292e-04
9.7561735976587250e-04
8.7804878025792520e-04
7.8047068019249728e-04
6.8292682927343479e-04
5.8537346262380659e-04
4.8780487805240286e-04
3.9024390243953924e-04
2.9267340775446433e-04
1.9512195121829730e-04
9.7560977467041696e-05
-9.5080007989121665e-16
-9.7570496541146662e-05
-1.9512195122049775e-04
-2.9268292311486553e-04
-3.9025341408061628e-04
-4.8783342597608325e-04
-5.8542296065969019e-04
-6.8292682927591762e-04
-7.8044020582409505e-04
-8.7796309215743852e-04
-9.7560975610874994e-04
-8.7804878072514337e-04
-7.8049732255745926e-04
-6.8295537974797467e-04
-5.8542295044196010e-04
-4.8780487806487113e-04
-3.9024390245011222e-04
-2.9269244405065914e-04
-1.9512195122984175e-04
-9.7560977481505224e-05
-1.0292707696642854e-14
9.7551460244507722e-05
1.9512195120776815e-04
2.9268292309913934e-04
3.9023437777696915e-04
4.8777631709554057e-04
5.8530874291222879e-04
6.8292682925041718e-04
7.8053538722807432e-04
8.7813441870512583e-04
9.7572392554133905e-04
8.7811024395181717e-04
7.8054926857479929e-04
6.8297877412498329e-04
5.8539875874474693e-04
4.8786634174139765e-04
3.9032441123818657e-04
2.9277296537794632e-04
1.9518341491334094e-04
9.7622439303392391e-05
6.1463694486105924e-08
-9.7509030986869799e-05
-1.9506048752508678e-04
-2.9262146127869364e-04
-3.9019195410524676e-04
-4.8777196786123632e-04
-5.8536150440604933e-04
-6.8286536557991113e-04
-7.8037873468359898e-04
-8.7790161357174175e-04
-9.7554829241193821e-04
-8.7799423497408272e-04
-7.8044969340182306e-04
-6.8291466583974148e-04
-5.8538915043061465e-04
-4.8775033232237146e-04
-3.9018935670416424e-04
-2.9263789830116186e-04
-1.9506740548099768e-04
-9.7506431732735158e-05
5.4545740678634903e-08
9.7606005997888709e-05
1.9517649695990148e-04
2.9273746885071097e-04
3.9028892352669839e-04
4.8783086284493252e-04
5.8536328865988081e-04
6.8298137500314728e-04
7.8058993298581701e-04
8.7818896446707263e-04
9.7577847130812258e-04
8.7815865043794849e-04
7.8059767506000470e-04
6.8302718060897591e-04
5.8544716522779413e-04
4.8791474822760595e-04
3.9037281772670292e-04
2.9282137186880037e-04
1.9523182140006730e-04
9.7670845789419084e-05
1.0987018084532907e-07
-9.7460624501649414e-05
-1.9501208104018362e-04
-2.9257305479310383e-04
-3.9014354761890283e-04
-4.8772356137423471e-04
-5.8531309791879824e-04
-6.8281695909453018e-04
-7.8033032820034752e-04
-8.7785320709032704e-04
-9.7549988592655012e-04
-8.7795127675414854e-04
-7.8041218238567218e-04
-6.8288260096375402e-04
-5.8526834970693128e-04
-4.8766362606302921e-04
-3.9014639848522096e-04
-2.9258542287179085e-04
-1.9503396447315680e-04
-9.7463471649894391e-05
9.7503960933113476e-08
9.7648962356017017e-05
1.9521945518038584e-04
2.9278042893238025e-04
3.9033188546900736e-04
4.8787382664788295e-04
5.8540625432381473e-04
6.8302433322262588e-04
7.8063288376272865e-04
8.7823190780405712e-04
9.7560975481988379e-04
8.7814628421910713e-04
7.8067331356434328e-04
6.8302433319908373e-04
5.8536581657898750e-04
4.8790238196306639e-04
3.9034140639234669e-04
2.9277091174919950e-04
1.9521945518100308e-04
9.7658481397311288e-05
9.7503961591276128e-08
-9.7472992547031887e-05
-1.9502444725805261e-04
-2.9258541918405990e-04
-3.9015591018204621e-04
-4.8773592210935463e-04
-5.8532545682444409e-04
-6.8282932531357971e-04
-7.8034270173372858e-04
-8.7786558793939370e-04
-9.7551225214555562e-04
-8.7796225109434414e-04
-7.8042176511801506e-04
-6.8289079235987564e-04
-5.8536933096474798e-04
-4.8771834844765652e-04
-3.9015737282592814e-04
-2.9260591441892641e-04
-1.9503542159983404e-04
-9.7474447853636645e-05
8.6529619792330741e-08
9.7637989877929056e-05
1.9520848083866052e-04
2.9276945272789452e-04
3.9032090740228248e-04
4.8786284671907792e-04
5.8539527253369478e-04
6.8301335888270318e-04
7.8062191687035167e-04
8.7822094835930263e-04
9.7560975521150965e-04
8.7813530987841128e-04
7.8065136235109600e-04
6.8301335886471236e-04
5.8536582126812947e-04
4.8789140763107219e-04
3.9040749180605742e-04
2.9276945642608596e-04
1.9520848083140921e-04
9.7637986164018624e-05
8.6529619721945466e-08
-9.7474444140112853e-05
-1.9504493697169051e-04
-2.9262495073398054e-04
-3.9015737282205418e-04
-4.8769930841124340e-04
-5.8525075935772605e-04
-6.8281172751758911e-04
-7.8038221474844801e-04
-8.7796222290827542e-04
-9.7555175385616321e-04
-8.7798734703641447e-04
-7.8043245810023956e-04
-6.8288708519315578e-04
-5.8535122645751063e-04
-4.8782488003793866e-04
-3.9018246877930957e-04
-2.9262149315656812e-04
-1.9507003474946894e-04
-9.7499541932228486e-05
6.1433677444321389e-08
