0.0000000000000000e+00
0.0000000000000000e+00
0.0000000000000000e+00
0.0000000000000000e+00
0.0000000000000000e+00
0.0000000000000000e+00
0.0000000000000000e+00
0.0000000000000000e+00
0.0000000000000000e+00
0.0000000000000000e+00
0.0000000000000000e+00
0.0000000000000000e+00
0.0000000000000000e+00
0.0000000000000000e+00
0.0000000000000000e+00
0.0000000000000000e+00
0.0000000000000000e+00
0.0000000000000000e+00
0.0000000000000000e+00
0.0000000000000000e+00
0.0000000000000000e+00
0.0000000000000000e+00
0.0000000000000000e+00
0.0000000000000000e+00
0.0000000000000000e+00
0.0000000000000000e+00
0.0000000000000000e+00
0.0000000000000000e+00
0.0000000000000000e+00
0.0000000000000000e+00
9.3027272086876448e-15
9.3027272086876448e-15
9.3027272086876448e-15
9.3027272086876448e-15
9.3027272086876448e-15
9.3027272086876448e-15
9.3027272086876448e-15
9.3027272086876448e-15
9.3027272086876448e-15
9.3027272086876448e-15
9.3027272086876448e-15
9.3027272086876448e-15
9.3027272086876448e-15
9.3027272086876448e-15
9.3027272086876448e-15
9.3027272086876448e-15
9.3027272086876448e-15
9.3027272086876448e-15
9.3027272086876448e-15
9.3027272086876448e-15
6.1463714181633876e-08
6.1463714181633876e-08
6.1463714181633876e-08
6.1463714181633876e-08
6.1463714181633876e-08
6.1463714181633876e-08
6.1463714181633876e-08
6.1463714181633876e-08
6.1463714181633876e-08
6.1463714181633876e-08
6.1463714181633876e-08
6.1463714181633876e-08
6.1463714181633876e-08
6.1463714181633876e-08
6.1463714181633876e-08
6.1463714181633876e-08
6.1463714181633876e-08
6.1463714181633876e-08
6.1463714181633876e-08
6.1463714181633876e-08
6.8381667621068849e-08
6.8381667621068849e-08
6.8381667621068849e-08
6.8381667621068849e-08
6.8381667621068849e-08
6.8381667621068849e-08
6.8381667621068849e-08
6.8381667621068849e-08
6.8381667621068849e-08
6.8381667621068849e-08
6.8381667621068849e-08
6.8381667621068849e-08
6.8381667621068849e-08
6.8381667621068849e-08
6.8381667621068849e-08
6.8381667621068849e-08
6.8381667621068849e-08
6.8381667621068849e-08
6.8381667621068849e-08
6.8381667621068849e-08
1.2370610511250849e-07
1.2370610511250849e-07
1.2370610511250849e-07
1.2370610511250849e-07
1.2370610511250849e-07
1.2370610511250849e-07
1.2370610511250849e-07
1.2370610511250849e-07
1.2370610511250849e-07
1.2370610511250849e-07
1.2370610511250849e-07
1.2370610511250849e-07
1.2370610511250849e-07
1.2370610511250849e-07
1.2370610511250849e-07
1.2370610511250849e-07
1.2370610511250849e-07
1.2370610511250849e-07
1.2370610511250849e-07
1.2370610511250849e-07
1.3607232468238826e-07
1.3607232468238826e-07
1.3607232468238826e-07
1.3607232468238826e-07
1.3607232468238826e-07
1.3607232468238826e-07
1.3607232468238826e-07
1.3607232468238826e-07
1.3607232468238826e-07
1.3607232468238826e-07
1.3607232468238826e-07
1.3607232468238826e-07
1.3607232468238826e-07
1.3607232468238826e-07
1.3607232468238826e-07
1.3607232468238826e-07
1.3607232468238826e-07
1.3607232468238826e-07
1.3607232468238826e-07
1.3607232468238826e-07
1.3607232468238826e-07
1.3607232468238826e-07
1.3607232468238826e-07
1.3607232468238826e-07
1.3607232468238826e-07
1.3607232468238826e-07
1.3607232468238826e-07
1.3607232468238826e-07
1.3607232468238826e-07
1.3607232468238826e-07
1.3607232468238826e-07
1.3607232468238826e-07
1.3607232468238826e-07
1.3607232468238826e-07
1.3607232468238826e-07
1.3607232468238826e-07
1.3607232468238826e-07
1.3607232468238826e-07
1.3607232468238826e-07
1.3607232468238826e-07
1.4704666446282979e-07
1.4704666446282979e-07
1.4704666446282979e-07
1.4704666446282979e-07
1.4704666446282979e-07
1.4704666446282979e-07
1.4704666446282979e-07
1.4704666446282979e-07
1.4704666446282979e-07
1.4704666446282979e-07
1.4704666446282979e-07
1.4704666446282979e-07
1.4704666446282979e-07
1.4704666446282979e-07
1.4704666446282979e-07
1.4704666446282979e-07
1.4704666446282979e-07
1.4704666446282979e-07
1.4704666446282979e-07
1.4704666446282979e-07
1.4704666446282979e-07
1.4704666446282979e-07
1.4704666446282979e-07
1.4704666446282979e-07
1.4704666446282979e-07
1.4704666446282979e-07
1.4704666446282979e-07
1.4704666446282979e-07
1.4704666446282979e-07
1.4704666446282979e-07
1.4704666446282979e-07
1.4704666446282979e-07
1.4704666446282979e-07
1.4704666446282979e-07
1.4704666446282979e-07
1.4704666446282979e-07
1.4704666446282979e-07
1.4704666446282979e-07
1.4704666446282979e-07
1.4704666446282979e-07
1.7214260174752465e-07
1.7214260174752465e-07
1.7214260174752465e-07
1.7214260174752465e-07
1.7214260174752465e-07
1.7214260174752465e-07
1.7214260174752465e-07
1.7214260174752465e-07
1.7214260174752465e-07
1.7214260174752465e-07
1.7214260174752465e-07
