0.0000000000000000e+00
-7.3158850759925823e-04
-2.5924460961563738e-10
-7.3199738104007901e-04
-2.9273808614569538e-03
-6.5859506118959819e-03
4.2610408452917480e-10
5.1222512582528726e-03
8.7810019099756522e-03
1.0976452224121773e-02
1.1708801832524193e-02
2.0058659294933049e-08
-1.3171819426765867e-02
1.6577946338712951e-09
1.1708050942948564e-02
3.3875609316684167e-10
7.7872453041496962e-11
-1.4635147276897266e-03
-1.6479328829157090e-10
1.9963402010570354e-07
-4.4060096149379998e-10
-1.4637149040058071e-03
-2.3329154308242834e-10
3.9986874605739071e-07
-1.4627145787699195e-03
-4.3895434037092744e-03
-8.7802866441732529e-03
5.4351690464358335e-10
7.3179718992106586e-03
1.3173428494769240e-02
-1.4569650431994043e-10
1.9522307866563340e-08
-1.4632757422954213e-03
-4.3896858720474177e-03
-8.7790112666922895e-03
6.5837763833584898e-10
3.7108503519286996e-11
-1.4633152026280213e-03
-2.9972027827643817e-10
-1.9967969276058269e-07
-6.8168583601400846e-10
-1.4631161057130481e-03
-5.9121418376797858e-10
-3.9946061633934598e-07
-1.4641128665566275e-03
-4.3909413614319744e-03
-8.7806847418648876e-03
-1.4069028874841926e-10
7.3161709081052727e-03
1.3168027605308944e-02
2.2401947286480362e-02
1.9490451651220979e-08
1.0806177475521015e-09
-1.4635320157907411e-03
-4.3907796506128952e-03
-6.5069411343491171e-10
2.9278635163506872e-03
4.3926128324056190e-03
-1.1112189369195656e-09
-9.3393302614610179e-10
-1.0446187285651675e-09
-1.4635156065432925e-03
-6.0860266799556286e-10
1.9944858508306456e-07
-1.4631151046001056e-03
-4.3901441579532342e-03
-8.7810878388536948e-03
1.5402765555525634e-10
7.3187726690033218e-03
1.3175030423996053e-02
-5.4545359000175947e-04
1.9145221989344688e-08
-9.1758326600242454e-04
-3.2980612867107807e-03
-7.1412147481934116e-03
-3.5099757435940066e-10
-9.2300452441094154e-10
-1.4633162359859843e-03
-1.1754953126176980e-09
-2.0034886522474937e-07
-9.2330573188702975e-10
-1.4631162273583270e-03
-6.7935503893613815e-10
-3.9955887363942279e-07
-1.4641129991752638e-03
-4.3909411281867336e-03
-8.7806848084764667e-03
6.4450701112664533e-10
7.3161718615925306e-03
1.3168028982495444e-02
2.1917891451923747e-02
1.9935784351473861e-08
1.6018732847848441e-09
-1.4635313658030685e-03
-4.3907788702783725e-03
-3.7843253008873741e-11
2.9278640578252043e-03
4.3926132945044010e-03
-3.6262954125273897e-10
-3.4664073570547584e-10
-5.4629340060415983e-10
-1.4635156229691152e-03
-8.0949809881960930e-10
1.9939307151365040e-07
-1.4631149327869559e-03
-4.3901436172302851e-03
-8.7810870674202499e-03
8.3992670575200062e-11
7.3187719682888718e-03
1.3175029031811079e-02
-9.7502829380037158e-04
1.9380337037072664e-08
-4.8781970004820307e-04
-2.4383456546261321e-03
-5.5519503816101913e-10
9.7357368649857059e-04
-9.8422921028360241e-10
-7.3966987889101609e-10
-1.4633148842531454e-03
-5.3390034491519111e-10
-6.8864016717030812e-10
-1.4633152875023624e-03
-3.8684249876325027e-10
-2.0000465833406691e-07
-1.4637143258772343e-03
-4.3903434651686550e-03
-8.7798877539898932e-03
5.1626642474371361e-10
7.3153746843958459e-03
1.3166435384097452e-02
7.6879103715046518e-03
2.0337654392308070e-08
-9.1480110279664375e-03
-4.8278488443218394e-09
7.6813089953445129e-03
-5.7435597621318572e-09
-1.0528900399386288e-09
-1.4635110248571699e-03
1.8834753094594331e-10
1.9664429592643520e-07
-1.4869180615120102e-10
-1.4637115749457138e-03
-9.1882837098796255e-11
3.9645827263081865e-07
-1.4627215900887963e-03
-4.3895537070209210e-03
-8.7803002993089227e-03
9.7283825454977258e-11
7.3179851056727726e-03
1.3173455012596872e-02
-8.6528372921084199e-04
1.9538193681965960e-08
-5.9761222246785010e-04
-2.6579789189609278e-03
-6.1808812401904188e-03
-3.9065977591719121e-10
-6.9418302207683864e-10
-1.4633155560510825e-03
-3.7619891773615354e-10
-2.0007849801961136e-07
-6.1634098299035571e-10
-1.4631159555012056e-03
-5.1847272814318232e-10
-3.9967281551645306e-07
-1.4641134570414771e-03
-4.3909418799890588e-03
-8.7806854393110544e-03
4.3036436041642871e-10
7.3161718586406705e-03
1.3168029822161651e-02
6.8225950492995305e-03
1.9775524151172460e-08
-8.2830763394937407e-03
-4.6304903763612427e-09
6.8167554401262287e-03
-5.3772594983433003e-09
-8.2772862656436651e-03
-4.3880942673826848e-09
-1.8517528712247777e-09
-1.4635137701318193e-03
-7.6664023088863552e-10
1.9747089671336445e-07
-1.4631187691362831e-03
-4.3901495629699444e-03
-9.4347470996649251e-10
2.9272324923648911e-03
4.3913517098356468e-03
4.3921560889958614e-03
2.9294464850413288e-03
3.0222944863906223e-06
-6.3660345894038422e-03
1.9135621492096769e-08
4.9030280069364343e-03
8.3431918018017082e-03
1.0320710142213231e-02
1.0835782833993243e-02
-3.1437410288169812e-09
-1.8142936059143826e-09
-1.4633151311749370e-03
-5.4990417701153721e-10
-6.3716177118417783e-10
