0.0000000000000000e+00
-7.3158842767673433e-04
-2.6873111572393215e-10
-7.3199728803133648e-04
-2.9273807320863918e-03
-6.5859505203002891e-03
3.7607901277797229e-10
5.1222511939498956e-03
8.7810017112934270e-03
1.0976451964718340e-02
1.1708801504811149e-02
2.0005850095364395e-08
-1.3171819269901252e-02
1.5950296771175540e-09
1.1708050763044119e-02
3.3026598029788802e-10
7.1687695135989418e-11
-1.4635147482062534e-03
-1.8892979787164836e-10
1.9955844348266186e-07
-4.6790262475418148e-10
-1.4637147971119009e-03
-1.7505490644561934e-10
3.9986189780407380e-07
-1.4627145976467935e-03
-4.3895435319856041e-03
-8.7802867735861118e-03
4.9480575871801398e-10
7.3179720667915921e-03
1.3173428786786359e-02
5.4283869722998193e-11
1.9730273030363606e-08
-1.4632755884234664e-03
-4.3896856929685627e-03
-8.7790110988615767e-03
7.9547412594288655e-10
1.7112433924071972e-10
-1.4633151125444093e-03
-1.6610055181042420e-10
-1.9949769161136527e-07
-5.3382423963645608e-10
-1.4631160347630210e-03
-5.5923296612589313e-10
-3.9942627541135484e-07
-1.4641127728985889e-03
-4.3909413145620498e-03
-8.7806848234446185e-03
-1.0461941300055169e-10
7.3161712157505665e-03
1.3168028037085864e-02
2.2401947928143557e-02
1.9696303055897055e-08
1.1102939969568537e-09
-1.4635320395990318e-03
-4.3907796743810892e-03
-4.8001454451317274e-10
2.9278638224072653e-03
4.3926133001561205e-03
-9.0700293652382769e-10
-7.5655035933499858e-10
-9.1859188942369745e-10
-1.4635156631968797e-03
-4.2652320426397495e-10
1.9969960225072329e-07
-1.4631148216706893e-03
-4.3901438664810093e-03
-8.7810873818735865e-03
3.1687511545234672e-10
7.3187724742919515e-03
1.3175029775219917e-02
-5.4545322372105969e-04
1.9478482846240507e-08
-9.1758287590894879e-04
-3.2980609333963093e-03
-7.1412143998606870e-03
-4.7779183978712387e-11
-6.0661971369698849e-10
-1.4633159915398944e-03
-9.3049667390400866e-10
-2.0014398174810138e-07
-5.8649673632089455e-10
-1.4631158511189337e-03
-3.3555367957965307e-10
-3.9911139178433927e-07
-1.4641126633828424e-03
-4.3909408725216247e-03
-8.7806845112402415e-03
1.1334037955935944e-09
7.3161724111357861e-03
1.3168029615319630e-02
2.1917892108908005e-02
2.0429110126638128e-08
2.1249660907479534e-09
-1.4635309931977799e-03
-4.3907783439357901e-03
4.8501685682970583e-10
2.9278643980626788e-03
4.3926135894388312e-03
-2.1583199114835912e-10
-7.3619506183264772e-11
-3.2334138574521193e-10
-1.4635153715609175e-03
-5.6187593287458507e-10
1.9963583063206360e-07
-1.4631147570434194e-03
-4.3901434287660496e-03
-8.7810868368751391e-03
3.1905405837240028e-10
7.3187722230737473e-03
1.3175029307813158e-02
-9.7502808377209740e-04
1.9666737366698078e-08
-4.8781947398202492e-04
-2.4383453273109103e-03
-2.7105422028976772e-10
9.7357393819369085e-04
-7.4579380921119693e-10
-5.4561612930293722e-10
-1.4633147301000063e-03
-3.9725214978698725e-10
-5.2894352386547911e-10
-1.4633151630553958e-03
-2.8220336938724268e-10
-1.9994031727929502e-07
-1.4637143601018330e-03
-4.3903434432636399e-03
-8.7798877553295421e-03
8.3638969341367565e-10
7.3153753061378762e-03
1.3166436313897172e-02
7.6879106030561181e-03
2.0585340707036600e-08
-9.1480108132654114e-03
-4.4258007626052585e-09
7.6813094421110629e-03
-5.3854597877102129e-09
-6.6163231464402799e-10
-1.4635106471694579e-03
5.8891771780157918e-10
1.9706337219538916e-07
1.6966198714610667e-10
-1.4637112731707691e-03
3.6340451928214876e-10
3.9714147810354023e-07
-1.4627207829836317e-03
-4.3895528412143479e-03
-8.7802993018250338e-03
8.1768535770981172e-10
7.3179854762700355e-03
1.3173454895640837e-02
-8.6528307390239484e-04
2.0158992068560434e-08
-5.9761157341311328e-04
-2.6579783925023233e-03
-6.1808806226457983e-03
1.1978957248617230e-10
-1.9527431653769464e-10
-1.4633151029504574e-03
2.1374602543845816e-10
-1.9929329049882374e-07
-3.9501973008801280e-11
-1.4631155074431984e-03
2.1823511060999720e-10
-3.9878171950148550e-07
-1.4641124313463996e-03
-4.3909407010312602e-03
-8.7806840096199528e-03
1.2375095348261191e-09
7.3161720036113674e-03
1.3168029401742394e-02
6.8225958570104130e-03
2.0562048191461823e-08
-8.2830755486293078e-03
-3.7818671056351872e-09
6.8167563034944346e-03
-4.5317630368637922e-09
-8.2772854448829383e-03
-3.6005820639185755e-09
-1.1357050684164750e-09
-1.4635130370363356e-03
1.0837131085068879e-11
1.9819162212249924e-07
-1.4631179582173057e-03
-4.3901486920264127e-03
-4.2806315685942650e-10
2.9272329125652466e-03
4.3913519442013559e-03
4.3921561157328828e-03
2.9294462339188049e-03
3.0218871294271609e-06
-6.3660352457132682e-03
1.9701892656791255e-08
4.9030297163547183e-03
8.3431948310034292e-03
1.0320714491747032e-02
1.0835788338426590e-02
-2.3810971219709753e-09
-1.1430804931039006e-09
-1.4633144311407768e-03
1.0963232668881599e-10
-3.5197150928946228e-11
