0.0000000000000000e+00
1.9997414951714539e+01
3.9999999999658961e+01
5.9999755448723114e+01
7.9996681798727366e+01
9.9990779550512926e+01
1.1999999999995620e+02
1.4000639017237700e+02
1.6000995056819596e+02
1.8001068168825293e+02
2.0000858403305631e+02
1.7999999996492841e+02
1.5998858634786720e+02
1.4000000000200828e+02
1.2000858466837950e+02
1.0000000000096568e+02
8.0000000000210363e+01
5.9997170480940063e+01
3.9999999999728047e+01
2.0000000500570358e+01
-3.6557285558102356e-10
-2.0002830019737409e+01
-4.0000000000222059e+01
-5.9999998998532604e+01
-8.0002827515197495e+01
-1.0000848605110181e+02
-1.2001697510719353e+02
-1.4000000000117410e+02
-1.5998585141066914e+02
-1.7997452983500682e+02
-2.0000000000032438e+02
-1.8000000003489151e+02
-1.6000282908768924e+02
-1.4000848665781712e+02
-1.2001697224532407e+02
-1.0000000000086263e+02
-8.0000000000199293e+01
-6.0002829017458119e+01
-4.0000000000232824e+01
-2.0000000501432993e+01
-4.2399124807652734e-10
1.9997171482567083e+01
3.9999999999329674e+01
5.9999998997764237e+01
7.9997168978676029e+01
9.9991510441876869e+01
1.1998302388825226e+02
1.3999999999834804e+02
1.6001414408651962e+02
1.8002545665333270e+02
2.0002424584714112e+02
1.7999999996449225e+02
1.6000000000104876e+02
1.3999717051899123e+02
1.1999151101744378e+02
9.9999999999163151e+01
8.0005660964541164e+01
6.0008493412788020e+01
3.9999999999076401e+01
1.9999999999181838e+01
-7.6570464595632808e-10
-2.0002829519226278e+01
-4.0000000000505992e+01
-5.9999999499944501e+01
-8.0002828518119543e+01
-1.0000848755552654e+02
-1.2001697711337212e+02
-1.4000000000130581e+02
-1.5998584940415736e+02
-1.7997452582172855e+02
-1.9999890909360775e+02
-1.8000000003521200e+02
-1.6000391957432601e+02
-1.4001066721092442e+02
-1.2002024244413130e+02
-1.0000000000333387e+02
-8.0000000001926850e+01
-6.0002829018522618e+01
-4.0000000001352248e+01
-2.0000000502487694e+01
-7.5606261302328270e-10
1.9997171482784818e+01
3.9999999999329724e+01
5.9999998997652092e+01
7.9997168978168872e+01
9.9991510441504886e+01
1.1998302388737457e+02
1.3999999999907138e+02
1.6001414408827580e+02
1.8002545665625985e+02
2.0002521396646830e+02
1.7999999996513185e+02
1.6000000000163396e+02
1.3999717051931506e+02
1.1999151101769243e+02
9.9999999999963137e+01
8.0005660965714043e+01
6.0008493414368708e+01
4.0000000000004952e+01
1.9999999999905178e+01
7.8893108559406554e-12
-2.0002829518954997e+01
-4.0000000000467821e+01
-5.9999999499701318e+01
-8.0002828517609160e+01
-1.0000848755465745e+02
-1.2001697711235400e+02
-1.4000000000109614e+02
-1.5998584940465275e+02
-1.7997452582287292e+02
-1.9999804994370456e+02
-1.8000000003473161e+02
-1.6000477839266361e+02
-1.4001238451669386e+02
-1.2000000000199971e+02
-9.9990447510444611e+01
-8.0000000001788550e+01
-6.0000000000893465e+01
-4.0002829017657675e+01
-2.0000000000275541e+01
-1.6641455702058595e-10
1.9997170982043404e+01
3.9999999999978719e+01
5.9999999499348000e+01
7.9997169980736757e+01
9.9991511944970625e+01
1.1998302589194168e+02
1.3999999999927229e+02
1.6001414208459281e+02
1.8002545264956518e+02
1.9998462417258651e+02
1.7999999996544580e+02
1.6001255216235165e+02
1.3999999999125831e+02
1.1998461287238663e+02
9.9999999987273171e+01
7.9999999998120302e+01
5.9997170490301286e+01
4.0000000000588294e+01
2.0000000492795415e+01
3.6591787319533510e-10
-2.0002830010736144e+01
-3.9999999999581021e+01
-5.9999999006415649e+01
-8.0002827531795731e+01
-1.0000848607614358e+02
-1.2001697514065592e+02
-1.4000000000076861e+02
-1.5998585137598380e+02
-1.7997452976634929e+02
-1.9999826943195981e+02
-1.8000000003451970e+02
-1.6000455898840610e+02
-1.4001194579305169e+02
-1.2002215994840631e+02
-1.0000000000391796e+02
-8.0000000001649596e+01
-6.0002829017138737e+01
-4.0000000000079538e+01
-2.0000000501878031e+01
-1.6049387664350314e-10
1.9997171483515874e+01
3.9999999999797964e+01
5.9999998997674268e+01
7.9997168977700014e+01
9.9991510440637725e+01
1.1998302388661162e+02
1.3999999999949316e+02
1.6001414408959602e+02
1.8002545665944902e+02
1.9998635480369194e+02
1.7999999996521041e+02
1.6001082086447181e+02
1.3999999999284333e+02
1.1998634484157441e+02
9.9999999989504886e+01
8.0010830876878529e+01
5.9999999993088664e+01
3.9999999997664013e+01
1.9997170483725771e+01
-7.1488372653147493e-11
-1.9999999501916225e+01
-4.0002828522108040e+01
-6.0008487561819493e+01
-8.0000000000818375e+01
-9.9994340456583032e+01
-1.1999150942913383e+02
-1.3999150741934588e+02
-1.5999433492751416e+02
-1.7999999245484713e+02
-2.0000452306621929e+02
-1.8000000003557022e+02
-1.5999830599796397e+02
-1.3999944045335403e+02
-1.2000340290113397e+02
-1.0001019284115732e+02
-8.0000000006120246e+01
-6.0000000002689070e+01
-4.0002829017202210e+01
-2.0000000000927781e+01
-9.7828654456350812e-10
