0.0000000000000000e+00
1.9998146540182191e+01
3.9999999999922942e+01
6.0000487446057640e+01
7.9999609179524143e+01
9.9997365501079059e+01
1.1999999999955511e+02
1.4000126792115080e+02
1.6000116956638527e+02
1.7999970523615849e+02
1.9999687523138758e+02
1.7999999994489613e+02
1.6000175816721543e+02
1.4000000000038196e+02
1.1999687661752641e+02
1.0000000000063116e+02
8.0000000000135600e+01
5.9998633995678020e+01
3.9999999999904929e+01
2.0000000300974115e+01
-8.0674485202609143e-11
2.0001366304886854e+01
4.0000000000017877e+01
5.9999999398397932e+01
8.0001364800609309e+01
1.0000409650763395e+02
1.2000819482048460e+02
1.4000000000169322e+02
1.5999316938265213e+02
1.7998770326364755e+02
2.0000000000027876e+02
1.8000000005451776e+02
1.6000136581202389e+02
1.4000409697203463e+02
1.2000819323414133e+02
1.0000000000158960e+02
8.0000000000303459e+01
6.0001365702300511e+01
3.9999999999999943e+01
2.0000000301844295e+01
2.4988918763366337e-11
1.9998634598637338e+01
3.9999999999904908e+01
5.9999999397207702e+01
7.9998633091495762e+01
9.9995901383214886e+01
1.1999180457303497e+02
1.3999999999847077e+02
1.6000682791545773e+02
1.8001228862551153e+02
2.0000184389953384e+02
1.7999999994489886e+02
1.5999999999995333e+02
1.3999863405101885e+02
1.1999590179710630e+02
9.9999999999728416e+01
8.0002733100871865e+01
6.0004100799721755e+01
4.0000000000085514e+01
2.0000000000027100e+01
1.6833965249896306e-11
2.0001366003591404e+01
3.9999999999988425e+01
5.9999999699518654e+01
8.0001365403156427e+01
1.0000409741151425e+02
1.2000819602576172e+02
1.4000000000154125e+02
1.5999316817672897e+02
1.7998770085182812e+02
1.9999836364020092e+02
1.8000000005452392e+02
1.6000300199125510e+02
1.4000736914981451e+02
1.2001310122955729e+02
1.0000000000313449e+02
8.0000000001162022e+01
6.0001365702408862e+01
4.0000000000299259e+01
2.0000000302241283e+01
1.1825291995056397e-10
1.9998634598824054e+01
3.9999999999837165e+01
5.9999999396987235e+01
7.9998633091000187e+01
9.9995901382505181e+01
1.1999180457203443e+02
1.3999999999818240e+02
1.6000682791613937e+02
1.8001228862696112e+02
2.0000329607468794e+02
1.7999999994494939e+02
1.5999999999977055e+02
1.3999863405049462e+02
1.1999590179629949e+02
9.9999999999739558e+01
8.0002733101486115e+01
6.0004100800926714e+01
4.0000000000294200e+01
2.0000000000115296e+01
6.0537084225880750e-10
2.0001366003457722e+01
3.9999999999782162e+01
5.9999999699215763e+01
8.0001365402764236e+01
1.0000409741113445e+02
1.2000819602540176e+02
1.4000000000129756e+02
1.5999316817674838e+02
1.7998770085204271e+02
1.9999707491551590e+02
1.8000000005425514e+02
1.6000429057307653e+02
1.4000994617120284e+02
1.2000000000158666e+02
9.9991421084256913e+01
8.0000000000923563e+01
6.0000000000250793e+01
4.0001365702850478e+01
1.9999999999809976e+01
4.2987007975160162e-10
1.9998634297268680e+01
4.0000000000313250e+01
5.9999999699320469e+01
7.9998633695079718e+01
9.9995902288424801e+01
1.1999180577969628e+02
1.3999999999859605e+02
1.6000682670959753e+02
1.8001228621371624e+02
1.9997693626209929e+02
1.7999999994498427e+02
1.6002170017327231e+02
1.3999999999588519e+02
1.1997693156316787e+02
9.9999999992837658e+01
7.9999999998977501e+01
5.9998634001137326e+01
4.0000000000199641e+01
2.0000000295941582e+01
5.2599293767270938e-10
2.0001366299312082e+01
3.9999999999716771e+01
5.9999999403215512e+01
8.0001364810609175e+01
1.0000409652286945e+02
1.2000819484085540e+02
1.4000000000122606e+02
1.5999316936127479e+02
1.7998770322130335e+02
1.9999740414855813e+02
1.8000000005436829e+02
1.6000396137650813e+02
1.4000928781439595e+02
1.2001597906747486e+02
1.0000000000378246e+02
8.0000000001204882e+01
6.0001365701809263e+01
3.9999999999998337e+01
2.0000000302192138e+01
6.1787067129136919e-10
1.9998634599247357e+01
3.9999999999948074e+01
5.9999999396901536e+01
7.9998633090644205e+01
9.9995901381928206e+01
1.1999180457133610e+02
1.3999999999865918e+02
1.6000682791766491e+02
1.8001228862983712e+02
1.9997953220823874e+02
1.7999999994504157e+02
1.6001910394041593e+02
1.3999999999704946e+02
1.1997952808570257e+02
9.9999999994459387e+01
8.0019108162733829e+01
5.9999999997083023e+01
3.9999999999157744e+01
1.9998633997129357e+01
4.6391148374971992e-10
1.9999999699747473e+01
4.0001365403744330e+01
6.0004097412692012e+01
8.0000000000132601e+01
9.9997267689285508e+01
1.1999590078096085e+02
1.3999589957544811e+02
1.5999726437387375e+02
1.7999999547693801e+02
1.9999815703130164e+02
1.8000000005498896e+02
1.6000320902682566e+02
1.4000778364667045e+02
1.2001372361345098e+02
1.0002102862674352e+02
8.0000000003357869e+01
6.0000000001210402e+01
4.0001365702421062e+01
2.0000000000707651e+01
8.7559325547922253e-10
