0.0000000000000000e+00
0.0000000000000000e+00
0.0000000000000000e+00
0.0000000000000000e+00
0.0000000000000000e+00
0.0000000000000000e+00
0.0000000000000000e+00
0.0000000000000000e+00
0.0000000000000000e+00
0.0000000000000000e+00
0.0000000000000000e+00
0.0000000000000000e+00
0.0000000000000000e+00
0.0000000000000000e+00
0.0000000000000000e+00
0.0000000000000000e+00
0.0000000000000000e+00
0.0000000000000000e+00
0.0000000000000000e+00
0.0000000000000000e+00
0.0000000000000000e+00
0.0000000000000000e+00
0.0000000000000000e+00
0.0000000000000000e+00
0.0000000000000000e+00
0.0000000000000000e+00
0.0000000000000000e+00
0.0000000000000000e+00
0.0000000000000000e+00
0.0000000000000000e+00
2.3494053645824503e-07
2.3494053645824503e-07
2.3494053645824503e-07
2.3494053645824503e-07
2.3494053645824503e-07
2.3494053645824503e-07
2.3494053645824503e-07
2.3494053645824503e-07
2.3494053645824503e-07
2.3494053645824503e-07
2.3494053645824503e-07
2.3494053645824503e-07
2.3494053645824503e-07
2.3494053645824503e-07
2.3494053645824503e-07
2.3494053645824503e-07
2.3494053645824503e-07
2.3494053645824503e-07
2.3494053645824503e-07
2.3494053645824503e-07
1.5371699011191988e+00
1.5371699011191988e+00
1.5371699011191988e+00
1.5371699011191988e+00
1.5371699011191988e+00
1.5371699011191988e+00
1.5371699011191988e+00
1.5371699011191988e+00
1.5371699011191988e+00
1.5371699011191988e+00
1.5371699011191988e+00
1.5371699011191988e+00
1.5371699011191988e+00
1.5371699011191988e+00
1.5371699011191988e+00
1.5371699011191988e+00
1.5371699011191988e+00
1.5371699011191988e+00
1.5371699011191988e+00
1.5371699011191988e+00
1.7100531606680689e+00
1.7100531606680689e+00
1.7100531606680689e+00
1.7100531606680689e+00
1.7100531606680689e+00
1.7100531606680689e+00
1.7100531606680689e+00
1.7100531606680689e+00
1.7100531606680689e+00
1.7100531606680689e+00
1.7100531606680689e+00
1.7100531606680689e+00
1.7100531606680689e+00
1.7100531606680689e+00
1.7100531606680689e+00
1.7100531606680689e+00
1.7100531606680689e+00
1.7100531606680689e+00
1.7100531606680689e+00
1.7100531606680689e+00
3.0936942257593762e+00
3.0936942257593762e+00
3.0936942257593762e+00
3.0936942257593762e+00
3.0936942257593762e+00
3.0936942257593762e+00
3.0936942257593762e+00
3.0936942257593762e+00
3.0936942257593762e+00
3.0936942257593762e+00
3.0936942257593762e+00
3.0936942257593762e+00
3.0936942257593762e+00
3.0936942257593762e+00
3.0936942257593762e+00
3.0936942257593762e+00
3.0936942257593762e+00
3.0936942257593762e+00
3.0936942257593762e+00
3.0936942257593762e+00
3.4027303781361744e+00
3.4027303781361744e+00
3.4027303781361744e+00
3.4027303781361744e+00
3.4027303781361744e+00
3.4027303781361744e+00
3.4027303781361744e+00
3.4027303781361744e+00
3.4027303781361744e+00
3.4027303781361744e+00
3.4027303781361744e+00
3.4027303781361744e+00
3.4027303781361744e+00
3.4027303781361744e+00
3.4027303781361744e+00
3.4027303781361744e+00
3.4027303781361744e+00
3.4027303781361744e+00
3.4027303781361744e+00
3.4027303781361744e+00
3.4027303781361744e+00
3.4027303781361744e+00
3.4027303781361744e+00
3.4027303781361744e+00
3.4027303781361744e+00
3.4027303781361744e+00
3.4027303781361744e+00
3.4027303781361744e+00
3.4027303781361744e+00
3.4027303781361744e+00
3.4027303781361744e+00
3.4027303781361744e+00
3.4027303781361744e+00
3.4027303781361744e+00
3.4027303781361744e+00
3.4027303781361744e+00
3.4027303781361744e+00
3.4027303781361744e+00
3.4027303781361744e+00
3.4027303781361744e+00
3.6769834511534163e+00
3.6769834511534163e+00
3.6769834511534163e+00
3.6769834511534163e+00
3.6769834511534163e+00
3.6769834511534163e+00
3.6769834511534163e+00
3.6769834511534163e+00
3.6769834511534163e+00
3.6769834511534163e+00
3.6769834511534163e+00
3.6769834511534163e+00
3.6769834511534163e+00
3.6769834511534163e+00
3.6769834511534163e+00
3.6769834511534163e+00
3.6769834511534163e+00
3.6769834511534163e+00
3.6769834511534163e+00
3.6769834511534163e+00
3.6769834511534163e+00
3.6769834511534163e+00
3.6769834511534163e+00
3.6769834511534163e+00
3.6769834511534163e+00
3.6769834511534163e+00
3.6769834511534163e+00
3.6769834511534163e+00
3.6769834511534163e+00
3.6769834511534163e+00
3.6769834511534163e+00
3.6769834511534163e+00
3.6769834511534163e+00
3.6769834511534163e+00
3.6769834511534163e+00
3.6769834511534163e+00
3.6769834511534163e+00
3.6769834511534163e+00
3.6769834511534163e+00
3.6769834511534163e+00
4.3041424376925219e+00
4.3041424376925219e+00
4.3041424376925219e+00
4.3041424376925219e+00
4.3041424376925219e+00
4.3041424376925219e+00
4.3041424376925219e+00
4.3041424376925219e+00
4.3041424376925219e+00
4.3041424376925219e+00
4.3041424376925219e+00
