0.0000000000000000e+00
0.0000000000000000e+00
0.0000000000000000e+00
0.0000000000000000e+00
0.0000000000000000e+00
0.0000000000000000e+00
0.0000000000000000e+00
-5.2590038187458008e+00
-2.0238367439887860e+01
-3.4167856036932797e+01
-4.6667699418024952e+01
-4.6667699418024952e+01
-4.6667699418024952e+01
-4.6667699418024952e+01
-4.6667699418024952e+01
-4.6667699418024952e+01
-4.6667699418024952e+01
-4.6667699418024952e+01
-4.6667699418024952e+01
-4.6667699418024952e+01
-4.6667699418024952e+01
-4.6667699418024952e+01
-4.6667699418024952e+01
-4.6667699418024952e+01
-4.6667699418024952e+01
-4.6667699418024952e+01
-4.6667699418024952e+01
-4.6667699418024952e+01
-4.6667699418024952e+01
-3.5305067817146856e+01
-1.8674328006543984e+01
-2.5969077551906743e+00
1.2805487363508083e+01
2.7332232820686926e+01
2.7332232820686912e+01
2.7332232820686919e+01
2.7332232820686919e+01
2.7332232820686919e+01
2.7332232820686919e+01
2.7332232820686919e+01
2.7332232820686890e+01
2.7332232820686890e+01
2.7332232820686880e+01
2.7332232820686880e+01
2.7332232820686883e+01
2.7332232820686883e+01
2.7332232820686869e+01
2.7332232820686873e+01
2.7332232820686848e+01
2.7332232820686848e+01
2.7332232820686848e+01
2.7332232820686848e+01
2.7332232820686848e+01
2.7332232820686844e+01
1.5216841401040188e+01
-7.5586111126455935e-01
-1.5963649348422706e+01
-1.5963649348422706e+01
-1.5963649348422706e+01
-1.5963649348422706e+01
-1.5963649348422706e+01
-1.5963649348422706e+01
-1.5963649348422706e+01
-1.5963649348422706e+01
-1.5963649348422706e+01
-1.5963649348422706e+01
-1.5963649348422706e+01
-1.5963649348422706e+01
-1.5963649348422706e+01
-1.5963649348422706e+01
-1.5963649348422706e+01
-1.5963649348422706e+01
-1.5963649348422706e+01
-1.5963649348422706e+01
-1.5963649348422706e+01
-6.2489350751402455e+00
9.3400164326920958e+00
9.3400164326920958e+00
9.3400164326920994e+00
9.3400164326920994e+00
9.3400164326920958e+00
9.3400164326920958e+00
9.3400164326920958e+00
9.3400164326920958e+00
9.3400164326920958e+00
9.3400164326920923e+00
9.3400164326920887e+00
9.3400164326920851e+00
9.3400164326920851e+00
9.3400164326920816e+00
9.3400164326920816e+00
9.3400164326920816e+00
9.3400164326920816e+00
9.3400164326920816e+00
9.3400164326920816e+00
9.3400164326920816e+00
-5.3792470281744347e+00
-5.3792470281744347e+00
-5.3792470281744347e+00
-5.3792470281744347e+00
-5.3792470281744347e+00
-5.3792470281744347e+00
-5.3792470281744347e+00
-5.3792470281744347e+00
-5.3792470281744347e+00
-5.3792470281744347e+00
-5.3792470281744347e+00
-5.3792470281744347e+00
-5.3792470281744347e+00
-5.3792470281744347e+00
-5.3792470281744347e+00
-5.3792470281744347e+00
-5.3792470281744347e+00
-5.3792470281744347e+00
-5.3792470281744347e+00
-5.3792470281744347e+00
3.1687812696518343e+00
3.1687812696518343e+00
3.1687812696518356e+00
3.1687812696518369e+00
3.1687812696518369e+00
3.1687812696518352e+00
3.1687812696518352e+00
3.1687812696518352e+00
3.1687812696518356e+00
3.1687812696518356e+00
3.1687812696518352e+00
3.1687812696518338e+00
3.1687812696518338e+00
3.1687812696518329e+00
3.1687812696518329e+00
3.1687812696518329e+00
3.1687812696518329e+00
3.1687812696518329e+00
3.1687812696518294e+00
3.1687812696518294e+00
-1.8786303997832852e+00
-1.8786303997832852e+00
-1.8786303997832852e+00
-1.8786303997832852e+00
-1.8786303997832852e+00
-1.8786303997832852e+00
-1.8786303997832852e+00
-1.8786303997832852e+00
-1.8786303997832852e+00
-1.8786303997832852e+00
-1.8786303997832852e+00
-1.8786303997832852e+00
-1.8786303997832852e+00
-1.8786303997832852e+00
-1.8786303997832852e+00
-1.8786303997832852e+00
-1.8786303997832852e+00
-1.8786303997832852e+00
-1.8786303997832852e+00
-1.8786303997832852e+00
1.1188834120096944e+00
1.1188834120096944e+00
1.1188834120096944e+00
1.1188834120096940e+00
1.1188834120096944e+00
1.1188834120096944e+00
1.1188834120096944e+00
1.1188834120096944e+00
1.1188834120096942e+00
1.1188834120096933e+00
1.1188834120096933e+00
1.1188834120096935e+00
1.1188834120096935e+00
1.1188834120096931e+00
1.1188834120096931e+00
1.1188834120096931e+00
1.1188834120096922e+00
1.1188834120096922e+00
1.1188834120096920e+00
1.1188834120096920e+00
-6.4678899431686709e-01
-6.4678899431686709e-01
-6.4678899431686709e-01
-6.4678899431686709e-01
-6.4678899431686709e-01
-6.4678899431686709e-01
-6.4678899431686709e-01
-6.4678899431686709e-01
-6.4678899431686709e-01
-6.4678899431686709e-01
-6.4678899431686709e-01
-6.4678899431686709e-01
-6.4678899431686709e-01
-6.4678899431686709e-01
-6.4678899431686709e-01
-6.4678899431686709e-01
-6.4678899431686709e-01
-6.4678899431686709e-01
-6.4678899431686709e-01
-6.4678899431686709e-01
4.0099691853902619e-01
4.0099691853902614e-01
4.0099691853902619e-01
4.0099691853902619e-01
4.0099691853902619e-01
4.0099691853902619e-01
4.0099691853902603e-01
4.0099691853902603e-01
4.0099691853902603e-01
4.0099691853902591e-01
4.0099691853902597e-01
