0.0000000000000000e+00
0.0000000000000000e+00
0.0000000000000000e+00
0.0000000000000000e+00
0.0000000000000000e+00
0.0000000000000000e+00
0.0000000000000000e+00
2.6295019093724359e+00
1.0119183719938945e+01
1.7083928018458941e+01
2.3333849709005115e+01
2.3333849709005108e+01
2.3333849709005108e+01
2.3333849709005108e+01
2.3333849709005126e+01
2.3333849709005079e+01
2.3333849709005097e+01
2.3333849709005069e+01
2.3333849709005076e+01
2.3333849709005108e+01
2.3333849709005126e+01
2.3333849709005111e+01
2.3333849709005069e+01
2.3333849709005030e+01
2.3333849709004987e+01
2.3333849709004987e+01
2.3333849709004976e+01
2.3333849709004976e+01
2.3333849709005023e+01
1.7652533908561807e+01
9.3371640032558876e+00
1.2984538775795658e+00
-6.4027436817692998e+00
-1.3666116410357164e+01
-1.3666116410357173e+01
-1.3666116410357166e+01
-1.3666116410357166e+01
-1.3666116410357148e+01
-1.3666116410357134e+01
-1.3666116410357130e+01
-1.3666116410357120e+01
-1.3666116410357118e+01
-1.3666116410357125e+01
-1.3666116410357116e+01
-1.3666116410357132e+01
-1.3666116410357120e+01
-1.3666116410357144e+01
-1.3666116410357159e+01
-1.3666116410357157e+01
-1.3666116410357152e+01
-1.3666116410357150e+01
-1.3666116410357152e+01
-1.3666116410357155e+01
-1.3666116410357157e+01
-7.6084207005324016e+00
3.7793055562251976e-01
7.9818246742019019e+00
7.9818246742018983e+00
7.9818246742018912e+00
7.9818246742018832e+00
7.9818246742018824e+00
7.9818246742018832e+00
7.9818246742018788e+00
7.9818246742018832e+00
7.9818246742018895e+00
7.9818246742018903e+00
7.9818246742018921e+00
7.9818246742018815e+00
7.9818246742018850e+00
7.9818246742018948e+00
7.9818246742018966e+00
7.9818246742018939e+00
7.9818246742019010e+00
7.9818246742018912e+00
7.9818246742019010e+00
3.1244675375553355e+00
-4.6700082163642858e+00
-4.6700082163642840e+00
-4.6700082163642795e+00
-4.6700082163642778e+00
-4.6700082163642858e+00
-4.6700082163642884e+00
-4.6700082163642911e+00
-4.6700082163642858e+00
-4.6700082163642866e+00
-4.6700082163642804e+00
-4.6700082163642822e+00
-4.6700082163642831e+00
-4.6700082163642760e+00
-4.6700082163642760e+00
-4.6700082163642751e+00
-4.6700082163642787e+00
-4.6700082163642804e+00
-4.6700082163642822e+00
-4.6700082163642893e+00
-4.6700082163642840e+00
2.6896235140649862e+00
2.6896235140649902e+00
2.6896235140649898e+00
2.6896235140649845e+00
2.6896235140649907e+00
2.6896235140649889e+00
2.6896235140649893e+00
2.6896235140649876e+00
2.6896235140649853e+00
2.6896235140649827e+00
2.6896235140649862e+00
2.6896235140649845e+00
2.6896235140649805e+00
2.6896235140649765e+00
2.6896235140649756e+00
2.6896235140649813e+00
2.6896235140649813e+00
2.6896235140649773e+00
2.6896235140649805e+00
2.6896235140649747e+00
-1.5843906348485319e+00
-1.5843906348485288e+00
-1.5843906348485293e+00
-1.5843906348485324e+00
-1.5843906348485308e+00
-1.5843906348485297e+00
-1.5843906348485306e+00
-1.5843906348485310e+00
-1.5843906348485284e+00
-1.5843906348485257e+00
-1.5843906348485266e+00
-1.5843906348485253e+00
-1.5843906348485239e+00
-1.5843906348485242e+00
-1.5843906348485230e+00
-1.5843906348485233e+00
-1.5843906348485248e+00
-1.5843906348485242e+00
-1.5843906348485250e+00
-1.5843906348485246e+00
9.3931519987051293e-01
9.3931519987051104e-01
9.3931519987051104e-01
9.3931519987050949e-01
9.3931519987050982e-01
9.3931519987050993e-01
9.3931519987051182e-01
9.3931519987051182e-01
9.3931519987051182e-01
9.3931519987051337e-01
9.3931519987051426e-01
9.3931519987051448e-01
9.3931519987051693e-01
9.3931519987051559e-01
9.3931519987051493e-01
9.3931519987051226e-01
9.3931519987051315e-01
9.3931519987051304e-01
9.3931519987051459e-01
9.3931519987051459e-01
-5.5944170602428278e-01
-5.5944170602428323e-01
-5.5944170602428311e-01
-5.5944170602428223e-01
-5.5944170602428200e-01
-5.5944170602428189e-01
-5.5944170602428211e-01
-5.5944170602428134e-01
-5.5944170602428145e-01
-5.5944170602428167e-01
-5.5944170602428178e-01
-5.5944170602428189e-01
-5.5944170602428223e-01
-5.5944170602428289e-01
-5.5944170602428223e-01
-5.5944170602428234e-01
-5.5944170602428289e-01
-5.5944170602428289e-01
-5.5944170602428289e-01
-5.5944170602428256e-01
3.2339449713952934e-01
3.2339449713952917e-01
3.2339449713952917e-01
3.2339449713952911e-01
3.2339449713952856e-01
3.2339449713952861e-01
3.2339449713952817e-01
3.2339449713952872e-01
3.2339449713952872e-01
3.2339449713952939e-01
3.2339449713952950e-01
3.2339449713952889e-01
3.2339449713952834e-01
3.2339449713952889e-01
3.2339449713952872e-01
3.2339449713952867e-01
3.2339449713952872e-01
3.2339449713952911e-01
3.2339449713952922e-01
3.2339449713952917e-01
-2.0049845928836407e-01
-2.0049845928836413e-01
-2.0049845928836413e-01
-2.0049845928836391e-01
-2.0049845928836363e-01
-2.0049845928836399e-01
-2.0049845928836374e-01
-2.0049845928836368e-01
-2.0049845928836346e-01
-2.0049845928836360e-01
-2.0049845928836349e-01
