0.0000000000000000e+00
0.0000000000000000e+00
0.0000000000000000e+00
0.0000000000000000e+00
0.0000000000000000e+00
0.0000000000000000e+00
0.0000000000000000e+00
2.6295019093733800e+00
1.0119183719948969e+01
1.7083928018474005e+01
2.3333849709019923e+01
2.3333849709019908e+01
2.3333849709019916e+01
2.3333849709019923e+01
2.3333849709019908e+01
2.3333849709019876e+01
2.3333849709019887e+01
2.3333849709019852e+01
2.3333849709019876e+01
2.3333849709019905e+01
2.3333849709019916e+01
2.3333849709019901e+01
2.3333849709019859e+01
2.3333849709019837e+01
2.3333849709019788e+01
2.3333849709019798e+01
2.3333849709019766e+01
2.3333849709019766e+01
2.3333849709019812e+01
1.7652533908584942e+01
9.3371640032879935e+00
1.2984538776110186e+00
-6.4027436817388672e+00
-1.3666116410329833e+01
-1.3666116410329840e+01
-1.3666116410329835e+01
-1.3666116410329844e+01
-1.3666116410329822e+01
-1.3666116410329833e+01
-1.3666116410329833e+01
-1.3666116410329812e+01
-1.3666116410329806e+01
-1.3666116410329806e+01
-1.3666116410329812e+01
-1.3666116410329828e+01
-1.3666116410329817e+01
-1.3666116410329838e+01
-1.3666116410329851e+01
-1.3666116410329847e+01
-1.3666116410329845e+01
-1.3666116410329836e+01
-1.3666116410329842e+01
-1.3666116410329842e+01
-1.3666116410329845e+01
-7.6084207005079394e+00
3.7793055564192296e-01
7.9818246742207384e+00
7.9818246742207357e+00
7.9818246742207224e+00
7.9818246742207126e+00
7.9818246742207144e+00
7.9818246742207197e+00
7.9818246742207108e+00
7.9818246742207073e+00
7.9818246742207144e+00
7.9818246742207197e+00
7.9818246742207206e+00
7.9818246742207135e+00
7.9818246742207046e+00
7.9818246742207046e+00
7.9818246742207037e+00
7.9818246742207055e+00
7.9818246742207135e+00
7.9818246742207037e+00
7.9818246742207126e+00
3.1244675375848163e+00
-4.6700082163278989e+00
-4.6700082163278989e+00
-4.6700082163278971e+00
-4.6700082163278944e+00
-4.6700082163278998e+00
-4.6700082163279024e+00
-4.6700082163279024e+00
-4.6700082163278980e+00
-4.6700082163279033e+00
-4.6700082163278944e+00
-4.6700082163278989e+00
-4.6700082163278989e+00
-4.6700082163278953e+00
-4.6700082163278944e+00
-4.6700082163278926e+00
-4.6700082163278962e+00
-4.6700082163278989e+00
-4.6700082163278971e+00
-4.6700082163279060e+00
-4.6700082163278989e+00
2.6896235141093459e+00
2.6896235141093499e+00
2.6896235141093490e+00
2.6896235141093445e+00
2.6896235141093485e+00
2.6896235141093485e+00
2.6896235141093494e+00
2.6896235141093467e+00
2.6896235141093445e+00
2.6896235141093419e+00
2.6896235141093463e+00
2.6896235141093432e+00
2.6896235141093401e+00
2.6896235141093339e+00
2.6896235141093330e+00
2.6896235141093392e+00
2.6896235141093392e+00
2.6896235141093365e+00
2.6896235141093383e+00
2.6896235141093290e+00
-1.5843906348034218e+00
-1.5843906348034194e+00
-1.5843906348034196e+00
-1.5843906348034218e+00
-1.5843906348034205e+00
-1.5843906348034191e+00
-1.5843906348034200e+00
-1.5843906348034202e+00
-1.5843906348034171e+00
-1.5843906348034145e+00
-1.5843906348034160e+00
-1.5843906348034142e+00
-1.5843906348034127e+00
-1.5843906348034111e+00
-1.5843906348034109e+00
-1.5843906348034118e+00
-1.5843906348034138e+00
-1.5843906348034125e+00
-1.5843906348034134e+00
-1.5843906348034129e+00
9.3931519991267964e-01
9.3931519991267720e-01
9.3931519991267765e-01
9.3931519991267609e-01
9.3931519991267654e-01
9.3931519991267687e-01
9.3931519991267964e-01
9.3931519991267953e-01
9.3931519991267964e-01
9.3931519991268098e-01
9.3931519991268231e-01
9.3931519991268253e-01
9.3931519991268431e-01
9.3931519991268375e-01
9.3931519991268375e-01
9.3931519991268209e-01
9.3931519991268220e-01
9.3931519991268109e-01
9.3931519991268253e-01
9.3931519991268342e-01
-5.5944170598549769e-01
-5.5944170598549792e-01
-5.5944170598549781e-01
-5.5944170598549692e-01
-5.5944170598549658e-01
-5.5944170598549658e-01
-5.5944170598549658e-01
-5.5944170598549592e-01
-5.5944170598549603e-01
-5.5944170598549614e-01
-5.5944170598549614e-01
-5.5944170598549625e-01
-5.5944170598549581e-01
-5.5944170598549692e-01
-5.5944170598549636e-01
-5.5944170598549636e-01
-5.5944170598549703e-01
-5.5944170598549792e-01
-5.5944170598549781e-01
-5.5944170598549725e-01
3.2339449717725405e-01
3.2339449717725383e-01
3.2339449717725383e-01
3.2339449717725377e-01
3.2339449717725349e-01
3.2339449717725344e-01
3.2339449717725322e-01
3.2339449717725355e-01
3.2339449717725333e-01
3.2339449717725427e-01
3.2339449717725405e-01
3.2339449717725338e-01
3.2339449717725294e-01
3.2339449717725294e-01
3.2339449717725316e-01
3.2339449717725272e-01
3.2339449717725316e-01
3.2339449717725366e-01
3.2339449717725371e-01
3.2339449717725427e-01
-2.0049845925074639e-01
-2.0049845925074650e-01
-2.0049845925074639e-01
-2.0049845925074605e-01
-2.0049845925074580e-01
-2.0049845925074616e-01
-2.0049845925074622e-01
-2.0049845925074594e-01
-2.0049845925074583e-01
-2.0049845925074600e-01
-2.0049845925074575e-01
