0.0000000000000000e+00
-1.4634146341497659e-04
-2.9270434578832378e-04
-4.3902439024689089e-04
-5.8536584739404839e-04
-7.3172872349713401e-04
-8.7811302482800209e-04
-1.3762029589001075e-03
-2.7757571464778548e-03
-4.4417674266482481e-03
-6.4631433874167803e-03
-6.4143632014555425e-03
-6.3655853948856953e-03
-6.2966072207136020e-03
-6.1990654729721425e-03
-6.0611368504802695e-03
-5.9147221919776706e-03
-5.7683289675899592e-03
-5.6220392651389808e-03
-5.4756978017235017e-03
-5.3293777509973630e-03
-5.1830148748930743e-03
-5.0366734177454981e-03
-4.9997290547502673e-03
-4.8534009761907644e-03
-4.7070461279233181e-03
-4.5607126962633505e-03
-4.4144006749423032e-03
-4.2680217376832733e-03
-3.6289723763657262e-03
-2.6399122275637277e-03
-1.5205170608602614e-03
-2.2815747151665438e-04
1.2975579395382150e-03
1.2487776326449735e-03
1.1999949461183582e-03
1.1310017464804460e-03
1.0334225011927331e-03
8.9540835250036797e-04
7.4913662360398233e-04
6.0284349615917531e-04
4.5645369678415631e-04
3.1011223336986410e-04
1.6374935099691343e-04
1.7429306541601265e-05
-1.2891215060323034e-04
-1.6585651359655085e-04
-3.1221141447273338e-04
-4.5853944042804125e-04
-6.0488888140740966e-04
-7.5125974368100556e-04
-8.9756383067575852e-04
-1.0438893256881851e-03
-1.1902362349846941e-03
-1.9727615259441259e-03
-3.1269436613677393e-03
-4.4604581308780936e-03
-4.3143797602824309e-03
-4.1680382855431063e-03
-4.0217182234970261e-03
-3.8754195678798444e-03
-3.7290138952179789e-03
-3.5826296540399137e-03
-3.4363309683800888e-03
-3.2899895049662525e-03
-3.1436480415484636e-03
-2.9973065781338419e-03
-2.8509651147195468e-03
-2.7046450639955045e-03
-2.5582821878923647e-03
-2.4119407307464378e-03
-2.2656206862887301e-03
-2.1193220482541185e-03
-1.9729163342428980e-03
-1.8265320517263036e-03
-1.1170719648583378e-03
1.3237426049209072e-04
-1.3958446378151926e-05
-1.6031256964273681e-04
-3.0668811557187824e-04
-4.5298282801965707e-04
-5.9929894574072776e-04
-7.4563647500152492e-04
-8.9200721825639755e-04
-1.0383486816724606e-03
-1.1846901450875142e-03
-1.3310316085021162e-03
-1.4773730719166015e-03
-1.6237359542898445e-03
-1.7700559987488336e-03
-1.9163974558966399e-03
-2.0627603320011382e-03
-2.2091446333329791e-03
-2.3554218524166584e-03
-2.5017204716551800e-03
-2.6480404973114506e-03
-3.7806125600794555e-03
-3.6343762227150013e-03
-3.4881612672906367e-03
-3.3416932900370549e-03
-3.1952467625096224e-03
-3.0490103631629524e-03
-2.9027953457736689e-03
-2.7563274363773282e-03
-2.6099859728898112e-03
-2.4636445094625846e-03
-2.3173030460479755e-03
-2.1709615826337823e-03
-2.0246415319095678e-03
-1.8782786558064182e-03
-1.7319371986608005e-03
-1.5856171542035149e-03
-1.4393185161688201e-03
-1.2929128021573909e-03
-1.1465285196412120e-03
-1.0001656623472106e-03
-2.9761751341081377e-04
-4.4394374634513416e-04
-5.9029139377924495e-04
-7.3666046198313814e-04
-8.8296813349763399e-04
-1.0292972140796865e-03
-1.1756477099957225e-03
-1.3219925237405103e-03
-1.4683339871531019e-03
-1.6146754505701663e-03
-1.7610169139845101e-03
-1.9073583773983210e-03
-2.0537212597713885e-03
-2.2000413042295003e-03
-2.3463827613766342e-03
-2.4927456374804783e-03
-2.6391299388116413e-03
-2.7854071578957262e-03
-2.9317057771352994e-03
-3.0780258027923238e-03
-3.5474790323724290e-03
-3.4011394454156827e-03
-3.2548212705998938e-03
-3.1085245016606463e-03
-2.9621150531460938e-03
-2.8157270372208051e-03
-2.6693604476096728e-03
-2.5230906628934745e-03
-2.3767491994806096e-03
-2.2304077360591036e-03
-2.0840662726448024e-03
-1.9377248092303291e-03
-1.7914047585060322e-03
-1.6450418824039987e-03
-1.4987004252578710e-03
-1.3523803808011240e-03
-1.2060817427673243e-03
-1.0596760287550882e-03
-9.1329174623893750e-04
-7.6692888894402456e-04
-4.3064991498545824e-04
-5.7699111445872842e-04
-7.2335373281250072e-04
-8.6973777631864683e-04
-1.0160155030072954e-03
-1.1623146300010485e-03
-1.3086351635607830e-03
-1.4550398932429132e-03
-1.6013813566605878e-03
-1.7477228200695636e-03
-1.8940642834843560e-03
-2.0404057468988305e-03
-2.1867686292718807e-03
-2.3330886737310814e-03
-2.4794301308793294e-03
-2.6257930069828969e-03
-2.7721773083144662e-03
-2.9184545273984929e-03
-3.0647531466370297e-03
-3.2110731722941061e-03
-3.4685642411189789e-03
-3.3223914543466446e-03
-3.1762400309350985e-03
-3.0297085262403402e-03
-2.8831984898826930e-03
-2.7370255993412703e-03
-2.5906841358533635e-03
-2.4443640850564234e-03
-2.2980012089851769e-03
-2.1516597518710860e-03
-2.0053182821534788e-03
-1.8589768187393374e-03
-1.7126567680157310e-03
-1.5662938919124856e-03
-1.4199524347659775e-03
-1.2736323903080719e-03
-1.1273337522734028e-03
-9.8092803826234950e-04
-8.3454375574700131e-04
-6.8818089845313051e-04
-4.7614944682010287e-04
-6.2242859048928655e-04
-7.6872913487727960e-04
-9.1505108624582358e-04
-1.0614529793258707e-03
-1.2078763090587314e-03
-1.3541359061950021e-03
-1.5004773695749118e-03
-1.6468402519121484e-03
-1.7931602964042534e-03
-1.9395017598154668e-03
