0.0000000000000000e+00
4.3902439024113607e-05
8.7802950709303909e-05
1.3170731707518754e-04
1.7560975593118927e-04
2.1951026744867558e-04
2.6340885179541770e-04
4.8322334562722862e-04
1.1537296308176659e-03
1.9574690645563927e-03
2.9388887336935570e-03
2.9242547714690929e-03
2.9096205950877485e-03
2.8889243787764388e-03
2.8596547777480007e-03
2.8182598484604174e-03
2.7743624685475565e-03
2.7304631615691420e-03
2.6865575904918755e-03
2.6426551514665258e-03
2.5987507849336679e-03
2.5548502734181336e-03
2.5109478345625869e-03
2.4998645273728846e-03
2.4559608806263133e-03
2.4120596493248576e-03
2.3681564906206810e-03
2.3242514043446743e-03
2.2803523322546607e-03
1.9900956281636278e-03
1.5248340900677275e-03
9.9439803926211880e-04
3.7748144446039664e-04
-3.5609605323134335e-04
-3.4146198705228489e-04
-3.2682813502647382e-04
-3.0613310859149782e-04
-2.7686665264097069e-04
-2.3547909584042693e-04
-1.9156968435798523e-04
-1.4766220082674037e-04
-1.0376480631516754e-04
-5.9862367291116375e-05
-1.5961855607353456e-05
2.7942510757083388e-05
7.1844949612541432e-05
8.2928256796846811e-05
1.2682948952003821e-04
1.7073313484714778e-04
2.1463485272908082e-04
2.5853464333431869e-04
3.0244045192316091e-04
3.4634433287698255e-04
3.9024628636411375e-04
7.5223358748413289e-04
1.3000571135269006e-03
1.9375335372014484e-03
1.8937752463075992e-03
1.8498728012573530e-03
1.8059684286979927e-03
1.7620621284598972e-03
1.7181654841941910e-03
1.6742669129280287e-03
1.6303606061390649e-03
1.5864581671137493e-03
1.5425557280873883e-03
1.4986532890629580e-03
1.4547508500388337e-03
1.4108464835056464e-03
1.3669459719919980e-03
1.3230435331382626e-03
1.2791391667767743e-03
1.2352328727362795e-03
1.1913362159012607e-03
1.1474376320650182e-03
8.2195007908126042e-04
2.2649543051826858e-04
2.7039385751259740e-04
3.1429035751867900e-04
3.5818493070775175e-04
4.0210117010787226e-04
4.4601548095646342e-04
4.8992786342111111e-04
5.3380848717453626e-04
5.7771092620174859e-04
6.2161336522382560e-04
6.6551580424755688e-04
7.0941824327197653e-04
7.5331875495663692e-04
7.9722312132242271e-04
8.4112556017898552e-04
8.8502607169578312e-04
9.2892465604263626e-04
9.7283287742558800e-04
1.0167391709613423e-03
1.0606435368191228e-03
1.5976190657319925e-03
1.5537734773676563e-03
1.5099259664833318e-03
1.4659685961951078e-03
1.4220092935722396e-03
1.3781637181387945e-03
1.3343162201861903e-03
1.2903588400984757e-03
1.2464564010691253e-03
1.2025539620459211e-03
1.1586515230210825e-03
1.1147490839967912e-03
1.0708447174638111e-03
1.0269442059496999e-03
9.8304176709588576e-04
9.3913740073315027e-04
8.9523110669411580e-04
8.5133444985875824e-04
8.0743586602264857e-04
7.6353535501638399e-04
4.4149117349955112e-04
4.8538650738514256e-04
5.2927991455487314e-04
5.7317139517894266e-04
6.1709382285049822e-04
6.6101432142671014e-04
7.0493289107798757e-04
7.4880113991759617e-04
7.9270357894425784e-04
8.3660601796799964e-04
8.8050845699233049e-04
9.2441089601715269e-04
9.6831140770158486e-04
1.0122157740680613e-03
1.0561182129252434e-03
1.1000187244429931e-03
1.1439173087895336e-03
1.1878255301711461e-03
1.2317318237044794e-03
1.2756361895609816e-03
1.4810565279848036e-03
1.4371550886151338e-03
1.3932517218254135e-03
1.3493464274451235e-03
1.3054477704789961e-03
1.2615471863350622e-03
1.2176446748463255e-03
1.1737404533992304e-03
1.1298380143760286e-03
1.0859355753481020e-03
1.0420331363246583e-03
9.9813069730067777e-04
9.5422633076791010e-04
9.1032581925425810e-04
8.6642338040091168e-04
8.2251901403835865e-04
7.7861271999827447e-04
7.3471606316086527e-04
6.9081747932320399e-04
6.4691696831532244e-04
5.0800787646722572e-04
5.5191019141628123e-04
5.9581057903673133e-04
6.3970903949747389e-04
6.8361750760650845e-04
7.2752404784610881e-04
7.7142866038553922e-04
8.1532482467327040e-04
8.5922726369911913e-04
9.0312970271978028e-04
9.4703214174444972e-04
9.9093458076861046e-04
1.0348350924523080e-03
1.0787394588184472e-03
1.1226418976761059e-03
1.1665424091946649e-03
1.2104409935424286e-03
1.2543492149227774e-03
1.2982555084560356e-03
1.3421598743108035e-03
1.4415942406450634e-03
1.3977810930656308e-03
1.3539660258107445e-03
1.3099762142540720e-03
1.2659844675087658e-03
1.2221713361927147e-03
1.1782688971772553e-03
1.1343645306522705e-03
1.0904640191304754e-03
1.0465615802689016e-03
1.0026591410803333e-03
9.5875670205594512e-04
9.1485233552277749e-04
8.7095182400884880e-04
8.2704938515507586e-04
7.8314501879305940e-04
7.3923872475211393e-04
6.9534206791726659e-04
6.5144348408079783e-04
6.0754297307490459e-04
5.3075591814825127e-04
5.7462892942658267e-04
6.1850001594731434e-04
6.6236917788153741e-04
7.0633624576225821e-04
7.5030138062400886e-04
7.9414112380788088e-04
8.3804356283572715e-04
8.8194407452420577e-04
9.2584844088796226e-04
9.6975087991060967e-04
