0.0000000000000000e+00
4.3902439023827479e-05
8.7802950709171148e-05
1.3170731707541747e-04
1.7560975593188170e-04
2.1951026744898978e-04
2.6340885179599146e-04
4.8322334562738312e-04
1.1537296308189765e-03
1.9574690645581590e-03
2.9388887336955186e-03
2.9242547714705678e-03
2.9096205950896706e-03
2.8889243787783288e-03
2.8596547777507558e-03
2.8182598484631778e-03
2.7743624685504387e-03
2.7304631615723096e-03
2.6865575904951406e-03
2.6426551514706852e-03
2.5987507849371885e-03
2.5548502734214955e-03
2.5109478345663027e-03
2.4998645273770796e-03
2.4559608806274322e-03
2.4120596493288622e-03
2.3681564906277695e-03
2.3242514043550011e-03
2.2803523322586631e-03
1.9900956281674719e-03
1.5248340900722052e-03
9.9439803926626436e-04
3.7748144446494774e-04
-3.5609605322665851e-04
-3.4146198704877739e-04
-3.2682813502343881e-04
-3.0613310858836008e-04
-2.7686665263914587e-04
-2.3547909583891067e-04
-1.9156968435273593e-04
-1.4766220081885710e-04
-1.0376480631029831e-04
-5.9862367286690011e-05
-1.5961855601937039e-05
2.7942510761495304e-05
7.1844949616312598e-05
8.2928256801598354e-05
1.2682948952542661e-04
1.7073313485123538e-04
2.1463485273150949e-04
2.5853464333569297e-04
3.0244045192771764e-04
3.4634433288338715e-04
3.9024628637304433e-04
7.5223358748804535e-04
1.3000571135304638e-03
1.9375335372054854e-03
1.8937752463115604e-03
1.8498728012611330e-03
1.8059684287018486e-03
1.7620621284642824e-03
1.7181654841983650e-03
1.6742669129320353e-03
1.6303606061432306e-03
1.5864581671192622e-03
1.5425557280928917e-03
1.4986532890687557e-03
1.4547508500442326e-03
1.4108464835110757e-03
1.3669459719972995e-03
1.3230435331443211e-03
1.2791391667819902e-03
1.2352328727421760e-03
1.1913362159064777e-03
1.1474376320687774e-03
8.2195007908782017e-04
2.2649543052500893e-04
2.7039385751934347e-04
3.1429035752633108e-04
3.5818493071497622e-04
4.0210117011511213e-04
4.4601548096380775e-04
4.8992786343046029e-04
5.3380848718192564e-04
5.7771092620846132e-04
6.2161336523074097e-04
6.6551580425507019e-04
7.0941824327928492e-04
7.5331875496425507e-04
7.9722312132979268e-04
8.4112556018705437e-04
8.8502607170427134e-04
9.2892465605103102e-04
9.7283287743431452e-04
1.0167391709704648e-03
1.0606435368281867e-03
1.5976190657408002e-03
1.5537734773765609e-03
1.5099259664927134e-03
1.4659685962033165e-03
1.4220092935798667e-03
1.3781637181466727e-03
1.3343162201943854e-03
1.2903588401066172e-03
1.2464564010769320e-03
1.2025539620537122e-03
1.1586515230297685e-03
1.1147490840050429e-03
1.0708447174724431e-03
1.0269442059583325e-03
9.8304176710489787e-04
9.3913740074296652e-04
8.9523110670226206e-04
8.5133444986698593e-04
8.0743586603095193e-04
7.6353535502495093e-04
4.4149117350839625e-04
4.8538650739462960e-04
5.2927991456510595e-04
5.7317139518928432e-04
6.1709382285858995e-04
6.6101432143260744e-04
7.0493289108113750e-04
7.4880113992616614e-04
7.9270357895239933e-04
8.3660601797601157e-04
8.8050845699997075e-04
9.2441089602509903e-04
9.6831140770966889e-04
1.0122157740752799e-03
1.0561182129313913e-03
1.1000187244488303e-03
1.1439173087951706e-03
1.1878255301789014e-03
1.2317318237148019e-03
1.2756361895729417e-03
1.4810565279924214e-03
1.4371550886224866e-03
1.3932517218315375e-03
1.3493464274507848e-03
1.3054477704859807e-03
1.2615471863445412e-03
1.2176446748573878e-03
1.1737404534074313e-03
1.1298380143849236e-03
1.0859355753567255e-03
1.0420331363321035e-03
9.9813069730776238e-04
9.5422633077380870e-04
9.1032581926033397e-04
8.6642338040729156e-04
8.2251901404496220e-04
7.7861272000458994e-04
7.3471606316814482e-04
6.9081747933044375e-04
6.4691696832275681e-04
5.0800787647356375e-04
5.5191019142245858e-04
5.9581057904187359e-04
6.3970903950209173e-04
6.8361750761149708e-04
7.2752404785053366e-04
7.7142866039063671e-04
8.1532482467802821e-04
8.5922726370422247e-04
9.0312970272575272e-04
9.4703214174981381e-04
9.9093458077418759e-04
1.0348350924595064e-03
1.0787394588242741e-03
1.1226418976809868e-03
1.1665424091984226e-03
1.2104409935458239e-03
1.2543492149290235e-03
1.2982555084655395e-03
1.3421598743235588e-03
1.4415942406518015e-03
1.3977810930722305e-03
1.3539660258163500e-03
1.3099762142607214e-03
1.2659844675149896e-03
1.2221713361988671e-03
1.1782688971830521e-03
1.1343645306579355e-03
1.0904640191354952e-03
1.0465615802743686e-03
1.0026591410856665e-03
9.5875670206163133e-04
9.1485233552884068e-04
8.7095182401458033e-04
8.2704938516132151e-04
7.8314501879931200e-04
7.3923872475914107e-04
6.9534206792398994e-04
6.5144348408790391e-04
6.0754297308135191e-04
5.3075591815632370e-04
5.7462892943400143e-04
6.1850001595506552e-04
6.6236917788895021e-04
7.0633624577014177e-04
7.5030138063332031e-04
7.9414112381527568e-04
8.3804356284369994e-04
8.8194407453262482e-04
9.2584844089625251e-04
9.6975087991919536e-04
