0.0000000000000000e+00
0.0000000000000000e+00
0.0000000000000000e+00
0.0000000000000000e+00
0.0000000000000000e+00
0.0000000000000000e+00
0.0000000000000000e+00
3.5181520768014712e-04
1.6050744460447324e-03
3.1246944542500771e-03
4.9997290547498068e-03
4.9997290547498068e-03
4.9997290547498068e-03
4.9997290547498068e-03
4.9997290547498068e-03
4.9997290547498068e-03
4.9997290547498068e-03
4.9997290547498068e-03
4.9997290547498068e-03
4.9997290547498068e-03
4.9997290547498068e-03
4.9997290547498068e-03
4.9997290547498068e-03
4.9997290547498068e-03
4.9997290547498068e-03
4.9997290547498068e-03
4.9997290547498068e-03
4.9997290547498068e-03
4.9997290547498068e-03
5.4924494449280249e-03
6.3351579865813289e-03
7.3084038796966781e-03
8.4545090089966305e-03
9.8336015959028678e-03
9.8336015959028678e-03
9.8336015959028678e-03
9.8336015959028678e-03
9.8336015959028678e-03
9.8336015959028678e-03
9.8336015959028678e-03
9.8336015959028678e-03
9.8336015959028678e-03
9.8336015959028678e-03
9.8336015959028678e-03
9.8336015959028678e-03
9.8336015959028678e-03
9.8336015959028678e-03
9.8336015959028678e-03
9.8336015959028678e-03
9.8336015959028678e-03
9.8336015959028678e-03
9.8336015959028678e-03
9.8336015959028678e-03
9.8336015959028678e-03
1.0469801623197317e-02
1.1477617641914590e-02
1.2665051660438215e-02
1.2665051660438215e-02
1.2665051660438215e-02
1.2665051660438215e-02
1.2665051660438215e-02
1.2665051660438215e-02
1.2665051660438215e-02
1.2665051660438215e-02
1.2665051660438215e-02
1.2665051660438215e-02
1.2665051660438215e-02
1.2665051660438215e-02
1.2665051660438215e-02
1.2665051660438215e-02
1.2665051660438215e-02
1.2665051660438215e-02
1.2665051660438215e-02
1.2665051660438215e-02
1.2665051660438215e-02
1.3228230455910817e-02
1.4331326630068784e-02
1.4331326630068784e-02
1.4331326630068784e-02
1.4331326630068784e-02
1.4331326630068784e-02
1.4331326630068784e-02
1.4331326630068784e-02
1.4331326630068784e-02
1.4331326630068784e-02
1.4331326630068784e-02
1.4331326630068784e-02
1.4331326630068784e-02
1.4331326630068784e-02
1.4331326630068784e-02
1.4331326630068784e-02
1.4331326630068784e-02
1.4331326630068784e-02
1.4331326630068784e-02
1.4331326630068784e-02
1.4331326630068784e-02
1.5317598067615394e-02
1.5317598067615394e-02
1.5317598067615394e-02
1.5317598067615394e-02
1.5317598067615394e-02
1.5317598067615394e-02
1.5317598067615394e-02
1.5317598067615394e-02
1.5317598067615394e-02
1.5317598067615394e-02
1.5317598067615394e-02
1.5317598067615394e-02
1.5317598067615394e-02
1.5317598067615394e-02
1.5317598067615394e-02
1.5317598067615394e-02
1.5317598067615394e-02
1.5317598067615394e-02
1.5317598067615394e-02
1.5317598067615394e-02
1.5873884199677602e-02
1.5873884199677602e-02
1.5873884199677602e-02
1.5873884199677602e-02
1.5873884199677602e-02
1.5873884199677602e-02
1.5873884199677602e-02
1.5873884199677602e-02
1.5873884199677602e-02
1.5873884199677602e-02
1.5873884199677602e-02
1.5873884199677602e-02
1.5873884199677602e-02
1.5873884199677602e-02
1.5873884199677602e-02
1.5873884199677602e-02
1.5873884199677602e-02
1.5873884199677602e-02
1.5873884199677602e-02
1.5873884199677602e-02
1.6196933558339965e-02
1.6196933558339965e-02
1.6196933558339965e-02
1.6196933558339965e-02
1.6196933558339965e-02
1.6196933558339965e-02
1.6196933558339965e-02
1.6196933558339965e-02
1.6196933558339965e-02
1.6196933558339965e-02
1.6196933558339965e-02
1.6196933558339965e-02
1.6196933558339965e-02
1.6196933558339965e-02
1.6196933558339965e-02
1.6196933558339965e-02
1.6196933558339965e-02
1.6196933558339965e-02
1.6196933558339965e-02
1.6196933558339965e-02
1.6386935547501043e-02
1.6386935547501043e-02
1.6386935547501043e-02
1.6386935547501043e-02
1.6386935547501043e-02
1.6386935547501043e-02
1.6386935547501043e-02
1.6386935547501043e-02
1.6386935547501043e-02
1.6386935547501043e-02
1.6386935547501043e-02
1.6386935547501043e-02
1.6386935547501043e-02
1.6386935547501043e-02
1.6386935547501043e-02
1.6386935547501043e-02
1.6386935547501043e-02
1.6386935547501043e-02
1.6386935547501043e-02
1.6386935547501043e-02
1.6498189546170373e-02
1.6498189546170373e-02
1.6498189546170373e-02
1.6498189546170373e-02
1.6498189546170373e-02
1.6498189546170373e-02
1.6498189546170373e-02
1.6498189546170373e-02
1.6498189546170373e-02
1.6498189546170373e-02
1.6498189546170373e-02
1.6498189546170373e-02
1.6498189546170373e-02
1.6498189546170373e-02
1.6498189546170373e-02
1.6498189546170373e-02
1.6498189546170373e-02
1.6498189546170373e-02
1.6498189546170373e-02
1.6498189546170373e-02
1.6564006068506935e-02
1.6564006068506935e-02
1.6564006068506935e-02
1.6564006068506935e-02
1.6564006068506935e-02
1.6564006068506935e-02
1.6564006068506935e-02
1.6564006068506935e-02
1.6564006068506935e-02
1.6564006068506935e-02
1.6564006068506935e-02
