0.0000000000000000e+00
-2.2853361040538813e-10
-3.2930203671517775e-03
5.1754209116590214e-10
6.7546297874344600e-07
-3.2916693156409319e-03
-9.8777092231865128e-03
-2.3006472942202897e-04
-4.8893817098507875e-03
-2.1401783791367937e-05
-3.6852969836806484e-05
3.2554269580370185e-08
-3.2891745649089469e-04
-1.4185948543341063e-03
-4.2084499478515797e-03
-1.0651182050848871e-02
2.1159279068558540e-09
7.3564816249184145e-03
7.0442678777341310e-10
6.5299486892277170e-10
-3.2923448766682567e-03
7.1665047649919201e-10
-6.7385081688824302e-07
-1.0856510163347156e-11
-2.0591386624971551e-03
-2.5065629404457784e-11
-1.2336284824363210e-03
-5.7593494114957060e-03
6.7707238147257947e-10
8.6034605875049861e-04
1.5659519769120449e-04
1.2644969775466633e-02
1.7497107486444827e-02
1.0215611938596283e-05
9.0955154515402991e-09
-3.7606042571104649e-04
-1.5325191571186605e-03
-4.4173566696339333e-03
-1.0996203761936392e-02
2.5560617937950574e-09
7.7053611359357991e-03
1.3024182020453904e-09
1.0960792938233408e-09
-3.2930192681728120e-03
1.0245989353080194e-09
6.7577797413959462e-07
4.7110216755195940e-10
-2.0647986423687689e-03
6.3629813865507086e-10
-1.2277967479528238e-03
-5.7488658280020919e-03
1.4268532334660768e-09
2.4570255691868286e-03
1.6215322403461976e-03
-2.4357450013752324e-03
-1.9585509434880529e-04
-2.5710818595061059e-02
1.0245159126283418e-06
-1.1762996166951811e-08
-3.2933940594187571e-03
-9.8784484584382628e-03
1.9088040873033135e-09
6.5840843894441684e-03
5.3849224125026666e-10
3.8099159219734718e-10
1.2185458726826357e-11
9.5925937647909040e-11
1.4400379752101386e-10
-3.2923455575841359e-03
6.9273128931054393e-10
-6.7323476716182944e-07
-3.2936927072534606e-03
-9.8783832370572030e-03
2.1515295312287694e-09
6.5840178498214955e-03
1.1563168073646483e-03
5.4678623747001984e-04
7.5026725174306679e-07
-3.8378639711193836e-03
-1.0969731156653475e-02
2.4114507554513194e-09
7.6778565580897162e-03
1.2063156557489203e-02
8.4616112364455471e-10
1.6197762666930673e-09
7.3982499448630590e-10
6.7337616437672735e-10
6.2510366918245568e-10
-3.2930196787455570e-03
9.5567818335892684e-10
6.7615962390649196e-07
-3.2916688817852336e-03
-9.8777089203176491e-03
2.4729634756165750e-09
6.5867172852968640e-03
9.8817614694237353e-03
-9.9785704132891433e-03
5.3188653341619854e-07
6.6928922240409149e-03
-8.0916455707559113e-09
-9.9915366979703261e-03
-5.9535422801985109e-09
6.7047810339675249e-03
-7.6920195372871132e-09
-1.0668812227844256e-09
7.6967820244451084e-10
8.4375614385163589e-10
7.9916649809295595e-10
-3.2923447160811926e-03
1.2815965234585528e-09
-6.7285964309619179e-07
-3.2936923712436573e-03
-9.8783829205734575e-03
2.5587528741986309e-09
6.5840187145891410e-03
9.8743404333350802e-03
1.0000389240527384e-03
2.7193187635242754e-07
-4.2917421534320963e-03
-1.1876677850423187e-02
3.2944744474389606e-09
8.5841418026034906e-03
1.3875063456416809e-02
1.1127718458200271e-09
2.1962541492821022e-09
1.5615441727989647e-09
1.4850713078146703e-09
1.8073707156263930e-09
-3.2930185471446364e-03
2.3205292278923493e-09
6.7737892147171916e-07
-3.2916674041315193e-03
-9.8777075267341696e-03
3.8192981284803803e-09
6.5867181842431694e-03
9.8817622530343145e-03
-1.7198406126915254e-04
1.8332124564842423e-07
-3.1198952743122644e-03
-9.5315458428482294e-03
3.7351030456355476e-09
6.2369849414863742e-03
9.1800735788863282e-03
2.4542317293977320e-09
2.9375070836271596e-09
2.2407302500321497e-09
2.2095756334451418e-09
2.1987440103637366e-09
-3.2923435793025435e-03
2.6403598682435579e-09
-6.7115995243946771e-07
-3.2936907841343288e-03
-9.8783815098947951e-03
3.5733907825815620e-09
6.5840189927866494e-03
9.8743402203912214e-03
1.7849857762178937e-05
1.5163745608748155e-07
-3.3105535745565455e-03
-9.9149405989635529e-03
3.7039412845085201e-09
6.6239247299700659e-03
9.9561492627375410e-03
2.1162524347736766e-09
2.4254812732900661e-09
1.8978061970263627e-09
1.8285604422086277e-09
1.8109656500022732e-09
-3.2930184878659924e-03
1.9256702785775807e-09
6.7701569043999083e-07
-3.2916676143443079e-03
-9.8777074054467884e-03
3.5326954165435876e-09
6.5867181873746853e-03
9.8817620271321651e-03
-1.5252046591623016e-02
1.3157976562448670e-07
1.1968886257430797e-02
-1.8113205519268930e-08
-1.5270877394070143e-02
-1.4972038834437920e-08
-2.9739605979320875e-09
-3.2923368239432885e-03
2.2596957171796631e-09
-6.7863325917657333e-07
2.0341542513929343e-09
2.1199999958970325e-09
-3.2923435990621216e-03
2.4164819691351597e-09
-6.7152898858408635e-07
-3.2936908998576235e-03
-9.8783815779400728e-03
4.0353858806280372e-09
6.5840199962941253e-03
9.8743417253880812e-03
4.2309407582936396e-03
1.2598387543852280e-07
-7.5205337429300953e-03
-1.8331711965473566e-02
1.8593413772351892e-09
1.5034363991211842e-02
-4.2184605316093204e-09
1.3965043684033664e-09
-3.2930131238360742e-03
2.8940014537518805e-09
2.6919246925654750e-09
