0.0000000000000000e+00
-3.0000000000193779e+01
-6.0006366698831265e+01
-9.0000000000320398e+01
-1.1999999831054478e+02
-1.5000636331852201e+02
-1.8001909671530154e+02
-2.0999962703894181e+02
-2.3999288721785558e+02
-2.6999997218272028e+02
-2.9999996030852844e+02
-2.9000000005512823e+02
-2.8000074707832704e+02
-2.6586087517951410e+02
-2.4586649080558405e+02
-2.1759498883400752e+02
-1.8757359313048499e+02
-1.5755856824328959e+02
-1.2757359312940547e+02
-9.7573593129292263e+01
-6.7579958137741215e+01
-3.7573593128994084e+01
-7.5735948184926256e+00
-1.7580283919802517e-10
2.9996020621488796e+01
5.9999999999356149e+01
8.9997613312400659e+01
1.1998886225050823e+02
1.4999999999895275e+02
1.7999795528978711e+02
2.0999961250476491e+02
2.3996770661512232e+02
2.6995278220668314e+02
2.9999996902202560e+02
2.8999999998508719e+02
2.7999932360543511e+02
2.6585502380445990e+02
2.4584954761806085e+02
2.1755269982792481e+02
1.8757359312780204e+02
1.5758812521670012e+02
1.2757359312909257e+02
9.7573593129075959e+01
6.7567226430355660e+01
3.7573593129165097e+01
7.5735948193582097e+00
5.1652220481781894e-10
-3.0003993558603604e+01
-5.9999999999813284e+01
-9.0002372078921596e+01
-1.2001111148639421e+02
-1.5000000000013583e+02
-1.7999525226328217e+02
-2.0999686996515953e+02
-2.3999598338264138e+02
-2.6999969337348404e+02
-2.9996149480388874e+02
-2.7000000172590563e+02
-2.4000000002609443e+02
-2.1000636333606138e+02
-1.8001908996723611e+02
-1.5000000000130905e+02
-1.1998728011034743e+02
-9.0000000000362093e+01
-6.0000000000670831e+01
-3.0000000000261171e+01
-2.3210207532683001e-10
2.9999999999753328e+01
5.9993634990736481e+01
8.9999999999629210e+01
1.1999999831016564e+02
1.4999363161234976e+02
1.7998090159510559e+02
2.0999999999866719e+02
2.4001272832407005e+02
2.6999713643940203e+02
2.9999853121558647e+02
2.6999999868560502e+02
2.3999510024778573e+02
2.0998383421203025e+02
1.8000000000035664e+02
1.5000980258003028e+02
1.2001324026147563e+02
9.0000000000917126e+01
6.0000000001119943e+01
3.0000000000501394e+01
4.5484989030875210e-10
-2.9999999999538787e+01
-6.0006366698270462e+01
-8.9999999999956600e+01
-1.1999999831015168e+02
-1.5000636331860343e+02
-1.8001909671565068e+02
-2.1000000000097984e+02
-2.3998726491600729e+02
-2.6998089314903808e+02
-2.9998443751849663e+02
-2.7000000089742986e+02
-2.4002191961929648e+02
-2.1000000002243388e+02
-1.7998445679644590e+02
-1.5000000001193581e+02
-1.2002189857496286e+02
-9.0000000021973420e+01
-6.0000000003015167e+01
-2.9999999999343309e+01
6.4888531833498671e-10
3.0000000000550379e+01
5.9993634991660613e+01
9.0000000000416435e+01
1.1999999831077059e+02
1.4999363161275849e+02
1.7998090159562187e+02
2.0999999999923003e+02
2.4001272832475627e+02
2.7001908826306902e+02
2.9999747714137959e+02
2.6999999952959939e+02
2.3999615659713388e+02
2.0998594665391158e+02
1.8000000000224043e+02
1.5000768896611601e+02
1.2000901185644673e+02
9.0000000001088296e+01
6.0000000002169784e+01
3.0000000001298076e+01
1.3365480098424597e-09
-2.9999999998306986e+01
-6.0006366697010421e+01
-8.9999999998375742e+01
-1.1999999830844584e+02
-1.5000636331660976e+02
-1.8001909671356213e+02
-2.0999999999909303e+02
-2.3998726491473303e+02
-2.6998089314805708e+02
-2.9999971893379444e+02
-2.7000000030723504e+02
-2.4000664651708385e+02
-2.1001965587485748e+02
-1.7999999999965468e+02
-1.4998671454635274e+02
-1.1997979782296298e+02
-8.9999999998689532e+01
-5.9999999998802728e+01
-2.9999999997804590e+01
2.1500519068672074e-09
3.0000000002121091e+01
5.9993634993192487e+01
9.0000000001812595e+01
1.1999999831248212e+02
1.4999363161433837e+02
1.7998090159682724e+02
2.1000000000034939e+02
2.4001272832541895e+02
2.7001908826361137e+02
2.9999995625292121e+02
2.6999999974198101e+02
2.3999367655636752e+02
2.0998098500541352e+02
1.8000000000081232e+02
1.5001265331974497e+02
1.2001894327468165e+02
9.0000000001566974e+01
6.0000000001118117e+01
3.0000000001933806e+01
1.8924247960798304e-09
-2.9999999998092377e+01
-6.0006366696833709e+01
-8.9999999998658083e+01
-1.1999999830895867e+02
-1.5000636331690691e+02
-1.8001909671377635e+02
-2.0999999999954721e+02
-2.3998726491478982e+02
-2.6998089314831924e+02
-2.9997457281509605e+02
-2.7000000021988114e+02
-2.4003177716768479e+02
-2.1000000004791656e+02
-1.7997460511014475e+02
-1.5000000003170226e+02
-1.2000000000945876e+02
-9.0006364996396087e+01
-5.9999999998308638e+01
-3.0000001698477508e+01
2.0374706431778161e-09
3.0000000001985217e+01
5.9993634992860748e+01
9.0000000001669164e+01
1.1999999831233157e+02
1.4999363161457285e+02
1.7998090159726652e+02
2.1000000000090893e+02
2.4001272832613580e+02
2.7001908826445066e+02
2.9998976272955269e+02
2.6999999978852560e+02
2.4000387579314500e+02
2.1000138905567042e+02
1.8000000000253905e+02
1.4999223802450680e+02
1.1999999999072988e+02
9.0000000001214701e+01
5.9993633313331074e+01
3.0000000002052733e+01
2.6221790114045395e-09
