0.0000000000000000e+00
-1.8340564644258472e-10
-3.2930203535822336e-03
4.5392811636290846e-10
6.7533783615857425e-07
-3.2916693905807436e-03
-9.8777093169620592e-03
-2.3006475453355211e-04
-4.8893818002522481e-03
-2.1401856905471423e-05
-3.6853014206457904e-05
3.2589620889151390e-08
-3.2891749092356311e-04
-1.4185948449071590e-03
-4.2084500498329866e-03
-1.0651182149846871e-02
1.9824467022669944e-09
7.3564814822159215e-03
5.1474561965331572e-10
3.2578786018971873e-10
-3.2923451188846403e-03
4.8043683978144403e-10
-6.7414036488054975e-07
-3.2470618144512935e-10
-2.0591384680711529e-03
-2.9034786366041852e-10
-1.2336293310149652e-03
-5.7593507664687720e-03
3.2036244618081279e-10
8.6034581901455191e-04
1.5659498758730609e-04
1.2644969680631389e-02
1.7497107395553400e-02
1.0215543797451450e-05
9.2246229006710772e-09
-3.7606023783665087e-04
-1.5325189595852451e-03
-4.4173562747993498e-03
-1.0996203300583414e-02
2.4596281734347265e-09
7.7053606066075867e-03
1.2169008432090631e-09
1.0807460322677526e-09
-3.2930194699286840e-03
9.4046601848769734e-10
6.7577244041734555e-07
3.4200162247149985e-10
-2.0647988629233982e-03
6.3069012079877961e-10
-1.2277964794118234e-03
-5.7488653929930102e-03
1.3481092807533209e-09
2.4570251795722545e-03
1.6215314723348221e-03
-2.4357450335484115e-03
-1.9585510500556781e-04
-2.5710818655467996e-02
1.0244824799558959e-06
-1.1753322609107760e-08
-3.2933940895883158e-03
-9.8784486148802871e-03
1.8313215497121698e-09
6.5840842899311082e-03
4.1800446632128019e-10
7.3755539484939199e-11
-3.0635316705934960e-10
-2.9145072500074817e-10
-1.7911269225177182e-10
-3.2923459093099454e-03
3.2287639985665106e-10
-6.7367827355729502e-07
-3.2936930156109534e-03
-9.8783836116011995e-03
1.8871932397256613e-09
6.5840178105631359e-03
1.1563164845044827e-03
5.4678603349260632e-04
7.5005649059982369e-07
-3.8378643069258180e-03
-1.0969731386162918e-02
2.1625804747551735e-09
7.6778562813533515e-03
1.2063155994680046e-02
6.0628766629499263e-10
1.4497941037129237e-09
5.4357855001818159e-10
4.1316704801074227e-10
4.0191608549768958e-10
-3.2930199676339525e-03
6.8413608185814584e-10
6.7580566814587069e-07
-3.2916692863985287e-03
-9.8777093254174171e-03
2.0135375551812804e-09
6.5867167920387586e-03
9.8817609698336906e-03
-9.9785706714847957e-03
5.3163878364718102e-07
6.6928918653995986e-03
-8.2704603979621216e-09
-9.9915367647160549e-03
-6.0713878215141246e-09
6.7047808569138025e-03
-7.8902376350454053e-09
-1.2114432059542742e-09
6.4335330700691687e-10
6.0062156203319005e-10
6.0913600238998348e-10
-3.2923449799573405e-03
1.0561261691717505e-09
-6.7312428191496758e-07
-3.2936927183083338e-03
-9.8783830746245159e-03
2.3443076977630665e-09
6.5840184968943777e-03
9.8743402214719750e-03
1.0000387464419661e-03
2.7160968690439710e-07
-4.2917425390971292e-03
-1.1876678252946556e-02
3.2314523180110376e-09
8.5841420743052975e-03
1.3875064174544843e-02
9.7448454448313228e-10
2.1010612833287329e-09
1.5160649533810989e-09
1.4717253456547927e-09
1.7626731744873536e-09
-3.2930186176154197e-03
2.3455619814069090e-09
6.7758886669572315e-07
-3.2916671651495189e-03
-9.8777072044874577e-03
3.7747939874848686e-09
6.5867176943922058e-03
9.8817615285495802e-03
-1.7198409767783091e-04
1.8332645157562999e-07
-3.1198951042979146e-03
-9.5315455894101515e-03
3.8221608556250873e-09
6.2369846767967151e-03
9.1800730578533267e-03
2.3873696568412933e-09
2.7420878210361390e-09
2.1007204619588523e-09
2.2377033264021064e-09
2.2850887829951176e-09
-3.2923433168926368e-03
2.8253828870150644e-09
-6.7103131176785886e-07
-3.2936906528099573e-03
-9.8783814101814273e-03
3.5556820596794960e-09
6.5840189603043851e-03
9.8743401793398872e-03
1.7849942452579954e-05
1.5174364584217595e-07
-3.3105533202030897e-03
-9.9149402617391968e-03
3.9904223849755723e-09
6.6239250883889612e-03
9.9561495069919875e-03
2.4031596983558475e-09
2.6465103929078915e-09
2.0005475300422090e-09
2.0343602413589438e-09
1.9848867041006924e-09
-3.2930185746838695e-03
2.0408965337917586e-09
6.7729206415545635e-07
-3.2916671611810137e-03
-9.8777069043034620e-03
3.6205471585115518e-09
6.5867177473314734e-03
9.8817610848051796e-03
-1.5252046605396108e-02
1.3160116907834930e-07
1.1968886369987891e-02
-1.8104640473130343e-08
-1.5270877353185842e-02
-1.4888194427359556e-08
-2.8160481985432810e-09
-3.2923367319224175e-03
2.4719162069215300e-09
-6.7847361406855371e-07
2.1808224174259185e-09
2.2334167660476018e-09
-3.2923435346565782e-03
2.5902968929451688e-09
-6.7138721492564442e-07
-3.2936907874628885e-03
-9.8783815180459485e-03
4.1560393710497004e-09
6.5840200723610645e-03
9.8743419110005927e-03
4.2309406467281856e-03
1.2597381433062404e-07
-7.5205337999080055e-03
-1.8331711992920240e-02
1.7892920742876635e-09
1.5034363687116695e-02
-4.2088715195986742e-09
1.3271600692855816e-09
-3.2930132366576540e-03
2.7251481814549172e-09
2.4551121773734108e-09
