0.0000000000000000e+00
2.9999999999987818e+01
6.0003073678470926e+01
9.0000000000806153e+01
1.1999999898594511e+02
1.5000307164916887e+02
1.8000921900603146e+02
2.0999939697419975e+02
2.3998799783610045e+02
2.6999995078089978e+02
2.9999992345553619e+02
2.9000000008770024e+02
2.8000041816085349e+02
2.6585945658466449e+02
2.4586228235558525e+02
2.1758433765190722e+02
1.8757359313253428e+02
1.5756592472484314e+02
1.2757359313001504e+02
9.7573593129781671e+01
6.7576665792743469e+01
3.7573593129592631e+01
7.5735941444970303e+00
7.2926912319572610e-11
2.9998079760054082e+01
5.9999999999513847e+01
8.9998846941307363e+01
1.1999462160059727e+02
1.4999999999845397e+02
1.7999709494384823e+02
2.0999945590967238e+02
2.3995506164539421e+02
2.6993528509924209e+02
2.9999995880644764e+02
2.8999999997592698e+02
2.7999969966576703e+02
2.6585655632351802e+02
2.4585396497453297e+02
2.1756369603145615e+02
1.8757359312529411e+02
1.5758041985582884e+02
1.2757359312783296e+02
9.7573593127987465e+01
6.7570519449724713e+01
3.7573593128182573e+01
7.5735941435830014e+00
6.9801108054768637e-11
3.0001928759850937e+01
6.0000000000446775e+01
9.0001144282307877e+01
1.2000536262078379e+02
1.5000000000152329e+02
1.7999770928865641e+02
2.0999849149701581e+02
2.3999354763762398e+02
2.6999949751838443e+02
2.9993578398526358e+02
2.7000000275040486e+02
2.4000000001433619e+02
2.1000306994198687e+02
1.8000921151869957e+02
1.5000000000317905e+02
1.1999386419468703e+02
9.0000000000840345e+01
6.0000000000898190e+01
3.0000000000114085e+01
1.5056831287053686e-10
2.9999999999770864e+01
5.9996927336469923e+01
8.9999999999121428e+01
1.1999999898362216e+02
1.4999692530521114e+02
1.7999077997852993e+02
2.0999999999664780e+02
2.4000614430623980e+02
2.6999598012275612e+02
2.9999798442945104e+02
2.6999999793544299e+02
2.3999893811192482e+02
2.0999480394330163e+02
1.7999999999806963e+02
1.5000212472361062e+02
1.2000117710519956e+02
9.0000000000190937e+01
5.9999999999585157e+01
2.9999999999859675e+01
2.3327092515426959e-10
3.0000000000052303e+01
6.0003073678447265e+01
9.0000000000776510e+01
1.1999999898613436e+02
1.5000307164951934e+02
1.8000921900652787e+02
2.1000000000322311e+02
2.3999385163304586e+02
2.6999077491025781e+02
2.9997445894795425e+02
2.7000000142919248e+02
2.4002861251134109e+02
2.1000000001425286e+02
1.7997446525971461e+02
1.5000000000592337e+02
1.2002860335590836e+02
9.0000000014182291e+01
6.0000000001876025e+01
3.0000000000049830e+01
1.4894176017206418e-10
2.9999999999846231e+01
5.9996927336508612e+01
8.9999999999247578e+01
1.1999999898376257e+02
1.4999692530530328e+02
1.7999077997861949e+02
2.0999999999677857e+02
2.4000614430615050e+02
2.7000921392274154e+02
2.9999647710254447e+02
2.6999999925782862e+02
2.4000044833947999e+02
2.0999782333196333e+02
1.7999999999897750e+02
1.4999910482417755e+02
1.1999513679263127e+02
9.0000000000044750e+01
6.0000000000021132e+01
2.9999999999759261e+01
2.2900125642893292e-10
3.0000000000091990e+01
6.0003073678428024e+01
9.0000000000708766e+01
1.1999999898592966e+02
1.5000307164932516e+02
1.8000921900619647e+02
2.1000000000289015e+02
2.3999385163267232e+02
2.6999077490994790e+02
2.9999954694971490e+02
2.7000000049055899e+02
2.4000352662189459e+02
2.1001012432914149e+02
1.8000000000343340e+02
1.4999295153116202e+02
1.1998897789628128e+02
9.0000000001110323e+01
6.0000000001642547e+01
2.9999999999975319e+01
3.1873032873177079e-10
2.9999999999879162e+01
5.9996927336640603e+01
8.9999999999079719e+01
1.1999999898357777e+02
1.4999692530505686e+02
1.7999077997828721e+02
2.0999999999678482e+02
2.4000614430644220e+02
2.7000921392341166e+02
2.9999993840302130e+02
2.6999999959029054e+02
2.3999698710981488e+02
2.0999089994584392e+02
1.7999999999696502e+02
1.5000602939483576e+02
1.2000898712529678e+02
8.9999999999307306e+01
5.9999999998582098e+01
2.9999999999984645e+01
2.5716994445756961e-10
2.9999999999990294e+01
6.0003073678302442e+01
9.0000000000641364e+01
1.1999999898611256e+02
1.5000307164951914e+02
1.8000921900662138e+02
2.1000000000312394e+02
2.3999385163275713e+02
2.6999077490987526e+02
2.9995932076849738e+02
2.7000000035147173e+02
2.4004374605399852e+02
2.1000000002980755e+02
1.7995933423277114e+02
1.5000000001677222e+02
1.2000000000656371e+02
9.0003072659618212e+01
6.0000000000674447e+01
3.0000001019924063e+01
7.4197886849037110e-11
2.9999999999808505e+01
5.9996927336427603e+01
8.9999999999165738e+01
1.1999999898378969e+02
1.4999692530541651e+02
1.7999077997881457e+02
2.0999999999681296e+02
2.4000614430610173e+02
2.7000921392263251e+02
2.9998553178885038e+02
2.6999999966254688e+02
2.4001139632691647e+02
2.1001972076764946e+02
1.8000000000071469e+02
1.4997720366066767e+02
1.1999999999494358e+02
8.9999999999852875e+01
5.9996926326511336e+01
2.9999999999243155e+01
-6.6214253859436045e-11
