2.0000000000000020e+02
2.0000000000000020e+02
2.0000000000000020e+02
2.0000000000000020e+02
2.0000000000000020e+02
2.0000000000000020e+02
2.0000000000000020e+02
2.0211089124608105e+02
2.0963044667626855e+02
2.1874816672550071e+02
2.2999837432849904e+02
2.2999837432849904e+02
2.2999837432849904e+02
2.2999837432849904e+02
2.2999837432849904e+02
2.2999837432849904e+02
2.2999837432849904e+02
2.2999837432849904e+02
2.2999837432849904e+02
2.2999837432849904e+02
2.2999837432849904e+02
2.2999837432849904e+02
2.2999837432849904e+02
2.2999837432849904e+02
2.2999837432849904e+02
2.2999837432849904e+02
2.2999837432849904e+02
2.2999837432849904e+02
2.2999837432849904e+02
2.3295469666956836e+02
2.3801094791948805e+02
2.4385042327818016e+02
2.5072705405397997e+02
2.5900160957541738e+02
2.5900160957541738e+02
2.5900160957541738e+02
2.5900160957541738e+02
2.5900160957541738e+02
2.5900160957541738e+02
2.5900160957541738e+02
2.5900160957541738e+02
2.5900160957541738e+02
2.5900160957541738e+02
2.5900160957541738e+02
2.5900160957541738e+02
2.5900160957541738e+02
2.5900160957541738e+02
2.5900160957541738e+02
2.5900160957541738e+02
2.5900160957541738e+02
2.5900160957541738e+02
2.5900160957541738e+02
2.5900160957541738e+02
2.5900160957541738e+02
2.6281880973918396e+02
2.6886570585148775e+02
2.7599030996262945e+02
2.7599030996262945e+02
2.7599030996262945e+02
2.7599030996262945e+02
2.7599030996262945e+02
2.7599030996262945e+02
2.7599030996262945e+02
2.7599030996262945e+02
2.7599030996262945e+02
2.7599030996262945e+02
2.7599030996262945e+02
2.7599030996262945e+02
2.7599030996262945e+02
2.7599030996262945e+02
2.7599030996262945e+02
2.7599030996262945e+02
2.7599030996262945e+02
2.7599030996262945e+02
2.7599030996262945e+02
2.7936938273546519e+02
2.8598795978041284e+02
2.8598795978041284e+02
2.8598795978041284e+02
2.8598795978041284e+02
2.8598795978041284e+02
2.8598795978041284e+02
2.8598795978041284e+02
2.8598795978041284e+02
2.8598795978041284e+02
2.8598795978041284e+02
2.8598795978041284e+02
2.8598795978041284e+02
2.8598795978041284e+02
2.8598795978041284e+02
2.8598795978041284e+02
2.8598795978041284e+02
2.8598795978041284e+02
2.8598795978041284e+02
2.8598795978041284e+02
2.8598795978041284e+02
2.9190558840569258e+02
2.9190558840569258e+02
2.9190558840569258e+02
2.9190558840569258e+02
2.9190558840569258e+02
2.9190558840569258e+02
2.9190558840569258e+02
2.9190558840569258e+02
2.9190558840569258e+02
2.9190558840569258e+02
2.9190558840569258e+02
2.9190558840569258e+02
2.9190558840569258e+02
2.9190558840569258e+02
2.9190558840569258e+02
2.9190558840569258e+02
2.9190558840569258e+02
2.9190558840569258e+02
2.9190558840569258e+02
2.9190558840569258e+02
2.9524330519806585e+02
2.9524330519806585e+02
2.9524330519806585e+02
2.9524330519806585e+02
2.9524330519806585e+02
2.9524330519806585e+02
2.9524330519806585e+02
2.9524330519806585e+02
2.9524330519806585e+02
2.9524330519806585e+02
2.9524330519806585e+02
2.9524330519806585e+02
2.9524330519806585e+02
2.9524330519806585e+02
2.9524330519806585e+02
2.9524330519806585e+02
2.9524330519806585e+02
2.9524330519806585e+02
2.9524330519806585e+02
2.9524330519806585e+02
2.9718160135004001e+02
2.9718160135004001e+02
2.9718160135004001e+02
2.9718160135004001e+02
2.9718160135004001e+02
2.9718160135004001e+02
2.9718160135004001e+02
2.9718160135004001e+02
2.9718160135004001e+02
2.9718160135004001e+02
2.9718160135004001e+02
2.9718160135004001e+02
2.9718160135004001e+02
2.9718160135004001e+02
2.9718160135004001e+02
2.9718160135004001e+02
2.9718160135004001e+02
2.9718160135004001e+02
2.9718160135004001e+02
2.9718160135004001e+02
2.9832161328500632e+02
2.9832161328500632e+02
2.9832161328500632e+02
2.9832161328500632e+02
2.9832161328500632e+02
2.9832161328500632e+02
2.9832161328500632e+02
2.9832161328500632e+02
2.9832161328500632e+02
2.9832161328500632e+02
2.9832161328500632e+02
2.9832161328500632e+02
2.9832161328500632e+02
2.9832161328500632e+02
2.9832161328500632e+02
2.9832161328500632e+02
2.9832161328500632e+02
2.9832161328500632e+02
2.9832161328500632e+02
2.9832161328500632e+02
2.9898913727702217e+02
2.9898913727702217e+02
2.9898913727702217e+02
2.9898913727702217e+02
2.9898913727702217e+02
2.9898913727702217e+02
2.9898913727702217e+02
2.9898913727702217e+02
2.9898913727702217e+02
2.9898913727702217e+02
2.9898913727702217e+02
2.9898913727702217e+02
2.9898913727702217e+02
2.9898913727702217e+02
2.9898913727702217e+02
2.9898913727702217e+02
2.9898913727702217e+02
2.9898913727702217e+02
2.9898913727702217e+02
2.9898913727702217e+02
2.9938403641104173e+02
2.9938403641104173e+02
2.9938403641104173e+02
2.9938403641104173e+02
2.9938403641104173e+02
2.9938403641104173e+02
2.9938403641104173e+02
2.9938403641104173e+02
2.9938403641104173e+02
2.9938403641104173e+02
2.9938403641104173e+02
