0.0000000000000000e+00
0.0000000000000000e+00
0.0000000000000000e+00
0.0000000000000000e+00
0.0000000000000000e+00
0.0000000000000000e+00
0.0000000000000000e+00
9.0118151334644517e+03
4.4243204193662554e+04
9.2655769637476566e+04
1.5941662379648504e+05
1.5941662379648504e+05
1.5941662379648504e+05
1.5941662379648504e+05
1.5941662379648504e+05
1.5941662379648504e+05
1.5941662379648504e+05
1.5941662379648504e+05
1.5941662379648504e+05
1.5941662379648504e+05
1.5941662379648504e+05
1.5941662379648504e+05
1.5941662379648504e+05
1.5941662379648504e+05
1.5941662379648504e+05
1.5941662379648504e+05
1.5941662379648504e+05
1.5941662379648504e+05
1.5941662379648504e+05
1.6989013430280649e+05
1.9043883663597950e+05
2.1782068258066420e+05
2.5436316870877301e+05
3.0351516159214516e+05
3.0351516159214516e+05
3.0351516159214516e+05
3.0351516159214516e+05
3.0351516159214516e+05
3.0351516159214516e+05
3.0351516159214516e+05
3.0351516159214516e+05
3.0351516159214516e+05
3.0351516159214516e+05
3.0351516159214516e+05
3.0351516159214516e+05
3.0351516159214516e+05
3.0351516159214516e+05
3.0351516159214516e+05
3.0351516159214516e+05
3.0351516159214516e+05
3.0351516159214516e+05
3.0351516159214516e+05
3.0351516159214516e+05
3.0351516159214516e+05
3.2171824160800799e+05
3.5382590430216695e+05
3.9609985760116455e+05
3.9609985760116455e+05
3.9609985760116455e+05
3.9609985760116455e+05
3.9609985760116455e+05
3.9609985760116455e+05
3.9609985760116455e+05
3.9609985760116455e+05
3.9609985760116455e+05
3.9609985760116455e+05
3.9609985760116455e+05
3.9609985760116455e+05
3.9609985760116455e+05
3.9609985760116455e+05
3.9609985760116455e+05
3.9609985760116455e+05
3.9609985760116455e+05
3.9609985760116455e+05
3.9609985760116455e+05
4.1448416645343666e+05
4.5380347136539099e+05
4.5380347136539099e+05
4.5380347136539099e+05
4.5380347136539099e+05
4.5380347136539099e+05
4.5380347136539099e+05
4.5380347136539099e+05
4.5380347136539099e+05
4.5380347136539099e+05
4.5380347136539099e+05
4.5380347136539099e+05
4.5380347136539099e+05
4.5380347136539099e+05
4.5380347136539099e+05
4.5380347136539099e+05
4.5380347136539099e+05
4.5380347136539099e+05
4.5380347136539099e+05
4.5380347136539099e+05
4.5380347136539099e+05
4.8904009090570098e+05
4.8904009090570098e+05
4.8904009090570098e+05
4.8904009090570098e+05
4.8904009090570098e+05
4.8904009090570098e+05
4.8904009090570098e+05
4.8904009090570098e+05
4.8904009090570098e+05
4.8904009090570098e+05
4.8904009090570098e+05
4.8904009090570098e+05
4.8904009090570098e+05
4.8904009090570098e+05
4.8904009090570098e+05
4.8904009090570098e+05
4.8904009090570098e+05
4.8904009090570098e+05
4.8904009090570098e+05
4.8904009090570098e+05
5.0935004363338527e+05
5.0935004363338527e+05
5.0935004363338527e+05
5.0935004363338527e+05
5.0935004363338527e+05
5.0935004363338527e+05
5.0935004363338527e+05
5.0935004363338527e+05
5.0935004363338527e+05
5.0935004363338527e+05
5.0935004363338527e+05
5.0935004363338527e+05
5.0935004363338527e+05
5.0935004363338527e+05
5.0935004363338527e+05
5.0935004363338527e+05
5.0935004363338527e+05
5.0935004363338527e+05
5.0935004363338527e+05
5.0935004363338527e+05
5.2126574236054596e+05
5.2126574236054596e+05
5.2126574236054596e+05
5.2126574236054596e+05
5.2126574236054596e+05
5.2126574236054596e+05
5.2126574236054596e+05
5.2126574236054596e+05
5.2126574236054596e+05
5.2126574236054596e+05
5.2126574236054596e+05
5.2126574236054596e+05
5.2126574236054596e+05
5.2126574236054596e+05
5.2126574236054596e+05
5.2126574236054596e+05
5.2126574236054596e+05
5.2126574236054596e+05
5.2126574236054596e+05
5.2126574236054596e+05
5.2832781226886122e+05
5.2832781226886122e+05
5.2832781226886122e+05
5.2832781226886122e+05
5.2832781226886122e+05
5.2832781226886122e+05
5.2832781226886122e+05
5.2832781226886122e+05
5.2832781226886122e+05
5.2832781226886122e+05
5.2832781226886122e+05
5.2832781226886122e+05
5.2832781226886122e+05
5.2832781226886122e+05
5.2832781226886122e+05
5.2832781226886122e+05
5.2832781226886122e+05
5.2832781226886122e+05
5.2832781226886122e+05
5.2832781226886122e+05
5.3247390707345738e+05
5.3247390707345738e+05
5.3247390707345738e+05
5.3247390707345738e+05
5.3247390707345738e+05
5.3247390707345738e+05
5.3247390707345738e+05
5.3247390707345738e+05
5.3247390707345738e+05
5.3247390707345738e+05
5.3247390707345738e+05
5.3247390707345738e+05
5.3247390707345738e+05
5.3247390707345738e+05
5.3247390707345738e+05
5.3247390707345738e+05
5.3247390707345738e+05
5.3247390707345738e+05
5.3247390707345738e+05
5.3247390707345738e+05
5.3493518670489045e+05
5.3493518670489045e+05
5.3493518670489045e+05
5.3493518670489045e+05
5.3493518670489045e+05
5.3493518670489045e+05
5.3493518670489045e+05
5.3493518670489045e+05
5.3493518670489045e+05
5.3493518670489045e+05
5.3493518670489045e+05
