0.0000000000000000e+00
0.0000000000000000e+00
0.0000000000000000e+00
0.0000000000000000e+00
0.0000000000000000e+00
0.0000000000000000e+00
0.0000000000000000e+00
5.3080756589995017e+00
2.1022849565902234e+01
3.6568460214073646e+01
5.1935086240918267e+01
5.1935086240918267e+01
5.1935086240918245e+01
5.1935086240918245e+01
5.1935086240918238e+01
5.1935086240918203e+01
5.1935086240918203e+01
5.1935086240918203e+01
5.1935086240918203e+01
5.1935086240918203e+01
5.1935086240918203e+01
5.1935086240918203e+01
5.1935086240918196e+01
5.1935086240918181e+01
5.1935086240918181e+01
5.1935086240918181e+01
5.1935086240918181e+01
5.1935086240918174e+01
4.8548362852803216e+01
3.1265107383035552e+01
1.4075028472836332e+01
-3.0175466062612948e+00
-1.9994587831926335e+01
-3.6837410111117464e+01
-3.6837410111117464e+01
-3.6837410111117464e+01
-3.6837410111117464e+01
-3.6837410111117464e+01
-3.6837410111117464e+01
-3.6837410111117464e+01
-3.6837410111117464e+01
-3.6837410111117464e+01
-3.6837410111117464e+01
-3.6837410111117464e+01
-3.6837410111117464e+01
-3.6837410111117464e+01
-3.6837410111117464e+01
-3.6837410111117464e+01
-3.6837410111117464e+01
-3.6837410111117464e+01
-2.4583630509365868e+01
-6.7799987846388179e+00
1.0921566253279751e+01
2.8527089865710554e+01
2.8527089865710554e+01
2.8527089865710554e+01
2.8527089865710554e+01
2.8527089865710554e+01
2.8527089865710554e+01
2.8527089865710554e+01
2.8527089865710554e+01
2.8527089865710554e+01
2.8527089865710554e+01
2.8527089865710554e+01
2.8527089865710561e+01
2.8527089865710561e+01
2.8527089865710558e+01
2.8527089865710558e+01
2.8527089865710558e+01
2.8527089865710554e+01
2.8527089865710554e+01
1.2956982499148573e+01
-5.2075328650042172e+00
-2.3268108640546359e+01
-2.3268108640546359e+01
-2.3268108640546359e+01
-2.3268108640546359e+01
-2.3268108640546359e+01
-2.3268108640546359e+01
-2.3268108640546359e+01
-2.3268108640546359e+01
-2.3268108640546359e+01
-2.3268108640546359e+01
-2.3268108640546359e+01
-2.3268108640546359e+01
-2.3268108640546359e+01
-2.3268108640546359e+01
-2.3268108640546359e+01
-2.3268108640546359e+01
-2.3268108640546359e+01
-2.3268108640546359e+01
-1.7187748771472389e+01
1.2725060080726709e+00
1.9647748854151271e+01
1.9647748854151271e+01
1.9647748854151271e+01
1.9647748854151271e+01
1.9647748854151278e+01
1.9647748854151278e+01
1.9647748854151274e+01
1.9647748854151274e+01
1.9647748854151274e+01
1.9647748854151274e+01
1.9647748854151263e+01
1.9647748854151260e+01
1.9647748854151260e+01
1.9647748854151267e+01
1.9647748854151267e+01
1.9647748854151263e+01
1.9647748854151256e+01
1.9647748854151256e+01
1.9647748854151242e+01
1.6136739341995110e+00
-1.6982660443169049e+01
-1.6982660443169049e+01
-1.6982660443169049e+01
-1.6982660443169049e+01
-1.6982660443169049e+01
-1.6982660443169049e+01
-1.6982660443169049e+01
-1.6982660443169049e+01
-1.6982660443169049e+01
-1.6982660443169049e+01
-1.6982660443169049e+01
-1.6982660443169049e+01
-1.6982660443169049e+01
-1.6982660443169049e+01
-1.6982660443169049e+01
-1.6982660443169049e+01
-1.6982660443169049e+01
-1.6982660443169049e+01
-1.6982660443169049e+01
-3.7916450273479052e+00
1.4997889673420868e+01
1.4997889673420863e+01
1.4997889673420866e+01
1.4997889673420866e+01
1.4997889673420866e+01
1.4997889673420865e+01
1.4997889673420865e+01
1.4997889673420865e+01
1.4997889673420868e+01
1.4997889673420875e+01
1.4997889673420875e+01
1.4997889673420872e+01
1.4997889673420872e+01
1.4997889673420865e+01
1.4997889673420865e+01
1.4997889673420872e+01
1.4997889673420859e+01
1.4997889673420859e+01
1.4997889673420854e+01
5.5095949511552362e+00
-1.3410027407156662e+01
-1.3410027407156662e+01
-1.3410027407156662e+01
-1.3410027407156662e+01
-1.3410027407156662e+01
-1.3410027407156662e+01
-1.3410027407156662e+01
-1.3410027407156662e+01
-1.3410027407156662e+01
-1.3410027407156662e+01
-1.3410027407156662e+01
-1.3410027407156662e+01
-1.3410027407156662e+01
-1.3410027407156662e+01
-1.3410027407156662e+01
-1.3410027407156662e+01
-1.3410027407156662e+01
-1.3410027407156662e+01
-1.3410027407156662e+01
-6.8991915279056997e+00
1.2124623003045116e+01
1.2124623003045116e+01
1.2124623003045116e+01
1.2124623003045114e+01
1.2124623003045114e+01
1.2124623003045111e+01
1.2124623003045111e+01
1.2124623003045111e+01
1.2124623003045109e+01
1.2124623003045112e+01
1.2124623003045116e+01
1.2124623003045105e+01
1.2124623003045105e+01
1.2124623003045102e+01
1.2124623003045102e+01
1.2124623003045089e+01
1.2124623003045086e+01
1.2124623003045086e+01
1.2124623003045080e+01
8.0475235308705582e+00
-1.1061488003847327e+01
-1.1061488003847327e+01
-1.1061488003847327e+01
-1.1061488003847327e+01
-1.1061488003847327e+01
-1.1061488003847327e+01
-1.1061488003847327e+01
-1.1061488003847327e+01
-1.1061488003847327e+01
-1.1061488003847327e+01
-1.1061488003847327e+01
