0.0000000000000000e+00
0.0000000000000000e+00
0.0000000000000000e+00
0.0000000000000000e+00
0.0000000000000000e+00
0.0000000000000000e+00
0.0000000000000000e+00
-2.6540378294968514e+00
-1.0511424782946703e+01
-1.8284230107030805e+01
-2.5967543120454149e+01
-2.5967543120454149e+01
-2.5967543120454138e+01
-2.5967543120454117e+01
-2.5967543120454103e+01
-2.5967543120454152e+01
-2.5967543120454188e+01
-2.5967543120454224e+01
-2.5967543120454241e+01
-2.5967543120454220e+01
-2.5967543120454224e+01
-2.5967543120454231e+01
-2.5967543120454213e+01
-2.5967543120454163e+01
-2.5967543120454231e+01
-2.5967543120454266e+01
-2.5967543120454245e+01
-2.5967543120454231e+01
-2.4274181426401746e+01
-1.5632553691527933e+01
-7.0375142364338226e+00
1.5087733031131072e+00
9.9972939159450220e+00
1.8418705055542375e+01
1.8418705055542382e+01
1.8418705055542361e+01
1.8418705055542379e+01
1.8418705055542368e+01
1.8418705055542368e+01
1.8418705055542379e+01
1.8418705055542372e+01
1.8418705055542397e+01
1.8418705055542375e+01
1.8418705055542326e+01
1.8418705055542322e+01
1.8418705055542336e+01
1.8418705055542350e+01
1.8418705055542347e+01
1.8418705055542336e+01
1.8418705055542340e+01
1.2291815254670983e+01
3.3899993923095026e+00
-5.4607831266476685e+00
-1.4263544932861539e+01
-1.4263544932861565e+01
-1.4263544932861548e+01
-1.4263544932861548e+01
-1.4263544932861549e+01
-1.4263544932861569e+01
-1.4263544932861588e+01
-1.4263544932861564e+01
-1.4263544932861551e+01
-1.4263544932861549e+01
-1.4263544932861539e+01
-1.4263544932861530e+01
-1.4263544932861532e+01
-1.4263544932861553e+01
-1.4263544932861542e+01
-1.4263544932861533e+01
-1.4263544932861558e+01
-1.4263544932861574e+01
-6.4784912495859457e+00
2.6037664324925549e+00
1.1634054320268485e+01
1.1634054320268456e+01
1.1634054320268447e+01
1.1634054320268476e+01
1.1634054320268469e+01
1.1634054320268490e+01
1.1634054320268501e+01
1.1634054320268493e+01
1.1634054320268488e+01
1.1634054320268488e+01
1.1634054320268486e+01
1.1634054320268490e+01
1.1634054320268472e+01
1.1634054320268461e+01
1.1634054320268440e+01
1.1634054320268440e+01
1.1634054320268437e+01
1.1634054320268440e+01
8.5938743857322990e+00
-6.3625300404160279e-01
-9.8238744270818312e+00
-9.8238744270818401e+00
-9.8238744270818685e+00
-9.8238744270818792e+00
-9.8238744270818792e+00
-9.8238744270818721e+00
-9.8238744270818703e+00
-9.8238744270818632e+00
-9.8238744270818792e+00
-9.8238744270818827e+00
-9.8238744270818827e+00
-9.8238744270818827e+00
-9.8238744270818863e+00
-9.8238744270818756e+00
-9.8238744270818792e+00
-9.8238744270818827e+00
-9.8238744270819005e+00
-9.8238744270819112e+00
-9.8238744270819289e+00
-8.0683696709654384e-01
8.4913302215935094e+00
8.4913302215935200e+00
8.4913302215935111e+00
8.4913302215935040e+00
8.4913302215935040e+00
8.4913302215935094e+00
8.4913302215935200e+00
8.4913302215935129e+00
8.4913302215935129e+00
8.4913302215935165e+00
8.4913302215935111e+00
8.4913302215935129e+00
8.4913302215935023e+00
8.4913302215934916e+00
8.4913302215934916e+00
8.4913302215935076e+00
8.4913302215935094e+00
8.4913302215935182e+00
8.4913302215935111e+00
1.8958225136887521e+00
-7.4989448366927629e+00
-7.4989448366927576e+00
-7.4989448366927629e+00
-7.4989448366927576e+00
-7.4989448366927531e+00
-7.4989448366927629e+00
-7.4989448366927673e+00
-7.4989448366927709e+00
-7.4989448366927611e+00
-7.4989448366927638e+00
-7.4989448366927522e+00
-7.4989448366927594e+00
-7.4989448366927487e+00
-7.4989448366927487e+00
-7.4989448366927451e+00
-7.4989448366927451e+00
-7.4989448366927416e+00
-7.4989448366927594e+00
-7.4989448366927531e+00
-2.7547974755615199e+00
6.7050137035938544e+00
6.7050137035938571e+00
6.7050137035938580e+00
6.7050137035938526e+00
6.7050137035938526e+00
6.7050137035938562e+00
6.7050137035938562e+00
6.7050137035938544e+00
6.7050137035938606e+00
6.7050137035938606e+00
6.7050137035938615e+00
6.7050137035938580e+00
6.7050137035938437e+00
6.7050137035938402e+00
6.7050137035938375e+00
6.7050137035938349e+00
6.7050137035938375e+00
6.7050137035938411e+00
6.7050137035938455e+00
3.4495957639669133e+00
-6.0623115015111519e+00
-6.0623115015111537e+00
-6.0623115015111715e+00
-6.0623115015111857e+00
-6.0623115015111813e+00
-6.0623115015111759e+00
-6.0623115015111750e+00
-6.0623115015111653e+00
-6.0623115015111653e+00
-6.0623115015111679e+00
-6.0623115015111697e+00
-6.0623115015111750e+00
-6.0623115015111804e+00
-6.0623115015111804e+00
-6.0623115015111786e+00
-6.0623115015111830e+00
-6.0623115015111804e+00
-6.0623115015111910e+00
-6.0623115015111972e+00
-4.0237617654290680e+00
5.5307440019196834e+00
5.5307440019196878e+00
5.5307440019196861e+00
5.5307440019196861e+00
5.5307440019196736e+00
5.5307440019196772e+00
5.5307440019196719e+00
5.5307440019196825e+00
5.5307440019196745e+00
5.5307440019196790e+00
5.5307440019196870e+00
