0.0000000000000000e+00
0.0000000000000000e+00
0.0000000000000000e+00
0.0000000000000000e+00
0.0000000000000000e+00
0.0000000000000000e+00
0.0000000000000000e+00
-2.6540378295026450e+00
-1.0511424782955523e+01
-1.8284230107042905e+01
-2.5967543120464150e+01
-2.5967543120464157e+01
-2.5967543120464136e+01
-2.5967543120464114e+01
-2.5967543120464093e+01
-2.5967543120464143e+01
-2.5967543120464192e+01
-2.5967543120464214e+01
-2.5967543120464242e+01
-2.5967543120464217e+01
-2.5967543120464210e+01
-2.5967543120464228e+01
-2.5967543120464207e+01
-2.5967543120464157e+01
-2.5967543120464200e+01
-2.5967543120464228e+01
-2.5967543120464207e+01
-2.5967543120464192e+01
-2.4274181426401682e+01
-1.5632553691507770e+01
-7.0375142364026466e+00
1.5087733031480499e+00
9.9972939159812082e+00
1.8418705055574996e+01
1.8418705055575010e+01
1.8418705055574979e+01
1.8418705055574989e+01
1.8418705055574982e+01
1.8418705055574989e+01
1.8418705055574996e+01
1.8418705055574968e+01
1.8418705055574993e+01
1.8418705055574982e+01
1.8418705055574943e+01
1.8418705055574939e+01
1.8418705055574943e+01
1.8418705055574950e+01
1.8418705055574957e+01
1.8418705055574943e+01
1.8418705055574943e+01
1.2291815254694729e+01
3.3899993923291736e+00
-5.4607831266322187e+00
-1.4263544932849138e+01
-1.4263544932849165e+01
-1.4263544932849143e+01
-1.4263544932849141e+01
-1.4263544932849163e+01
-1.4263544932849189e+01
-1.4263544932849211e+01
-1.4263544932849189e+01
-1.4263544932849181e+01
-1.4263544932849182e+01
-1.4263544932849165e+01
-1.4263544932849157e+01
-1.4263544932849150e+01
-1.4263544932849188e+01
-1.4263544932849168e+01
-1.4263544932849161e+01
-1.4263544932849204e+01
-1.4263544932849214e+01
-6.4784912495628237e+00
2.6037664325114727e+00
1.1634054320277663e+01
1.1634054320277635e+01
1.1634054320277615e+01
1.1634054320277645e+01
1.1634054320277633e+01
1.1634054320277647e+01
1.1634054320277658e+01
1.1634054320277659e+01
1.1634054320277654e+01
1.1634054320277656e+01
1.1634054320277659e+01
1.1634054320277656e+01
1.1634054320277640e+01
1.1634054320277642e+01
1.1634054320277613e+01
1.1634054320277619e+01
1.1634054320277604e+01
1.1634054320277601e+01
8.5938743857397615e+00
-6.3625300403137464e-01
-9.8238744270697484e+00
-9.8238744270697538e+00
-9.8238744270697680e+00
-9.8238744270697733e+00
-9.8238744270697786e+00
-9.8238744270697751e+00
-9.8238744270697733e+00
-9.8238744270697644e+00
-9.8238744270697786e+00
-9.8238744270697840e+00
-9.8238744270697804e+00
-9.8238744270697786e+00
-9.8238744270697786e+00
-9.8238744270697680e+00
-9.8238744270697733e+00
-9.8238744270697858e+00
-9.8238744270697982e+00
-9.8238744270698160e+00
-9.8238744270698355e+00
-8.0683696710343666e-01
8.4913302215750939e+00
8.4913302215751081e+00
8.4913302215750921e+00
8.4913302215750885e+00
8.4913302215750868e+00
8.4913302215750814e+00
8.4913302215750939e+00
8.4913302215750868e+00
8.4913302215750939e+00
8.4913302215751010e+00
8.4913302215750974e+00
8.4913302215751063e+00
8.4913302215751028e+00
8.4913302215750974e+00
8.4913302215750974e+00
8.4913302215751205e+00
8.4913302215751187e+00
8.4913302215751312e+00
8.4913302215751205e+00
1.8958225136587585e+00
-7.4989448367284535e+00
-7.4989448367284464e+00
-7.4989448367284517e+00
-7.4989448367284437e+00
-7.4989448367284437e+00
-7.4989448367284544e+00
-7.4989448367284552e+00
-7.4989448367284552e+00
-7.4989448367284455e+00
-7.4989448367284508e+00
-7.4989448367284401e+00
-7.4989448367284464e+00
-7.4989448367284357e+00
-7.4989448367284295e+00
-7.4989448367284286e+00
-7.4989448367284304e+00
-7.4989448367284295e+00
-7.4989448367284446e+00
-7.4989448367284401e+00
-2.7547974755940379e+00
6.7050137035625337e+00
6.7050137035625363e+00
6.7050137035625381e+00
6.7050137035625355e+00
6.7050137035625337e+00
6.7050137035625337e+00
6.7050137035625337e+00
6.7050137035625355e+00
6.7050137035625363e+00
6.7050137035625301e+00
6.7050137035625292e+00
6.7050137035625248e+00
6.7050137035625124e+00
6.7050137035625070e+00
6.7050137035624999e+00
6.7050137035624937e+00
6.7050137035624982e+00
6.7050137035625088e+00
6.7050137035625088e+00
3.4495957639384884e+00
-6.0623115015342171e+00
-6.0623115015342091e+00
-6.0623115015342313e+00
-6.0623115015342446e+00
-6.0623115015342384e+00
-6.0623115015342357e+00
-6.0623115015342321e+00
-6.0623115015342224e+00
-6.0623115015342242e+00
-6.0623115015342233e+00
-6.0623115015342250e+00
-6.0623115015342304e+00
-6.0623115015342375e+00
-6.0623115015342384e+00
-6.0623115015342419e+00
-6.0623115015342464e+00
-6.0623115015342401e+00
-6.0623115015342517e+00
-6.0623115015342588e+00
-4.0237617654418463e+00
5.5307440019273511e+00
5.5307440019273546e+00
5.5307440019273511e+00
5.5307440019273528e+00
5.5307440019273475e+00
5.5307440019273599e+00
5.5307440019273617e+00
5.5307440019273688e+00
5.5307440019273564e+00
5.5307440019273653e+00
5.5307440019273804e+00
