0.0000000000000000e+00
1.4634146341418734e-04
2.9266151413819615e-04
4.3902439024112337e-04
5.8536584738743248e-04
7.3168589184488444e-04
8.7798452987936147e-04
1.3675282959926373e-03
2.6446057983689850e-03
4.0503135871534281e-03
5.6185954547382164e-03
5.5699509212977184e-03
5.5213040214514815e-03
5.4521844060340984e-03
5.3544263520262161e-03
5.2166513753992517e-03
5.0704981980100351e-03
4.9239684486995765e-03
4.7776269853803122e-03
4.6312641031022667e-03
4.4849440585981327e-03
4.3386026014056930e-03
4.1922611317716917e-03
4.1553167750466979e-03
4.0089618990024143e-03
3.8626338482155784e-03
3.7162843823970930e-03
3.5699134952772611e-03
3.2612143763390486e-03
2.2112533973141389e-03
1.0774396451111532e-03
-1.5770688143692019e-04
-1.5166257048417875e-03
-3.0304620132118178e-03
-2.8842366420185751e-03
-2.7380326495584856e-03
-2.5915537017243860e-03
-2.4450962068289922e-03
-2.2988707748451548e-03
-2.1525293114011846e-03
-2.0062092606484578e-03
-1.8598463845538927e-03
-1.7135049274153598e-03
-1.5671634577213794e-03
-1.4208219943067535e-03
-1.2745019435826536e-03
-1.1281390674802245e-03
-9.8179761033403523e-04
-8.3547756587652906e-04
-6.8917892784262547e-04
1.2108004663599761e-04
1.3349199790173955e-03
2.6685680480619161e-03
4.1539672088184388e-03
4.0077606987617455e-03
3.8615328092357639e-03
3.7150777854267061e-03
3.5686013094025225e-03
3.4223948585499426e-03
3.2761670282454155e-03
3.1297119317684344e-03
2.9833704683821178e-03
2.8370290049882195e-03
2.6906875415735462e-03
2.5443460781588651e-03
2.3979831957852784e-03
2.2516631513269853e-03
2.1053216941800236e-03
1.9589588180759020e-03
1.8125745167446993e-03
1.6662972976588235e-03
6.1974616045343202e-04
-7.0009093928489661e-04
-2.1671941036943009e-03
-2.0209662554978784e-03
-1.8747597867598755e-03
-1.7282833168001791e-03
-1.5818282990538548e-03
-1.4356003899213105e-03
-1.2892589264797689e-03
-1.1429388757277638e-03
-9.9657599963255098e-04
-8.5023454249365553e-04
-7.0389307280120563e-04
-5.5755160938598925e-04
-4.1123155866144747e-04
-2.6486868255871021e-04
-1.1852722541292009e-04
2.7792819044798832e-05
1.7409145707836097e-04
3.2049717109025914e-04
8.0999718154207588e-04
2.1193400212559930e-03
3.5747886157271036e-03
3.4285780554552210e-03
3.2823461145298537e-03
3.1358951410362366e-03
2.9894227165132483e-03
2.8432122141616111e-03
2.6969803311726191e-03
2.5505292873786714e-03
2.4041878239888089e-03
2.2578463605935433e-03
2.1115048971786787e-03
1.9651634337637053e-03
1.8188005513908377e-03
1.6724805069318050e-03
1.5261390497851373e-03
1.3797761736810351e-03
1.2333918723505359e-03
1.0871146532642228e-03
9.4081603402319477e-04
-3.2139824419625385e-04
-1.7678848700552396e-03
-1.6217291431635146e-03
-1.4755947746462636e-03
-1.3290462052885945e-03
-1.1827047416953810e-03
-1.0363846907922901e-03
-8.9008604631393728e-04
-7.4368035142352302e-04
-5.9733888799840950e-04
-4.5099742458237871e-04
-3.0465596116771180e-04
-1.5831449775273083e-04
-1.1994447028018840e-05
1.3436842907469800e-04
2.8070988622101760e-04
4.2702993067938717e-04
5.7332856871332633e-04
7.1973428272581301e-04
8.6611856524260774e-04
1.8177545990258235e-03
3.2599213337680625e-03
3.1135816929669675e-03
2.9672206337418893e-03
2.8208381498212097e-03
2.6745573147052494e-03
2.5282550783769890e-03
2.3819314345716446e-03
2.2355329244696928e-03
2.0891914610530918e-03
1.9428499976424894e-03
1.7965085342280282e-03
1.6501670708128919e-03
1.5038041884405332e-03
1.3574841439821139e-03
1.2111426868348003e-03
1.0647798107314855e-03
9.1839550940048297e-04
7.7211829031558973e-04
6.2581967107535404e-04
-9.3838315775455214e-05
-1.5308255992628956e-03
-1.3844914211558865e-03
-1.2381786536079815e-03
-1.0918872903537308e-03
-9.4546701994603969e-04
-7.9906818529426897e-04
-6.5278409310518253e-04
-5.0644262968743074e-04
-3.6012257895940097e-04
-2.1375970285552839e-04
-6.7418239438516009e-05
7.8923223975644322e-05
2.2524327469969983e-04
3.7160615080248174e-04
5.1794760794709354e-04
6.6426765240374297e-04
8.1056629043738820e-04
9.5697200445057126e-04
1.1033562869677274e-03
1.6397597907477951e-03
3.0725576360543980e-03
2.9262369639683110e-03
2.7798948790089739e-03
2.6335313749099080e-03
2.4872125853889421e-03
2.3408723835479507e-03
2.1945107631177836e-03
2.0481881951415382e-03
1.9018467317326597e-03
1.7555052683152171e-03
1.6091638049002734e-03
1.4628223414858790e-03
1.3164594591125909e-03
1.1701394146541684e-03
1.0237979575066000e-03
8.7743508140236367e-04
7.3105078007023737e-04
5.8477356098531324e-04
4.3847494174527676e-04
4.9474917829119111e-05
-1.3798472971605690e-03
-1.2335386965138246e-03
-1.0872514989421537e-03
-9.4098569818522218e-04
-7.9451429558436944e-04
-6.4806434371335070e-04
-5.0183136874394716e-04
-3.5548990530453480e-04
-2.0916985455525920e-04
-6.2806978460057885e-05
8.3534484957293768e-05
