0.0000000000000000e+00
-4.3902439024394788e-05
-8.7806805557289879e-05
-1.3170731707059000e-04
-1.7560975592456084e-04
-2.1951412228699485e-04
-2.6342041632766711e-04
-4.7888612390506398e-04
-1.0881571693899736e-03
-1.7617487724905533e-03
-2.5166252996064531e-03
-2.5020486313769167e-03
-2.4874721756237327e-03
-2.4667186768504218e-03
-2.4373695326644546e-03
-2.3960587676968657e-03
-2.3522439495510163e-03
-2.3082538896656898e-03
-2.2643514506367705e-03
-2.2204509389468241e-03
-2.1765465725884494e-03
-2.1326441337384599e-03
-2.0887416945410474e-03
-2.0776583875235996e-03
-2.0337571554653587e-03
-1.9898535094743626e-03
-1.9459517909280804e-03
-1.9020519996587625e-03
-1.7769486528426135e-03
-1.2812369469352657e-03
-7.4360064217598152e-04
-1.5529692749026699e-04
4.9489224167996340e-04
1.2225387656752795e-03
1.1787036872403357e-03
1.1348666872076783e-03
1.0908988020332819e-03
1.0469289835990847e-03
1.0030939239769764e-03
9.5919148495919658e-04
9.1528711843236470e-04
8.7138660691202707e-04
8.2748416805290251e-04
7.8358172886184197e-04
7.3967928983753096e-04
6.9577492330415820e-04
6.5187441179088653e-04
6.0797197293836129e-04
5.6406760657672235e-04
5.2016131253670344e-04
1.4433765629070708e-04
-4.3331369742527948e-04
-1.0708751399004584e-03
-1.7843098433264410e-03
-1.7404657149559871e-03
-1.6966235088080777e-03
-1.6526608439600544e-03
-1.6087001117434875e-03
-1.5648559659015634e-03
-1.5210137422850274e-03
-1.4770510878625803e-03
-1.4331486488331582e-03
-1.3892462098094103e-03
-1.3453437707847469e-03
-1.3014413317601662e-03
-1.2575408200751858e-03
-1.2136364537093513e-03
-1.1697340148524909e-03
-1.1258335033352057e-03
-1.0819349189878983e-03
-1.0380266976065277e-03
-5.4402063678836887e-04
8.6630825195018209e-05
7.9090569645662095e-04
7.4706849393707357e-04
7.0322936963305364e-04
6.5926360957597519e-04
6.1529591644578381e-04
5.7145873151831310e-04
5.2755629249949185e-04
4.8365192597298631e-04
4.3975141445343717e-04
3.9584897559486295e-04
3.5194653640291602e-04
3.0804409737903360e-04
2.6413973084619458e-04
2.2023921933241036e-04
1.7633678047890094e-04
1.3243241411676303e-04
8.8526120075848840e-05
4.4629463239808501e-05
-1.7085227949152610e-04
-7.9625625628983372e-04
-1.4947198860625951e-03
-1.4508743933224597e-03
-1.4070308229251777e-03
-1.3630695217618754e-03
-1.3191101531099920e-03
-1.2752646437048983e-03
-1.2314210566439130e-03
-1.1874597656647539e-03
-1.1435573266350787e-03
-1.0996548876107588e-03
-1.0557524485856637e-03
-1.0118500095611415e-03
-9.6794949787601110e-04
-9.2404513151122657e-04
-8.8014269265498653e-04
-8.3624218113808539e-04
-7.9234359679159828e-04
-7.4843537540700028e-04
-7.0452908186980647e-04
-1.0271844579105842e-04
5.9124625180930358e-04
5.4744993775166276e-04
5.0365170549268481e-04
4.5964505375739183e-04
4.1574261473181101e-04
3.7183824819760303e-04
3.2793195398561533e-04
2.8403529767003470e-04
2.4013285863811558e-04
1.9623041961340374e-04
1.5232798058898475e-04
1.0842554156427837e-04
6.4521175031077171e-05
2.0620663517714641e-05
-2.3281775335103496e-05
-6.7186141697048860e-05
-1.1109243573708752e-04
-1.5498909257278591e-04
-1.9888767640946042e-04
-6.4546354965126459e-04
-1.3372778586050009e-03
-1.2933762120829421e-03
-1.2494764928309991e-03
-1.2055787006796939e-03
-1.1616689012451864e-03
-1.1177610297959739e-03
-1.0738550861636865e-03
-1.0299615841780493e-03
-9.8605914515198143e-04
-9.4215670613152487e-04
-8.9825426710664011e-04
-8.5435182808321544e-04
-8.1045131639848782e-04
-7.6654695003263080e-04
-7.2264451117566315e-04
-6.7874399965866996e-04
-6.3484541531207465e-04
-5.9093719392899974e-04
-5.4703090039354911e-04
-2.1649570704582871e-04
4.7272935276819033e-04
4.2883107674324150e-04
3.8493087357510940e-04
3.4102874309432913e-04
2.9712375388089184e-04
2.5321683693594780e-04
2.0931887582597314e-04
1.6541643680083871e-04
1.2151207026799269e-04
7.7611558751455815e-05
3.3709119724796495e-05
-1.0193319299334650e-05
-5.4097685832361111e-05
-9.7998197345871733e-05
-1.4190063619928461e-04
-1.8580500256128158e-04
-2.2971129660174811e-04
-2.7360795343809631e-04
-3.1750653727495169e-04
-5.5646531474881362e-04
-1.2435972106985581e-03
-1.1997038475921862e-03
-1.1558124110301058e-03
-1.1119229008415895e-03
-1.0679965365888047e-03
-1.0240721017757593e-03
-9.8014959623520729e-04
-9.3628921952102178e-04
-8.9238678049517327e-04
-8.4848434147086237e-04
-8.0458190244755133e-04
-7.6067946342254611e-04
-7.1677895173764860e-04
-6.7287458537263357e-04
-6.2897214651637195e-04
-5.8507163499950366e-04
-5.4117305065304051e-04
-4.9726482927006004e-04
-4.5335853573433450e-04
-2.8815210104919176e-04
3.9723841440066733e-04
3.5335471440820030e-04
3.0946908855309757e-04
2.6558153666508138e-04
2.2164739167984817e-04
1.7771131640102712e-04
1.3384251362339076e-04
8.9940074598634571e-05
4.6035708065623497e-05
2.1351965487343099e-06
-4.1767242477515641e-05
