0.0000000000000000e+00
-4.3902439024832480e-05
-8.7806805558214717e-05
-1.3170731707157297e-04
-1.7560975592481858e-04
-2.1951412228692058e-04
-2.6342041632678446e-04
-4.7888612390638004e-04
-1.0881571693908000e-03
-1.7617487724917924e-03
-2.5166252996073604e-03
-2.5020486313775364e-03
-2.4874721756243429e-03
-2.4667186768503814e-03
-2.4373695326635634e-03
-2.3960587676962121e-03
-2.3522439495507180e-03
-2.3082538896652505e-03
-2.2643514506351979e-03
-2.2204509389444371e-03
-2.1765465725859618e-03
-2.1326441337368414e-03
-2.0887416945388894e-03
-2.0776583875213449e-03
-2.0337571554639024e-03
-1.9898535094713954e-03
-1.9459517909246958e-03
-1.9020519996534393e-03
-1.7769486528391733e-03
-1.2812369469325335e-03
-7.4360064217289881e-04
-1.5529692748724843e-04
4.9489224168341387e-04
1.2225387656782548e-03
1.1787036872433077e-03
1.1348666872099205e-03
1.0908988020349557e-03
1.0469289836008517e-03
1.0030939239785296e-03
9.5919148496028392e-04
9.1528711843388388e-04
8.7138660691431290e-04
8.2748416805474088e-04
7.8358172886399541e-04
7.3967928983941931e-04
6.9577492330568540e-04
6.5187441179184508e-04
6.0797197293844857e-04
5.6406760657684389e-04
5.2016131253672501e-04
1.4433765629258747e-04
-4.3331369742300829e-04
-1.0708751398983989e-03
-1.7843098433243973e-03
-1.7404657149544117e-03
-1.6966235088072604e-03
-1.6526608439578986e-03
-1.6087001117397119e-03
-1.5648559658993071e-03
-1.5210137422845716e-03
-1.4770510878603896e-03
-1.4331486488309200e-03
-1.3892462098063696e-03
-1.3453437707815793e-03
-1.3014413317570951e-03
-1.2575408200725501e-03
-1.2136364537064575e-03
-1.1697340148497030e-03
-1.1258335033322692e-03
-1.0819349189856344e-03
-1.0380266976025780e-03
-5.4402063678367298e-04
8.6630825198529587e-05
7.9090569645908133e-04
7.4706849393965397e-04
7.0322936963527192e-04
6.5926360957764064e-04
6.1529591644737943e-04
5.7145873152063178e-04
5.2755629250222339e-04
4.8365192597525376e-04
4.3975141445565084e-04
3.9584897559801261e-04
3.5194653640604058e-04
3.0804409738160299e-04
2.6413973084851754e-04
2.2023921933458622e-04
1.7633678048104191e-04
1.3243241411930369e-04
8.8526120079118645e-05
4.4629463242824860e-05
-1.7085227948886040e-04
-7.9625625628642390e-04
-1.4947198860588151e-03
-1.4508743933199912e-03
-1.4070308229230115e-03
-1.3630695217584858e-03
-1.3191101531058989e-03
-1.2752646437021130e-03
-1.2314210566423162e-03
-1.1874597656623730e-03
-1.1435573266334025e-03
-1.0996548876088092e-03
-1.0557524485844665e-03
-1.0118500095606584e-03
-9.6794949787587579e-04
-9.2404513151077229e-04
-8.8014269265340684e-04
-8.3624218113627921e-04
-7.9234359678945210e-04
-7.4843537540680697e-04
-7.0452908187117408e-04
-1.0271844579064168e-04
5.9124625180917586e-04
5.4744993775075529e-04
5.0365170549227943e-04
4.5964505375663831e-04
4.1574261473017820e-04
3.7183824819539836e-04
3.2793195398324207e-04
2.8403529766852961e-04
2.4013285863663564e-04
1.9623041961134891e-04
1.5232798058706294e-04
1.0842554156250127e-04
6.4521175029163188e-05
2.0620663516187895e-05
-2.3281775336435571e-05
-6.7186141698196664e-05
-1.1109243573798795e-04
-1.5498909257503224e-04
-1.9888767641247195e-04
-6.4546354965318807e-04
-1.3372778586068044e-03
-1.2933762120844895e-03
-1.2494764928321523e-03
-1.2055787006808709e-03
-1.1616689012475213e-03
-1.1177610297997574e-03
-1.0738550861689108e-03
-1.0299615841806078e-03
-9.8605914515458091e-04
-9.4215670613360318e-04
-8.9825426710859742e-04
-8.5435182808460170e-04
-8.1045131639966299e-04
-7.6654695003375826e-04
-7.2264451117657127e-04
-6.7874399965888138e-04
-6.3484541531154382e-04
-5.9093719392910827e-04
-5.4703090039487888e-04
-2.1649570704628752e-04
4.7272935276689216e-04
4.2883107674214754e-04
3.8493087357403702e-04
3.4102874309349272e-04
2.9712375388123602e-04
2.5321683693613499e-04
2.0931887582604372e-04
1.6541643680209847e-04
1.2151207026831273e-04
7.7611558752602169e-05
3.3709119726163471e-05
-1.0193319298097980e-05
-5.4097685831403903e-05
-9.7998197345538788e-05
-1.4190063619905766e-04
-1.8580500256141396e-04
-2.2971129660172675e-04
-2.7360795343716839e-04
-3.1750653727265004e-04
-5.5646531474825710e-04
-1.2435972106980334e-03
-1.1997038475916491e-03
-1.1558124110289457e-03
-1.1119229008392580e-03
-1.0679965365865921e-03
-1.0240721017745215e-03
-9.8014959623306708e-04
-9.3628921951858135e-04
-8.9238678049218629e-04
-8.4848434146799216e-04
-8.0458190244370197e-04
-7.6067946341913325e-04
-7.1677895173479834e-04
-6.7287458536858407e-04
-6.2897214651100634e-04
-5.8507163499406313e-04
-5.4117305064737653e-04
-4.9726482926628094e-04
-4.5335853573226704e-04
-2.8815210104502273e-04
3.9723841440441774e-04
3.5335471441187954e-04
3.0946908855635088e-04
2.6558153666772098e-04
2.2164739168340438e-04
1.7771131640441107e-04
1.3384251362629114e-04
8.9940074601093907e-05
4.6035708067707767e-05
2.1351965515795897e-06
-4.1767242475059848e-05
