0.0000000000000000e+00
0.0000000000000000e+00
0.0000000000000000e+00
0.0000000000000000e+00
0.0000000000000000e+00
0.0000000000000000e+00
0.0000000000000000e+00
3.4313851105106566e-04
1.4738836628848265e-03
2.7333357182616749e-03
4.1553167750459996e-03
4.1553167750459996e-03
4.1553167750459996e-03
4.1553167750459996e-03
4.1553167750459996e-03
4.1553167750459996e-03
4.1553167750459996e-03
4.1553167750459996e-03
4.1553167750459996e-03
4.1553167750459996e-03
4.1553167750459996e-03
4.1553167750459996e-03
4.1553167750459996e-03
4.1553167750459996e-03
4.1553167750459996e-03
4.1553167750459996e-03
4.1553167750459996e-03
4.1553167750459996e-03
4.3177118829138758e-03
5.2213401351468075e-03
6.2088498923479497e-03
7.2976706305629708e-03
8.5102695553305706e-03
9.8777970078132438e-03
9.8777970078132438e-03
9.8777970078132438e-03
9.8777970078132438e-03
9.8777970078132438e-03
9.8777970078132438e-03
9.8777970078132438e-03
9.8777970078132438e-03
9.8777970078132438e-03
9.8777970078132438e-03
9.8777970078132438e-03
9.8777970078132438e-03
9.8777970078132438e-03
9.8777970078132438e-03
9.8777970078132438e-03
9.8777970078132438e-03
9.8777970078132438e-03
1.0541657587862338e-02
1.1609149604558940e-02
1.2796549055507896e-02
1.4135648007105458e-02
1.4135648007105458e-02
1.4135648007105458e-02
1.4135648007105458e-02
1.4135648007105458e-02
1.4135648007105458e-02
1.4135648007105458e-02
1.4135648007105458e-02
1.4135648007105458e-02
1.4135648007105458e-02
1.4135648007105458e-02
1.4135648007105458e-02
1.4135648007105458e-02
1.4135648007105458e-02
1.4135648007105458e-02
1.4135648007105458e-02
1.4135648007105458e-02
1.4135648007105458e-02
1.5035878060936255e-02
1.6209353469678934e-02
1.7530228621479679e-02
1.7530228621479679e-02
1.7530228621479679e-02
1.7530228621479679e-02
1.7530228621479679e-02
1.7530228621479679e-02
1.7530228621479679e-02
1.7530228621479679e-02
1.7530228621479679e-02
1.7530228621479679e-02
1.7530228621479679e-02
1.7530228621479679e-02
1.7530228621479679e-02
1.7530228621479679e-02
1.7530228621479679e-02
1.7530228621479679e-02
1.7530228621479679e-02
1.7530228621479679e-02
1.7873387779560983e-02
1.9036403355204356e-02
2.0345626591458939e-02
2.0345626591458939e-02
2.0345626591458939e-02
2.0345626591458939e-02
2.0345626591458939e-02
2.0345626591458939e-02
2.0345626591458939e-02
2.0345626591458939e-02
2.0345626591458939e-02
2.0345626591458939e-02
2.0345626591458939e-02
2.0345626591458939e-02
2.0345626591458939e-02
2.0345626591458939e-02
2.0345626591458939e-02
2.0345626591458939e-02
2.0345626591458939e-02
2.0345626591458939e-02
2.0345626591458939e-02
2.1461502153281409e-02
2.2761787449805122e-02
2.2761787449805122e-02
2.2761787449805122e-02
2.2761787449805122e-02
2.2761787449805122e-02
2.2761787449805122e-02
2.2761787449805122e-02
2.2761787449805122e-02
2.2761787449805122e-02
2.2761787449805122e-02
2.2761787449805122e-02
2.2761787449805122e-02
2.2761787449805122e-02
2.2761787449805122e-02
2.2761787449805122e-02
2.2761787449805122e-02
2.2761787449805122e-02
2.2761787449805122e-02
2.2761787449805122e-02
2.3567140825041001e-02
2.4862951945199881e-02
2.4862951945199881e-02
2.4862951945199881e-02
2.4862951945199881e-02
2.4862951945199881e-02
2.4862951945199881e-02
2.4862951945199881e-02
2.4862951945199881e-02
2.4862951945199881e-02
2.4862951945199881e-02
2.4862951945199881e-02
2.4862951945199881e-02
2.4862951945199881e-02
2.4862951945199881e-02
2.4862951945199881e-02
2.4862951945199881e-02
2.4862951945199881e-02
2.4862951945199881e-02
2.4862951945199881e-02
2.5436229568473970e-02
2.6726878718867208e-02
2.6726878718867208e-02
2.6726878718867208e-02
2.6726878718867208e-02
2.6726878718867208e-02
2.6726878718867208e-02
2.6726878718867208e-02
2.6726878718867208e-02
2.6726878718867208e-02
2.6726878718867208e-02
2.6726878718867208e-02
2.6726878718867208e-02
2.6726878718867208e-02
2.6726878718867208e-02
2.6726878718867208e-02
2.6726878718867208e-02
2.6726878718867208e-02
2.6726878718867208e-02
2.6726878718867208e-02
2.7116984615705070e-02
2.8403460763207461e-02
2.8403460763207461e-02
2.8403460763207461e-02
2.8403460763207461e-02
2.8403460763207461e-02
2.8403460763207461e-02
2.8403460763207461e-02
2.8403460763207461e-02
2.8403460763207461e-02
2.8403460763207461e-02
2.8403460763207461e-02
2.8403460763207461e-02
2.8403460763207461e-02
2.8403460763207461e-02
2.8403460763207461e-02
2.8403460763207461e-02
2.8403460763207461e-02
2.8403460763207461e-02
2.8403460763207461e-02
2.8646076624870297e-02
2.9929090083149749e-02
2.9929090083149749e-02
2.9929090083149749e-02
2.9929090083149749e-02
2.9929090083149749e-02
2.9929090083149749e-02
2.9929090083149749e-02
2.9929090083149749e-02
2.9929090083149749e-02
2.9929090083149749e-02
2.9929090083149749e-02
