1.9999999999999974e+02
1.9999999999999974e+02
1.9999999999999974e+02
1.9999999999999974e+02
1.9999999999999974e+02
1.9999999999999974e+02
1.9999999999999974e+02
2.0203778184299247e+02
2.0846355800007194e+02
2.1512580995711158e+02
2.2206686780334101e+02
2.2206686780334101e+02
2.2206686780334101e+02
2.2206686780334101e+02
2.2206686780334101e+02
2.2206686780334101e+02
2.2206686780334101e+02
2.2206686780334101e+02
2.2206686780334101e+02
2.2206686780334101e+02
2.2206686780334101e+02
2.2206686780334101e+02
2.2206686780334101e+02
2.2206686780334101e+02
2.2206686780334101e+02
2.2206686780334101e+02
2.2206686780334101e+02
2.2206686780334101e+02
2.2282253787563872e+02
2.2689551070902354e+02
2.3110117029599886e+02
2.3545840187103545e+02
2.3998743165705366e+02
2.4471495900477871e+02
2.4471495900477871e+02
2.4471495900477871e+02
2.4471495900477871e+02
2.4471495900477871e+02
2.4471495900477871e+02
2.4471495900477871e+02
2.4471495900477871e+02
2.4471495900477871e+02
2.4471495900477871e+02
2.4471495900477871e+02
2.4471495900477871e+02
2.4471495900477871e+02
2.4471495900477871e+02
2.4471495900477871e+02
2.4471495900477871e+02
2.4471495900477871e+02
2.4687377261388360e+02
2.5016980080810106e+02
2.5359639070869116e+02
2.5717888570632385e+02
2.5717888570632385e+02
2.5717888570632385e+02
2.5717888570632385e+02
2.5717888570632385e+02
2.5717888570632385e+02
2.5717888570632385e+02
2.5717888570632385e+02
2.5717888570632385e+02
2.5717888570632385e+02
2.5717888570632385e+02
2.5717888570632385e+02
2.5717888570632385e+02
2.5717888570632385e+02
2.5717888570632385e+02
2.5717888570632385e+02
2.5717888570632385e+02
2.5717888570632385e+02
2.5943046147651808e+02
2.6218866301837244e+02
2.6506963638097869e+02
2.6506963638097869e+02
2.6506963638097869e+02
2.6506963638097869e+02
2.6506963638097869e+02
2.6506963638097869e+02
2.6506963638097869e+02
2.6506963638097869e+02
2.6506963638097869e+02
2.6506963638097869e+02
2.6506963638097869e+02
2.6506963638097869e+02
2.6506963638097869e+02
2.6506963638097869e+02
2.6506963638097869e+02
2.6506963638097869e+02
2.6506963638097869e+02
2.6506963638097869e+02
2.6578148337916957e+02
2.6808787649799996e+02
2.7049875132250742e+02
2.7049875132250742e+02
2.7049875132250742e+02
2.7049875132250742e+02
2.7049875132250742e+02
2.7049875132250742e+02
2.7049875132250742e+02
2.7049875132250742e+02
2.7049875132250742e+02
2.7049875132250742e+02
2.7049875132250742e+02
2.7049875132250742e+02
2.7049875132250742e+02
2.7049875132250742e+02
2.7049875132250742e+02
2.7049875132250742e+02
2.7049875132250742e+02
2.7049875132250742e+02
2.7049875132250742e+02
2.7240926420456253e+02
2.7447998773704484e+02
2.7447998773704484e+02
2.7447998773704484e+02
2.7447998773704484e+02
2.7447998773704484e+02
2.7447998773704484e+02
2.7447998773704484e+02
2.7447998773704484e+02
2.7447998773704484e+02
2.7447998773704484e+02
2.7447998773704484e+02
2.7447998773704484e+02
2.7447998773704484e+02
2.7447998773704484e+02
2.7447998773704484e+02
2.7447998773704484e+02
2.7447998773704484e+02
2.7447998773704484e+02
2.7447998773704484e+02
2.7568382573635023e+02
2.7750275023042366e+02
2.7750275023042366e+02
2.7750275023042366e+02
2.7750275023042366e+02
2.7750275023042366e+02
2.7750275023042366e+02
2.7750275023042366e+02
2.7750275023042366e+02
2.7750275023042366e+02
2.7750275023042366e+02
2.7750275023042366e+02
2.7750275023042366e+02
2.7750275023042366e+02
2.7750275023042366e+02
2.7750275023042366e+02
2.7750275023042366e+02
2.7750275023042366e+02
2.7750275023042366e+02
2.7750275023042366e+02
2.7826342312421684e+02
2.7988315622580961e+02
2.7988315622580961e+02
2.7988315622580961e+02
2.7988315622580961e+02
2.7988315622580961e+02
2.7988315622580961e+02
2.7988315622580961e+02
2.7988315622580961e+02
2.7988315622580961e+02
2.7988315622580961e+02
2.7988315622580961e+02
2.7988315622580961e+02
2.7988315622580961e+02
2.7988315622580961e+02
2.7988315622580961e+02
2.7988315622580961e+02
2.7988315622580961e+02
2.7988315622580961e+02
2.7988315622580961e+02
2.8034855035167499e+02
2.8180835286339112e+02
2.8180835286339112e+02
2.8180835286339112e+02
2.8180835286339112e+02
2.8180835286339112e+02
2.8180835286339112e+02
2.8180835286339112e+02
2.8180835286339112e+02
2.8180835286339112e+02
2.8180835286339112e+02
2.8180835286339112e+02
2.8180835286339112e+02
2.8180835286339112e+02
2.8180835286339112e+02
2.8180835286339112e+02
2.8180835286339112e+02
2.8180835286339112e+02
2.8180835286339112e+02
2.8180835286339112e+02
2.8207124966169164e+02
2.8339963337438331e+02
2.8339963337438331e+02
2.8339963337438331e+02
2.8339963337438331e+02
2.8339963337438331e+02
2.8339963337438331e+02
2.8339963337438331e+02
2.8339963337438331e+02
2.8339963337438331e+02
2.8339963337438331e+02
2.8339963337438331e+02
