0.0000000000000000e+00
2.9999999999964754e+01
5.9996927336638109e+01
8.9999999999212520e+01
1.1999999898379046e+02
1.4999692530536370e+02
1.7999077997870162e+02
2.0999989533149156e+02
2.3999783234892652e+02
2.6997850027822352e+02
2.9996949716471971e+02
2.8999999997830997e+02
2.8003016313375690e+02
2.6585786435745695e+02
2.4581403694990064e+02
2.1757359308309185e+02
1.8761710147952780e+02
1.5757359310632162e+02
1.2757359312058055e+02
9.7570519456336086e+01
6.7573593127979763e+01
3.7573594136725390e+01
7.5735931286432114e+00
2.6126316389964363e-10
3.0001924739129215e+01
6.0000000000372026e+01
9.0001148304077262e+01
1.2000537066561404e+02
1.4999999359643374e+02
1.7999784963447149e+02
2.0998862758674608e+02
2.3998472178042931e+02
2.6997931340494523e+02
2.9997107417145685e+02
2.7000000326854934e+02
2.4003200060617115e+02
2.1000000001631403e+02
1.7997107752970106e+02
1.5000000000720240e+02
1.2000000000359901e+02
9.0003072663393112e+01
6.0000000001118735e+01
3.0000001016828698e+01
3.1027286725560019e-10
2.9999999999603254e+01
5.9996927336386094e+01
8.9999999998902055e+01
1.1999999898340387e+02
1.4999692530489489e+02
1.7999077997810801e+02
2.0999832684983511e+02
2.3999980263114531e+02
2.6997874008861294e+02
2.9996952050489227e+02
2.6999999675294259e+02
2.4002740474289652e+02
2.0999999999301448e+02
1.7996951715489595e+02
1.4999999998395236e+02
1.2002741455808081e+02
8.9999999993041399e+01
5.9999999996690789e+01
3.0000000000025736e+01
3.7725821591703663e-11
3.0000000000094275e+01
6.0003073678562423e+01
9.0000000000852651e+01
1.1999999898605164e+02
1.5000307164942609e+02
1.8000921900636186e+02
2.1000000000329567e+02
2.3999498772779572e+02
2.6999996231588113e+02
2.9997179934180110e+02
2.7000000288278034e+02
2.4003127474922803e+02
2.1000000001576177e+02
1.7997180330060002e+02
1.5000000000656286e+02
1.2000000000319559e+02
9.0003072663087750e+01
6.0000000000782954e+01
3.0000001016630002e+01
1.9324147684741047e-10
2.9999999999828077e+01
5.9996927336599171e+01
8.9999999999237474e+01
1.1999999898372604e+02
1.4999692530530257e+02
1.7999077997855116e+02
2.0999999999689416e+02
2.3999986022196117e+02
2.6999663551011184e+02
2.9997037460373747e+02
2.6999999701342159e+02
2.4002655099719908e+02
2.0999999999349049e+02
1.7997037106967778e+02
1.4999999998506686e+02
1.2002656047730906e+02
8.9999999993819927e+01
5.9999999996974118e+01
3.0000000000015827e+01
1.3173470264412793e-10
3.0000000000077954e+01
6.0003073678449560e+01
9.0000000000650658e+01
1.1999999898581176e+02
1.5000307164913721e+02
1.8000921900588011e+02
2.1000000000306622e+02
2.3999385163332644e+02
2.6998875330326496e+02
2.9995397840180152e+02
2.7000000271354151e+02
2.4004909259116712e+02
2.1000000003419467e+02
1.8000000000576102e+02
1.5000307264059524e+02
1.2000921692402521e+02
9.0000000003128832e+01
6.0000000000321961e+01
2.9999999999991342e+01
2.8108523527941657e-10
3.0000000000066770e+01
5.9996927336895737e+01
8.9999999999431310e+01
1.1999999898390404e+02
1.4999692530553659e+02
1.7999077997876597e+02
2.0999999999723056e+02
2.4000614430686909e+02
2.6999635819532898e+02
2.9999958474055836e+02
2.6999999712419702e+02
2.3999733590276435e+02
2.0999160006062849e+02
1.7999999999698963e+02
1.5000532915525935e+02
1.2000758652100905e+02
8.9999999999304492e+01
5.9999999998765198e+01
2.9999999999976879e+01
2.2485343768139426e-10
3.0000000000077868e+01
6.0003073678334125e+01
9.0000000000622535e+01
1.1999999898595139e+02
1.5000307164918667e+02
1.8000921900612133e+02
2.1000000000294617e+02
2.3999385163287945e+02
2.6999903069748365e+02
2.9999819733654800e+02
2.7000000264652556e+02
2.4000488034129043e+02
2.1001282940615735e+02
1.8000000000444689e+02
1.4999024686804265e+02
1.2000000000164746e+02
9.0000000001146432e+01
6.0003072663801497e+01
3.0000000000645066e+01
1.3253487233172481e-10
2.9999999999977319e+01
5.9996927336680159e+01
8.9999999999293578e+01
1.1999999898359150e+02
1.4999692530500732e+02
1.7999077997820817e+02
2.0999999999673508e+02
2.4000614430631509e+02
2.6999976305981642e+02
2.9999528736796242e+02
2.6999999720298615e+02
2.4000163419378623e+02
2.1000019732521491e+02
1.7999999999941022e+02
1.4999673037327034e+02
1.1999038743167394e+02
8.9999999999730250e+01
6.0000000000341181e+01
2.9999999999936136e+01
2.3281687670318692e-10
3.0000000000053227e+01
6.0003073678449013e+01
9.0000000000690676e+01
1.1999999898602627e+02
1.5000307164938488e+02
1.8000921900640279e+02
2.1000000000310862e+02
2.3999385163296901e+02
2.6999996436538567e+02
2.9999186538015755e+02
2.7000000258705603e+02
2.4001121120052363e+02
2.1002549020645151e+02
1.8000000001029031e+02
1.4997758803664388e+02
1.2000000000722942e+02
9.0000000003263409e+01
6.0003072662580784e+01
3.0000000000718217e+01
1.5874096148721682e-10
