0.0000000000000000e+00
2.9999999999823824e+01
5.9993634990794014e+01
8.9999999999738264e+01
1.1999999831028219e+02
1.4999363161237497e+02
1.7998090159509624e+02
2.0999992178530920e+02
2.3999834591230859e+02
2.6998340738972536e+02
2.9997607759523879e+02
2.8999999998671581e+02
2.8002321908230033e+02
2.6585786434521617e+02
2.4582260277756077e+02
2.1757359305645409e+02
1.8760482704986097e+02
1.5757359308797433e+02
1.2757359311557308e+02
9.7567226444459919e+01
6.7573593128549177e+01
3.7573594804251634e+01
7.5735931289400327e+00
3.4898114466263754e-10
-3.0003986863585155e+01
-5.9999999999979707e+01
-9.0002378776386806e+01
-1.2001112488301001e+02
-1.4999999616024823e+02
-1.7999873458417403e+02
-2.0999336509424029e+02
-2.3999119032440862e+02
-2.6998825093928173e+02
-2.9998389843180490e+02
-2.7000000204960691e+02
-2.4002245990742131e+02
-2.1000000002725108e+02
-1.7998391762323263e+02
-1.5000000001527141e+02
-1.2000000000570287e+02
-9.0006365005247545e+01
-6.0000000000165215e+01
-3.0000001693078268e+01
3.6242096403323238e-10
3.0000000000380162e+01
5.9993634991330467e+01
9.0000000000001720e+01
1.1999999831067650e+02
1.4999363161287857e+02
1.7998090159544589e+02
2.0999875843295922e+02
2.3999985154939910e+02
2.6998386213708682e+02
2.9997654870666321e+02
2.6999999793047357e+02
2.4001709256345731e+02
2.0999999998608195e+02
1.7997653028078690e+02
1.4999999997518395e+02
1.2001711508292635e+02
8.9999999986074357e+01
5.9999999995089055e+01
3.0000000000826631e+01
8.6834525320367996e-10
-2.9999999999119062e+01
-6.0006366697962868e+01
-8.9999999999391804e+01
-1.1999999830935155e+02
-1.5000636331755732e+02
-1.8001909671439466e+02
-2.1000000000060339e+02
-2.3999707364316225e+02
-2.6999997839629185e+02
-2.9998407931932883e+02
-2.7000000180719206e+02
-2.4002227877931651e+02
-2.1000000002519135e+02
-1.7998409850296093e+02
-1.5000000001358637e+02
-1.2000000000483728e+02
-9.0006365004622012e+01
-5.9999999999291141e+01
-3.0000001691822298e+01
9.5126383362959055e-10
3.0000000001177973e+01
5.9993634992306795e+01
9.0000000001006853e+01
1.1999999831149881e+02
1.4999363161375288e+02
1.7998090159616839e+02
2.0999999999971817e+02
2.3999989650203025e+02
2.6999745640597149e+02
2.9997734385156008e+02
2.6999999809750329e+02
2.4001629739765943e+02
2.0999999998764335e+02
1.7997732580527591e+02
1.4999999997691657e+02
1.2001631920681902e+02
8.9999999987701273e+01
5.9999999995750692e+01
3.0000000001125745e+01
1.1497537378070336e-09
-2.9999999998944709e+01
-6.0006366697568211e+01
-8.9999999999366679e+01
-1.1999999830929524e+02
-1.5000636331762459e+02
-1.8001909671429254e+02
-2.1000000000027296e+02
-2.3998726491584580e+02
-2.6999350456442022e+02
-2.9997384820093316e+02
-2.7000000170127345e+02
-2.4003250301975325e+02
-2.1000000005939125e+02
-1.8000000001054613e+02
-1.5000636497039284e+02
-1.2001909325014667e+02
-9.0000000000135245e+01
-5.9999999998958401e+01
-2.9999999998752422e+01
1.2798485964808125e-09
3.0000000001301707e+01
5.9993634992463036e+01
9.0000000001347686e+01
1.1999999831213843e+02
1.4999363161453599e+02
1.7998090159719260e+02
2.1000000000085140e+02
2.4001272832621243e+02
2.6999726999908188e+02
2.9999968265519988e+02
2.6999999816918398e+02
2.3999394714837655e+02
2.0998152790215357e+02
1.8000000000068496e+02
1.5001211014498548e+02
1.2001785664622301e+02
9.0000000001572815e+01
6.0000000001485262e+01
3.0000000001740624e+01
1.9319974685925150e-09
-2.9999999998398849e+01
-6.0006366696851003e+01
-8.9999999998354667e+01
-1.1999999830837858e+02
-1.5000636331640797e+02
-1.8001909671324671e+02
-2.0999999999905765e+02
-2.3998726491480090e+02
-2.6999943265095305e+02
-2.9999897590315760e+02
-2.7000000165837548e+02
-2.4000739174790277e+02
-2.1002114448276018e+02
-1.8000000000135327e+02
-1.4998522694697178e+02
-1.1999999999967835e+02
-8.9999999998859664e+01
-6.0006365006786488e+01
-2.9999999998296367e+01
1.9041174336052756e-09
3.0000000001857458e+01
5.9993634992825051e+01
9.0000000001581640e+01
1.1999999831171158e+02
1.4999363161358502e+02
1.7998090159601949e+02
2.1000000000003010e+02
2.4001272832577448e+02
2.6999982375331479e+02
2.9999640741581811e+02
2.6999999821913161e+02
2.3999722419126124e+02
2.0998808364318552e+02
1.8000000000258393e+02
1.5000555099827565e+02
1.2000473494024790e+02
9.0000000000461867e+01
6.0000000002410182e+01
3.0000000001636778e+01
1.4657895617413261e-09
-2.9999999998445222e+01
-6.0006366697224792e+01
-8.9999999998806885e+01
-1.1999999830892702e+02
-1.5000636331734316e+02
-1.8001909671457014e+02
-2.1000000000050056e+02
-2.3998726491616912e+02
-2.6999997897231395e+02
-2.9999536526418262e+02
-2.7000000162242293e+02
-2.4001099994675010e+02
-2.1002835854993450e+02
-1.8000000001123817e+02
-1.4997801763783320e+02
-1.2000000001007716e+02
-9.0000000003395812e+01
-6.0006365005464673e+01
-2.9999999999459387e+01
8.5002398335494734e-10
