0.0000000000000000e+00
-1.7541327509973555e-10
-3.2923459135765368e-03
4.4481054133531794e-10
-6.7353510856062747e-07
-3.2936929981141516e-03
-9.8783835437481239e-03
2.6453741136607637e-05
5.1356336198391829e-04
4.9071114784374316e-03
6.5804305152644682e-03
8.4218725304244589e-09
-6.9440514377617875e-03
-1.2174584306108131e-08
8.5658278003607514e-03
-2.6522143830568162e-08
-1.2274429589561930e-02
-1.8258303169096292e-08
-4.8387572183472604e-09
-3.2930116454681826e-03
8.1155988855718615e-10
6.6770750641695546e-07
5.1697025525215869e-10
5.3803247599718279e-10
-2.0621242791812903e-03
6.8747551567300745e-10
-1.2304719520602736e-03
-5.7542168989552812e-03
-2.5635259330435354e-06
-8.8494957483264698e-04
-4.7375074076805284e-03
-6.4685439259100364e-03
-8.9375342934309970e-03
-1.2824260326443090e-02
1.2189722833778091e-06
9.5406987370680353e-03
-1.0968328438255131e-08
-1.2840093578386055e-02
-8.1112746703205517e-09
-2.1784100352858955e-09
-3.2923419182933032e-03
9.4202471771528740e-10
-6.7627985159402607e-07
7.3327559605917665e-10
7.5900167091276068e-10
-3.2923451018656708e-03
9.9507314970057626e-10
-6.7289197594155140e-07
-3.2936921803849309e-03
-9.8783828476521045e-03
4.3158307980647114e-04
4.8918254991730511e-05
5.1220484720267655e-03
7.0282017726827073e-03
1.1775044691370891e-06
-1.0312179530288235e-02
-6.9195301419342975e-09
7.0131260123419224e-03
-8.7682747098029863e-09
-1.0299475296573725e-02
-6.9757319129239506e-09
-1.6100309553037212e-09
8.4446681063195000e-10
9.6881135948402205e-10
1.0227757413382251e-09
-3.2930193977145040e-03
1.4732410060788979e-09
6.7670244982898681e-07
-3.2916681183567274e-03
-9.8777080830753199e-03
2.7760325578258350e-09
-2.0859152762473790e-03
-1.6080409281374391e-05
-1.2279977557658507e-02
1.0755746100586747e-06
8.9959698855528944e-03
-9.5217547249348537e-09
-1.2295202445815865e-02
-7.0500988797796398e-09
-1.6458556215985324e-09
-3.2923415781640980e-03
1.4577812611558397e-09
-6.7518784501659683e-07
1.2173063987600663e-09
1.3410228282195411e-09
-3.2923443322050152e-03
1.7374300936870327e-09
-6.7226942370007109e-07
-3.2936915879788471e-03
-9.8783824117438298e-03
2.8019699199621979e-09
3.6280049243337887e-05
8.2089588431543531e-04
6.9692478440548985e-03
1.0840137131207257e-06
-1.0253599627100258e-02
-5.8288016241334593e-09
6.9547356613411694e-03
-8.1914712482339934e-09
-1.0241270613410351e-02
-6.1763044199507324e-09
-1.3308855265083429e-09
1.0259440109026546e-09
1.0715233674141595e-09
9.1596313473359223e-10
-3.2930193428346412e-03
1.0810316903754329e-09
6.7640119213656763e-07
-3.2916685885923391e-03
-9.8777084864827142e-03
2.5808972759446543e-09
6.5867171439796934e-03
-4.7512612595445340e-03
-1.9869799202536415e-02
1.0121439143710141e-06
1.6589571350108193e-02
-2.5298973424386957e-08
-4.9544579524607892e-09
-3.2923299825149445e-03
-9.8763263353696881e-03
2.8800711105586883e-09
1.2372391620091571e-09
1.0668042015982072e-09
1.0763028662563628e-09
1.0862920794809788e-09
-3.2923446100794197e-03
1.7664835981417782e-09
-6.7190472324767387e-07
-3.2936911378144908e-03
-9.8783816854310091e-03
3.4082847812595979e-09
6.5840190606723898e-03
9.1180363664813578e-04
9.7914575991062827e-05
1.0449295277041798e-06
-3.3887544016164097e-03
-1.0072158482749545e-02
3.5762111176777604e-09
6.7809894830658740e-03
1.0270124876954719e-02
2.1304308458692961e-09
2.5933760725868337e-09
1.6763800475295823e-09
1.9184112040622660e-09
1.6450144230325199e-09
-3.2930185382081334e-03
2.2626540156924615e-09
6.7757988652095106e-07
-3.2916671812937186e-03
-9.8777070216387163e-03
3.9464850535568371e-09
6.5867180357203617e-03
-4.0195347334181868e-04
-7.7856663994088442e-04
9.8814279518989106e-07
-2.5114066479432410e-03
-8.3150766253780681e-03
3.1773161688200563e-09
5.0199211721021052e-03
2.0401389328464831e-09
2.4295865138994771e-09
-3.2923429345079352e-03
2.4253217512853057e-09
1.9682583815646616e-09
1.9786510512161738e-09
-3.2923437918990417e-03
2.3069309928434024e-09
-6.7187218362175826e-07
-3.2936914464419087e-03
-9.8783821975401854e-03
3.3461299852969084e-09
6.5840196287077369e-03
6.0693510495097051e-05
1.1200478535208626e-03
1.0161461003677002e-06
-4.4100024732259850e-03
-1.2113681894371120e-02
3.3016248508805242e-09
8.8206250443278351e-03
1.4347508673985579e-02
8.5234165626821533e-10
2.2453830602341437e-09
1.8675547148559149e-09
1.6927096322069913e-09
1.8213592361595348e-09
-3.2930185937046913e-03
2.1476127301380434e-09
6.7746751835370612e-07
-3.2916675824565017e-03
-9.8777077594857550e-03
2.8635448388665527e-09
6.5867169242456213e-03
-1.4606692829554480e-05
-3.4998839225549249e-03
9.6471578983243756e-07
2.1125383407671948e-04
-2.8683434592192978e-03
-8.7115273328925237e-10
-4.2960113304140314e-04
-2.8167316069200236e-09
-1.0239160846541797e-10
-3.2923428688136015e-03
1.3453282535863286e-09
8.1706872842175137e-10
