0.0000000000000000e+00
-1.1430604719258268e-03
-2.5454161377608815e-10
-1.1438599321742981e-03
-4.5742488397168355e-03
-1.0290777124827379e-02
1.1998426938415488e-09
8.0036359509488390e-03
1.4260970037498970e-02
9.7567788638552606e-04
2.1584554518182760e-03
2.2575792394173720e-07
-4.4431200963047212e-03
-1.1171972480794937e-02
-2.0186721380040684e-02
6.6676532834615116e-10
-5.1874863500182963e-10
-2.2867827639434339e-03
2.9568124213011260e-10
3.9332389551977671e-07
-1.2945639619449981e-10
-6.1190947385234757e-11
-2.2867803557607581e-03
-1.0594820064082486e-11
3.9086327494609193e-07
-2.2859989613947303e-03
-6.8595599073572999e-03
-9.8749460649746965e-03
-6.7633844142738798e-04
-2.7531644978889694e-03
-3.7079983263421023e-03
2.0290376345628197e-07
1.4235999942310931e-03
5.6258308945414870e-04
-2.6396031395102030e-09
-2.8533242354465342e-03
-4.2272697661423953e-09
-1.1549396578741794e-09
-2.2863884673208468e-03
1.1523612935643767e-10
-2.4180992345129481e-10
-1.7743893408849354e-10
-2.2863903115081484e-03
1.7612603132129629e-10
-3.9008150725639954e-07
-2.2871704359158072e-03
-6.8599504931393680e-03
-1.3718340159089725e-02
1.0649970272955400e-03
8.2016380094826729e-04
2.1918190469398108e-03
1.9980223324802483e-07
-4.4765539252610035e-03
-1.1238832510423406e-02
-2.0287025745216021e-02
4.7878687988243273e-10
-1.1086385835232086e-09
-2.2867830878187407e-03
-1.6514147907612214e-10
3.9285991503633358e-07
-3.2318068811584561e-10
-2.0131278272151823e-10
-2.2867807313110351e-03
2.4168551902803462e-10
3.9068034108102486e-07
-2.2859992279311266e-03
-6.8595603336180592e-03
-1.3720683154009008e-02
1.9879750457556772e-09
-5.6776252557913405e-05
-3.1276634413319803e-04
1.8932183541684748e-07
-1.9731103683478554e-03
-6.2322753711423684e-03
6.4124618105895970e-10
3.9444459671803874e-03
5.6014507872743560e-03
1.6139146593685247e-10
3.3124048108398954e-10
2.8499414171786781e-10
4.2454035736491743e-10
6.9603287202921145e-10
-2.2863892882949806e-03
7.7884427367192388e-10
-3.8948651383810393e-07
-2.2871697613825177e-03
-6.8599497280475543e-03
-1.3718339749783634e-02
3.2621694583823579e-09
3.8729951680370991e-05
1.2810566197734461e-03
1.9246240834795538e-07
-3.5664977623277015e-03
-9.4194043766315464e-03
-1.7558917783814035e-02
3.5113737975398495e-09
1.4972512471958941e-09
-2.2867808191403744e-03
1.8046318296721413e-09
3.9428662236661708e-07
1.6997615536425140e-09
1.2749882251054227e-09
-2.2867793900380904e-03
1.4324630229587854e-09
3.9202049264578250e-07
-2.2859978695217442e-03
-6.8595586859032925e-03
-1.3720681225694210e-02
3.2642622554018144e-09
1.1436249058391579e-02
-6.7844570233147104e-04
1.4306802389783743e-07
-1.6073626193407078e-03
-5.5005726619001610e-03
1.8147313904156688e-09
3.2124232350656265e-03
4.1370823434823244e-03
8.8979016802823760e-10
1.2074990753485771e-09
1.1475004433898810e-09
1.2328682536577533e-09
1.0587274298420230e-09
-2.2863890895381336e-03
1.3668790420721449e-09
-3.8902790433867575e-07
-2.2871692488267569e-03
-6.8599492233139539e-03
-1.3718339367596687e-02
3.2818596390594863e-09
1.1429613221724224e-02
1.3820352281080804e-04
1.2196462040018828e-07
-2.4246400358903177e-03
-7.1364722988323690e-03
1.6979273272481716e-09
4.8506655641268881e-03
7.4151293312357900e-03
6.8350562232446373e-10
9.4871944114445442e-10
7.2038143569819124e-10
6.2402863873815883e-10
5.5557524032320454e-10
-2.2867801046412791e-03
5.2823323034883422e-10
3.9133304235340684e-07
-2.2859984116142293e-03
-6.8595591451420836e-03
-1.3720681369953733e-02
3.2264085428374763e-09
1.1436249261785094e-02
-7.1173381490081066e-05
1.0515373598862713e-07
-2.2149749063226738e-03
-6.7160235545320850e-03
9.1819079895424369e-10
4.4284016847815025e-03
6.5695689056013487e-03
4.5229832431011417e-11
5.2095714665441647e-10
5.3605077773591456e-11
2.2417805846704487e-11
1.3446117554633688e-10
-2.2863901856957167e-03
1.6542479792627476e-10
-3.9000546470394276e-07
-2.2871700738950253e-03
-6.8599499577484714e-03
-1.3718339779732266e-02
2.0190355697765061e-09
1.1429611361262085e-02
1.5693243104501984e-05
9.7173803005356432e-08
-2.3022679931249432e-03
-6.8917932608375098e-03
3.3562974740263471e-10
4.6061623156553721e-03
6.9263028059404390e-03
-1.9857606006371062e-10
-1.2088269795022874e-10
-5.8008639127766623e-10
-6.4446820261003886e-10
-7.4959992213251280e-10
-2.2867812545877522e-03
-6.3524301104465078e-10
3.9011754332496629e-07
-2.2859997024533779e-03
-6.8595606905958173e-03
-1.3720682900858204e-02
1.8448789996292176e-09
1.1436248341075640e-02
-8.2943676408018642e-06
8.9982356748697636e-08
-2.2779120586586725e-03
-6.8419102746906163e-03
4.4280364520712671e-10
4.5543425283992049e-03
6.8215069124118047e-03
-2.1901720548048755e-10
-3.8091309052599647e-11
-4.2650991403865513e-10
-4.1950698061620563e-10
