0.0000000000000000e+00
0.0000000000000000e+00
0.0000000000000000e+00
0.0000000000000000e+00
0.0000000000000000e+00
0.0000000000000000e+00
0.0000000000000000e+00
8.7962742946084381e+03
4.0612348109190541e+04
8.0775566843548746e+04
1.3145727362092023e+05
1.3145727362092023e+05
1.3145727362092023e+05
1.3145727362092023e+05
1.3145727362092023e+05
1.3145727362092023e+05
1.3145727362092023e+05
1.3145727362092023e+05
1.3145727362092023e+05
1.3145727362092023e+05
1.3145727362092023e+05
1.3145727362092023e+05
1.3145727362092023e+05
1.3145727362092023e+05
1.3145727362092023e+05
1.3145727362092023e+05
1.3145727362092023e+05
1.3145727362092023e+05
1.3444216246906479e+05
1.5307332448514641e+05
1.7713382948070063e+05
2.0774159868335744e+05
2.4637117147137641e+05
2.9505793868797371e+05
2.9505793868797371e+05
2.9505793868797371e+05
2.9505793868797371e+05
2.9505793868797371e+05
2.9505793868797371e+05
2.9505793868797371e+05
2.9505793868797371e+05
2.9505793868797371e+05
2.9505793868797371e+05
2.9505793868797371e+05
2.9505793868797371e+05
2.9505793868797371e+05
2.9505793868797371e+05
2.9505793868797371e+05
2.9505793868797371e+05
2.9505793868797371e+05
3.1163826226119424e+05
3.4167459280621685e+05
3.7954025859924551e+05
4.2726793511939055e+05
4.2726793511939055e+05
4.2726793511939055e+05
4.2726793511939055e+05
4.2726793511939055e+05
4.2726793511939055e+05
4.2726793511939055e+05
4.2726793511939055e+05
4.2726793511939055e+05
4.2726793511939055e+05
4.2726793511939055e+05
4.2726793511939055e+05
4.2726793511939055e+05
4.2726793511939055e+05
4.2726793511939055e+05
4.2726793511939055e+05
4.2726793511939055e+05
4.2726793511939055e+05
4.5282226195452508e+05
4.9020774960916449e+05
5.3723536365317320e+05
5.3723536365317320e+05
5.3723536365317320e+05
5.3723536365317320e+05
5.3723536365317320e+05
5.3723536365317320e+05
5.3723536365317320e+05
5.3723536365317320e+05
5.3723536365317320e+05
5.3723536365317320e+05
5.3723536365317320e+05
5.3723536365317320e+05
5.3723536365317320e+05
5.3723536365317320e+05
5.3723536365317320e+05
5.3723536365317320e+05
5.3723536365317320e+05
5.3723536365317320e+05
5.4732368702531559e+05
5.8441306721442053e+05
6.3107745964974398e+05
6.3107745964974398e+05
6.3107745964974398e+05
6.3107745964974398e+05
6.3107745964974398e+05
6.3107745964974398e+05
6.3107745964974398e+05
6.3107745964974398e+05
6.3107745964974398e+05
6.3107745964974398e+05
6.3107745964974398e+05
6.3107745964974398e+05
6.3107745964974398e+05
6.3107745964974398e+05
6.3107745964974398e+05
6.3107745964974398e+05
6.3107745964974398e+05
6.3107745964974398e+05
6.3107745964974398e+05
6.6669905631633336e+05
7.1299124377362570e+05
7.1299124377362570e+05
7.1299124377362570e+05
7.1299124377362570e+05
7.1299124377362570e+05
7.1299124377362570e+05
7.1299124377362570e+05
7.1299124377362570e+05
7.1299124377362570e+05
7.1299124377362570e+05
7.1299124377362570e+05
7.1299124377362570e+05
7.1299124377362570e+05
7.1299124377362570e+05
7.1299124377362570e+05
7.1299124377362570e+05
7.1299124377362570e+05
7.1299124377362570e+05
7.1299124377362570e+05
7.3912804539554706e+05
7.8531673734992882e+05
7.8531673734992882e+05
7.8531673734992882e+05
7.8531673734992882e+05
7.8531673734992882e+05
7.8531673734992882e+05
7.8531673734992882e+05
7.8531673734992882e+05
7.8531673734992882e+05
7.8531673734992882e+05
7.8531673734992882e+05
7.8531673734992882e+05
7.8531673734992882e+05
7.8531673734992882e+05
7.8531673734992882e+05
7.8531673734992882e+05
7.8531673734992882e+05
7.8531673734992882e+05
7.8531673734992882e+05
8.0411821412677737e+05
8.5007173391844286e+05
8.5007173391844286e+05
8.5007173391844286e+05
8.5007173391844286e+05
8.5007173391844286e+05
8.5007173391844286e+05
8.5007173391844286e+05
8.5007173391844286e+05
8.5007173391844286e+05
8.5007173391844286e+05
8.5007173391844286e+05
8.5007173391844286e+05
8.5007173391844286e+05
8.5007173391844286e+05
8.5007173391844286e+05
8.5007173391844286e+05
8.5007173391844286e+05
8.5007173391844286e+05
8.5007173391844286e+05
8.6299476826986251e+05
9.0885064685109211e+05
9.0885064685109211e+05
9.0885064685109211e+05
9.0885064685109211e+05
9.0885064685109211e+05
9.0885064685109211e+05
9.0885064685109211e+05
9.0885064685109211e+05
9.0885064685109211e+05
9.0885064685109211e+05
9.0885064685109211e+05
9.0885064685109211e+05
9.0885064685109211e+05
9.0885064685109211e+05
9.0885064685109211e+05
9.0885064685109211e+05
9.0885064685109211e+05
9.0885064685109211e+05
9.0885064685109211e+05
9.1693818240557751e+05
9.6261940093675768e+05
9.6261940093675768e+05
9.6261940093675768e+05
9.6261940093675768e+05
9.6261940093675768e+05
9.6261940093675768e+05
9.6261940093675768e+05
9.6261940093675768e+05
9.6261940093675768e+05
9.6261940093675768e+05
9.6261940093675768e+05
