0.0000000000000000e+00
0.0000000000000000e+00
0.0000000000000000e+00
0.0000000000000000e+00
0.0000000000000000e+00
0.0000000000000000e+00
0.0000000000000000e+00
0.0000000000000000e+00
-1.0003456727904327e+01
-2.1696150473310844e+01
-3.3924513035957546e+01
-3.3924513035957546e+01
-3.3924513035957546e+01
-3.3924513035957546e+01
-3.3924513035957546e+01
-3.3924513035957546e+01
-3.3924513035957546e+01
-3.3924513035957546e+01
-3.3924513035957546e+01
-3.3924513035957546e+01
-3.3924513035957546e+01
-3.3924513035957546e+01
-3.3924513035957546e+01
-3.3924513035957546e+01
-3.3924513035957546e+01
-3.3619360117157093e+01
-2.6429947193561453e+01
-1.6482532704712675e+01
-5.0167119825590873e+00
7.0988523410214031e+00
1.9468565183323779e+01
1.9468565183323783e+01
1.9468565183323783e+01
1.9468565183323783e+01
1.9468565183323783e+01
1.9468565183323783e+01
1.9468565183323790e+01
1.9468565183323779e+01
1.9468565183323779e+01
1.9468565183323779e+01
1.9468565183323779e+01
1.9468565183323779e+01
1.9468565183323772e+01
1.9468565183323772e+01
1.9468565183323776e+01
1.9468565183323776e+01
1.9468565183323776e+01
1.7592715956092629e+01
9.9195458431607495e+00
-1.8657010449610784e-01
-1.1645586365356257e+01
-1.1645586365356257e+01
-1.1645586365356257e+01
-1.1645586365356257e+01
-1.1645586365356257e+01
-1.1645586365356257e+01
-1.1645586365356257e+01
-1.1645586365356257e+01
-1.1645586365356257e+01
-1.1645586365356257e+01
-1.1645586365356257e+01
-1.1645586365356257e+01
-1.1645586365356257e+01
-1.1645586365356257e+01
-1.1645586365356257e+01
-1.1645586365356257e+01
-1.1645586365356257e+01
-1.1645586365356257e+01
-1.0587549804917286e+01
-2.6678406111889537e+00
7.5274129092310886e+00
7.5274129092310886e+00
7.5274129092310886e+00
7.5274129092310869e+00
7.5274129092310869e+00
7.5274129092310869e+00
7.5274129092310913e+00
7.5274129092310913e+00
7.5274129092310913e+00
7.5274129092310913e+00
7.5274129092310913e+00
7.5274129092310913e+00
7.5274129092310922e+00
7.5274129092310922e+00
7.5274129092310851e+00
7.5274129092310851e+00
7.5274129092310851e+00
7.5274129092310851e+00
7.5274129092310851e+00
4.4536156949510124e+00
-4.9431701400349075e+00
-4.9431701400349075e+00
-4.9431701400349075e+00
-4.9431701400349075e+00
-4.9431701400349075e+00
-4.9431701400349075e+00
-4.9431701400349075e+00
-4.9431701400349075e+00
-4.9431701400349075e+00
-4.9431701400349075e+00
-4.9431701400349075e+00
-4.9431701400349075e+00
-4.9431701400349075e+00
-4.9431701400349075e+00
-4.9431701400349075e+00
-4.9431701400349075e+00
-4.9431701400349075e+00
-4.9431701400349075e+00
-4.9431701400349075e+00
-4.9431701400349075e+00
3.4455825799833373e+00
3.4455825799833373e+00
3.4455825799833386e+00
3.4455825799833386e+00
3.4455825799833386e+00
3.4455825799833373e+00
3.4455825799833373e+00
3.4455825799833373e+00
3.4455825799833373e+00
3.4455825799833355e+00
3.4455825799833337e+00
3.4455825799833346e+00
3.4455825799833342e+00
3.4455825799833342e+00
3.4455825799833342e+00
3.4455825799833342e+00
3.4455825799833342e+00
3.4455825799833342e+00
3.4455825799833342e+00
3.4455825799833342e+00
-2.1538413661701821e+00
-2.1538413661701821e+00
-2.1538413661701821e+00
-2.1538413661701821e+00
-2.1538413661701821e+00
-2.1538413661701821e+00
-2.1538413661701821e+00
-2.1538413661701821e+00
-2.1538413661701821e+00
-2.1538413661701821e+00
-2.1538413661701821e+00
-2.1538413661701821e+00
-2.1538413661701821e+00
-2.1538413661701821e+00
-2.1538413661701821e+00
-2.1538413661701821e+00
-2.1538413661701821e+00
-2.1538413661701821e+00
-2.1538413661701821e+00
-2.1538413661701821e+00
1.5922470410759568e+00
1.5922470410759573e+00
1.5922470410759573e+00
1.5922470410759570e+00
1.5922470410759570e+00
1.5922470410759553e+00
1.5922470410759553e+00
1.5922470410759548e+00
1.5922470410759553e+00
1.5922470410759548e+00
1.5922470410759548e+00
1.5922470410759548e+00
1.5922470410759548e+00
1.5922470410759548e+00
1.5922470410759548e+00
1.5922470410759548e+00
1.5922470410759537e+00
1.5922470410759537e+00
1.5922470410759537e+00
1.5922470410759526e+00
-9.8195459002349716e-01
-9.8195459002349716e-01
-9.8195459002349716e-01
-9.8195459002349716e-01
-9.8195459002349716e-01
-9.8195459002349716e-01
-9.8195459002349716e-01
-9.8195459002349716e-01
-9.8195459002349716e-01
-9.8195459002349716e-01
-9.8195459002349716e-01
-9.8195459002349716e-01
-9.8195459002349716e-01
-9.8195459002349716e-01
-9.8195459002349716e-01
-9.8195459002349716e-01
-9.8195459002349716e-01
-9.8195459002349716e-01
-9.8195459002349716e-01
-9.8195459002349716e-01
7.8110980614618675e-01
7.8110980614618675e-01
7.8110980614618664e-01
7.8110980614618630e-01
7.8110980614618630e-01
7.8110980614618630e-01
7.8110980614618630e-01
7.8110980614618630e-01
7.8110980614618541e-01
7.8110980614618541e-01
7.8110980614618541e-01
