0.0000000000000000e+00
1.4203004661689626e-04
2.8409756097322672e-04
4.2614489501775700e-04
5.6817205448289501e-04
7.1017904509875450e-04
8.5229268292083343e-04
9.9438612732607383e-04
1.8349982691768963e-03
2.7583914986183270e-03
3.7000055415575741e-03
3.5579549115764644e-03
3.4158841003469284e-03
3.2737931021339746e-03
3.1318085699581655e-03
2.9898038753117455e-03
2.8477790124678921e-03
2.7056622285020343e-03
2.5636134480117347e-03
2.4215444867985137e-03
2.2795158870361145e-03
2.1374671122848942e-03
1.9953981568130471e-03
1.8533695455718821e-03
1.7113207593387517e-03
1.5419862873401675e-03
8.4467763088111195e-04
-5.8031050063242905e-07
-9.1533759967105349e-04
-1.8538559743709799e-03
-2.7988189338100803e-03
-2.6567699418382647e-03
-2.5147411249164427e-03
-2.3727324773149643e-03
-2.2307439933057522e-03
-2.0885748200637341e-03
-1.9465260395574572e-03
-1.8044974340411422e-03
-1.6624284785788203e-03
-1.5203797038360945e-03
-1.3783309176010757e-03
-1.2363023063582696e-03
-1.0942333566279366e-03
-9.5218458761670889e-04
-8.1015599359230642e-04
-6.6814756882529775e-04
-5.2603823468265086e-04
-2.2264054409647650e-04
5.0302579295679088e-04
1.3570015619624738e-03
2.2719166720152691e-03
2.1298585125225518e-03
1.9877801696416737e-03
1.8457609514190144e-03
1.7037215608722816e-03
1.5616633904369313e-03
1.4195850366095263e-03
1.2775658294672297e-03
1.1355170489673147e-03
9.9344808774441034e-04
8.5141948798615676e-04
7.0937071324059372e-04
5.6730175777313220e-04
4.2527314652360184e-04
2.8322436028181312e-04
1.4115539331587047e-04
-9.3376010978147269e-07
-1.4304310573206628e-04
-3.7430769357295573e-04
-1.1140848493885640e-03
-1.9728783255030672e-03
-1.8308295471017567e-03
-1.6888009436906747e-03
-1.5467925095389834e-03
-1.4048042389197433e-03
-1.2626344253145213e-03
-1.1205856448095273e-03
-9.7855703929417416e-04
-8.3648808382982072e-04
-6.9443930908684535e-04
-5.5239052285186525e-04
-4.1036191160933921e-04
-2.6829296187909395e-04
-1.2624419286800942e-04
1.5784401156311471e-05
1.5779282592408612e-04
2.9990216006545980e-04
4.4199130201328523e-04
5.8406025750634249e-04
9.6686343898927060e-04
1.7858652891581661e-03
1.6438191911796983e-03
1.5017529132405776e-03
1.3596664496055750e-03
1.2176728495925588e-03
1.0756590845327238e-03
9.3357528862209678e-04
7.9152650812875942e-04
6.4945754691227956e-04
5.0742894714866232e-04
3.6538017239705188e-04
2.2333138617486320e-04
8.1262419228946597e-05
-6.0766174802933983e-05
-2.0281494382080179e-04
-3.4488389355829434e-04
-4.8697302975052076e-04
-6.2908235813479698e-04
-7.7101007726336989e-04
-9.1295794272866558e-04
-1.6716342229663767e-03
-1.5295854503164046e-03
-1.3875568526538755e-03
-1.2455484242492637e-03
-1.1034391089780832e-03
-9.6134998589466670e-04
-8.1928104926282661e-04
-6.7723229334591228e-04
-5.3520371241235463e-04
-3.9319530073198992e-04
-2.5114642604356387e-04
-1.0909764555385790e-04
3.2930959945291088e-05
1.7499991541962222e-04
3.1704869017372373e-04
4.5907728993914589e-04
6.0108572044572305e-04
7.4307398742105108e-04
8.8524381783764751e-04
1.0273934388670464e-03
1.5834600993690599e-03
1.4414269296340679e-03
1.2993735836121859e-03
1.1573293685955711e-03
1.0152649741535344e-03
8.7323180760711934e-04
7.3117846477344561e-04
5.8913424664350396e-04
4.4708546613951312e-04
3.0501650491305589e-04
1.6298790515957285e-04
2.0939130417685417e-05
-1.2112982504574243e-04
-2.6315843630355111e-04
-4.0520722255360400e-04
-5.4727618952759378e-04
-6.8936534296132367e-04
-8.3147468859116782e-04
-9.7340233876363103e-04
-1.1153501352533784e-03
-1.5375042209563737e-03
-1.3954608981915446e-03
-1.2534377488672129e-03
-1.1114347672534807e-03
-9.6945194762350579e-04
-8.2726577634334583e-04
-6.8509981909625468e-04
-5.4316821536704908e-04
-4.0111943485327776e-04
-2.5909082932946455e-04
-1.1702187386247186e-04
2.5026900883777293e-05
1.6705550064023784e-04
3.0912446760039843e-04
4.5117325383726552e-04
5.9320186508129730e-04
7.3521030706372311e-04
8.7719858551156711e-04
1.0193683700186790e-03
1.1615179451514874e-03
1.4963403109067241e-03
1.3542931077662314e-03
1.2122257243511203e-03
1.0701381549267598e-03
9.2814676625465426e-04
7.8613521316542464e-04
6.4410348993011821e-04
5.0200042479832147e-04
3.5995164430803147e-04
2.1788268309629077e-04
7.5854083331322822e-05
-6.6194691421685880e-05
-2.0826364689640334e-04
-3.5029225813218418e-04
-4.9234104435996187e-04
-6.3441001131173613e-04
-7.7649916472304309e-04
-9.1860851033063161e-04
-1.0605361605924414e-03
-1.2024839571716556e-03
-1.4775539639955864e-03
-1.3355056523509782e-03
-1.1934775155636225e-03
-1.0514695479033965e-03
-9.0935931092938932e-04
-7.6726926640601400e-04
-6.2519940859467101e-04
-4.8314973176100649e-04
-3.4112023017293116e-04
-1.9911089809964311e-04
-5.7066627993457291e-05
