0.0000000000000000e+00
-1.7042857859776331e-03
1.1141406179547981e-10
-1.7052998924313452e-03
-6.8196322831234188e-03
-1.5342443760857879e-02
2.1324090597547691e-09
1.1932308653767055e-02
4.0884309117073035e-06
2.8594764885430574e-02
2.0395117007542189e-03
7.0011259328755553e-08
-5.4486599873974561e-03
-1.4307231586802834e-02
2.1856541555226923e-09
1.0899130339094093e-02
1.8389599873365026e-02
9.5318007285327216e-10
1.0353988332080135e-09
-3.4094461353923341e-03
5.3057250796979590e-10
5.5301285945322710e-07
-3.4083414517839493e-03
2.8670918204923482e-10
-5.5209679492615365e-07
-1.3771116107575959e-05
-6.7618511375039497e-05
-6.0707077422133713e-05
-3.0488380247517353e-02
-4.4329515585898914e-03
-6.6408157201920648e-04
6.5903726015015649e-08
-2.7446098302376376e-03
-8.8975557678521167e-03
-1.8458219086389737e-02
3.5175125609917490e-09
5.3683392185206523e-10
-3.4088966040460439e-03
-5.5975789085704261e-10
-5.5119990729494841e-07
-8.5105769094804887e-10
-3.4083446010508716e-03
-3.8935489911065151e-10
-1.1033597210182004e-06
-3.4110998085065533e-03
-1.0229437099967169e-02
9.3702456431968334e-10
6.0337283939376606e-03
2.3212483390327582e-02
2.3997634786592947e-05
2.0165565128164368e-02
6.9157805197262668e-08
-2.3572870745830487e-02
-6.7212624603060248e-11
2.0161970449220596e-02
-3.1847933560969402e-09
-2.3569422109825391e-02
4.0257769833933376e-12
-1.1940417916779078e-09
-3.4094498682974922e-03
-4.7981872337755731e-10
5.5514849765117303e-07
-3.4083365284658606e-03
-4.0855012732106512e-10
-5.5878132971790149e-07
-3.4105648703437611e-03
-1.0230572553969227e-02
-2.0461135693546895e-02
-5.5254876713411213e-04
-4.6115794272633355e-02
-1.9670737052652980e-05
6.5300523958320041e-08
-3.3890902111489421e-03
-1.0186584146783802e-02
-2.0391863719719783e-02
3.2651954038698984e-09
-2.2306063319686056e-11
-3.4088972489495586e-03
-6.7918521441506687e-10
-5.5138634425676283e-07
-9.6570252298626319e-10
-3.4083449656864672e-03
-6.6370694868236439e-10
-1.1033444908177016e-06
-3.4110996338839812e-03
-1.0229436427992750e-02
7.3985905890780170e-10
6.8188824638749732e-03
1.0227763597761400e-02
8.5815448772288260e-03
5.7294603984776003e-03
6.7584062348793561e-08
-9.1379465043450476e-03
-2.1685136084830949e-02
1.7492331349836532e-09
1.8275699720770842e-02
-3.4399714194940717e-10
1.3169823415539071e-10
-3.4094472636705679e-03
-5.5783463096575340e-10
5.5250985541628320e-07
-9.6495472836457981e-10
-3.4100022310587516e-03
-6.5635812104759736e-10
1.1073031787987712e-06
-3.4072315214295741e-03
-1.0225571500241204e-02
-2.0454466549552436e-02
3.5176943577719552e-09
1.7048345800272945e-02
-1.3317163483236170e-05
6.1963958199142956e-08
-3.3954510627143496e-03
-1.0199302987045397e-02
8.8885750999312307e-10
6.7887469812118201e-03
1.0167488927444476e-02
1.0136781160230509e-02
6.6971766541193143e-03
-1.5077130369674430e-04
-2.0160147156130133e-10
-5.1498977450454500e-10
-3.4088952135546760e-03
-4.1665736116752869e-10
-5.5254908508576481e-07
-3.4099986365918183e-03
-1.0227785673745117e-02
-2.0453360386666564e-02
3.9378051488101224e-09
1.7041153316923671e-02
2.0608909077768838e-02
5.5499966506214825e-08
-2.4014988836095118e-02
-3.0523757115199405e-09
2.0602828681116857e-02
-6.0415593922942259e-09
-2.4009032470558998e-02
-3.3469087315778821e-09
-1.9341850294723509e-09
-3.4094476595238261e-03
-1.0650517658953585e-10
5.5372784182010267e-07
-3.4083399975697753e-03
-7.0272451168359398e-11
-5.5462033312211210e-07
-3.4105566575669960e-03
-1.0230560159636293e-02
-2.0461119426901857e-02
3.6866238250255167e-09
1.7055001585379297e-02
-6.7908449210675823e-03
4.5241171268300227e-08
3.3831298042959206e-03
3.3589621750276244e-03
-7.1904818481571060e-05
-2.4656573319113342e-09
-3.3435823783112177e-03
-7.4100739008789905e-09
-1.9635210562621388e-09
-3.4088906894766853e-03
-8.5228547854526565e-11
-5.5679676661689931e-07
-3.4100075519667887e-03
-3.1790624131448945e-10
5.5954058898959998e-07
-3.4077752259800429e-03
-1.0224450979149473e-02
-2.0448915232940887e-02
3.3694096362195107e-09
1.7036708683514548e-02
1.8220508667940508e-03
4.0830648814205918e-08
-5.2311192803235962e-03
-1.3871983169318121e-02
1.4139840770394661e-09
1.0463604516741968e-02
1.7518272762205012e-02
-2.3605526146159608e-11
5.0601349860874267e-10
-3.4094462224051611e-03
-3.1852157045345534e-11
5.5252057980856665e-07
-3.4083422222795255e-03
1.1672795525159542e-10
-5.5200330467019501e-07
-3.4105518113680829e-03
-1.0230552983537805e-02
-2.0461109716655337e-02
3.9885331183151215e-09
1.7054991976574937e-02
-5.2740480526906614e-04
3.5772737872235993e-08
-2.8813310244729801e-03
-9.1709520036620563e-03
1.6442660820205446e-09
5.7602277745440371e-03
8.1102808245326272e-03
7.0507141502380499e-03
2.5820812575663155e-03
-5.2950646551161379e-03
4.4604994136268113e-10
