0.0000000000000000e+00
0.0000000000000000e+00
0.0000000000000000e+00
0.0000000000000000e+00
0.0000000000000000e+00
0.0000000000000000e+00
0.0000000000000000e+00
-5.3210410023958339e+00
-2.1286726767228050e+01
-3.7210889430045100e+01
-5.3101788085657205e+01
-5.3101788085657205e+01
-5.3101788085657205e+01
-5.3101788085657205e+01
-5.3101788085657205e+01
-5.3101788085657205e+01
-5.3101788085657205e+01
-5.3101788085657205e+01
-5.3101788085657205e+01
-5.3101788085657205e+01
-5.3101788085657205e+01
-5.3101788085657205e+01
-5.3101788085657205e+01
-5.3101788085657205e+01
-5.3101788085657205e+01
-4.8119166365178131e+01
-3.2046707637857928e+01
-1.6014938930072077e+01
-1.4910598586958639e-02
1.5952926794757079e+01
3.1888117016869185e+01
3.1888117016869192e+01
3.1888117016869192e+01
3.1888117016869192e+01
3.1888117016869192e+01
3.1888117016869192e+01
3.1888117016869177e+01
3.1888117016869177e+01
3.1888117016869185e+01
3.1888117016869199e+01
3.1888117016869192e+01
3.1888117016869192e+01
3.1888117016869192e+01
3.1888117016869192e+01
3.1888117016869192e+01
3.1888117016869206e+01
3.1888117016869181e+01
2.8859146728713036e+01
1.2830885504248961e+01
-3.1627745553232582e+00
-1.9124156552807321e+01
-1.9124156552807321e+01
-1.9124156552807321e+01
-1.9124156552807321e+01
-1.9124156552807321e+01
-1.9124156552807321e+01
-1.9124156552807321e+01
-1.9124156552807321e+01
-1.9124156552807321e+01
-1.9124156552807321e+01
-1.9124156552807321e+01
-1.9124156552807321e+01
-1.9124156552807321e+01
-1.9124156552807321e+01
-1.9124156552807321e+01
-1.9124156552807321e+01
-1.9124156552807321e+01
-1.9124156552807321e+01
-1.9124156552807321e+01
-4.5172791426362942e+00
1.1458752220759809e+01
1.1458752220759809e+01
1.1458752220759814e+01
1.1458752220759814e+01
1.1458752220759814e+01
1.1458752220759818e+01
1.1458752220759816e+01
1.1458752220759816e+01
1.1458752220759809e+01
1.1458752220759813e+01
1.1458752220759806e+01
1.1458752220759804e+01
1.1458752220759804e+01
1.1458752220759804e+01
1.1458752220759804e+01
1.1458752220759807e+01
1.1458752220759807e+01
1.1458752220759807e+01
1.1458752220759806e+01
9.1228417608010197e+00
-6.8650438250793897e+00
-6.8650438250793897e+00
-6.8650438250793897e+00
-6.8650438250793897e+00
-6.8650438250793897e+00
-6.8650438250793897e+00
-6.8650438250793897e+00
-6.8650438250793897e+00
-6.8650438250793897e+00
-6.8650438250793897e+00
-6.8650438250793897e+00
-6.8650438250793897e+00
-6.8650438250793897e+00
-6.8650438250793897e+00
-6.8650438250793897e+00
-6.8650438250793897e+00
-6.8650438250793897e+00
-6.8650438250793897e+00
-6.8650438250793897e+00
-6.8650438250793897e+00
4.1133672974333777e+00
4.1133672974333777e+00
4.1133672974333768e+00
4.1133672974333777e+00
4.1133672974333777e+00
4.1133672974333795e+00
4.1133672974333795e+00
4.1133672974333768e+00
4.1133672974333733e+00
4.1133672974333741e+00
4.1133672974333750e+00
4.1133672974333750e+00
4.1133672974333750e+00
4.1133672974333750e+00
4.1133672974333750e+00
4.1133672974333759e+00
4.1133672974333741e+00
4.1133672974333741e+00
4.1133672974333724e+00
4.1133672974333724e+00
-2.4527357030851551e+00
-2.4527357030851551e+00
-2.4527357030851551e+00
-2.4527357030851551e+00
-2.4527357030851551e+00
-2.4527357030851551e+00
-2.4527357030851551e+00
-2.4527357030851551e+00
-2.4527357030851551e+00
-2.4527357030851551e+00
-2.4527357030851551e+00
-2.4527357030851551e+00
-2.4527357030851551e+00
-2.4527357030851551e+00
-2.4527357030851551e+00
-2.4527357030851551e+00
-2.4527357030851551e+00
-2.4527357030851551e+00
-2.4527357030851551e+00
-2.4527357030851551e+00
1.4781439390239111e+00
1.4781439390239108e+00
1.4781439390239108e+00
1.4781439390239108e+00
1.4781439390239108e+00
1.4781439390239099e+00
1.4781439390239102e+00
1.4781439390239104e+00
1.4781439390239104e+00
1.4781439390239104e+00
1.4781439390239104e+00
1.4781439390239104e+00
1.4781439390239104e+00
1.4781439390239097e+00
1.4781439390239097e+00
1.4781439390239093e+00
1.4781439390239084e+00
1.4781439390239084e+00
1.4781439390239091e+00
1.4781439390239091e+00
-8.9093537945272316e-01
-8.9093537945272316e-01
-8.9093537945272316e-01
-8.9093537945272316e-01
-8.9093537945272316e-01
-8.9093537945272316e-01
-8.9093537945272316e-01
-8.9093537945272316e-01
-8.9093537945272316e-01
-8.9093537945272316e-01
-8.9093537945272316e-01
-8.9093537945272316e-01
-8.9093537945272316e-01
-8.9093537945272316e-01
-8.9093537945272316e-01
-8.9093537945272316e-01
-8.9093537945272316e-01
-8.9093537945272316e-01
-8.9093537945272316e-01
-8.9093537945272316e-01
5.3539887897084726e-01
5.3539887897084726e-01
5.3539887897084726e-01
5.3539887897084726e-01
5.3539887897084726e-01
5.3539887897084726e-01
5.3539887897084726e-01
5.3539887897084748e-01
5.3539887897084748e-01
5.3539887897084748e-01
5.3539887897084737e-01
