0.0000000000000000e+00
0.0000000000000000e+00
0.0000000000000000e+00
0.0000000000000000e+00
0.0000000000000000e+00
0.0000000000000000e+00
0.0000000000000000e+00
2.6605205011970390e+00
1.0643363383611561e+01
1.8605444715018848e+01
2.6550894042822332e+01
2.6550894042822307e+01
2.6550894042822264e+01
2.6550894042822243e+01
2.6550894042822311e+01
2.6550894042822296e+01
2.6550894042822335e+01
2.6550894042822325e+01
2.6550894042822357e+01
2.6550894042822328e+01
2.6550894042822314e+01
2.6550894042822296e+01
2.6550894042822286e+01
2.6550894042822243e+01
2.6550894042822268e+01
2.4059583182582699e+01
1.6023353818917592e+01
8.0074694650201597e+00
7.4552992757454814e-03
-7.9764633973969588e+00
-1.5944058508455496e+01
-1.5944058508455479e+01
-1.5944058508455488e+01
-1.5944058508455480e+01
-1.5944058508455495e+01
-1.5944058508455475e+01
-1.5944058508455505e+01
-1.5944058508455521e+01
-1.5944058508455539e+01
-1.5944058508455532e+01
-1.5944058508455495e+01
-1.5944058508455484e+01
-1.5944058508455475e+01
-1.5944058508455468e+01
-1.5944058508455454e+01
-1.5944058508455447e+01
-1.5944058508455473e+01
-1.4429573364376745e+01
-6.4154427521421207e+00
1.5813872776458313e+00
9.5620782763912597e+00
9.5620782763912420e+00
9.5620782763912455e+00
9.5620782763912331e+00
9.5620782763912562e+00
9.5620782763912473e+00
9.5620782763912473e+00
9.5620782763912544e+00
9.5620782763912544e+00
9.5620782763912633e+00
9.5620782763912580e+00
9.5620782763912775e+00
9.5620782763912651e+00
9.5620782763912775e+00
9.5620782763912686e+00
9.5620782763912793e+00
9.5620782763912828e+00
9.5620782763912882e+00
9.5620782763912864e+00
2.2586395713151597e+00
-5.7293761103783556e+00
-5.7293761103783485e+00
-5.7293761103783609e+00
-5.7293761103783742e+00
-5.7293761103783689e+00
-5.7293761103783609e+00
-5.7293761103783538e+00
-5.7293761103783538e+00
-5.7293761103783591e+00
-5.7293761103783583e+00
-5.7293761103783547e+00
-5.7293761103783503e+00
-5.7293761103783485e+00
-5.7293761103783547e+00
-5.7293761103783556e+00
-5.7293761103783591e+00
-5.7293761103783467e+00
-5.7293761103783414e+00
-5.7293761103783387e+00
-4.5614208803966383e+00
3.4325219125509037e+00
3.4325219125509032e+00
3.4325219125509023e+00
3.4325219125508992e+00
3.4325219125508961e+00
3.4325219125508948e+00
3.4325219125508912e+00
3.4325219125508890e+00
3.4325219125508832e+00
3.4325219125508841e+00
3.4325219125508868e+00
3.4325219125508859e+00
3.4325219125508779e+00
3.4325219125508761e+00
3.4325219125508801e+00
3.4325219125508775e+00
3.4325219125508730e+00
3.4325219125508721e+00
3.4325219125508744e+00
3.4325219125508726e+00
-2.0566836487008779e+00
-2.0566836487008771e+00
-2.0566836487008744e+00
-2.0566836487008735e+00
-2.0566836487008717e+00
-2.0566836487008695e+00
-2.0566836487008744e+00
-2.0566836487008811e+00
-2.0566836487008797e+00
-2.0566836487008766e+00
-2.0566836487008757e+00
-2.0566836487008748e+00
-2.0566836487008717e+00
-2.0566836487008708e+00
-2.0566836487008673e+00
-2.0566836487008677e+00
-2.0566836487008713e+00
-2.0566836487008708e+00
-2.0566836487008686e+00
-2.0566836487008677e+00
1.2263678515539425e+00
1.2263678515539433e+00
1.2263678515539438e+00
1.2263678515539445e+00
1.2263678515539427e+00
1.2263678515539440e+00
1.2263678515539445e+00
1.2263678515539431e+00
1.2263678515539445e+00
1.2263678515539442e+00
1.2263678515539436e+00
1.2263678515539431e+00
1.2263678515539418e+00
1.2263678515539418e+00
1.2263678515539409e+00
1.2263678515539405e+00
1.2263678515539400e+00
1.2263678515539413e+00
1.2263678515539418e+00
1.2263678515539427e+00
-7.3907196950029563e-01
-7.3907196950029586e-01
-7.3907196950029574e-01
-7.3907196950029663e-01
-7.3907196950029619e-01
-7.3907196950029586e-01
-7.3907196950029730e-01
-7.3907196950029475e-01
-7.3907196950029475e-01
-7.3907196950029386e-01
-7.3907196950029452e-01
-7.3907196950029364e-01
-7.3907196950029230e-01
-7.3907196950029275e-01
-7.3907196950029208e-01
-7.3907196950029164e-01
-7.3907196950029219e-01
-7.3907196950029219e-01
-7.3907196950029108e-01
-7.3907196950029030e-01
4.4546768973982953e-01
4.4546768973982914e-01
4.4546768973982825e-01
4.4546768973982809e-01
4.4546768973982742e-01
4.4546768973982698e-01
4.4546768973982720e-01
4.4546768973982714e-01
4.4546768973982664e-01
4.4546768973982664e-01
4.4546768973982659e-01
4.4546768973982637e-01
4.4546768973982626e-01
4.4546768973982587e-01
4.4546768973982676e-01
4.4546768973982770e-01
4.4546768973982753e-01
4.4546768973982781e-01
4.4546768973982770e-01
4.4546768973982676e-01
-2.6769943947197700e-01
-2.6769943947197672e-01
-2.6769943947197650e-01
-2.6769943947197650e-01
-2.6769943947197694e-01
-2.6769943947197700e-01
-2.6769943947197722e-01
-2.6769943947197694e-01
-2.6769943947197650e-01
-2.6769943947197672e-01
-2.6769943947197694e-01
