0.0000000000000000e+00
0.0000000000000000e+00
0.0000000000000000e+00
0.0000000000000000e+00
0.0000000000000000e+00
0.0000000000000000e+00
0.0000000000000000e+00
2.6605205011987945e+00
1.0643363383616467e+01
1.8605444715026174e+01
2.6550894042834852e+01
2.6550894042834827e+01
2.6550894042834781e+01
2.6550894042834759e+01
2.6550894042834830e+01
2.6550894042834859e+01
2.6550894042834916e+01
2.6550894042834901e+01
2.6550894042834944e+01
2.6550894042834919e+01
2.6550894042834905e+01
2.6550894042834898e+01
2.6550894042834869e+01
2.6550894042834823e+01
2.6550894042834845e+01
2.4059583182595265e+01
1.6023353818940176e+01
8.0074694650517593e+00
7.4552993110680414e-03
-7.9764633973602379e+00
-1.5944058508413805e+01
-1.5944058508413793e+01
-1.5944058508413805e+01
-1.5944058508413807e+01
-1.5944058508413804e+01
-1.5944058508413789e+01
-1.5944058508413821e+01
-1.5944058508413825e+01
-1.5944058508413827e+01
-1.5944058508413827e+01
-1.5944058508413793e+01
-1.5944058508413775e+01
-1.5944058508413779e+01
-1.5944058508413775e+01
-1.5944058508413743e+01
-1.5944058508413750e+01
-1.5944058508413777e+01
-1.4429573364336367e+01
-6.4154427521068991e+00
1.5813872776773854e+00
9.5620782764160239e+00
9.5620782764160079e+00
9.5620782764160062e+00
9.5620782764160097e+00
9.5620782764160310e+00
9.5620782764160079e+00
9.5620782764160097e+00
9.5620782764160204e+00
9.5620782764160204e+00
9.5620782764160239e+00
9.5620782764160239e+00
9.5620782764160417e+00
9.5620782764160328e+00
9.5620782764160364e+00
9.5620782764160293e+00
9.5620782764160399e+00
9.5620782764160435e+00
9.5620782764160435e+00
9.5620782764160364e+00
2.2586395713211118e+00
-5.7293761103814695e+00
-5.7293761103814642e+00
-5.7293761103814678e+00
-5.7293761103814793e+00
-5.7293761103814793e+00
-5.7293761103814695e+00
-5.7293761103814660e+00
-5.7293761103814704e+00
-5.7293761103814749e+00
-5.7293761103814766e+00
-5.7293761103814766e+00
-5.7293761103814731e+00
-5.7293761103814704e+00
-5.7293761103814784e+00
-5.7293761103814802e+00
-5.7293761103814838e+00
-5.7293761103814713e+00
-5.7293761103814607e+00
-5.7293761103814580e+00
-4.5614208804043628e+00
3.4325219125284909e+00
3.4325219125284909e+00
3.4325219125284878e+00
3.4325219125284834e+00
3.4325219125284785e+00
3.4325219125284834e+00
3.4325219125284798e+00
3.4325219125284736e+00
3.4325219125284665e+00
3.4325219125284678e+00
3.4325219125284687e+00
3.4325219125284674e+00
3.4325219125284607e+00
3.4325219125284607e+00
3.4325219125284643e+00
3.4325219125284638e+00
3.4325219125284594e+00
3.4325219125284567e+00
3.4325219125284585e+00
3.4325219125284576e+00
-2.0566836487325868e+00
-2.0566836487325850e+00
-2.0566836487325850e+00
-2.0566836487325828e+00
-2.0566836487325824e+00
-2.0566836487325797e+00
-2.0566836487325846e+00
-2.0566836487325886e+00
-2.0566836487325859e+00
-2.0566836487325841e+00
-2.0566836487325828e+00
-2.0566836487325824e+00
-2.0566836487325784e+00
-2.0566836487325775e+00
-2.0566836487325748e+00
-2.0566836487325744e+00
-2.0566836487325775e+00
-2.0566836487325779e+00
-2.0566836487325753e+00
-2.0566836487325744e+00
1.2263678515311354e+00
1.2263678515311354e+00
1.2263678515311354e+00
1.2263678515311354e+00
1.2263678515311329e+00
1.2263678515311371e+00
1.2263678515311369e+00
1.2263678515311347e+00
1.2263678515311356e+00
1.2263678515311351e+00
1.2263678515311347e+00
1.2263678515311347e+00
1.2263678515311338e+00
1.2263678515311338e+00
1.2263678515311334e+00
1.2263678515311323e+00
1.2263678515311323e+00
1.2263678515311334e+00
1.2263678515311356e+00
1.2263678515311360e+00
-7.3907196952369558e-01
-7.3907196952369558e-01
-7.3907196952369481e-01
-7.3907196952369536e-01
-7.3907196952369525e-01
-7.3907196952369492e-01
-7.3907196952369603e-01
-7.3907196952369414e-01
-7.3907196952369403e-01
-7.3907196952369314e-01
-7.3907196952369347e-01
-7.3907196952369303e-01
-7.3907196952369181e-01
-7.3907196952369225e-01
-7.3907196952369181e-01
-7.3907196952369103e-01
-7.3907196952369192e-01
-7.3907196952369170e-01
-7.3907196952369159e-01
-7.3907196952369048e-01
4.4546768971281964e-01
4.4546768971281914e-01
4.4546768971281875e-01
4.4546768971281803e-01
4.4546768971281797e-01
4.4546768971281769e-01
4.4546768971281780e-01
4.4546768971281764e-01
4.4546768971281747e-01
4.4546768971281708e-01
4.4546768971281708e-01
4.4546768971281653e-01
4.4546768971281686e-01
4.4546768971281669e-01
4.4546768971281764e-01
4.4546768971281830e-01
4.4546768971281825e-01
4.4546768971281947e-01
4.4546768971281919e-01
4.4546768971281858e-01
-2.6769943949895347e-01
-2.6769943949895336e-01
-2.6769943949895320e-01
-2.6769943949895325e-01
-2.6769943949895358e-01
-2.6769943949895375e-01
-2.6769943949895414e-01
-2.6769943949895414e-01
-2.6769943949895375e-01
-2.6769943949895408e-01
-2.6769943949895419e-01
