0.0000000000000000e+00
-1.4634146341497659e-04
-2.9270434578832378e-04
-4.3902439024689089e-04
-5.8536584739404839e-04
-7.3172872349713401e-04
-8.7811302482800209e-04
-1.3580254342769706e-03
-2.5157164879956017e-03
-3.6810157965754516e-03
-4.8546322574666038e-03
-4.7082908309066520e-03
-4.5619708170263938e-03
-4.4156722095601356e-03
-4.2692664393840203e-03
-4.1228821007189345e-03
-3.9765191872925048e-03
-3.8302420491317102e-03
-3.6839005857192395e-03
-3.5375591223003400e-03
-3.3912176588857487e-03
-3.2448761954706486e-03
-3.0985561447469767e-03
-2.9521932686452494e-03
-2.8058518114994955e-03
-2.3572871526080690e-03
-1.2260433558023871e-03
-8.7646234359906570e-05
1.0586876656077770e-03
2.2130697124421884e-03
3.3756135501515462e-03
3.2292721838368676e-03
3.0829093985926771e-03
2.9365251881471191e-03
2.7902477948959529e-03
2.6439490014386999e-03
2.4976288015120095e-03
2.3512234046620794e-03
2.2048819412449987e-03
2.0585404778350946e-03
1.9121990144210011e-03
1.7658575510061053e-03
1.6194946686329029e-03
1.4731746241739931e-03
1.3268331670263092e-03
1.1804702909220569e-03
1.0340859895902968e-03
7.0186485510296626e-04
-4.3828600596221355e-04
-1.5862110623728134e-03
-2.7422068909771853e-03
-2.5958654627639584e-03
-2.4495454472302264e-03
-2.3032468381107797e-03
-2.1568410713281409e-03
-2.0104567360562488e-03
-1.8640938260212558e-03
-1.7178166810755320e-03
-1.5714752176630934e-03
-1.4251337542431251e-03
-1.2787922908282911e-03
-1.1324508274134807e-03
-9.8613077668895620e-04
-8.3976790058671908e-04
-6.9342644344081697e-04
-5.4710639898304268e-04
-4.0080776094919356e-04
-2.5440204693735362e-04
-1.0801776442066624e-04
9.4864046100646764e-04
2.1006767137056732e-03
1.9543450335827986e-03
1.8079919373649438e-03
1.6616174187847549e-03
1.5153206445928679e-03
1.3690024645229035e-03
1.2226628723108152e-03
1.0763018616875980e-03
9.2991942638318914e-04
7.8361332751668484e-04
6.3727186411084648e-04
4.9093040069614737e-04
3.4456751832360967e-04
1.9824747386490619e-04
5.1906016717184922e-05
-9.4456859387235696e-05
-2.4084116071914017e-04
-3.8711837980333694e-04
-5.3341699904268537e-04
-8.2496043327033423e-04
-1.9748581854489838e-03
-1.8285167314112843e-03
-1.6821966900611193e-03
-1.5358980551336801e-03
-1.3894923400068243e-03
-1.2431080563741353e-03
-1.0967451979642770e-03
-9.5046794975319404e-04
-8.0412648634154826e-04
-6.5778502292190844e-04
-5.1144355950684655e-04
-3.6510209609207691e-04
-2.1878204536810911e-04
-7.2419169265437196e-05
7.3922287880957450e-05
2.2024233233849868e-04
3.6654097037256225e-04
5.1294668438395296e-04
6.5933096690023725e-04
8.0569382419391636e-04
1.6398902972747677e-03
1.4935488454939395e-03
1.3471859747584325e-03
1.2008016787970173e-03
1.0545244564309007e-03
9.0822583390933723e-04
7.6190580496839522e-04
6.1550006619602094e-04
4.6915860277894428e-04
3.2281713936860523e-04
1.7647567595394453e-04
3.0134212539105022e-05
-1.1622866983401108e-04
-2.6254871429244147e-04
-4.0889017144050889e-04
-5.5525304754499053e-04
-7.0163734887733139e-04
-8.4791456796138491e-04
-9.9421318720005264e-04
-1.1405332128566169e-03
-1.6978904156177636e-03
-1.5516089975332989e-03
-1.4053489745732542e-03
-1.2589260696236008e-03
-1.1125846061794409e-03
-9.6626455542551384e-04
-8.1996591109596774e-04
-6.7356021594832240e-04
-5.2721875252222843e-04
-3.8087728910661262e-04
-2.3453582569181171e-04
-8.8194362277237346e-05
5.8125688446536063e-05
2.0448856454852242e-04
3.5083002169389982e-04
4.9715006615076262e-04
6.4344870418477020e-04
7.8985441819775723e-04
9.3623870071452334e-04
1.0826015580097589e-03
1.4747219301827533e-03
1.3284445003958231e-03
1.1821456703925925e-03
1.0358254339108825e-03
8.8948378468429751e-04
7.4312071644446463e-04
5.9673718446048092e-04
4.5033222119972202e-04
3.0405425759947707e-04
1.5771279420912984e-04
1.1371330795479730e-05
-1.3497013261987232e-04
-2.8133301499257780e-04
-4.2765305945134625e-04
-5.7399451659911774e-04
-7.2035739270346504e-04
-8.6674169403493247e-04
-1.0130189131196282e-03
-1.1593175323591132e-03
-1.3056375580167345e-03
-1.6001854334413809e-03
-1.4538517934535194e-03
-1.3075395638660638e-03
-1.1612487384166110e-03
-1.0148274021413966e-03
-8.6842750193554235e-04
-7.2204903152247040e-04
-5.7580301188880120e-04
-4.2946154847572676e-04
-2.8312008504571677e-04
-1.3677862163102072e-04
9.5628417836231323e-06
1.5588289250829512e-04
3.0224576861048621e-04
4.4858722575580968e-04
5.9490727021299520e-04
7.4120590824765112e-04
8.8761162225949638e-04
1.0339959047760969e-03
1.1803587620702236e-03
1.4158033257128204e-03
1.2694702795046789e-03
1.1231158168016387e-03
9.7673993133465709e-04
8.3044589036836527e-04
6.8413044432406465e-04
5.3779358693841579e-04
3.9143531194160317e-04
2.4505561306456877e-04
9.8738573295147509e-05
-4.7602890112703999e-05
