0.0000000000000000e+00
4.3902439024113607e-05
8.7802950709303909e-05
1.3170731707518754e-04
1.7560975593118927e-04
2.1951026744867558e-04
2.6340885179541770e-04
4.7409006859645933e-04
1.0237119000080699e-03
1.5770932460225273e-03
2.1346331796706429e-03
2.0907307813420894e-03
2.0468264555082768e-03
2.0029202019994506e-03
1.9590234635964545e-03
1.9151247981856372e-03
1.8712242055974023e-03
1.8273161465174749e-03
1.7834137074954600e-03
1.7395112684674462e-03
1.6956088294428535e-03
1.6517063904182357e-03
1.6078020238847618e-03
1.5639015123713215e-03
1.5199990735184187e-03
1.3249483491264654e-03
7.8863142976538358e-04
2.4870114211797986e-04
-2.9519752013879735e-04
-8.4312025167108408e-04
-1.3951238786685926e-03
-1.3512214577446097e-03
-1.3073209641579035e-03
-1.2634223977400255e-03
-1.2195141413474135e-03
-1.1756078128056873e-03
-1.1317034119453658e-03
-1.0878068242807673e-03
-1.0439043852543172e-03
-1.0000019462333058e-03
-9.5609950720864875e-04
-9.1219706818441385e-04
-8.6829655649972961e-04
-8.2439219013405354e-04
-7.8048975127678654e-04
-7.3658923975960275e-04
-6.9269065541224914e-04
-5.5582433888529288e-04
-1.5003343591848388e-05
5.2969087774644506e-04
1.0784204977043470e-03
1.0345180972683614e-03
9.9061376932708684e-04
9.4670751371213238e-04
9.0281077956869756e-04
8.5891211841831506e-04
8.1501153009052294e-04
7.7110346249072820e-04
7.2720102346810367e-04
6.8329858444015886e-04
6.3939614541606642e-04
5.9549370639243402e-04
5.5158933985929013e-04
5.0768882834476697e-04
4.6378638949118415e-04
4.1988202312979333e-04
3.7597572908919848e-04
3.3207907225426278e-04
2.8818048841764793e-04
-2.1090560971051428e-04
-7.5765911763428127e-04
-7.1375788261539416e-04
-6.6985857483063292e-04
-6.2596119410919570e-04
-5.8205056619386759e-04
-5.3814186633579543e-04
-4.9423509436830125e-04
-4.5033025012039605e-04
-4.0642733342374782e-04
-3.6253837107331056e-04
-3.1863593205215714e-04
-2.7473349302740161e-04
-2.3083298134187093e-04
-1.8692861497684511e-04
-1.4302617611961865e-04
-9.9125664602250048e-05
-5.5227080255746986e-05
-1.1318858871921958e-05
3.2587434665005965e-05
1.4905712723601219e-04
6.9474615939155984e-04
6.5084373159543301e-04
6.0693937629132657e-04
5.6303309331013935e-04
5.1913641391210241e-04
4.7523780751055445e-04
4.3133727393812317e-04
3.8742909683364289e-04
3.4352665781094713e-04
2.9962421878252412e-04
2.5572177975878287e-04
2.1181934073501518e-04
1.6791497420129100e-04
1.2401446268730458e-04
8.0112023834260786e-05
3.6207657472070216e-05
-7.6986365672420266e-06
-5.1595293403059115e-05
-9.5493877240238501e-05
-1.3939438824757161e-04
-5.2726222617291419e-04
-4.8335978856858298e-04
-4.3945927830408551e-04
-3.9556069521028543e-04
-3.5165247211041157e-04
-3.0774617685842213e-04
-2.6384180928456873e-04
-2.1994515504409983e-04
-1.7604271601801051e-04
-1.3214027699753100e-04
-8.8237837973198361e-05
-4.4335398948610314e-05
-4.3488726386636681e-07
4.3469479101894598e-05
8.7371917959024753e-05
1.3127242947567091e-04
1.7517101382179980e-04
2.1907923520425240e-04
2.6298552873972537e-04
3.0688989459717306e-04
5.5619456709508615e-04
5.1238986465288881e-04
4.6858324327411646e-04
4.2458498600673225e-04
3.8068254699381279e-04
3.3677818047109318e-04
2.9287188627152047e-04
2.4897522993120143e-04
2.0507279089967257e-04
1.6117035187450035e-04
1.1726791285055483e-04
7.3365473826202110e-05
2.9461107292718094e-05
-1.4439404221373548e-05
-5.8341843074570269e-05
-1.0224620943662543e-04
-1.4615250347590504e-04
-1.9004916031212181e-04
-2.3394774414974717e-04
-2.7784825515768255e-04
-4.4470227057536111e-04
-4.0080761602408844e-04
-3.5691488812918863e-04
-3.1302408672120250e-04
-2.6913521163038817e-04
-2.2524826268836953e-04
-1.8129542149183838e-04
-1.3734451206296304e-04
-9.3490543447235781e-05
-4.9588104420750177e-05
-5.6856653947619477e-06
3.8216773628987337e-05
8.2117285313957857e-05
1.2602165167987318e-04
1.6992409053715170e-04
2.1382460205511775e-04
2.5772318640228717e-04
3.0163140778419922e-04
3.4553770131855307e-04
3.8944206717513177e-04
5.0740098619384303e-04
4.6351126261074028e-04
4.1961961263528385e-04
3.7572603609825991e-04
3.3180394496901659e-04
2.8787992460483161e-04
2.4395397483766801e-04
2.0009662788821473e-04
1.5619418886643881e-04
1.1229174984082874e-04
6.8389310816327698e-05
2.4486871791452338e-05
-1.9417494741180133e-05
-6.3318006254828828e-05
-1.0722044510770343e-04
-1.5112481146936912e-04
-1.9503110550937543e-04
-2.3892776234606935e-04
-2.8282634618399718e-04
-3.2672685719212539e-04
-4.1522192157611714e-04
-3.7132050557906957e-04
-3.2742101683199928e-04
-2.8352345516526528e-04
-2.3961318908229570e-04
-1.9570485102680466e-04
-1.5179844082824473e-04
-1.0789395831844407e-04
-6.3991403327825867e-05
-2.0100993964512331e-05
2.3801445057711348e-05
