0.0000000000000000e+00
4.3902439023827479e-05
8.7802950709171148e-05
1.3170731707541747e-04
1.7560975593188170e-04
2.1951026744898978e-04
2.6340885179599146e-04
4.7409006859670664e-04
1.0237119000085053e-03
1.5770932460231531e-03
2.1346331796717956e-03
2.0907307813432066e-03
2.0468264555096056e-03
2.0029202020010500e-03
1.9590234635979511e-03
1.9151247981873346e-03
1.8712242055986227e-03
1.8273161465185343e-03
1.7834137074958668e-03
1.7395112684678257e-03
1.6956088294430474e-03
1.6517063904187882e-03
1.6078020238856890e-03
1.5639015123724417e-03
1.5199990735185076e-03
1.3249483491268831e-03
7.8863142976669546e-04
2.4870114211942088e-04
-2.9519752013744784e-04
-8.4312025166978217e-04
-1.3951238786666944e-03
-1.3512214577424059e-03
-1.3073209641563789e-03
-1.2634223977384289e-03
-1.2195141413453106e-03
-1.1756078128037973e-03
-1.1317034119426800e-03
-1.0878068242793303e-03
-1.0439043852532362e-03
-1.0000019462323097e-03
-9.5609950720840805e-04
-9.1219706818431432e-04
-8.6829655649960894e-04
-8.2439219013311906e-04
-7.8048975127595766e-04
-7.3658923975855476e-04
-6.9269065541087600e-04
-5.5582433888467630e-04
-1.5003343591571075e-05
5.2969087774693599e-04
1.0784204977041653e-03
1.0345180972680470e-03
9.9061376932680321e-04
9.4670751371118066e-04
9.0281077956855759e-04
8.5891211841838575e-04
8.1501153009208875e-04
7.7110346248981682e-04
7.2720102346697090e-04
6.8329858443889695e-04
6.3939614541520297e-04
5.9549370639013595e-04
5.5158933985693427e-04
5.0768882834369079e-04
4.6378638949072721e-04
4.1988202312868522e-04
3.7597572908913462e-04
3.3207907225195430e-04
2.8818048841279970e-04
-2.1090560971273126e-04
-7.5765911763630862e-04
-7.1375788261746173e-04
-6.6985857483230194e-04
-6.2596119411144910e-04
-5.8205056619553097e-04
-5.3814186633746608e-04
-4.9423509436915842e-04
-4.5033025012022648e-04
-4.0642733342297521e-04
-3.6253837107579930e-04
-3.1863593205428694e-04
-2.7473349302962552e-04
-2.3083298134461358e-04
-1.8692861497899828e-04
-1.4302617612258828e-04
-9.9125664604709994e-05
-5.5227080257575601e-05
-1.1318858875406924e-05
3.2587434659650671e-05
1.4905712723230631e-04
6.9474615938823318e-04
6.5084373159184810e-04
6.0693937628743049e-04
5.6303309330602263e-04
5.1913641390786589e-04
4.7523780750781695e-04
4.3133727393531818e-04
3.8742909682909775e-04
3.4352665780595980e-04
2.9962421877857692e-04
2.5572177975442242e-04
2.1181934073006002e-04
1.6791497419662267e-04
1.2401446268296660e-04
8.0112023829619086e-05
3.6207657468133370e-05
-7.6986365712291767e-06
-5.1595293408589088e-05
-9.5493877246067362e-05
-1.3939438825519122e-04
-5.2726222617764597e-04
-4.8335978857419687e-04
-4.3945927830953596e-04
-3.9556069521591412e-04
-3.5165247211583735e-04
-3.0774617686240972e-04
-2.6384180928670651e-04
-2.1994515504802345e-04
-1.7604271602304891e-04
-1.3214027700165376e-04
-8.8237837977671982e-05
-4.4335398953610709e-05
-4.3488726842157003e-07
4.3469479097469095e-05
8.7371917954251485e-05
1.3127242947195690e-04
1.7517101381950376e-04
2.1907923520134479e-04
2.6298552873728332e-04
3.0688989459434340e-04
5.5619456709352208e-04
5.1238986465031860e-04
4.6858324327078964e-04
4.2458498600438479e-04
3.8068254699168776e-04
3.3677818046997938e-04
2.9287188626989932e-04
2.4897522992968306e-04
2.0507279089801650e-04
1.6117035187269638e-04
1.1726791284863411e-04
7.3365473824496443e-05
2.9461107290756311e-05
-1.4439404223534050e-05
-5.8341843076349892e-05
-1.0224620943855443e-04
-1.4615250347853974e-04
-1.9004916031471105e-04
-2.3394774415277209e-04
-2.7784825516050115e-04
-4.4470227057737485e-04
-4.0080761602597013e-04
-3.5691488813021125e-04
-3.1302408672155915e-04
-2.6913521163092426e-04
-2.2524826268816828e-04
-1.8129542149385421e-04
-1.3734451206703330e-04
-9.3490543448433052e-05
-4.9588104421912090e-05
-5.6856653966154049e-06
3.8216773627400234e-05
8.2117285311982211e-05
1.2602165167821313e-04
1.6992409053501032e-04
2.1382460205285651e-04
2.5772318639990860e-04
3.0163140778158884e-04
3.4553770131529288e-04
3.8944206717161478e-04
5.0740098619068074e-04
4.6351126260795253e-04
4.1961961263368741e-04
3.7572603609736853e-04
3.3180394496749958e-04
2.8787992460261984e-04
2.4395397483375282e-04
2.0009662788699549e-04
1.5619418886535057e-04
1.1229174984028475e-04
6.8389310815929145e-05
2.4486871791021940e-05
-1.9417494742371773e-05
-6.3318006256002883e-05
-1.0722044510859342e-04
-1.5112481147068387e-04
-1.9503110551104816e-04
-2.3892776234657630e-04
-2.8282634618414349e-04
-3.2672685719160400e-04
-4.1522192157608580e-04
-3.7132050557918959e-04
-3.2742101683311188e-04
-2.8352345516736088e-04
-2.3961318908405599e-04
-1.9570485102759098e-04
-1.5179844082808104e-04
-1.0789395831662323e-04
-6.3991403325478787e-05
-2.0100993965533545e-05
2.3801445056064676e-05
