0.0000000000000000e+00
0.0000000000000000e+00
0.0000000000000000e+00
0.0000000000000000e+00
0.0000000000000000e+00
0.0000000000000000e+00
0.0000000000000000e+00
3.3367474828542148e-04
1.3449847838398104e-03
2.3639426557058008e-03
3.3912176588843579e-03
3.3912176588843579e-03
3.3912176588843579e-03
3.3912176588843579e-03
3.3912176588843579e-03
3.3912176588843579e-03
3.3912176588843579e-03
3.3912176588843579e-03
3.3912176588843579e-03
3.3912176588843579e-03
3.3912176588843579e-03
3.3912176588843579e-03
3.3912176588843579e-03
3.3912176588843579e-03
3.3912176588843579e-03
3.6935393490973279e-03
4.6783431939935718e-03
5.6703989183298905e-03
6.6703913699939395e-03
7.6784319556208423e-03
8.6946343321883564e-03
8.6946343321883564e-03
8.6946343321883564e-03
8.6946343321883564e-03
8.6946343321883564e-03
8.6946343321883564e-03
8.6946343321883564e-03
8.6946343321883564e-03
8.6946343321883564e-03
8.6946343321883564e-03
8.6946343321883564e-03
8.6946343321883564e-03
8.6946343321883564e-03
8.6946343321883564e-03
8.6946343321883564e-03
8.6946343321883564e-03
8.6946343321883564e-03
8.8805908830810066e-03
9.8743876517640976e-03
1.0875971269976555e-02
1.1885625637436510e-02
1.1885625637436510e-02
1.1885625637436510e-02
1.1885625637436510e-02
1.1885625637436510e-02
1.1885625637436510e-02
1.1885625637436510e-02
1.1885625637436510e-02
1.1885625637436510e-02
1.1885625637436510e-02
1.1885625637436510e-02
1.1885625637436510e-02
1.1885625637436510e-02
1.1885625637436510e-02
1.1885625637436510e-02
1.1885625637436510e-02
1.1885625637436510e-02
1.1885625637436510e-02
1.1885625637436510e-02
1.2795985257744009e-02
1.3801689792374781e-02
1.3801689792374781e-02
1.3801689792374781e-02
1.3801689792374781e-02
1.3801689792374781e-02
1.3801689792374781e-02
1.3801689792374781e-02
1.3801689792374781e-02
1.3801689792374781e-02
1.3801689792374781e-02
1.3801689792374781e-02
1.3801689792374781e-02
1.3801689792374781e-02
1.3801689792374781e-02
1.3801689792374781e-02
1.3801689792374781e-02
1.3801689792374781e-02
1.3801689792374781e-02
1.3801689792374781e-02
1.3946856488125783e-02
1.4950405215991679e-02
1.4950405215991679e-02
1.4950405215991679e-02
1.4950405215991679e-02
1.4950405215991679e-02
1.4950405215991679e-02
1.4950405215991679e-02
1.4950405215991679e-02
1.4950405215991679e-02
1.4950405215991679e-02
1.4950405215991679e-02
1.4950405215991679e-02
1.4950405215991679e-02
1.4950405215991679e-02
1.4950405215991679e-02
1.4950405215991679e-02
1.4950405215991679e-02
1.4950405215991679e-02
1.4950405215991679e-02
1.4950405215991679e-02
1.5638324451452749e-02
1.5638324451452749e-02
1.5638324451452749e-02
1.5638324451452749e-02
1.5638324451452749e-02
1.5638324451452749e-02
1.5638324451452749e-02
1.5638324451452749e-02
1.5638324451452749e-02
1.5638324451452749e-02
1.5638324451452749e-02
1.5638324451452749e-02
1.5638324451452749e-02
1.5638324451452749e-02
1.5638324451452749e-02
1.5638324451452749e-02
1.5638324451452749e-02
1.5638324451452749e-02
1.5638324451452749e-02
1.5638324451452749e-02
1.6049335953100444e-02
1.6049335953100444e-02
1.6049335953100444e-02
1.6049335953100444e-02
1.6049335953100444e-02
1.6049335953100444e-02
1.6049335953100444e-02
1.6049335953100444e-02
1.6049335953100444e-02
1.6049335953100444e-02
1.6049335953100444e-02
1.6049335953100444e-02
1.6049335953100444e-02
1.6049335953100444e-02
1.6049335953100444e-02
1.6049335953100444e-02
1.6049335953100444e-02
1.6049335953100444e-02
1.6049335953100444e-02
1.6049335953100444e-02
1.6295243109590345e-02
1.6295243109590345e-02
1.6295243109590345e-02
1.6295243109590345e-02
1.6295243109590345e-02
1.6295243109590345e-02
1.6295243109590345e-02
1.6295243109590345e-02
1.6295243109590345e-02
1.6295243109590345e-02
1.6295243109590345e-02
1.6295243109590345e-02
1.6295243109590345e-02
1.6295243109590345e-02
1.6295243109590345e-02
1.6295243109590345e-02
1.6295243109590345e-02
1.6295243109590345e-02
1.6295243109590345e-02
1.6295243109590345e-02
1.6443393062016434e-02
1.6443393062016434e-02
1.6443393062016434e-02
1.6443393062016434e-02
1.6443393062016434e-02
1.6443393062016434e-02
1.6443393062016434e-02
1.6443393062016434e-02
1.6443393062016434e-02
1.6443393062016434e-02
1.6443393062016434e-02
1.6443393062016434e-02
1.6443393062016434e-02
1.6443393062016434e-02
1.6443393062016434e-02
1.6443393062016434e-02
1.6443393062016434e-02
1.6443393062016434e-02
1.6443393062016434e-02
1.6443393062016434e-02
1.6532568793534586e-02
1.6532568793534586e-02
1.6532568793534586e-02
1.6532568793534586e-02
1.6532568793534586e-02
1.6532568793534586e-02
1.6532568793534586e-02
1.6532568793534586e-02
1.6532568793534586e-02
1.6532568793534586e-02
1.6532568793534586e-02
