0.0000000000000000e+00
2.9999999999987818e+01
6.0003073678470926e+01
9.0000000000806153e+01
1.1999999898594511e+02
1.5000307164916887e+02
1.8000921900603146e+02
2.0998360999330660e+02
2.3999999885388107e+02
2.6999999007930273e+02
2.9999998808179220e+02
2.7000000031092549e+02
2.4000308520215293e+02
2.1000924174071508e+02
1.8000000000318096e+02
1.4999383397582102e+02
1.1999074264271724e+02
9.0000000000922313e+01
6.0000000001572616e+01
3.0000000000356945e+01
2.6020386559619983e-10
2.9999999999761343e+01
5.9996927336436997e+01
8.9999999998792006e+01
1.1999999898327701e+02
1.4998248654681694e+02
1.7999999770717477e+02
2.0999998511487138e+02
2.3999998232208367e+02
2.6999998192586099e+02
2.9999998151843414e+02
2.6999999968457064e+02
2.3999694417665586e+02
2.0999081397897919e+02
1.7999999999662583e+02
1.5000611537369511e+02
1.2000915909566277e+02
8.9999999999247692e+01
5.9999999998537966e+01
2.9999999999843947e+01
1.5299399252451712e-10
3.0000000000045755e+01
6.0003073678411283e+01
9.0000000000793278e+01
1.1999999898618206e+02
1.5000307164957428e+02
1.8000921900665739e+02
2.0999482520541670e+02
2.3999999765421123e+02
2.6999998945284437e+02
2.9999998865383037e+02
2.7000000028993281e+02
2.4000308458811455e+02
2.1000924053380393e+02
1.8000000000323590e+02
1.4999383518283142e+02
1.1999074505648207e+02
9.0000000001041528e+01
6.0000000001634930e+01
3.0000000000213266e+01
3.0340558250791463e-10
2.9999999999763908e+01
5.9996927336570238e+01
8.9999999999109605e+01
1.1999999898358386e+02
1.4999692530513016e+02
1.7999077997832984e+02
2.0999999999665434e+02
2.4000614430638404e+02
2.6999999283250963e+02
2.9999826708538836e+02
2.6999999969762030e+02
2.3999865906644766e+02
2.0999424417657769e+02
1.7999999999809575e+02
1.5000268431715301e+02
1.2000229611951292e+02
8.9998834389792790e+01
5.9992298112627083e+01
2.9999999997948915e+01
2.3874763833512754e-10
3.0000000000183547e+01
6.0003073678574367e+01
9.0000000000817920e+01
1.1999999898612982e+02
1.5000307164960765e+02
1.8000921900662874e+02
2.1000000000339099e+02
2.3999385163334665e+02
2.6999687628755350e+02
2.9999999703356906e+02
2.7000000028278697e+02
2.4000307619499054e+02
2.1000922375552105e+02
1.8000000000351415e+02
1.4999385195979147e+02
1.1999077860870236e+02
9.0000000001123709e+01
6.0000000001842132e+01
3.0000000000472639e+01
4.7746353573395100e-10
2.9999999999498243e+01
5.9996927336279157e+01
8.9999999998833616e+01
1.1999999898337290e+02
1.4999692530488284e+02
1.7999077997801783e+02
2.0999999999636015e+02
2.4000614430597685e+02
2.7000921392281350e+02
2.9999999765486655e+02
2.6999999971343317e+02
2.3999692809418281e+02
2.0999078178165260e+02
1.7999999999661938e+02
1.5000614757838508e+02
1.2000922351248246e+02
8.9999999999040242e+01
5.9999999998414793e+01
2.9999999999696207e+01
3.3263405635908410e-10
3.0000000000246931e+01
6.0003073678654467e+01
9.0000000000955282e+01
1.1999999898637546e+02
1.5000307164981814e+02
1.8000921900691111e+02
2.1000000000352236e+02
2.3999385163331462e+02
2.6999077491049019e+02
2.9997511927323058e+02
2.7000000026703566e+02
2.4002795250583341e+02
2.1000000000245959e+02
1.7999999999960738e+02
1.5000307265991844e+02
1.2000921696874600e+02
9.0000000003312678e+01
6.0000000000370598e+01
3.0000000000068997e+01
1.9565566212954656e-10
2.9999999999891109e+01
5.9996927336590367e+01
8.9999999999170029e+01
1.1999999898354577e+02
1.4999692530500434e+02
1.7999077997817284e+02
2.0999999999670874e+02
2.4000614430646465e+02
2.7000921392349727e+02
2.9998867456607803e+02
2.6999999972813106e+02
2.4000825405953208e+02
2.1001343654610042e+02
1.8001554617296074e+02
1.5001458192502682e+02
1.2000000000061318e+02
8.9982343153565154e+01
5.9999999996227558e+01
2.9999999999681730e+01
3.3619031454123386e-10
3.0000000000449294e+01
6.0003073678754959e+01
9.0000000001134651e+01
1.1999999898651723e+02
1.5000307165002909e+02
1.8000921900702542e+02
2.1000000000367143e+02
2.3999385163335432e+02
2.6999077491058057e+02
2.9999676144127778e+02
2.7000000026283385e+02
2.4000631156260158e+02
2.1001569432635921e+02
1.8000000000481731e+02
1.4998738176100704e+02
1.1997783857857267e+02
9.0000000002206917e+01
6.0000000002864994e+01
3.0000000000318998e+01
4.5902806836278370e-10
2.9999999999761851e+01
5.9996927336544822e+01
8.9999999999028375e+01
1.1999999898333067e+02
1.4999692530481622e+02
1.7999077997813066e+02
2.0999999999645715e+02
2.4000614430616531e+02
2.7000921392300882e+02
2.9999851107966373e+02
2.6999999973194235e+02
2.3999841508026117e+02
2.0999375610927268e+02
1.7999999999763770e+02
1.5000317250487916e+02
1.2000327261652535e+02
9.0000299317304297e+01
5.9994251591972564e+01
2.9999999998222616e+01
3.3514417972129556e-10
