0.0000000000000000e+00
-3.0000000000193779e+01
-6.0006366698831265e+01
-9.0000000000320398e+01
-1.1999999831054478e+02
-1.5000636331852201e+02
-1.8001909671530154e+02
-2.1000431158072283e+02
-2.4000000009902408e+02
-2.6999999957673572e+02
-2.9999999965072709e+02
-2.7000000019503739e+02
-2.4000636574453711e+02
-2.1001909461025119e+02
-1.8000000000126315e+02
-1.4998727547639928e+02
-1.1998091934501579e+02
-9.0000000000353921e+01
-6.0000000000487020e+01
-3.0000000000161464e+01
-2.3746159426176601e-10
2.9999999999865114e+01
5.9993634990691788e+01
8.9999999999293806e+01
1.1999999830976512e+02
1.4997578841219234e+02
1.7999999702524036e+02
2.0999998193059395e+02
2.3999997837550595e+02
2.6999997783867235e+02
2.9999997728504991e+02
2.6999999979943453e+02
2.3999365562358435e+02
2.0998094306681696e+02
1.7999999999905251e+02
1.5001269528651886e+02
1.2001902724113347e+02
9.0000000000147736e+01
5.9999999999862538e+01
3.0000000000410758e+01
5.4378628198520122e-10
-2.9999999999566931e+01
-6.0006366698251838e+01
-8.9999999999828418e+01
-1.1999999830989168e+02
-1.5000636331821673e+02
-1.8001909671507894e+02
-2.1000128650926777e+02
-2.4000000018187311e+02
-2.6999999956046497e+02
-2.9999999959547341e+02
-2.7000000018201717e+02
-2.4000636577373129e+02
-2.1001909468154406e+02
-1.8000000000125215e+02
-1.4998727540507915e+02
-1.1998091920165298e+02
-9.0000000000146983e+01
-6.0000000000395787e+01
-2.9999999999778453e+01
4.1192852566155712e-10
3.0000000000418204e+01
5.9993634991536013e+01
9.0000000000109821e+01
1.1999999831063876e+02
1.4999363161293854e+02
1.7998090159548443e+02
2.0999999999910943e+02
2.4001272832432250e+02
2.6999999065879331e+02
2.9999758478956352e+02
2.6999999980815414e+02
2.3999604894340081e+02
2.0998573050572730e+02
1.8000000000017269e+02
1.5000790623580349e+02
1.2000944752345248e+02
9.0004622173759998e+01
5.9993428495927475e+01
2.9999999998973575e+01
7.9441751417782024e-10
-2.9999999999123627e+01
-6.0006366697578855e+01
-8.9999999999277918e+01
-1.1999999830942872e+02
-1.5000636331771310e+02
-1.8001909671479046e+02
-2.1000000000030815e+02
-2.3998726491553828e+02
-2.7000080640352479e+02
-3.0000000024482995e+02
-2.7000000017666787e+02
-2.4000636511639601e+02
-2.1001909337526109e+02
-1.8000000000076724e+02
-1.4998727670461722e+02
-1.1998092179619132e+02
-8.9999999999411727e+01
-5.9999999999872713e+01
-2.9999999999389395e+01
8.4626874130269034e-10
3.0000000000972147e+01
5.9993634991822773e+01
9.0000000000565322e+01
1.1999999831125085e+02
1.4999363161350632e+02
1.7998090159630476e+02
2.0999999999966008e+02
2.4001272832486256e+02
2.7001908826265333e+02
2.9999999694466015e+02
2.6999999981912191e+02
2.3999363599600548e+02
2.0998090378461526e+02
1.7999999999954329e+02
1.5001273458468054e+02
1.2001910585138330e+02
9.0000000000619139e+01
6.0000000000158103e+01
3.0000000000626549e+01
5.9894608841509479e-10
-2.9999999999408494e+01
-6.0006366698040011e+01
-8.9999999999536314e+01
-1.1999999830983568e+02
-1.5000636331823566e+02
-1.8001909671543655e+02
-2.1000000000108992e+02
-2.3998726491624026e+02
-2.6998089314947424e+02
-3.0000654842601688e+02
-2.7000000016697612e+02
-2.3999981004169979e+02
-2.1000000001005156e+02
-1.7999999999922136e+02
-1.5000636499738016e+02
-1.2001909331528060e+02
-9.0000000000257259e+01
-5.9999999998833708e+01
-2.9999999998796266e+01
1.3038402708398111e-09
3.0000000001270600e+01
5.9993634992139640e+01
9.0000000000616893e+01
1.1999999831107725e+02
1.4999363161302671e+02
1.7998090159575960e+02
2.0999999999966684e+02
2.4001272832485472e+02
2.7001908826313519e+02
2.9998417033681096e+02
2.6999999982801455e+02
2.4000946795433407e+02
2.1001257302758876e+02
1.8000931335864047e+02
1.4999968725770989e+02
1.2000000000263660e+02
8.9993941602096243e+01
5.9999999993013851e+01
3.0000000000155644e+01
7.2065222276326534e-10
-2.9999999999605237e+01
-6.0006366698170218e+01
-8.9999999999706532e+01
-1.1999999830988814e+02
-1.5000636331808508e+02
-1.8001909671497393e+02
-2.1000000000091623e+02
-2.3998726491658704e+02
-2.6998089315026226e+02
-3.0000084889097934e+02
-2.7000000016486354e+02
-2.4000551555163642e+02
-2.1001739336314634e+02
-1.8000000000440673e+02
-1.4998897851460936e+02
-1.1998432720151688e+02
-9.0000000003766516e+01
-6.0000000003561887e+01
-2.9999999999506073e+01
4.5127207308317439e-10
3.0000000000343569e+01
5.9993634991532495e+01
9.0000000000148418e+01
1.1999999831067730e+02
1.4999363161277833e+02
1.7998090159551978e+02
2.0999999999909454e+02
2.4001272832426622e+02
2.7001908826225144e+02
2.9999791899101172e+02
2.6999999983091959e+02
2.3999571467308783e+02
2.0998506182783171e+02
1.8000000000007884e+02
1.5000857514144448e+02
1.2001078556379963e+02
9.0006629576853754e+01
5.9996105490352207e+01
2.9999999999136023e+01
4.2398996804882613e-10
