0.0000000000000000e+00
-1.8340564644258472e-10
-3.2930203535822336e-03
4.5392811636290846e-10
6.7533783615857425e-07
-3.2916693905807436e-03
-9.8777093169620592e-03
-2.0701587439385657e-02
-1.2451593202117684e-06
-9.4974475824671310e-06
-1.1568965027832469e-05
1.1586554948500136e-07
-3.2805424322179849e-03
-9.8528695998629044e-03
1.8353326927756859e-09
6.5584993331284352e-03
9.8232976452330371e-03
5.1237245686737930e-10
1.0517518840410673e-09
1.6895706281094771e-10
8.0972598312893235e-11
7.3118050521365672e-11
-3.2923458026955883e-03
4.3471524825167727e-10
-6.7350390091756025e-07
-6.6981346310934602e-03
-6.8199509882522767e-07
-3.1843391656901606e-06
-3.9466158604991497e-06
-4.0872161338205568e-06
-4.2334330744860727e-06
1.1479595864546156e-07
-3.2885530893348694e-03
-9.8709121820221273e-03
2.3587694216066280e-09
6.5799127742723340e-03
9.8681453662844004e-03
8.7112947998583880e-10
1.3187627743975360e-09
5.7037758101237355e-10
6.4460238712550831e-10
5.4405505796517777e-10
-3.2930197748277080e-03
9.6439422128994205e-10
6.7629479880888752e-07
-3.2916686583063064e-03
-9.8777084612670929e-03
-6.4613038362306653e-03
-2.5276533688107378e-06
-1.0107618062493597e-05
-1.0941618991016391e-05
1.0795392963177379e-07
-3.2811855728049309e-03
-9.8541476338758482e-03
2.0302746028615160e-09
6.5597777658113390e-03
9.8258547467962656e-03
9.9303816664926425e-10
1.3490415769694192e-09
5.8140308274535843e-10
7.9578690757217867e-10
8.7080726833427420e-10
-3.2923448163854900e-03
1.1321926610081266e-09
-6.7284701258602261e-07
-3.2936920613413833e-03
-9.8783827927788320e-03
2.6688306541926356e-09
6.5840183570845829e-03
-2.1736007756905264e-06
-6.8229577005759459e-04
1.1058809411476473e-07
-2.6101230305349871e-03
-8.5136707816599964e-03
2.1020996966081069e-09
5.2219186784061020e-03
7.1514039003744432e-03
5.7877838649707976e-03
1.1303831534467720e-03
1.1407172126678570e-09
1.0307053206611538e-09
1.1642853008209222e-09
-3.2930188788978547e-03
1.6254557324077268e-09
6.7684848699632329e-07
-3.2916679904389811e-03
-9.8777080965089682e-03
3.2682277014538722e-09
6.5867181387399944e-03
-3.9301157797306599e-03
-3.2111598436523030e-06
1.0622268530468594e-07
-3.2889212869901914e-03
-9.8696196051903193e-03
2.8600731768307833e-09
6.5752551848786622e-03
9.8568125398189217e-03
1.9243082325894535e-09
2.2052270555485263e-09
1.2264793331974766e-09
1.4882355650549488e-09
1.6953186588693544e-09
-3.2923442612590049e-03
1.8745398551546223e-09
-6.7198161803653158e-07
-3.2936912857958358e-03
-9.8783816196576571e-03
3.5217383612489389e-09
6.5840191422146289e-03
9.8743402161086159e-03
-7.1010592344032836e-07
1.0586543082987685e-07
-3.2920980127245014e-03
-9.8779968484600973e-03
3.0885889995561478e-09
6.5870063649368545e-03
9.8823388148930533e-03
1.6079405847569546e-09
1.8523161540383817e-09
9.6861852820921061e-10
9.1207774076353639e-10
9.3938792057026084e-10
-3.2930193209636848e-03
1.4724270030866229e-09
6.7661972232258453e-07
-3.2916684060798045e-03
-9.8777086211954569e-03
2.3949755714800555e-09
6.5867170012714827e-03
9.8817609630447775e-03
-3.1429152907065813e-02
1.0004931698762818e-07
2.8142464203370091e-02
-7.5784076373287992e-09
3.8398228760798642e-10
-3.2923375209144789e-03
-9.8763465420775420e-03
3.0542071776047279e-09
1.5529059082612539e-09
1.2687038650905528e-09
1.3935131531336388e-09
1.3859542049273348e-09
-3.2923444226072183e-03
1.4921962866702697e-09
-6.7245280471573662e-07
-3.2936919482203920e-03
-9.8783823272883420e-03
3.0342534607139624e-09
6.5840184980927637e-03
9.8743397396667178e-03
-4.5042292389837974e-03
9.9917702438753908e-08
1.2138947469082656e-03
-8.6351860812648360e-04
-6.2328144053226363e-03
-1.4894667465767392e-02
2.0573492492212557e-09
1.1598448721982244e-02
-3.2287733692276471e-09
4.5441681607921861e-10
1.1219820266214251e-09
8.5595179596950713e-10
-3.2930193556859376e-03
1.4700430692830944e-09
6.7671205471128704e-07
-3.2916679600164273e-03
-9.8777078251745601e-03
2.8868208730441393e-09
6.5867169606819379e-03
9.8817605438317017e-03
-4.0874495346681101e-03
9.8100666583792172e-08
7.9601099721731067e-04
-1.6990368204362713e-03
4.5147395236672670e-10
-1.5967535050849793e-03
-6.4886227595808534e-03
-1.5498320596598609e-09
-6.6797891864280956e-10
8.2082588158360967e-10
7.7346410315021210e-10
6.0763270696152798e-10
-3.2923449137300998e-03
1.2156268766913549e-09
-6.7257854167125721e-07
-3.2936919264795533e-03
-9.8783824725972684e-03
2.6893460955639764e-09
6.5840181261561893e-03
9.8743392136868002e-03
-5.9208863913415299e-04
9.8997018784205875e-08
-2.7004070604022094e-03
-8.6942812520448103e-03
2.6022708476183528e-09
5.4026366487196654e-03
7.5129472852282315e-03
6.3302594482308469e-03
1.8538982224793777e-03
1.0192472170106882e-09
9.0007418271798561e-10
