0.0000000000000000e+00
-2.2853361040538813e-10
-3.2930203671517775e-03
5.1754209116590214e-10
6.7546297874344600e-07
-3.2916693156409319e-03
-9.8777092231865128e-03
-2.0701587393182678e-02
-1.2451269597090585e-06
-9.4974184998725170e-06
-1.1568904807287847e-05
1.1591039704840311e-07
-3.2805423362670246e-03
-9.8528694722036410e-03
1.9999871288095581e-09
6.5584995102866547e-03
9.8232977575233200e-03
6.2452620111801343e-10
1.1194660355444249e-09
2.2199677475662725e-10
8.6196729614825244e-11
1.3438981340455489e-10
-3.2923456877408854e-03
5.6883162243633370e-10
-6.7351992338136096e-07
-6.6981346183448949e-03
-6.8187360565561245e-07
-3.1842153453299337e-06
-3.9465393750495671e-06
-4.0871611280163639e-06
-4.2333354056322163e-06
1.1493224383372362e-07
-3.2885530535094864e-03
-9.8709121425500385e-03
2.4944755730550420e-09
6.5799128733429798e-03
9.8681455751303652e-03
9.2900594746951878e-10
1.3303884765117304e-09
5.6319717810799488e-10
5.3798284881860423e-10
4.1357372921104466e-10
-3.2930199063323992e-03
9.6537857132724300e-10
6.7628580351925084e-07
-3.2916686266242449e-03
-9.8777083817361659e-03
-6.4613038660475564e-03
-2.5276701143165737e-06
-1.0107623089267827e-05
-1.0941667147485479e-05
1.0787739074770315e-07
-3.2811856607999675e-03
-9.8541478461769087e-03
1.9371457624872959e-09
6.5597777389016865e-03
9.8258549114333717e-03
7.9603110796344605e-10
1.1292369456947296e-09
2.8821972360284084e-10
5.7888624161014196e-10
4.3777273753402662e-10
-3.2923452520441493e-03
8.6806903867443877e-10
-6.7304330550402137e-07
-3.2936923221601579e-03
-9.8783828978735722e-03
2.2417452544616639e-09
6.5840175196500436e-03
-2.1738321538099993e-06
-6.8229587980308181e-04
1.1047946113516400e-07
-2.6101230631706504e-03
-8.5136709188814476e-03
2.0517755483660370e-09
5.2219186227395542e-03
7.1514039788582355e-03
5.7877840693986628e-03
1.1303834474214855e-03
9.0857865517475037e-10
8.4757445228117457e-10
9.5552556193655863e-10
-3.2930191300318302e-03
1.4545125403104811e-09
6.7655370563278496e-07
-3.2916682205441222e-03
-9.8777082270110478e-03
2.8977329231554168e-09
6.5867174781087407e-03
-3.9301161629962580e-03
-3.2113616867571907e-06
1.0601507020555473e-07
-3.2889215240668825e-03
-9.8696198751983891e-03
2.6338112598664917e-09
6.5752551635076383e-03
9.8568124821310221e-03
1.4996219223768205e-09
1.7335489359356215e-09
9.3998084674068190e-10
1.1343881966340862e-09
1.2525260942230296e-09
-3.2923446514786210e-03
1.5887629504656838e-09
-6.7226239958433191e-07
-3.2936914673115970e-03
-9.8783818064836094e-03
3.0781669748231854e-09
6.5840186291872497e-03
9.8743394633638258e-03
-7.1030710053086162e-07
1.0551168387202393e-07
-3.2920983419875991e-03
-9.8779972264000666e-03
2.7593072810753029e-09
6.5870062261290307e-03
9.8823389867777733e-03
1.5499220194117859e-09
1.6343737814050611e-09
8.9204464403085830e-10
8.0363371183320298e-10
7.3745912893298810e-10
-3.2930194501644911e-03
1.3656336521670607e-09
6.7645976446937828e-07
-3.2916684291439844e-03
-9.8777084296896890e-03
2.4699661881146354e-09
6.5867171475248454e-03
9.8817610690192861e-03
-3.1429152665363121e-02
1.0007001130839954e-07
2.8142464063695322e-02
-7.6053501962909884e-09
3.8808531002937788e-10
-3.2923374025988698e-03
-9.8763465271390211e-03
3.0566257539812078e-09
1.5207969340286644e-09
1.2767772450779986e-09
1.3634723379181106e-09
1.3730344277018626e-09
-3.2923444788919717e-03
1.4016211069743577e-09
-6.7248421343073058e-07
-3.2936920071773039e-03
-9.8783824994630107e-03
2.8817235722707090e-09
6.5840182822286143e-03
9.8743395359106000e-03
-4.5042292952457361e-03
9.9849316261134095e-08
1.2138948566758814e-03
-8.6351841496575617e-04
-6.2328142351466527e-03
-1.4894667168177939e-02
1.9894756680378961e-09
1.1598448340274077e-02
-3.1986572519090234e-09
4.9344525514316206e-10
1.0556285579599416e-09
8.3219011616581873e-10
-3.2930194748286949e-03
1.3861358081826632e-09
6.7654617959633885e-07
-3.2916681521148791e-03
-9.8777080718356388e-03
2.6233273004576235e-09
6.5867165736856713e-03
9.8817600926069480e-03
-4.0874498683223818e-03
9.7840224661431961e-08
7.9601093282049499e-04
-1.6990367539415322e-03
3.6950950493589781e-10
-1.5967536994936911e-03
-6.4886231287849625e-03
-1.5693485578641729e-09
-7.2572798041357400e-10
8.0504474912196743e-10
7.4718403015158205e-10
5.5581005919295702e-10
-3.2923451109346212e-03
1.0244280610601366e-09
-6.7272831461000532e-07
-3.2936921494550815e-03
-9.8783827487773854e-03
2.5853153594076224e-09
6.5840180757778541e-03
9.8743392714950220e-03
-5.9208866506496572e-04
9.8957544523799370e-08
-2.7004072863056690e-03
-8.6942816298592289e-03
2.2799282505004743e-09
5.4026364816636687e-03
7.5129472633813201e-03
6.3302596507329809e-03
1.8538985367511115e-03
8.0760750849907441e-10
5.9713252018470430e-10
