2.0000000000000020e+02
2.0000000000000020e+02
2.0000000000000020e+02
2.0000000000000020e+02
2.0000000000000020e+02
2.0000000000000020e+02
2.0000000000000020e+02
2.0200204848971276e+02
2.0806990870303900e+02
2.1418365593423493e+02
2.2034730595330632e+02
2.2034730595330632e+02
2.2034730595330632e+02
2.2034730595330632e+02
2.2034730595330632e+02
2.2034730595330632e+02
2.2034730595330632e+02
2.2034730595330632e+02
2.2034730595330632e+02
2.2034730595330632e+02
2.2034730595330632e+02
2.2034730595330632e+02
2.2034730595330632e+02
2.2034730595330632e+02
2.2034730595330632e+02
2.2216123609458401e+02
2.2807005916396164e+02
2.3402239350997945e+02
2.4002234821996390e+02
2.4607059173372528e+02
2.5216780599313034e+02
2.5216780599313034e+02
2.5216780599313034e+02
2.5216780599313034e+02
2.5216780599313034e+02
2.5216780599313034e+02
2.5216780599313034e+02
2.5216780599313034e+02
2.5216780599313034e+02
2.5216780599313034e+02
2.5216780599313034e+02
2.5216780599313034e+02
2.5216780599313034e+02
2.5216780599313034e+02
2.5216780599313034e+02
2.5216780599313034e+02
2.5216780599313034e+02
2.5328354529848636e+02
2.5924632591058469e+02
2.6525582761985947e+02
2.7131375382461931e+02
2.7131375382461931e+02
2.7131375382461931e+02
2.7131375382461931e+02
2.7131375382461931e+02
2.7131375382461931e+02
2.7131375382461931e+02
2.7131375382461931e+02
2.7131375382461931e+02
2.7131375382461931e+02
2.7131375382461931e+02
2.7131375382461931e+02
2.7131375382461931e+02
2.7131375382461931e+02
2.7131375382461931e+02
2.7131375382461931e+02
2.7131375382461931e+02
2.7131375382461931e+02
2.7131375382461931e+02
2.7677591154646427e+02
2.8281013875424884e+02
2.8281013875424884e+02
2.8281013875424884e+02
2.8281013875424884e+02
2.8281013875424884e+02
2.8281013875424884e+02
2.8281013875424884e+02
2.8281013875424884e+02
2.8281013875424884e+02
2.8281013875424884e+02
2.8281013875424884e+02
2.8281013875424884e+02
2.8281013875424884e+02
2.8281013875424884e+02
2.8281013875424884e+02
2.8281013875424884e+02
2.8281013875424884e+02
2.8281013875424884e+02
2.8281013875424884e+02
2.8368113892875488e+02
2.8970243129595042e+02
2.8970243129595042e+02
2.8970243129595042e+02
2.8970243129595042e+02
2.8970243129595042e+02
2.8970243129595042e+02
2.8970243129595042e+02
2.8970243129595042e+02
2.8970243129595042e+02
2.8970243129595042e+02
2.8970243129595042e+02
2.8970243129595042e+02
2.8970243129595042e+02
2.8970243129595042e+02
2.8970243129595042e+02
2.8970243129595042e+02
2.8970243129595042e+02
2.8970243129595042e+02
2.8970243129595042e+02
2.8970243129595042e+02
2.9382994670871665e+02
2.9382994670871665e+02
2.9382994670871665e+02
2.9382994670871665e+02
2.9382994670871665e+02
2.9382994670871665e+02
2.9382994670871665e+02
2.9382994670871665e+02
2.9382994670871665e+02
2.9382994670871665e+02
2.9382994670871665e+02
2.9382994670871665e+02
2.9382994670871665e+02
2.9382994670871665e+02
2.9382994670871665e+02
2.9382994670871665e+02
2.9382994670871665e+02
2.9382994670871665e+02
2.9382994670871665e+02
2.9382994670871665e+02
2.9629601571860280e+02
2.9629601571860280e+02
2.9629601571860280e+02
2.9629601571860280e+02
2.9629601571860280e+02
2.9629601571860280e+02
2.9629601571860280e+02
2.9629601571860280e+02
2.9629601571860280e+02
2.9629601571860280e+02
2.9629601571860280e+02
2.9629601571860280e+02
2.9629601571860280e+02
2.9629601571860280e+02
2.9629601571860280e+02
2.9629601571860280e+02
2.9629601571860280e+02
2.9629601571860280e+02
2.9629601571860280e+02
2.9629601571860280e+02
2.9777145865754215e+02
2.9777145865754215e+02
2.9777145865754215e+02
2.9777145865754215e+02
2.9777145865754215e+02
2.9777145865754215e+02
2.9777145865754215e+02
2.9777145865754215e+02
2.9777145865754215e+02
2.9777145865754215e+02
2.9777145865754215e+02
2.9777145865754215e+02
2.9777145865754215e+02
2.9777145865754215e+02
2.9777145865754215e+02
2.9777145865754215e+02
2.9777145865754215e+02
2.9777145865754215e+02
2.9777145865754215e+02
2.9777145865754215e+02
2.9866035837209864e+02
2.9866035837209864e+02
2.9866035837209864e+02
2.9866035837209864e+02
2.9866035837209864e+02
2.9866035837209864e+02
2.9866035837209864e+02
2.9866035837209864e+02
2.9866035837209864e+02
2.9866035837209864e+02
2.9866035837209864e+02
2.9866035837209864e+02
2.9866035837209864e+02
2.9866035837209864e+02
2.9866035837209864e+02
2.9866035837209864e+02
2.9866035837209864e+02
2.9866035837209864e+02
2.9866035837209864e+02
2.9866035837209864e+02
2.9919541276120765e+02
2.9919541276120765e+02
2.9919541276120765e+02
2.9919541276120765e+02
2.9919541276120765e+02
2.9919541276120765e+02
2.9919541276120765e+02
2.9919541276120765e+02
2.9919541276120765e+02
2.9919541276120765e+02
2.9919541276120765e+02
