0.0000000000000000e+00
0.0000000000000000e+00
0.0000000000000000e+00
0.0000000000000000e+00
0.0000000000000000e+00
0.0000000000000000e+00
0.0000000000000000e+00
8.5468142423250956e+03
3.6976332265831225e+04
6.9439401446145654e+04
1.0601567004126047e+05
1.0601567004126047e+05
1.0601567004126047e+05
1.0601567004126047e+05
1.0601567004126047e+05
1.0601567004126047e+05
1.0601567004126047e+05
1.0601567004126047e+05
1.0601567004126047e+05
1.0601567004126047e+05
1.0601567004126047e+05
1.0601567004126047e+05
1.0601567004126047e+05
1.0601567004126047e+05
1.0601567004126047e+05
1.1150949664294714e+05
1.3182659131300199e+05
1.5601720546317293e+05
1.8415439622105128e+05
2.1630173424885963e+05
2.5252413496180443e+05
2.5252413496180443e+05
2.5252413496180443e+05
2.5252413496180443e+05
2.5252413496180443e+05
2.5252413496180443e+05
2.5252413496180443e+05
2.5252413496180443e+05
2.5252413496180443e+05
2.5252413496180443e+05
2.5252413496180443e+05
2.5252413496180443e+05
2.5252413496180443e+05
2.5252413496180443e+05
2.5252413496180443e+05
2.5252413496180443e+05
2.5252413496180443e+05
2.5733776731839852e+05
2.8527565686896053e+05
3.1718519804734766e+05
3.5313408146672865e+05
3.5313408146672865e+05
3.5313408146672865e+05
3.5313408146672865e+05
3.5313408146672865e+05
3.5313408146672865e+05
3.5313408146672865e+05
3.5313408146672865e+05
3.5313408146672865e+05
3.5313408146672865e+05
3.5313408146672865e+05
3.5313408146672865e+05
3.5313408146672865e+05
3.5313408146672865e+05
3.5313408146672865e+05
3.5313408146672865e+05
3.5313408146672865e+05
3.5313408146672865e+05
3.5313408146672865e+05
3.8231585554907686e+05
4.1816395478217659e+05
4.1816395478217659e+05
4.1816395478217659e+05
4.1816395478217659e+05
4.1816395478217659e+05
4.1816395478217659e+05
4.1816395478217659e+05
4.1816395478217659e+05
4.1816395478217659e+05
4.1816395478217659e+05
4.1816395478217659e+05
4.1816395478217659e+05
4.1816395478217659e+05
4.1816395478217659e+05
4.1816395478217659e+05
4.1816395478217659e+05
4.1816395478217659e+05
4.1816395478217659e+05
4.1816395478217659e+05
4.2302116284223954e+05
4.5875245919906936e+05
4.5875245919906936e+05
4.5875245919906936e+05
4.5875245919906936e+05
4.5875245919906936e+05
4.5875245919906936e+05
4.5875245919906936e+05
4.5875245919906936e+05
4.5875245919906936e+05
4.5875245919906936e+05
4.5875245919906936e+05
4.5875245919906936e+05
4.5875245919906936e+05
4.5875245919906936e+05
4.5875245919906936e+05
4.5875245919906936e+05
4.5875245919906936e+05
4.5875245919906936e+05
4.5875245919906936e+05
4.5875245919906936e+05
4.8367782752768352e+05
4.8367782752768352e+05
4.8367782752768352e+05
4.8367782752768352e+05
4.8367782752768352e+05
4.8367782752768352e+05
4.8367782752768352e+05
4.8367782752768352e+05
4.8367782752768352e+05
4.8367782752768352e+05
4.8367782752768352e+05
4.8367782752768352e+05
4.8367782752768352e+05
4.8367782752768352e+05
4.8367782752768352e+05
4.8367782752768352e+05
4.8367782752768352e+05
4.8367782752768352e+05
4.8367782752768352e+05
4.8367782752768352e+05
4.9876472254500940e+05
4.9876472254500940e+05
4.9876472254500940e+05
4.9876472254500940e+05
4.9876472254500940e+05
4.9876472254500940e+05
4.9876472254500940e+05
4.9876472254500940e+05
4.9876472254500940e+05
4.9876472254500940e+05
4.9876472254500940e+05
4.9876472254500940e+05
4.9876472254500940e+05
4.9876472254500940e+05
4.9876472254500940e+05
4.9876472254500940e+05
4.9876472254500940e+05
4.9876472254500940e+05
4.9876472254500940e+05
4.9876472254500940e+05
5.0787766443029308e+05
5.0787766443029308e+05
5.0787766443029308e+05
5.0787766443029308e+05
5.0787766443029308e+05
5.0787766443029308e+05
5.0787766443029308e+05
5.0787766443029308e+05
5.0787766443029308e+05
5.0787766443029308e+05
5.0787766443029308e+05
5.0787766443029308e+05
5.0787766443029308e+05
5.0787766443029308e+05
5.0787766443029308e+05
5.0787766443029308e+05
5.0787766443029308e+05
5.0787766443029308e+05
5.0787766443029308e+05
5.0787766443029308e+05
5.1338902598889807e+05
5.1338902598889807e+05
5.1338902598889807e+05
5.1338902598889807e+05
5.1338902598889807e+05
5.1338902598889807e+05
5.1338902598889807e+05
5.1338902598889807e+05
5.1338902598889807e+05
5.1338902598889807e+05
5.1338902598889807e+05
5.1338902598889807e+05
5.1338902598889807e+05
5.1338902598889807e+05
5.1338902598889807e+05
5.1338902598889807e+05
5.1338902598889807e+05
5.1338902598889807e+05
5.1338902598889807e+05
5.1338902598889807e+05
5.1672004514147696e+05
5.1672004514147696e+05
5.1672004514147696e+05
5.1672004514147696e+05
5.1672004514147696e+05
5.1672004514147696e+05
5.1672004514147696e+05
5.1672004514147696e+05
5.1672004514147696e+05
5.1672004514147696e+05
5.1672004514147696e+05
