0.0000000000000000e+00
-3.6583358234892595e-05
-7.3170731706786082e-05
-1.0975944386416754e-04
-1.4634949480394070e-04
-1.8294088462411884e-04
-2.1951219511736795e-04
-2.5608484312113471e-04
-2.9265882873209207e-04
-7.7507443087285709e-04
-1.2903497512460008e-03
-1.2537751427068736e-03
-1.2172018718207029e-03
-1.1806299384895717e-03
-1.1440593426154122e-03
-1.1074336803715960e-03
-1.0708483145216846e-03
-1.0342642871118257e-03
-9.9767758281332558e-04
-9.6109221705306604e-04
-9.2450685110673475e-04
-8.8792148525237004e-04
-8.5133745783854016e-04
-8.1475075354414108e-04
-7.7816538778738851e-04
-7.4158136047077991e-04
-7.0499867149634147e-04
-6.2694051521993137e-04
-1.9500386702113860e-04
2.6325864490300529e-04
7.5138638188418849e-04
7.1481185277812902e-04
6.7823598592695706e-04
6.4165878123286369e-04
6.0505575442402332e-04
5.6845138778450826e-04
5.3188502271283959e-04
4.9529965685899075e-04
4.5871295246738996e-04
4.2212892515179471e-04
3.8554355929775548e-04
3.4895819344422956e-04
3.1237148905357469e-04
2.7578746173736231e-04
2.3920209598262754e-04
2.0261539168939962e-04
1.6602734875997656e-04
1.2943796709785637e-04
9.2860632478842820e-05
-2.9281124705643805e-04
-7.6521654319223077e-04
-7.2871515832864111e-04
-6.9221510576803597e-04
-6.5554442733787330e-04
-6.1895906147891938e-04
-5.8237503406023152e-04
-5.4579234498467063e-04
-5.0920296391603959e-04
-4.7261759806545295e-04
-4.3603223221198742e-04
-3.9944686635798516e-04
-3.6286150050372491e-04
-3.2627747309034699e-04
-2.8969076879518154e-04
-2.5310540303889669e-04
-2.1652137572273768e-04
-1.7993868674777151e-04
-1.4335733601738087e-04
-1.0676393951727586e-04
-3.0479843446751329e-05
4.3457728982827592e-04
3.9799590269428271e-04
3.6141317731291456e-04
3.2482911358667604e-04
2.8823980450561591e-04
2.5164915659815475e-04
2.1505716976507122e-04
1.7848370694067072e-04
1.4189834108838836e-04
1.0531297523219223e-04
6.8727609378487200e-05
3.2142243525090994e-05
-4.4444608665309894e-06
-4.1028488181394602e-05
-7.7613853936596501e-05
-1.1420055822986837e-04
-1.5078860115850113e-04
-1.8737798282159203e-04
-2.2395531744081402e-04
-2.6053399000986263e-04
-5.7311322704510352e-04
-5.3652888178041473e-04
-4.9994587488199000e-04
-4.6336420625068132e-04
-4.2677278469433041e-04
-3.9018270202099145e-04
-3.5359395813309042e-04
-3.1701668713619765e-04
-2.8043132128196066e-04
-2.4384595542987109e-04
-2.0726058957638410e-04
-1.7067522372260209e-04
-1.3409119630907891e-04
-9.7504492014561573e-05
-6.0919126257710257e-05
-2.4335098940783650e-05
1.2247590033512856e-05
4.8828940763035087e-05
8.5422337262932381e-05
1.2201439473575619e-04
3.2132926586125827e-04
2.8474404722468458e-04
2.4815749006055712e-04
2.1156959427160672e-04
1.7498794929111664e-04
1.3840496604418314e-04
1.0182064443423576e-04
6.5231851726892302e-05
2.8646485873921022e-05
-7.9388799815152252e-06
-4.4524245835547587e-05
-8.1109611688561645e-05
-1.1769631608041036e-04
-1.5428034339573456e-04
-1.9086570915128825e-04
-2.2745241344393290e-04
-2.6404045637283910e-04
-3.0062983803543934e-04
-3.3720717265336324e-04
-3.7378584522161309e-04
-5.0701967384258464e-04
-4.7043432515432050e-04
-4.3385031490464164e-04
-3.9726764299627545e-04
-3.6067822793387584e-04
-3.2409015160846696e-04
-2.8750341392074419e-04
-2.5092213037537385e-04
-2.1433676452085011e-04
-1.7775139866823734e-04
-1.4116603281471584e-04
-1.0458066696146715e-04
-6.7996639547992450e-05
-3.1409935252805130e-05
5.1754305036510742e-06
4.1759457820624779e-05
7.8342146794818966e-05
1.1492349752565118e-04
1.5151689402510403e-04
1.8810895149699294e-04
2.8190326227259238e-04
2.4536705101784405e-04
2.0882950481942899e-04
1.7219631899627051e-04
1.3556179113415412e-04
9.9025587285173436e-05
6.2488048493645733e-05
2.5854855583048155e-05
-1.0730510272563069e-05
-4.7315876125634312e-05
-8.3901241979572076e-05
-1.2048660783300391e-04
-1.5707331222445390e-04
-1.9365733953899229e-04
-2.3024270529399435e-04
-2.6682940958683841e-04
-3.0341745251579556e-04
-3.4000683417923617e-04
-3.7658416879710196e-04
-4.1316284136602309e-04
-4.8384468807672742e-04
-4.4727465254181204e-04
-4.1070595432523053e-04
-3.7413859333003955e-04
-3.3757256945778986e-04
-3.0093318943579271e-04
-2.6434782358409682e-04
-2.2776379617238715e-04
-1.9117709187505618e-04
-1.5459172611659002e-04
-1.1800636016875648e-04
-8.1420994315115964e-05
-4.4836966901656704e-05
-8.2502626067518185e-06
2.8335103150028079e-05
6.4919130466221492e-05
1.0150181944007202e-04
1.3808317017061742e-04
1.7467656667138762e-04
2.1126862414412115e-04
2.6857186188629519e-04
2.3199298310805193e-04
1.9541276626713211e-04
1.5883121126574222e-04
1.2223688525324030e-04
8.5641220047031109e-05
4.9066153542262984e-05
1.2480787688811791e-05
-2.4105916703014960e-05
-6.0689944018520115e-05
-9.7275309872899319e-05
