0.0000000000000000e+00
0.0000000000000000e+00
0.0000000000000000e+00
0.0000000000000000e+00
0.0000000000000000e+00
0.0000000000000000e+00
0.0000000000000000e+00
0.0000000000000000e+00
0.0000000000000000e+00
4.9989244725670332e+00
7.2569784183119310e+00
7.2569784183119186e+00
7.2569784183119168e+00
7.2569784183119204e+00
7.2569784183119230e+00
7.2569784183119292e+00
7.2569784183119355e+00
7.2569784183119310e+00
7.2569784183119337e+00
7.2569784183119355e+00
7.2569784183119390e+00
7.2569784183119346e+00
7.2569784183119337e+00
7.2569784183119310e+00
7.2569784183119381e+00
7.2569784183119506e+00
7.2569784183119435e+00
7.2569784183119435e+00
7.2569784183119452e+00
7.2569784183119390e+00
7.2569784183119417e+00
7.2569784183119479e+00
2.0980011013846225e+00
-3.6221674253007472e+00
-3.6221674253007463e+00
-3.6221674253007481e+00
-3.6221674253007512e+00
-3.6221674253007587e+00
-3.6221674253007623e+00
-3.6221674253007707e+00
-3.6221674253007752e+00
-3.6221674253007721e+00
-3.6221674253007712e+00
-3.6221674253007721e+00
-3.6221674253007761e+00
-3.6221674253007734e+00
-3.6221674253007707e+00
-3.6221674253007641e+00
-3.6221674253007659e+00
-3.6221674253007698e+00
-3.6221674253007707e+00
-3.6221674253007698e+00
-3.6221674253007667e+00
-3.6221674253007623e+00
-3.6221674253007627e+00
-3.6221674253007610e+00
1.8448144829788755e+00
1.8448144829788733e+00
1.8448144829788733e+00
1.8448144829788733e+00
1.8448144829788746e+00
1.8448144829788737e+00
1.8448144829788733e+00
1.8448144829788711e+00
1.8448144829788702e+00
1.8448144829788726e+00
1.8448144829788722e+00
1.8448144829788724e+00
1.8448144829788700e+00
1.8448144829788697e+00
1.8448144829788693e+00
1.8448144829788711e+00
1.8448144829788728e+00
1.8448144829788711e+00
1.8448144829788686e+00
1.8448144829788713e+00
1.8448144829788709e+00
1.8448144829788693e+00
1.8448144829788673e+00
-1.0108929927423773e+00
-1.0108929927423773e+00
-1.0108929927423800e+00
-1.0108929927423826e+00
-1.0108929927423835e+00
-1.0108929927423838e+00
-1.0108929927423820e+00
-1.0108929927423826e+00
-1.0108929927423822e+00
-1.0108929927423822e+00
-1.0108929927423809e+00
-1.0108929927423802e+00
-1.0108929927423802e+00
-1.0108929927423804e+00
-1.0108929927423800e+00
-1.0108929927423778e+00
-1.0108929927423795e+00
-1.0108929927423795e+00
-1.0108929927423778e+00
-1.0108929927423771e+00
5.9313362435140937e-01
5.9313362435140948e-01
5.9313362435140971e-01
5.9313362435140926e-01
5.9313362435140915e-01
5.9313362435140937e-01
5.9313362435140959e-01
5.9313362435140915e-01
5.9313362435140882e-01
5.9313362435140782e-01
5.9313362435140826e-01
5.9313362435140848e-01
5.9313362435140826e-01
5.9313362435140882e-01
5.9313362435140871e-01
5.9313362435140771e-01
5.9313362435140948e-01
5.9313362435140893e-01
5.9313362435140882e-01
5.9313362435140815e-01
-3.4891525191089173e-01
-3.4891525191089184e-01
-3.4891525191089223e-01
-3.4891525191089212e-01
-3.4891525191089146e-01
-3.4891525191089123e-01
-3.4891525191089134e-01
-3.4891525191089168e-01
-3.4891525191089173e-01
-3.4891525191089162e-01
-3.4891525191089173e-01
-3.4891525191089179e-01
-3.4891525191089234e-01
-3.4891525191089201e-01
-3.4891525191089251e-01
-3.4891525191089190e-01
-3.4891525191089168e-01
-3.4891525191089223e-01
-3.4891525191089207e-01
-3.4891525191089190e-01
2.0663392042703682e-01
2.0663392042703638e-01
2.0663392042703643e-01
2.0663392042703649e-01
2.0663392042703654e-01
2.0663392042703635e-01
2.0663392042703635e-01
2.0663392042703610e-01
2.0663392042703604e-01
2.0663392042703599e-01
2.0663392042703582e-01
2.0663392042703560e-01
2.0663392042703585e-01
2.0663392042703552e-01
2.0663392042703563e-01
2.0663392042703554e-01
2.0663392042703521e-01
2.0663392042703471e-01
2.0663392042703449e-01
2.0663392042703449e-01
-1.1581134491489981e-01
-1.1581134491489972e-01
-1.1581134491489972e-01
-1.1581134491489962e-01
-1.1581134491489947e-01
-1.1581134491489953e-01
-1.1581134491489960e-01
-1.1581134491489967e-01
-1.1581134491489972e-01
-1.1581134491489961e-01
-1.1581134491489992e-01
-1.1581134491489992e-01
-1.1581134491489971e-01
-1.1581134491489986e-01
-1.1581134491489967e-01
-1.1581134491489967e-01
-1.1581134491489944e-01
-1.1581134491489947e-01
-1.1581134491489943e-01
-1.1581134491489967e-01
7.3857594899888468e-02
7.3857594899888593e-02
7.3857594899888621e-02
7.3857594899888607e-02
7.3857594899888690e-02
7.3857594899888662e-02
7.3857594899888607e-02
7.3857594899888607e-02
7.3857594899888579e-02
7.3857594899888634e-02
7.3857594899888607e-02
7.3857594899888634e-02
7.3857594899888510e-02
7.3857594899888468e-02
7.3857594899888496e-02
7.3857594899888496e-02
7.3857594899888454e-02
7.3857594899888385e-02
7.3857594899888301e-02
7.3857594899888260e-02
-4.5719621152196480e-02
-4.5719621152196438e-02
-4.5719621152196459e-02
-4.5719621152196493e-02
-4.5719621152196452e-02
-4.5719621152196493e-02
-4.5719621152196466e-02
-4.5719621152196466e-02
-4.5719621152196521e-02
-4.5719621152196473e-02
-4.5719621152196459e-02
