0.0000000000000000e+00
3.6587373701128602e-05
7.3170731707008425e-05
1.0975275142056136e-04
1.4633343293911770e-04
1.8291277636071907e-04
2.1951219512595722e-04
2.5611027442255720e-04
2.9270701435045947e-04
1.1621029214940455e-03
2.7182139189237632e-03
2.7060216747224657e-03
2.6938292818692216e-03
2.6765863807636835e-03
2.6522007286029249e-03
2.6177131934100781e-03
2.5811323385598406e-03
2.5445260546944392e-03
2.5079406888338135e-03
2.4713539844356345e-03
2.4347699571252331e-03
2.3981845913765630e-03
2.3615992254172693e-03
2.3523631362360295e-03
2.3157769321620124e-03
2.2791924045287453e-03
2.2426065384190661e-03
2.2060193337351979e-03
2.1694307903780785e-03
2.1328509411198504e-03
2.0962697537273960e-03
2.0596872281012251e-03
1.7676499974766148e-03
1.0777535777457049e-03
1.0899485649442269e-03
1.1021434034254303e-03
1.1193892555310372e-03
1.1437780657574301e-03
1.1782680365721172e-03
1.2148588170176032e-03
1.2514482586282261e-03
1.2880363615005827e-03
1.3246149145759176e-03
1.3612002804307072e-03
1.3977843078449598e-03
1.4343710121356790e-03
1.4436071013157199e-03
1.4801916289918329e-03
1.5167778330239926e-03
1.5533626985537842e-03
1.5899462256802055e-03
1.6265284145019390e-03
1.6631192964440098e-03
1.6997088395417476e-03
1.7362970438940522e-03
1.7728839095991727e-03
2.2535499094677781e-03
2.2413612621349729e-03
2.2291724662368176e-03
2.2119346521463426e-03
2.1875561944086704e-03
2.1530788342653353e-03
2.1164510098073573e-03
2.0798218437031940e-03
2.0432802780956725e-03
2.0066949122413695e-03
1.9701082078479207e-03
1.9335241805329957e-03
1.8969388147774277e-03
1.8877027254967681e-03
1.8511165210290815e-03
1.8145319937901551e-03
1.7779461280742674e-03
1.7413589237827208e-03
1.7047703808195510e-03
1.6681905303808494e-03
1.6316093418076308e-03
1.5950268150025182e-03
1.5584429498658851e-03
1.3176628997435044e-03
1.3541374174685908e-03
1.3907227781196812e-03
1.4273068003311617e-03
1.4638894842016997e-03
1.5004788756881520e-03
1.5370669284391941e-03
1.5736496073912164e-03
1.6102349732450773e-03
1.6468203390977679e-03
1.6834057049514295e-03
1.7199910708054107e-03
1.7565750982193441e-03
1.7931618025137039e-03
1.8297471682706297e-03
1.8663311955877588e-03
1.9029138845616767e-03
1.9394952352926138e-03
1.9760886317936625e-03
2.0126806892657991e-03
2.1575238960917101e-03
2.1209537048604665e-03
2.0843821762010265e-03
2.0478093100158488e-03
2.0111976054073264e-03
1.9745845603340207e-03
1.9380268736962809e-03
1.9014415078424762e-03
1.8648548034499921e-03
1.8282707761339092e-03
1.7916854102792087e-03
1.7551000444261027e-03
1.7185133400348176e-03
1.6819293127197737e-03
1.6453439469651461e-03
1.6087572426716798e-03
1.5721691997425268e-03
1.5355798180792044e-03
1.4990024834613692e-03
1.4624238108928971e-03
1.3642707509122099e-03
1.4008540262037516e-03
1.4374359632078012e-03
1.4740165620233830e-03
1.5106101226537846e-03
1.5472023442430381e-03
1.5837932268911686e-03
1.6203662202120672e-03
1.6569515860669292e-03
1.6935369519190816e-03
1.7301223177732974e-03
1.7667076836269523e-03
1.8032917110418299e-03
1.8398784153345568e-03
1.8764637810904448e-03
1.9130478084065459e-03
1.9496304973808630e-03
1.9862118481111840e-03
2.0228052446142537e-03
2.0593973020886910e-03
2.1316181319182125e-03
2.0950330516669928e-03
2.0584466328998864e-03
2.0218588755168678e-03
1.9852769533217646e-03
1.9486936928410563e-03
1.9121090939763961e-03
1.8755208557580459e-03
1.8389354899053436e-03
1.8023501240510471e-03
1.7657647581969826e-03
1.7291793923424775e-03
1.6925926879508013e-03
1.6560086606362361e-03
1.6194232948812831e-03
1.5828365905886722e-03
1.5462485476600593e-03
1.5096591659981777e-03
1.4730818313777345e-03
1.4365031588060323e-03
1.3795193289799449e-03
1.4160476109046332e-03
1.4525745585621584e-03
1.4892183419521264e-03
1.5258607826236707e-03
1.5623890736638092e-03
1.5989744395163829e-03
1.6355584669285736e-03
1.6721451712253831e-03
1.7087305369846012e-03
1.7453159029314168e-03
1.7819012687857951e-03
1.8184852961997970e-03
1.8550720004927089e-03
1.8916573662496115e-03
1.9282413935655925e-03
1.9648240825388798e-03
2.0014054332689463e-03
2.0379988297710935e-03
2.0745908872452472e-03
2.1231140983676631e-03
2.0865489660723516e-03
2.0499824967197136e-03
2.0134146902114620e-03
1.9767928679403314e-03
1.9401697044620352e-03
1.9036221362280438e-03
1.8670367703735454e-03
1.8304500659809871e-03
1.7938660386644495e-03
1.7572806728094422e-03
1.7206953069553994e-03
1.6841086025641840e-03
1.6475245752487952e-03
1.6109392094938136e-03
1.5743525052003284e-03
1.5377644622714859e-03
1.5011750806084800e-03
1.4645977459894106e-03
1.4280190734200482e-03
1.3839182739787599e-03
1.4204958480475917e-03
1.4570720842474014e-03
1.4936469826747655e-03
1.5302519450556620e-03
1.5668555675622834e-03
1.6034578502929207e-03
1.6400080426127318e-03
1.6765934084671356e-03
1.7131787743207528e-03
1.7497641401741845e-03
