0.0000000000000000e+00
3.6587373701343939e-05
7.3170731708004156e-05
1.0975275142129264e-04
1.4633343294021648e-04
1.8291277636165446e-04
2.1951219512754031e-04
2.5611027442459593e-04
2.9270701435177624e-04
1.1621029214963776e-03
2.7182139189249896e-03
2.7060216747239749e-03
2.6938292818707065e-03
2.6765863807662240e-03
2.6522007286058618e-03
2.6177131934137575e-03
2.5811323385640022e-03
2.5445260546972156e-03
2.5079406888370280e-03
2.4713539844382934e-03
2.4347699571286600e-03
2.3981845913792228e-03
2.3615992254206772e-03
2.3523631362391277e-03
2.3157769321645902e-03
2.2791924045323405e-03
2.2426065384228335e-03
2.2060193337385538e-03
2.1694307903815462e-03
2.1328509411220400e-03
2.0962697537282591e-03
2.0596872281018436e-03
1.7676499974794114e-03
1.0777535777494935e-03
1.0899485649475203e-03
1.1021434034297795e-03
1.1193892555353942e-03
1.1437780657627616e-03
1.1782680365772108e-03
1.2148588170235346e-03
1.2514482586339685e-03
1.2880363615059001e-03
1.3246149145820687e-03
1.3612002804362291e-03
1.3977843078508180e-03
1.4343710121427461e-03
1.4436071013232119e-03
1.4801916289981193e-03
1.5167778330313479e-03
1.5533626985627801e-03
1.5899462256910833e-03
1.6265284145143926e-03
1.6631192964525706e-03
1.6997088395472924e-03
1.7362970438964261e-03
1.7728839095973339e-03
2.2535499094768997e-03
2.2413612621439345e-03
2.2291724662462870e-03
2.2119346521554534e-03
2.1875561944173128e-03
2.1530788342734994e-03
2.1164510098172513e-03
2.0798218437148943e-03
2.0432802781048991e-03
2.0066949122500492e-03
1.9701082078580766e-03
1.9335241805417366e-03
1.8969388147858485e-03
1.8877027255066743e-03
1.8511165210409930e-03
1.8145319937993899e-03
1.7779461280804985e-03
1.7413589237878044e-03
1.7047703808221815e-03
1.6681905303904188e-03
1.6316093418243800e-03
1.5950268150254970e-03
1.5584429498963625e-03
1.3176628997542707e-03
1.3541374174780899e-03
1.3907227781299047e-03
1.4273068003407942e-03
1.4638894842107027e-03
1.5004788756973054e-03
1.5370669284484660e-03
1.5736496074009359e-03
1.6102349732551088e-03
1.6468203391076649e-03
1.6834057049617901e-03
1.7199910708152028e-03
1.7565750982290013e-03
1.7931618025239428e-03
1.8297471682812154e-03
1.8663311955973484e-03
1.9029138845719884e-03
1.9394952353027871e-03
1.9760886318023071e-03
2.0126806892749368e-03
2.1575238961018548e-03
2.1209537048703505e-03
2.0843821762113238e-03
2.0478093100263794e-03
2.0111976054186832e-03
1.9745845603440053e-03
1.9380268737074194e-03
1.9014415078525799e-03
1.8648548034605789e-03
1.8282707761447107e-03
1.7916854102899837e-03
1.7551000444369672e-03
1.7185133400457399e-03
1.6819293127299884e-03
1.6453439469756588e-03
1.6087572426825782e-03
1.5721691997532244e-03
1.5355798180904665e-03
1.4990024834715724e-03
1.4624238109020851e-03
1.3642707509227948e-03
1.4008540262141057e-03
1.4374359632187655e-03
1.4740165620346786e-03
1.5106101226641116e-03
1.5472023442535073e-03
1.5837932269015420e-03
1.6203662202220275e-03
1.6569515860765133e-03
1.6935369519293678e-03
1.7301223177832734e-03
1.7667076836364540e-03
1.8032917110503836e-03
1.8398784153451941e-03
1.8764637811019968e-03
1.9130478084182644e-03
1.9496304973928371e-03
1.9862118481236836e-03
2.0228052446237110e-03
2.0593973020963342e-03
2.1316181319271281e-03
2.0950330516763434e-03
2.0584466329083544e-03
2.0218588755250887e-03
1.9852769533305289e-03
1.9486936928512380e-03
1.9121090939872799e-03
1.8755208557670556e-03
1.8389354899138388e-03
1.8023501240583225e-03
1.7657647582046722e-03
1.7291793923507549e-03
1.6925926879589313e-03
1.6560086606438071e-03
1.6194232948895213e-03
1.5828365905960005e-03
1.5462485476678690e-03
1.5096591660054926e-03
1.4730818313855542e-03
1.4365031588156562e-03
1.3795193289887436e-03
1.4160476109124549e-03
1.4525745585698450e-03
1.4892183419602041e-03
1.5258607826320629e-03
1.5623890736711870e-03
1.5989744395236275e-03
1.6355584669367122e-03
1.6721451712335437e-03
1.7087305369920508e-03
1.7453159029399454e-03
1.7819012687933112e-03
1.8184852962070013e-03
1.8550720005012281e-03
1.8916573662577723e-03
1.9282413935738439e-03
1.9648240825476341e-03
2.0014054332785900e-03
2.0379988297791769e-03
2.0745908872518487e-03
2.1231140983765545e-03
2.0865489660813891e-03
2.0499824967283239e-03
2.0134146902196226e-03
1.9767928679491438e-03
1.9401697044721129e-03
1.9036221362374174e-03
1.8670367703838328e-03
1.8304500659916557e-03
1.7938660386748219e-03
1.7572806728203968e-03
1.7206953069668755e-03
1.6841086025757464e-03
1.6475245752600998e-03
1.6109392095044162e-03
1.5743525052115141e-03
1.5377644622825187e-03
1.5011750806196720e-03
1.4645977460011309e-03
1.4280190734321948e-03
1.3839182739908457e-03
1.4204958480602001e-03
1.4570720842597357e-03
1.4936469826872594e-03
1.5302519450682355e-03
1.5668555675754233e-03
1.6034578503059415e-03
1.6400080426257021e-03
1.6765934084807122e-03
1.7131787743337634e-03
1.7497641401877937e-03
