0.0000000000000000e+00
0.0000000000000000e+00
0.0000000000000000e+00
0.0000000000000000e+00
0.0000000000000000e+00
0.0000000000000000e+00
0.0000000000000000e+00
0.0000000000000000e+00
0.0000000000000000e+00
1.6657109848988341e-03
4.7047262724737556e-03
4.7047262724737556e-03
4.7047262724737556e-03
4.7047262724737556e-03
4.7047262724737556e-03
4.7047262724737556e-03
4.7047262724737556e-03
4.7047262724737556e-03
4.7047262724737556e-03
4.7047262724737556e-03
4.7047262724737556e-03
4.7047262724737556e-03
4.7047262724737556e-03
4.7047262724737556e-03
4.7047262724737556e-03
4.7047262724737556e-03
4.7047262724737556e-03
4.7047262724737556e-03
4.7047262724737556e-03
4.7047262724737556e-03
4.7047262724737556e-03
4.7047262724737556e-03
5.2156172166454243e-03
6.5222383423033893e-03
6.5222383423033893e-03
6.5222383423033893e-03
6.5222383423033893e-03
6.5222383423033893e-03
6.5222383423033893e-03
6.5222383423033893e-03
6.5222383423033893e-03
6.5222383423033893e-03
6.5222383423033893e-03
6.5222383423033893e-03
6.5222383423033893e-03
6.5222383423033893e-03
6.5222383423033893e-03
6.5222383423033893e-03
6.5222383423033893e-03
6.5222383423033893e-03
6.5222383423033893e-03
6.5222383423033893e-03
6.5222383423033893e-03
6.5222383423033893e-03
6.5222383423033893e-03
6.5222383423033893e-03
7.4104295906640685e-03
7.4104295906640685e-03
7.4104295906640685e-03
7.4104295906640685e-03
7.4104295906640685e-03
7.4104295906640685e-03
7.4104295906640685e-03
7.4104295906640685e-03
7.4104295906640685e-03
7.4104295906640685e-03
7.4104295906640685e-03
7.4104295906640685e-03
7.4104295906640685e-03
7.4104295906640685e-03
7.4104295906640685e-03
7.4104295906640685e-03
7.4104295906640685e-03
7.4104295906640685e-03
7.4104295906640685e-03
7.4104295906640685e-03
7.4104295906640685e-03
7.4104295906640685e-03
7.4104295906640685e-03
7.8190236317572919e-03
7.8190236317572919e-03
7.8190236317572919e-03
7.8190236317572919e-03
7.8190236317572919e-03
7.8190236317572919e-03
7.8190236317572919e-03
7.8190236317572919e-03
7.8190236317572919e-03
7.8190236317572919e-03
7.8190236317572919e-03
7.8190236317572919e-03
7.8190236317572919e-03
7.8190236317572919e-03
7.8190236317572919e-03
7.8190236317572919e-03
7.8190236317572919e-03
7.8190236317572919e-03
7.8190236317572919e-03
7.8190236317572919e-03
8.0355830424097083e-03
8.0355830424097083e-03
8.0355830424097083e-03
8.0355830424097083e-03
8.0355830424097083e-03
8.0355830424097083e-03
8.0355830424097083e-03
8.0355830424097083e-03
8.0355830424097083e-03
8.0355830424097083e-03
8.0355830424097083e-03
8.0355830424097083e-03
8.0355830424097083e-03
8.0355830424097083e-03
8.0355830424097083e-03
8.0355830424097083e-03
8.0355830424097083e-03
8.0355830424097083e-03
8.0355830424097083e-03
8.0355830424097083e-03
8.1587092274254380e-03
8.1587092274254380e-03
8.1587092274254380e-03
8.1587092274254380e-03
8.1587092274254380e-03
8.1587092274254380e-03
8.1587092274254380e-03
8.1587092274254380e-03
8.1587092274254380e-03
8.1587092274254380e-03
8.1587092274254380e-03
8.1587092274254380e-03
8.1587092274254380e-03
8.1587092274254380e-03
8.1587092274254380e-03
8.1587092274254380e-03
8.1587092274254380e-03
8.1587092274254380e-03
8.1587092274254380e-03
8.1587092274254380e-03
8.2299941082671184e-03
8.2299941082671184e-03
8.2299941082671184e-03
8.2299941082671184e-03
8.2299941082671184e-03
8.2299941082671184e-03
8.2299941082671184e-03
8.2299941082671184e-03
8.2299941082671184e-03
8.2299941082671184e-03
8.2299941082671184e-03
8.2299941082671184e-03
8.2299941082671184e-03
8.2299941082671184e-03
8.2299941082671184e-03
8.2299941082671184e-03
8.2299941082671184e-03
8.2299941082671184e-03
8.2299941082671184e-03
8.2299941082671184e-03
8.2708918187923332e-03
8.2708918187923332e-03
8.2708918187923332e-03
8.2708918187923332e-03
8.2708918187923332e-03
8.2708918187923332e-03
8.2708918187923332e-03
8.2708918187923332e-03
8.2708918187923332e-03
8.2708918187923332e-03
8.2708918187923332e-03
8.2708918187923332e-03
8.2708918187923332e-03
8.2708918187923332e-03
8.2708918187923332e-03
8.2708918187923332e-03
8.2708918187923332e-03
8.2708918187923332e-03
8.2708918187923332e-03
8.2708918187923332e-03
8.2948213585508686e-03
8.2948213585508686e-03
8.2948213585508686e-03
8.2948213585508686e-03
8.2948213585508686e-03
8.2948213585508686e-03
8.2948213585508686e-03
8.2948213585508686e-03
8.2948213585508686e-03
8.2948213585508686e-03
8.2948213585508686e-03
8.2948213585508686e-03
8.2948213585508686e-03
8.2948213585508686e-03
8.2948213585508686e-03
8.2948213585508686e-03
8.2948213585508686e-03
8.2948213585508686e-03
8.2948213585508686e-03
8.2948213585508686e-03
8.3098544238134897e-03
8.3098544238134897e-03
8.3098544238134897e-03
8.3098544238134897e-03
8.3098544238134897e-03
8.3098544238134897e-03
8.3098544238134897e-03
8.3098544238134897e-03
8.3098544238134897e-03
8.3098544238134897e-03
8.3098544238134897e-03
