0.0000000000000000e+00
-2.5004040254486299e+01
-5.0000000000581849e+01
-7.5000379830981032e+01
-1.0000518072381935e+02
-1.2501440365684152e+02
-1.4999999999954173e+02
-1.7499001510400183e+02
-1.9998444994679846e+02
-2.2499501143649334e+02
-2.5000023642979076e+02
-2.4166666721285475e+02
-2.3333358911708288e+02
-2.2154967538492429e+02
-2.0488638123768752e+02
-1.8132427708932155e+02
-1.5633718304533286e+02
-1.3131132761364051e+02
-1.0631132760951567e+02
-8.1315747848060880e+01
-5.6311327607377848e+01
-3.1311328586872857e+01
-6.3113276071845590e+00
3.2381726841688923e-10
2.4997231850786424e+01
5.0000000000059927e+01
7.4998347294307237e+01
9.9992274711396988e+01
1.2498178322814499e+02
1.4999999999905472e+02
1.7501379249744559e+02
2.0002316170195226e+02
2.2499979582286915e+02
2.4999995074536548e+02
2.4166666660542012e+02
2.3333289126235383e+02
2.2154631453954778e+02
2.0487590048940999e+02
1.8129701954446489e+02
1.5631132760580238e+02
1.3132121753058135e+02
1.0632668834095703e+02
8.1311327606262410e+01
5.6311327606265017e+01
3.1306906385439667e+01
6.3113276061858832e+00
-1.0521637200540881e-09
-2.5002768609670316e+01
-5.0000000001172808e+01
-7.5001652001154184e+01
-1.0000772558736128e+02
-1.2501822173771052e+02
-1.5000000000197656e+02
-1.7498619545658562e+02
-1.9997680907837713e+02
-2.2497184184415454e+02
-2.4999810495262460e+02
-2.4166666668299493e+02
-2.3333571927159750e+02
-2.2155481833247367e+02
-2.0489578402081327e+02
-1.8133970239369876e+02
-1.5631132762092156e+02
-1.3128738319988730e+02
-1.0631132762427302e+02
-8.1311327613170562e+01
-5.6315747845116150e+01
-3.1311327607885993e+01
-6.3113285912571389e+00
-7.9876096684240398e-11
2.4997235745103652e+01
4.9999999999810726e+01
7.4998343400250249e+01
9.9992266924354084e+01
1.2498177154920100e+02
1.4999999999870516e+02
1.7501380417277511e+02
2.0002318505063164e+02
2.2502814361018727e+02
2.4996374867700979e+02
2.2499999848223590e+02
1.9999999998560941e+02
1.7499558026885248e+02
1.4998673835420624e+02
1.2499999999988954e+02
1.0000884335749986e+02
7.4999999999956557e+01
5.0000000000137504e+01
2.5000000000319702e+01
4.3089081884497285e-10
-2.4999999999634760e+01
-5.0004421220296059e+01
-7.4999999999629210e+01
-9.9999999021580933e+01
-1.2500441926401804e+02
-1.5001326170521463e+02
-1.7502652732342401e+02
-2.0000000000082611e+02
-2.2497788803215732e+02
-2.4999534949290094e+02
-2.2500000054657968e+02
-2.0000906957130545e+02
-1.7502255559021575e+02
-1.5000000000637641e+02
-1.2498187214421375e+02
-1.0000000000637706e+02
-7.5000000001498918e+01
-5.0004420239468935e+01
-2.4999999998860886e+01
1.5341127765786999e-09
2.5000000001729745e+01
4.9995579759025460e+01
7.5000000001545260e+01
9.9999999024036640e+01
1.2499557780354701e+02
1.4998673731799258e+02
1.7497347854420332e+02
1.9999999999963745e+02
2.2502209534507037e+02
2.4999932394621652e+02
2.2499999967671653e+02
1.9999625450800568e+02
1.7498808746229474e+02
1.5000000000153580e+02
1.2500749361063352e+02
1.0001056731277086e+02
7.5000000001686175e+01
5.0000000001615270e+01
2.5000000001447770e+01
1.5675520674977523e-09
-2.4999999998408601e+01
-5.0004421219046215e+01
-7.4999999999018783e+01
-9.9999999021078139e+01
-1.2500441926387329e+02
-1.5001326170510575e+02
-1.7502652732342321e+02
-2.0000000000020481e+02
-2.2497788803120554e+02
-2.4999991218410065e+02
-2.2500000022593912e+02
-2.0000450846742592e+02
-1.7501343593178905e+02
-1.4999999999869456e+02
-1.2499098732685573e+02
-9.9986396938387841e+01
-7.4999999997999964e+01
-4.9999999998246970e+01
-2.4999999997596117e+01
2.3462363435409313e-09
2.5000000002284516e+01
4.9995579759311795e+01
7.5000000001807564e+01
9.9999999024023111e+01
1.2499557780343363e+02
1.4998673731801546e+02
1.7497347854461256e+02
2.0000000000001359e+02
2.2502209534502296e+02
2.4998162950939488e+02
2.2499999981127425e+02
2.0001395765110581e+02
1.7499999998985200e+02
1.4998161331718583e+02
1.2499999998253246e+02
9.9999999998459259e+01
7.4995578793488690e+01
5.0000000001750024e+01
2.5000000967521949e+01
1.9455515033407904e-09
-2.4999999998201538e+01
-5.0004421218745236e+01
-7.4999999998587128e+01
-9.9999999020463250e+01
-1.2500441926299945e+02
-1.5001326170437363e+02
-1.7502652732251681e+02
-2.0000000000028840e+02
-2.2497788803219117e+02
-2.4999374603866821e+02
-2.2500000016626407e+02
-2.0001067149459459e+02
-1.7502575904729380e+02
-1.5000000000966159e+02
-1.2497867023507729e+02
-1.0000000001109112e+02
-7.5000000002875481e+01
-5.0004420237493001e+01
-2.4999999998931415e+01
9.8557155699283499e-10
2.5000000001076248e+01
4.9995579758433571e+01
7.5000000000890381e+01
9.9999999022995098e+01
1.2499557780246116e+02
1.4998673731681328e+02
1.7497347854304917e+02
1.9999999999890363e+02
2.2502209534454261e+02
2.4999749303567717e+02
2.2499999983898965e+02
1.9999808661772383e+02
1.7499175239390161e+02
1.5000000000129771e+02
1.2500382693014622e+02
1.0000323220199648e+02
7.4999999999608164e+01
5.0000000000785931e+01
2.5000000000232241e+01
1.1881561377733569e-10
