0.0000000000000000e+00
-1.1435251150976292e-03
-1.3928898656282293e-10
-1.1427256811894057e-03
-4.5720921221352670e-03
-1.0288490004282107e-02
1.6567686330585617e-09
8.0024653238992983e-03
1.3718511418469885e-02
-3.9721093499594040e-03
-9.4354001724574962e-04
3.2264250492128302e-07
6.9017088102392150e-04
1.2321612121643775e-03
1.1315201665454209e-03
-7.4486538716223710e-04
-4.9549097539962816e-03
4.1893917775958335e-11
-1.7115483271792323e-10
-2.2863905294754358e-03
4.8673833108629569e-10
-3.8867152516830537e-07
4.3696351900581273e-10
5.5519771011995436e-10
-1.4318281193473770e-03
6.0741833274963176e-10
-8.5480531154337859e-04
-3.9958554895490319e-03
-9.4227600356045355e-03
1.5588305246653037e-09
7.1347642251269015e-03
1.1981918501105727e-02
9.5827251839994147e-05
1.8415712068985182e-05
3.5164527949912235e-08
-2.7241355828733292e-04
-1.0914637814390367e-03
-3.1173473299523280e-03
-7.7177280540850777e-03
3.4351343433156603e-10
5.4321540009217338e-03
8.5783423626047475e-03
-2.1646466573319937e-10
-8.4402309440924317e-11
-2.2867804644587861e-03
-4.6055041149485577e-10
-6.9609184424048087e-10
-1.4320137504759568e-03
-4.3614607996381809e-10
-8.5452350371086733e-04
-3.9959729810666441e-03
-9.4247392846275348e-03
1.0576467232576476e-09
7.1395699562090895e-03
1.1993577328799233e-02
1.4561633266177654e-02
-1.0839594397833196e-03
8.5689243981364890e-09
8.3010051855373062e-04
1.5706621059224986e-03
1.7513152071207991e-03
2.7368474031649382e-04
-3.5237934825520462e-09
-2.5653245983116597e-03
-6.3633895480929911e-09
-1.9295291365296154e-09
-2.2863877266142999e-03
-6.6193336323620462e-11
-3.9285685662109312e-07
1.3384541171593720e-11
-1.4302742679532373e-03
5.4356181567026771e-11
-8.5636007827084913e-04
-3.9989639316133380e-03
-9.4274215974706182e-03
1.2135259383203965e-09
7.1394238518080154e-03
1.1991237146575465e-02
1.4555831486847786e-02
1.6927908391066955e-02
8.7269497832219960e-07
-6.4283339124763423e-09
-2.2876661027243341e-03
-6.8624961503778994e-03
1.6231332400240291e-09
4.5768891670299860e-03
5.8352636915667376e-10
7.6424428443337539e-10
5.5241274394945290e-10
6.4720811701585948e-10
6.1881111749623470e-10
-2.2867799403127696e-03
9.9582783592655854e-10
3.9188142454638375e-07
-2.2859979132672024e-03
-6.8595587802499081e-03
-1.3720681162184188e-02
3.4882076577696988e-09
1.1436249842782239e-02
-2.4503653144267853e-03
3.2246707461895803e-07
1.6591884270577241e-04
-1.9531862907626357e-03
1.2053510360562711e-10
-3.3697361258032719e-04
-1.0725300393446176e-09
7.5414520199244322e-10
-2.2863875809067107e-03
1.5304583498490044e-09
1.4461392065003354e-09
1.7431837552732691e-09
-2.2863882641801702e-03
1.8871498204044467e-09
-3.8802780621324647e-07
-2.2871684356235967e-03
-6.8599486480351215e-03
-1.3718338697034205e-02
3.8343784609342710e-09
1.1429613789679228e-02
3.2282606408895047e-04
1.8871694282456864e-07
-2.6090465933986001e-03
-7.5052701555187052e-03
2.5149608309767737e-09
5.2193004474792165e-03
8.1522340055088186e-03
1.6763923512365370e-09
1.9082867465108596e-09
1.5173485591804751e-09
1.6890923997086878e-09
1.6055253607505890e-09
-2.2867788318953392e-03
1.5736530806298411e-09
3.9229958157313383e-07
-2.2859976910932379e-03
-6.8595585287069003e-03
-1.3720680982198126e-02
4.2189882393337955e-09
1.1436250911402912e-02
-4.5773245480018335e-05
1.3530235314868474e-07
-2.2403215819554196e-03
-6.7667542576281183e-03
2.9085283847511148e-09
4.4791504090985132e-03
6.6710781279109566e-03
2.5142254799308755e-09
2.5909381123362771e-09
2.3520256031348082e-09
2.3573371103057282e-09
2.2625279430948904e-09
-2.2863880620825096e-03
2.2063330885999750e-09
-3.8780171050130081e-07
-2.2871682014549062e-03
-6.8599481476604293e-03
-1.3718337788355078e-02
4.3795409790855483e-09
1.1429613776563813e-02
8.8445618558964396e-03
1.1182366787666914e-07
-1.1126142847492259e-02
-4.7909237459684485e-09
8.8347608316080503e-03
-6.7959598852592260e-09
-2.7668142962408010e-10
-2.2867743934154076e-03
1.8295813405990847e-09
3.8793812258577430e-07
1.6543773834231831e-09
1.5501015163905196e-09
-2.2867788923206863e-03
1.4717507017415200e-09
3.9229572219055089e-07
-2.2859976746251007e-03
-6.8595588172824526e-03
-1.3720681196895786e-02
3.5982651392836249e-09
1.1436249866352451e-02
-3.2451026363905645e-03
9.9029355170921690e-08
9.6064783048672184e-04
-3.6306653162451556e-04
-1.0728368949064574e-09
-1.9279732371492158e-03
-3.0887137497721727e-09
3.7500663819829837e-10
-2.2863864681789557e-03
1.5889991255782951e-09
1.1900022233221767e-09
1.2755973180527787e-09
-2.2863887348552872e-03
1.3624088881417204e-09
-3.8892545300202753e-07
-2.2871692036994405e-03
-6.8599493875781681e-03
-1.3718339439286697e-02
3.2872216981852810e-09
1.1429613379560756e-02
1.2076295464031061e-03
9.4119152019236760e-08
-3.4935422620530369e-03
-9.2736701467161300e-03
1.7808175581379084e-09
6.9867055247341174e-03
1.1686050243371535e-02
-4.6060931116147966e-11
8.4238010021396936e-10
4.2651612145804394e-10
4.5910419490985036e-10
