0.0000000000000000e+00
-1.1435251490559345e-03
-2.8432682771993189e-10
-1.1427257784964796e-03
-4.5720922838406010e-03
-1.0288490104847770e-02
1.4267533232796497e-09
8.0024650404145591e-03
1.3718511226194413e-02
-3.9721094724563229e-03
-9.4354000417837085e-04
3.2260044812299440e-07
6.9017084268414202e-04
1.2321610249200904e-03
1.1315199711774524e-03
-7.4486571031862937e-04
-4.9549101628289169e-03
-7.2867402117932913e-11
-3.0190987708374650e-10
-2.2863906428736919e-03
2.6620191612347885e-10
-3.8882815010887267e-07
1.8537755096123485e-10
3.6856317071205142e-10
-1.4318282658336711e-03
3.1756770385072480e-10
-8.5480566905274911e-04
-3.9958558415975950e-03
-9.4227604534340547e-03
1.3273255388624974e-09
7.1347641976493110e-03
1.1981918511297472e-02
9.5827025566581488e-05
1.8415536156703604e-05
3.5116493479405828e-08
-2.7241375710431066e-04
-1.0914640598129186e-03
-3.1173477178256977e-03
-7.7177284749733819e-03
-2.0056229616459688e-10
5.4321534701780357e-03
8.5783419111553228e-03
-8.0199652660039322e-10
-5.6205470899582738e-10
-2.2867809910774297e-03
-1.1330528297827476e-09
-1.4219414737065391e-09
-1.4320143407001232e-03
-1.2439218465974506e-09
-8.5452457033601166e-04
-3.9959743564833136e-03
-9.4247408941569091e-03
4.9571362689464903e-11
7.1395694138225840e-03
1.1993577272678109e-02
1.4561633895043644e-02
-1.0839600662699289e-03
7.9735330137149217e-09
8.3009987374025294e-04
1.5706615430138701e-03
1.7513148030581661e-03
2.7368439703944299e-04
-4.1099943696586172e-09
-2.5653254659106436e-03
-6.8677820654690549e-09
-2.3795728511886151e-09
-2.2863883013313695e-03
-4.4192751986114435e-10
-3.9325232991503702e-07
-5.1928615488131086e-10
-1.4302750964848344e-03
-3.8101793920634576e-10
-8.5636005619109693e-04
-3.9989636723613414e-03
-9.4274209856118913e-03
7.3849967939808104e-10
7.1394223040505697e-03
1.1991234588456166e-02
1.4555827808502644e-02
1.6927907985997935e-02
8.7245073186729378e-07
-6.7723757975653908e-09
-2.2876663536454261e-03
-6.8624963256223390e-03
1.4460429000181281e-09
4.5768890096021340e-03
3.1181495881363652e-10
4.8792579901706510e-10
2.7420132306123475e-10
3.5191669746436742e-10
3.2984792693788391e-10
-2.2867801664806968e-03
6.1585538075504930e-10
3.9152675048905769e-07
-2.2859981923365482e-03
-6.8595590854086449e-03
-1.3720681453771338e-02
3.4168710917725336e-09
1.1436249716443749e-02
-2.4503655552442403e-03
3.2225230871288852e-07
1.6591856003878499e-04
-1.9531866090024704e-03
-2.7204630710299332e-10
-3.3697381812566310e-04
-1.4236929732624138e-09
4.8708491779696598e-10
-2.2863878919338922e-03
1.2384977268821559e-09
1.0994454665344696e-09
1.3630075245432067e-09
-2.2863886228658144e-03
1.5316677067811444e-09
-3.8841126769004292e-07
-2.2871688573454637e-03
-6.8599490276350927e-03
-1.3718339179038029e-02
3.5601675579663215e-09
1.1429613639569691e-02
3.2282570424010514e-04
1.8843726166083719e-07
-2.6090469462801656e-03
-7.5052705419878640e-03
2.2399771132801919e-09
5.2193001356169002e-03
8.1522336742589265e-03
1.4572834270546567e-09
1.7088718937401350e-09
1.2119739946316507e-09
1.4421636906354950e-09
1.4283060812612688e-09
-2.2867788616353813e-03
1.2868997703459482e-09
3.9186022779307747e-07
-2.2859982035641478e-03
-6.8595591006847360e-03
-1.3720681599423556e-02
4.0033795540535925e-09
1.1436251026122765e-02
-4.5773275256867433e-05
1.3517413611054665e-07
-2.2403216081752692e-03
-6.7667542049139294e-03
2.8784241365036377e-09
4.4791501882068176e-03
6.6710777583380582e-03
2.4464485418229229e-09
2.5723228233233228e-09
2.5177422721881049e-09
2.4637355272010745e-09
2.2890869635479200e-09
-2.2863879986972971e-03
2.3177121991696088e-09
-3.8767816412656313e-07
-2.2871679955830193e-03
-6.8599480050747898e-03
-1.3718337580235451e-02
4.5129848361241765e-09
1.1429613640500845e-02
8.8445618527282135e-03
1.1195689153916016e-07
-1.1126142691714393e-02
-4.7567237539275384e-09
8.8347608347377014e-03
-6.6464672218238234e-09
-1.2842643524436537e-10
-2.2867743656750810e-03
1.8563968511400519e-09
3.8800042572113165e-07
1.5559397499842646e-09
1.6113422833688496e-09
-2.2867788208251181e-03
1.3837758052630434e-09
3.9220780097224755e-07
-2.2859977518974867e-03
-6.8595589746663814e-03
-1.3720681498827719e-02
3.5505819004613899e-09
1.1436250082927785e-02
-3.2451027718183485e-03
9.8925271837933005e-08
9.6064776020873192e-04
-3.6306655926223905e-04
-1.1928215575339560e-09
-1.9279734384491918e-03
-3.2078022205461485e-09
1.3092525371020228e-10
-2.2863867823725045e-03
1.3388265241485410e-09
9.0167969143151763e-10
8.8263641821592211e-10
-2.2863891297665150e-03
1.0059192304170265e-09
-3.8923152128830880e-07
-2.2871695755351151e-03
-6.8599497894969337e-03
-1.3718339778594411e-02
2.8773065845379818e-09
1.1429612914454421e-02
1.2076290497674783e-03
9.3568103839426840e-08
-3.4935427749507569e-03
-9.2736706799014853e-03
1.1945936327006274e-09
6.9867048579346632e-03
1.1686049537392485e-02
-6.6629201423047901e-10
1.5287294965125494e-10
-1.7753047153438326e-10
-2.3012209506014175e-10
