0.0000000000000000e+00
0.0000000000000000e+00
0.0000000000000000e+00
0.0000000000000000e+00
0.0000000000000000e+00
0.0000000000000000e+00
0.0000000000000000e+00
-5.2970184567379652e+00
-2.0831263088531578e+01
-3.5949535589493898e+01
-5.0593785546273139e+01
-5.0593785546273139e+01
-5.0593785546273139e+01
-5.0593785546273139e+01
-5.0593785546273139e+01
-5.0593785546273139e+01
-5.0593785546273139e+01
-5.0593785546273139e+01
-5.0593785546273139e+01
-5.0593785546273139e+01
-5.0593785546273139e+01
-5.0593785546273139e+01
-5.0593785546273139e+01
-5.0593785546273139e+01
-5.0593785546273139e+01
-4.9591214253215846e+01
-3.3023184014361618e+01
-1.6716874393252240e+01
-7.0360329062191995e-01
1.4971889825464869e+01
3.0257859878913038e+01
3.0257859878913038e+01
3.0257859878913038e+01
3.0257859878913038e+01
3.0257859878913049e+01
3.0257859878913049e+01
3.0257859878913049e+01
3.0257859878913049e+01
3.0257859878913049e+01
3.0257859878913042e+01
3.0257859878913049e+01
3.0257859878913035e+01
3.0257859878913035e+01
3.0257859878913052e+01
3.0257859878913052e+01
3.0257859878913028e+01
3.0257859878913020e+01
2.9826008031763550e+01
1.3573179753336783e+01
-2.3764024195528872e+00
-1.7980422223835653e+01
-1.7980422223835653e+01
-1.7980422223835653e+01
-1.7980422223835653e+01
-1.7980422223835653e+01
-1.7980422223835653e+01
-1.7980422223835653e+01
-1.7980422223835653e+01
-1.7980422223835653e+01
-1.7980422223835653e+01
-1.7980422223835653e+01
-1.7980422223835653e+01
-1.7980422223835653e+01
-1.7980422223835653e+01
-1.7980422223835653e+01
-1.7980422223835653e+01
-1.7980422223835653e+01
-1.7980422223835653e+01
-1.7980422223835653e+01
-5.1279275177369099e+00
1.0648178777112530e+01
1.0648178777112530e+01
1.0648178777112538e+01
1.0648178777112538e+01
1.0648178777112538e+01
1.0648178777112538e+01
1.0648178777112534e+01
1.0648178777112530e+01
1.0648178777112527e+01
1.0648178777112527e+01
1.0648178777112530e+01
1.0648178777112529e+01
1.0648178777112529e+01
1.0648178777112529e+01
1.0648178777112529e+01
1.0648178777112522e+01
1.0648178777112525e+01
1.0648178777112525e+01
1.0648178777112522e+01
9.6027373724441247e+00
-6.2691938727431440e+00
-6.2691938727431440e+00
-6.2691938727431440e+00
-6.2691938727431440e+00
-6.2691938727431440e+00
-6.2691938727431440e+00
-6.2691938727431440e+00
-6.2691938727431440e+00
-6.2691938727431440e+00
-6.2691938727431440e+00
-6.2691938727431440e+00
-6.2691938727431440e+00
-6.2691938727431440e+00
-6.2691938727431440e+00
-6.2691938727431440e+00
-6.2691938727431440e+00
-6.2691938727431440e+00
-6.2691938727431440e+00
-6.2691938727431440e+00
-6.2691938727431440e+00
3.7156629139536634e+00
3.7156629139536634e+00
3.7156629139536630e+00
3.7156629139536657e+00
3.7156629139536630e+00
3.7156629139536625e+00
3.7156629139536625e+00
3.7156629139536625e+00
3.7156629139536608e+00
3.7156629139536581e+00
3.7156629139536563e+00
3.7156629139536550e+00
3.7156629139536550e+00
3.7156629139536577e+00
3.7156629139536577e+00
3.7156629139536577e+00
3.7156629139536572e+00
3.7156629139536572e+00
3.7156629139536546e+00
3.7156629139536546e+00
-2.2131948538210033e+00
-2.2131948538210033e+00
-2.2131948538210033e+00
-2.2131948538210033e+00
-2.2131948538210033e+00
-2.2131948538210033e+00
-2.2131948538210033e+00
-2.2131948538210033e+00
-2.2131948538210033e+00
-2.2131948538210033e+00
-2.2131948538210033e+00
-2.2131948538210033e+00
-2.2131948538210033e+00
-2.2131948538210033e+00
-2.2131948538210033e+00
-2.2131948538210033e+00
-2.2131948538210033e+00
-2.2131948538210033e+00
-2.2131948538210033e+00
-2.2131948538210033e+00
1.3220772586852960e+00
1.3220772586852962e+00
1.3220772586852962e+00
1.3220772586852962e+00
1.3220772586852962e+00
1.3220772586852958e+00
1.3220772586852958e+00
1.3220772586852958e+00
1.3220772586852954e+00
1.3220772586852956e+00
1.3220772586852960e+00
1.3220772586852954e+00
1.3220772586852954e+00
1.3220772586852954e+00
1.3220772586852954e+00
1.3220772586852954e+00
1.3220772586852956e+00
1.3220772586852956e+00
1.3220772586852951e+00
1.3220772586852951e+00
-7.7599320911270786e-01
-7.7599320911270786e-01
-7.7599320911270786e-01
-7.7599320911270786e-01
-7.7599320911270786e-01
-7.7599320911270786e-01
-7.7599320911270786e-01
-7.7599320911270786e-01
-7.7599320911270786e-01
-7.7599320911270786e-01
-7.7599320911270786e-01
-7.7599320911270786e-01
-7.7599320911270786e-01
-7.7599320911270786e-01
-7.7599320911270786e-01
-7.7599320911270786e-01
-7.7599320911270786e-01
-7.7599320911270786e-01
-7.7599320911270786e-01
-7.7599320911270786e-01
4.7454151488284740e-01
4.7454151488284740e-01
4.7454151488284740e-01
4.7454151488284740e-01
4.7454151488284740e-01
4.7454151488284740e-01
4.7454151488284729e-01
4.7454151488284724e-01
4.7454151488284724e-01
4.7454151488284724e-01
4.7454151488284702e-01
