0.0000000000000000e+00
0.0000000000000000e+00
0.0000000000000000e+00
0.0000000000000000e+00
0.0000000000000000e+00
0.0000000000000000e+00
0.0000000000000000e+00
2.6485092283687126e+00
1.0415631544265519e+01
1.7974767794746661e+01
2.5296892773135411e+01
2.5296892773135383e+01
2.5296892773135383e+01
2.5296892773135369e+01
2.5296892773135383e+01
2.5296892773135376e+01
2.5296892773135362e+01
2.5296892773135340e+01
2.5296892773135340e+01
2.5296892773135387e+01
2.5296892773135344e+01
2.5296892773135305e+01
2.5296892773135276e+01
2.5296892773135252e+01
2.5296892773135244e+01
2.4795607126606299e+01
1.6511592007176333e+01
8.3584371966182101e+00
3.5180164530230151e-01
-7.4859449127419966e+00
-1.5128929939465637e+01
-1.5128929939465642e+01
-1.5128929939465634e+01
-1.5128929939465610e+01
-1.5128929939465610e+01
-1.5128929939465621e+01
-1.5128929939465644e+01
-1.5128929939465619e+01
-1.5128929939465607e+01
-1.5128929939465607e+01
-1.5128929939465614e+01
-1.5128929939465614e+01
-1.5128929939465618e+01
-1.5128929939465650e+01
-1.5128929939465628e+01
-1.5128929939465616e+01
-1.5128929939465607e+01
-1.4913004015890959e+01
-6.7865898766808108e+00
1.1882012097628485e+00
8.9902111119029868e+00
8.9902111119029886e+00
8.9902111119029851e+00
8.9902111119029779e+00
8.9902111119029833e+00
8.9902111119029851e+00
8.9902111119029691e+00
8.9902111119029655e+00
8.9902111119029549e+00
8.9902111119029602e+00
8.9902111119029531e+00
8.9902111119029513e+00
8.9902111119029531e+00
8.9902111119029655e+00
8.9902111119029531e+00
8.9902111119029620e+00
8.9902111119029762e+00
8.9902111119029797e+00
8.9902111119029673e+00
2.5639637588571014e+00
-5.3240893885659997e+00
-5.3240893885659863e+00
-5.3240893885659810e+00
-5.3240893885659784e+00
-5.3240893885659899e+00
-5.3240893885659979e+00
-5.3240893885659997e+00
-5.3240893885660050e+00
-5.3240893885660050e+00
-5.3240893885660094e+00
-5.3240893885660139e+00
-5.3240893885660059e+00
-5.3240893885660068e+00
-5.3240893885660050e+00
-5.3240893885660014e+00
-5.3240893885660023e+00
-5.3240893885660103e+00
-5.3240893885660014e+00
-5.3240893885660032e+00
-4.8013686862325473e+00
3.1345969363546047e+00
3.1345969363546042e+00
3.1345969363546029e+00
3.1345969363546038e+00
3.1345969363546047e+00
3.1345969363546118e+00
3.1345969363546122e+00
3.1345969363546171e+00
3.1345969363546216e+00
3.1345969363546202e+00
3.1345969363546180e+00
3.1345969363546149e+00
3.1345969363546140e+00
3.1345969363546109e+00
3.1345969363546096e+00
3.1345969363546122e+00
3.1345969363546122e+00
3.1345969363546051e+00
3.1345969363546033e+00
3.1345969363545980e+00
-1.8578314569953616e+00
-1.8578314569953671e+00
-1.8578314569953627e+00
-1.8578314569953625e+00
-1.8578314569953625e+00
-1.8578314569953616e+00
-1.8578314569953625e+00
-1.8578314569953660e+00
-1.8578314569953651e+00
-1.8578314569953642e+00
-1.8578314569953627e+00
-1.8578314569953613e+00
-1.8578314569953631e+00
-1.8578314569953611e+00
-1.8578314569953578e+00
-1.8578314569953591e+00
-1.8578314569953622e+00
-1.8578314569953651e+00
-1.8578314569953664e+00
-1.8578314569953698e+00
1.1065974268903955e+00
1.1065974268903953e+00
1.1065974268903955e+00
1.1065974268903962e+00
1.1065974268903951e+00
1.1065974268903984e+00
1.1065974268903964e+00
1.1065974268903973e+00
1.1065974268903964e+00
1.1065974268903962e+00
1.1065974268903958e+00
1.1065974268903955e+00
1.1065974268903949e+00
1.1065974268903960e+00
1.1065974268903953e+00
1.1065974268903966e+00
1.1065974268903971e+00
1.1065974268903980e+00
1.1065974268903978e+00
1.1065974268903991e+00
-6.6103862936506963e-01
-6.6103862936507007e-01
-6.6103862936506885e-01
-6.6103862936506819e-01
-6.6103862936506719e-01
-6.6103862936506630e-01
-6.6103862936506530e-01
-6.6103862936506541e-01
-6.6103862936506552e-01
-6.6103862936506530e-01
-6.6103862936506574e-01
-6.6103862936506497e-01
-6.6103862936506430e-01
-6.6103862936506386e-01
-6.6103862936506308e-01
-6.6103862936506264e-01
-6.6103862936506219e-01
-6.6103862936506241e-01
-6.6103862936506153e-01
-6.6103862936506097e-01
3.8799660453464441e-01
3.8799660453464480e-01
3.8799660453464391e-01
3.8799660453464346e-01
3.8799660453464324e-01
3.8799660453464369e-01
3.8799660453464374e-01
3.8799660453464402e-01
3.8799660453464391e-01
3.8799660453464435e-01
3.8799660453464446e-01
3.8799660453464385e-01
3.8799660453464407e-01
3.8799660453464374e-01
3.8799660453464352e-01
3.8799660453464341e-01
3.8799660453464352e-01
3.8799660453464291e-01
3.8799660453464324e-01
3.8799660453464335e-01
-2.3727075746211504e-01
-2.3727075746211534e-01
-2.3727075746211526e-01
-2.3727075746211523e-01
-2.3727075746211485e-01
-2.3727075746211485e-01
-2.3727075746211496e-01
-2.3727075746211457e-01
-2.3727075746211432e-01
-2.3727075746211443e-01
-2.3727075746211451e-01
