0.0000000000000000e+00
0.0000000000000000e+00
0.0000000000000000e+00
0.0000000000000000e+00
0.0000000000000000e+00
0.0000000000000000e+00
0.0000000000000000e+00
2.6485092283692526e+00
1.0415631544266018e+01
1.7974767794747248e+01
2.5296892773137792e+01
2.5296892773137770e+01
2.5296892773137753e+01
2.5296892773137717e+01
2.5296892773137721e+01
2.5296892773137714e+01
2.5296892773137682e+01
2.5296892773137639e+01
2.5296892773137628e+01
2.5296892773137650e+01
2.5296892773137614e+01
2.5296892773137579e+01
2.5296892773137522e+01
2.5296892773137508e+01
2.5296892773137486e+01
2.4795607126609170e+01
1.6511592007184912e+01
8.3584371966336821e+00
3.5180164531931518e-01
-7.4859449127231539e+00
-1.5128929939447589e+01
-1.5128929939447591e+01
-1.5128929939447595e+01
-1.5128929939447568e+01
-1.5128929939447561e+01
-1.5128929939447575e+01
-1.5128929939447604e+01
-1.5128929939447577e+01
-1.5128929939447554e+01
-1.5128929939447543e+01
-1.5128929939447550e+01
-1.5128929939447545e+01
-1.5128929939447545e+01
-1.5128929939447561e+01
-1.5128929939447538e+01
-1.5128929939447529e+01
-1.5128929939447522e+01
-1.4913004015872769e+01
-6.7865898766560866e+00
1.1882012097899339e+00
8.9902111119325454e+00
8.9902111119325525e+00
8.9902111119325490e+00
8.9902111119325383e+00
8.9902111119325419e+00
8.9902111119325454e+00
8.9902111119325347e+00
8.9902111119325294e+00
8.9902111119325259e+00
8.9902111119325259e+00
8.9902111119325152e+00
8.9902111119325170e+00
8.9902111119325099e+00
8.9902111119325223e+00
8.9902111119325170e+00
8.9902111119325188e+00
8.9902111119325383e+00
8.9902111119325383e+00
8.9902111119325259e+00
2.5639637588796336e+00
-5.3240893885467049e+00
-5.3240893885466924e+00
-5.3240893885466871e+00
-5.3240893885466845e+00
-5.3240893885466987e+00
-5.3240893885467058e+00
-5.3240893885467022e+00
-5.3240893885467075e+00
-5.3240893885467031e+00
-5.3240893885467084e+00
-5.3240893885467147e+00
-5.3240893885467049e+00
-5.3240893885467058e+00
-5.3240893885466987e+00
-5.3240893885466951e+00
-5.3240893885466969e+00
-5.3240893885467031e+00
-5.3240893885466942e+00
-5.3240893885466942e+00
-4.8013686862117435e+00
3.1345969363883839e+00
3.1345969363883812e+00
3.1345969363883821e+00
3.1345969363883852e+00
3.1345969363883843e+00
3.1345969363883861e+00
3.1345969363883857e+00
3.1345969363883888e+00
3.1345969363883945e+00
3.1345969363883923e+00
3.1345969363883919e+00
3.1345969363883888e+00
3.1345969363883852e+00
3.1345969363883834e+00
3.1345969363883821e+00
3.1345969363883834e+00
3.1345969363883834e+00
3.1345969363883790e+00
3.1345969363883781e+00
3.1345969363883706e+00
-1.8578314569584409e+00
-1.8578314569584458e+00
-1.8578314569584415e+00
-1.8578314569584413e+00
-1.8578314569584415e+00
-1.8578314569584378e+00
-1.8578314569584393e+00
-1.8578314569584413e+00
-1.8578314569584438e+00
-1.8578314569584424e+00
-1.8578314569584404e+00
-1.8578314569584391e+00
-1.8578314569584431e+00
-1.8578314569584398e+00
-1.8578314569584382e+00
-1.8578314569584382e+00
-1.8578314569584413e+00
-1.8578314569584440e+00
-1.8578314569584455e+00
-1.8578314569584466e+00
1.1065974269304772e+00
1.1065974269304768e+00
1.1065974269304768e+00
1.1065974269304775e+00
1.1065974269304781e+00
1.1065974269304795e+00
1.1065974269304770e+00
1.1065974269304777e+00
1.1065974269304761e+00
1.1065974269304768e+00
1.1065974269304781e+00
1.1065974269304775e+00
1.1065974269304770e+00
1.1065974269304786e+00
1.1065974269304775e+00
1.1065974269304792e+00
1.1065974269304810e+00
1.1065974269304808e+00
1.1065974269304810e+00
1.1065974269304815e+00
-6.6103862932034263e-01
-6.6103862932034341e-01
-6.6103862932034207e-01
-6.6103862932034163e-01
-6.6103862932034041e-01
-6.6103862932033974e-01
-6.6103862932033886e-01
-6.6103862932033919e-01
-6.6103862932033919e-01
-6.6103862932033919e-01
-6.6103862932033963e-01
-6.6103862932033874e-01
-6.6103862932033819e-01
-6.6103862932033797e-01
-6.6103862932033708e-01
-6.6103862932033641e-01
-6.6103862932033641e-01
-6.6103862932033652e-01
-6.6103862932033597e-01
-6.6103862932033497e-01
3.8799660457796270e-01
3.8799660457796303e-01
3.8799660457796259e-01
3.8799660457796203e-01
3.8799660457796142e-01
3.8799660457796203e-01
3.8799660457796215e-01
3.8799660457796220e-01
3.8799660457796192e-01
3.8799660457796231e-01
3.8799660457796242e-01
3.8799660457796181e-01
3.8799660457796203e-01
3.8799660457796203e-01
3.8799660457796187e-01
3.8799660457796137e-01
3.8799660457796159e-01
3.8799660457796115e-01
3.8799660457796104e-01
3.8799660457796109e-01
-2.3727075742083667e-01
-2.3727075742083659e-01
-2.3727075742083656e-01
-2.3727075742083661e-01
-2.3727075742083623e-01
-2.3727075742083623e-01
-2.3727075742083611e-01
-2.3727075742083586e-01
-2.3727075742083556e-01
-2.3727075742083564e-01
-2.3727075742083578e-01
