0.0000000000000000e+00
-1.4634146341497659e-04
-2.9270434578832378e-04
-4.3902439024689089e-04
-5.8536584739404839e-04
-7.3172872349713401e-04
-8.7811302482800209e-04
-1.3667891806535583e-03
-2.6293418339806739e-03
-3.9943618254426943e-03
-5.4792145585696953e-03
-5.3329293648272831e-03
-5.1866655673126812e-03
-5.0404231597683917e-03
-4.8939049654548985e-03
-4.7474082355776137e-03
-4.6012220386257175e-03
-4.4548805751498778e-03
-4.3085605243640534e-03
-4.1621976482880902e-03
-4.0158561848698858e-03
-3.8695147214554888e-03
-3.7231946707320948e-03
-3.5768317946287724e-03
-3.4304903374828078e-03
-3.2363346541240800e-03
-2.2316400030895586e-03
-1.1625802443748880e-03
-1.9797532756236185e-05
1.2073956418269147e-03
2.5319090145969770e-03
2.3856193741554651e-03
2.2393083299232347e-03
2.0929758756376019e-03
1.9465949894992979e-03
1.8001926728609197e-03
1.6539120626430802e-03
1.5075705992515535e-03
1.3612077169010454e-03
1.2148876724198392e-03
1.0685462090077710e-03
9.2220474559289193e-04
7.7584186321971737e-04
6.2952181876081573e-04
4.8318036161355994e-04
3.3681748550908839e-04
1.9043318417688378e-04
2.1410012932709174e-05
-1.0612886298909626e-03
-2.2194903513693561e-03
-3.4645485431649562e-03
-3.3182453016845507e-03
-3.1719634617102081e-03
-3.0257030169835767e-03
-2.8792209076883906e-03
-2.7327602522580112e-03
-2.5865379808500213e-03
-2.4401965174035240e-03
-2.2938764666482884e-03
-2.1475135905559915e-03
-2.0011721271382486e-03
-1.8548306637239846e-03
-1.7085106130005632e-03
-1.5621477368985078e-03
-1.4158062797524993e-03
-1.2694862352951503e-03
-1.1231875972606200e-03
-9.7678188324969314e-04
-8.3039760073336320e-04
9.4227785585452949e-05
1.2968829179925735e-03
1.1505415712988075e-03
1.0041788056814511e-03
8.5779461486771235e-04
7.1151718444309149e-04
5.6521835380106433e-04
4.1889811667966545e-04
2.7249279420758207e-04
1.2615133079036197e-04
-2.0190132619567117e-05
-1.6653159603414585e-04
-3.1287305944863847e-04
-4.5923594182206663e-04
-6.0555598628095255e-04
-7.5189744342876784e-04
-8.9826031953216983e-04
-1.0446446208635968e-03
-1.1909218399491328e-03
-1.3372204591898104e-03
-1.5452186591672784e-03
-2.7240204639144439e-03
-2.5776949875563090e-03
-2.4313909192112478e-03
-2.2851082526151026e-03
-2.1386705944600850e-03
-1.9922543771537411e-03
-1.8459876676201231e-03
-1.6996462041968276e-03
-1.5533261534637331e-03
-1.4069632773611612e-03
-1.2606218139431912e-03
-1.1142803505284817e-03
-9.6796029980482444e-04
-8.2159742370259046e-04
-6.7525596655611199e-04
-5.2893592209943057e-04
-3.8263728406535762e-04
-2.3623157005368562e-04
-8.9847287537518069e-05
5.6515569756787862e-05
8.4167921468984762e-04
6.9534178820928336e-04
5.4898294395125044e-04
4.0260267564710197e-04
2.5631740001549717e-04
1.1001072187106523e-04
-3.6317365049312777e-05
-1.8270699022006172e-04
-3.2904845363685152e-04
-4.7538991704985174e-04
-6.2173138046403684e-04
-7.6807284387875872e-04
-9.1443572625211466e-04
-1.0607557707105210e-03
-1.2070972278582766e-03
-1.3534601039623345e-03
-1.4998444052942389e-03
-1.6461216243777591e-03
-1.7924202436172786e-03
-1.9387402692742711e-03
-2.4608967367148551e-03
-2.3145557293048082e-03
-2.1682361344522410e-03
-2.0219379458901797e-03
-1.8755313375135563e-03
-1.7291461608932373e-03
-1.5827824097578882e-03
-1.4365069472603827e-03
-1.2901654838482191e-03
-1.1438240204284726e-03
-9.9748255701370540e-04
-8.5114109359907351e-04
-7.0482104287467723e-04
-5.5845816677285200e-04
-4.1211670962746380e-04
-2.6579666517050738e-04
-1.1949802713694785e-04
2.6907686876004749e-05
1.7329196939407543e-04
3.1965482669060914e-04
6.8872747032229118e-04
5.4238607442104231e-04
3.9602325958167886e-04
2.4963901953173226e-04
1.0336168557933536e-04
-4.2937048561775538e-05
-1.8925718915423190e-04
-3.3566270465524835e-04
-4.8200416807210280e-04
-6.2834563148211854e-04
-7.7468709489661566e-04
-9.2102855831096544e-04
-1.0673914406837384e-03
-1.2137114851433783e-03
-1.3600529422910334e-03
-1.5064158183951304e-03
-1.6528001197264170e-03
-1.7990773388105411e-03
-1.9453759580498374e-03
-2.0916959837059637e-03
-2.3697542229203063e-03
-2.2235287426524948e-03
-2.0773246411490277e-03
-1.9308458146498207e-03
-1.7843884410549524e-03
-1.6381628877707294e-03
-1.4918214243267666e-03
-1.3455013735736928e-03
-1.1991384974789181e-03
-1.0527970403405385e-03
-9.0645557064717526e-04
-7.6011410723230539e-04
-6.1379405650848580e-04
-4.6743118040589652e-04
-3.2108972325994563e-04
-1.7476967880216256e-04
-2.8471040767375135e-05
1.1793467324573612e-04
2.6431895576287139e-04
4.1068181305811430e-04
6.3530453184924157e-04
4.8900851748832051e-04
3.4269109747181697e-04
1.9635226553450335e-04
4.9984128505801948e-05
-9.6405435291084437e-05
-2.4269879834427248e-04
-3.8904026174302618e-04
-5.3540314410061398e-04
-6.8172318857623142e-04
-8.2806465198818717e-04
