0.0000000000000000e+00
4.3902439024113607e-05
8.7802950709303909e-05
1.3170731707518754e-04
1.7560975593118927e-04
2.1951026744867558e-04
2.6340885179541770e-04
4.7851652145943104e-04
1.0805241258573521e-03
1.7337621956569657e-03
2.4469187921834271e-03
2.4030500485232964e-03
2.3591793803113114e-03
2.3153067873797764e-03
2.2713427265925500e-03
2.2273767328827502e-03
2.1835378485335483e-03
2.1396354095104581e-03
2.0957310429787837e-03
2.0518305314611743e-03
2.0079280924349603e-03
1.9640256534110530e-03
1.9201212868784816e-03
1.8762207753644517e-03
1.8323183365106033e-03
1.7645078603374148e-03
1.2914291486179356e-03
7.8616648143901738e-04
2.4404290185775149e-04
-3.4028606557821688e-04
-9.7327539002951379e-04
-9.2939505281443952e-04
-8.8551664099912274e-04
-8.4164015441435061e-04
-7.9768773865146882e-04
-7.5373725461803942e-04
-7.0988286060427123e-04
-6.6598042157765911e-04
-6.2207990989132840e-04
-5.7817554352659114e-04
-5.3427310450370814e-04
-4.9037066547874780e-04
-4.4647015379387718e-04
-4.0256578742759813e-04
-3.5866334857097986e-04
-3.1476283705268775e-04
-2.7086425270566217e-04
-2.1558326302702880e-04
2.9649704522785310e-04
8.4632830296977148e-04
1.4395883952151509e-03
1.3957080168004907e-03
1.3518257128140483e-03
1.3079414830866928e-03
1.2640006977281584e-03
1.2200579814917992e-03
1.1761958196699065e-03
1.1322933806454675e-03
1.0883890141115632e-03
1.0444885025952262e-03
1.0005860635687351e-03
9.5668362454447891e-04
9.1277925801178236e-04
8.6887874649770849e-04
8.2497630764430700e-04
7.8107194128193308e-04
7.3716564724183849e-04
6.9326899040542838e-04
6.4937040656759288e-04
2.1630021644940487e-04
-3.5575854012722904e-04
-3.1185615143219123e-04
-2.6795569007225103e-04
-2.2405715587871846e-04
-1.8014883612451222e-04
-1.3624244422576350e-04
-9.2337980013324175e-05
-4.8441519057888148e-05
-4.5390800320725787e-06
3.9363358989174049e-05
8.3265798013137311e-05
1.2716823703721824e-04
1.7106874872203128e-04
2.1497311508793590e-04
2.5887555394484121e-04
3.0277606546256380e-04
3.4667464981036832e-04
3.9058287119207220e-04
4.3448916472599460e-04
5.0919316684186304e-04
1.0693261488522771e-03
1.0254328597065819e-03
9.8153764385557388e-04
9.3764050112977613e-04
8.9372554112554232e-04
8.4980865251254591e-04
8.0592066306979905e-04
7.6201822404502585e-04
7.1811385751178731e-04
6.7421334599608270e-04
6.3031090696934319e-04
5.8640846794502893e-04
5.4250410141202664e-04
4.9860358989817937e-04
4.5470115104496658e-04
4.1079678468249352e-04
3.6689049064311975e-04
3.2299383380673681e-04
2.7909524996906019e-04
2.3519473896223321e-04
-1.2815692360175355e-04
-8.4256259914301942e-05
-4.0357523411074499e-05
3.5392860783978834e-06
4.7451056090643947e-05
9.1360897944801014e-05
1.3526881180964698e-04
1.7915837315880511e-04
2.2306081218448728e-04
2.6696325120582020e-04
3.1086569023043440e-04
3.5476812925519388e-04
3.9866864093971593e-04
4.4257300730589274e-04
4.8647544616273988e-04
5.3037595768075125e-04
5.7427454202797280e-04
6.1818276340946975e-04
6.6208905694430976e-04
7.0599342280100398e-04
9.3776541247098089e-04
8.9386323054540390e-04
8.4995912113401857e-04
8.0605308406626690e-04
7.6215591266050309e-04
7.1825681420892133e-04
6.7435578854177936e-04
6.3044859558099439e-04
5.8654615655664240e-04
5.4264371752934019e-04
4.9874127850537808e-04
4.5483883948113288e-04
4.1093447294755157e-04
3.6703396143427123e-04
3.2313152258116220e-04
2.7922715621867748e-04
2.3532086217844568e-04
1.9142420534263974e-04
1.4752562150631489e-04
1.0362511049869320e-04
-5.1680812193705594e-05
-7.7784030335301107e-06
3.6122078789683508e-05
8.0020633444059328e-05
1.2392891330764469e-04
1.6783526531948093e-04
2.1173968964854163e-04
2.5563623037601422e-04
2.9953866940182528e-04
3.4344110842267675e-04
3.8734354744665301e-04
4.3124598647115766e-04
4.7514649815630025e-04
5.1905086452202110e-04
5.6295330337894603e-04
6.0685381489663235e-04
6.5075239924416181e-04
6.9466062062628663e-04
7.3856691416051038e-04
7.8247128001718812e-04
8.9218722968390331e-04
8.4834973721220792e-04
8.0451032293073145e-04
7.6054485849707588e-04
7.1657746101739259e-04
6.7273998043979695e-04
6.2883754142201685e-04
5.8493317489468537e-04
5.4103266337522703e-04
4.9713022451563843e-04
4.5322778532471650e-04
4.0932534630021663e-04
3.6542097976603434e-04
3.2152046825240945e-04
2.7761802940060232e-04
2.3371366303858498e-04
1.8980736899929993e-04
1.4591071216264249e-04
1.0201212832503462e-04
5.8111617317124630e-05
-2.4971798321230403e-05
1.8910375434429134e-05
6.2790623629172242e-05
1.0666894643249317e-04
1.5061769185154423e-04
1.9456450586333455e-04
2.3842256989708025e-04
2.8232500892343831e-04
3.2622552061046357e-04
3.7012988697518988e-04
4.1403232599727556e-04
