0.0000000000000000e+00
4.3902439023827479e-05
8.7802950709171148e-05
1.3170731707541747e-04
1.7560975593188170e-04
2.1951026744898978e-04
2.6340885179599146e-04
4.7851652145956250e-04
1.0805241258572517e-03
1.7337621956568015e-03
2.4469187921837858e-03
2.4030500485236047e-03
2.3591793803117789e-03
2.3153067873796090e-03
2.2713427265925140e-03
2.2273767328819033e-03
2.1835378485337903e-03
2.1396354095111624e-03
2.0957310429798167e-03
2.0518305314620785e-03
2.0079280924356910e-03
1.9640256534120088e-03
1.9201212868790703e-03
1.8762207753645766e-03
1.8323183365109783e-03
1.7645078603382386e-03
1.2914291486188557e-03
7.8616648144072272e-04
2.4404290185958463e-04
-3.4028606557619771e-04
-9.7327539002753307e-04
-9.2939505281256689e-04
-8.8551664099746120e-04
-8.4164015441255994e-04
-7.9768773865025917e-04
-7.5373725461756519e-04
-7.0988286060294731e-04
-6.6598042157595117e-04
-6.2207990988931807e-04
-5.7817554352479548e-04
-5.3427310450199358e-04
-4.9037066547778080e-04
-4.4647015379242614e-04
-4.0256578742720104e-04
-3.5866334857045218e-04
-3.1476283705294747e-04
-2.7086425270628830e-04
-2.1558326302528025e-04
2.9649704523075372e-04
8.4632830297284997e-04
1.4395883952185412e-03
1.3957080168030978e-03
1.3518257128163976e-03
1.3079414830888454e-03
1.2640006977314314e-03
1.2200579814972878e-03
1.1761958196746510e-03
1.1322933806496272e-03
1.0883890141157448e-03
1.0444885025989276e-03
1.0005860635726939e-03
9.5668362454878048e-04
9.1277925801580030e-04
8.6887874650089583e-04
8.2497630764752881e-04
7.8107194128434316e-04
7.3716564724368965e-04
6.9326899040851608e-04
6.4937040657192416e-04
2.1630021645256621e-04
-3.5575854012373970e-04
-3.1185615142887346e-04
-2.6795569006861917e-04
-2.2405715587535700e-04
-1.8014883611979253e-04
-1.3624244422045197e-04
-9.2337980006794879e-05
-4.8441519052083215e-05
-4.5390800269063596e-06
3.9363358993857376e-05
8.3265798018850691e-05
1.2716823704307122e-04
1.7106874872757161e-04
2.1497311509394371e-04
2.5887555395120651e-04
3.0277606546977906e-04
3.4667464981798495e-04
3.9058287119786314e-04
4.3448916473058901e-04
5.0919316684689764e-04
1.0693261488576768e-03
1.0254328597118186e-03
9.8153764386071018e-04
9.3764050113453556e-04
8.9372554113085448e-04
8.4980865251847336e-04
8.0592066307490879e-04
7.6201822404973986e-04
7.1811385751591379e-04
6.7421334599989627e-04
6.3031090697398152e-04
5.8640846794981980e-04
5.4250410141662821e-04
4.9860358990331459e-04
4.5470115105024372e-04
4.1079678468867976e-04
3.6689049064853399e-04
3.2299383381147542e-04
2.7909524997322586e-04
2.3519473896468099e-04
-1.2815692359720993e-04
-8.4256259910269658e-05
-4.0357523407428185e-05
3.5392860805626667e-06
4.7451056095468606e-05
9.1360897951233233e-05
1.3526881181877412e-04
1.7915837316349295e-04
2.2306081218937036e-04
2.6696325121097460e-04
3.1086569023506882e-04
3.5476812926008060e-04
3.9866864094515364e-04
4.4257300731071684e-04
4.8647544616764536e-04
5.3037595768423360e-04
5.7427454203088572e-04
6.1818276341458773e-04
6.6208905695047237e-04
7.0599342280857930e-04
9.3776541247584549e-04
8.9386323054985151e-04
8.4995912113774487e-04
8.0605308406996533e-04
7.6215591266524745e-04
7.1825681421406229e-04
6.7435578854775494e-04
6.3044859558634416e-04
5.8654615656342376e-04
5.4264371753559180e-04
4.9874127851126800e-04
4.5483883948736780e-04
4.1093447295417068e-04
3.6703396144044403e-04
3.2313152258709658e-04
2.7922715622522888e-04
2.3532086218499708e-04
1.9142420534930932e-04
1.4752562151270238e-04
1.0362511050571485e-04
-5.1680812186221719e-05
-7.7784030256941869e-06
3.6122078797721180e-05
8.0020633452339569e-05
1.2392891331629280e-04
1.6783526532755717e-04
2.1173968965562104e-04
2.5563623038245785e-04
2.9953866940846319e-04
3.4344110842892696e-04
3.8734354745333750e-04
4.3124598647810539e-04
4.7514649816324120e-04
5.1905086452855341e-04
5.6295330338581066e-04
6.0685381490354208e-04
6.5075239925182777e-04
6.9466062063255560e-04
7.3856691416663168e-04
7.8247128002232322e-04
8.9218722968926426e-04
8.4834973721826883e-04
8.0451032293708856e-04
7.6054485850365775e-04
7.1657746102318722e-04
6.7273998044568948e-04
6.2883754142734646e-04
5.8493317490019322e-04
5.4103266338023290e-04
4.9713022452167114e-04
4.5322778533015892e-04
4.0932534630573457e-04
3.6542097977295253e-04
3.2152046825889829e-04
2.7761802940546188e-04
2.3371366304278477e-04
1.8980736900270617e-04
1.4591071216748429e-04
1.0201212833116324e-04
5.8111617323613445e-05
-2.4971798315780305e-05
1.8910375440133880e-05
6.2790623634809389e-05
1.0666894643858555e-04
1.5061769185752312e-04
1.9456450586920302e-04
2.3842256990312059e-04
2.8232500892943178e-04
3.2622552061698662e-04
3.7012988698098255e-04
4.1403232600357249e-04
