0.0000000000000000e+00
0.0000000000000000e+00
0.0000000000000000e+00
0.0000000000000000e+00
0.0000000000000000e+00
0.0000000000000000e+00
0.0000000000000000e+00
3.4239924815260758e-04
1.4586157904982952e-03
2.6773353311953102e-03
4.0158561848688459e-03
4.0158561848688459e-03
4.0158561848688459e-03
4.0158561848688459e-03
4.0158561848688459e-03
4.0158561848688459e-03
4.0158561848688459e-03
4.0158561848688459e-03
4.0158561848688459e-03
4.0158561848688459e-03
4.0158561848688459e-03
4.0158561848688459e-03
4.0158561848688459e-03
4.0158561848688459e-03
4.0158561848688459e-03
4.0636907897987099e-03
4.9220348443461438e-03
5.8447712653640141e-03
6.8412188107044485e-03
7.9220777626153559e-03
9.1002585787466391e-03
9.1002585787466391e-03
9.1002585787466391e-03
9.1002585787466391e-03
9.1002585787466391e-03
9.1002585787466391e-03
9.1002585787466391e-03
9.1002585787466391e-03
9.1002585787466391e-03
9.1002585787466391e-03
9.1002585787466391e-03
9.1002585787466391e-03
9.1002585787466391e-03
9.1002585787466391e-03
9.1002585787466391e-03
9.1002585787466391e-03
9.1002585787466391e-03
9.1230084564703079e-03
1.0059375947203818e-02
1.1071253763578953e-02
1.2169976914895185e-02
1.2169976914895185e-02
1.2169976914895185e-02
1.2169976914895185e-02
1.2169976914895185e-02
1.2169976914895185e-02
1.2169976914895185e-02
1.2169976914895185e-02
1.2169976914895185e-02
1.2169976914895185e-02
1.2169976914895185e-02
1.2169976914895185e-02
1.2169976914895185e-02
1.2169976914895185e-02
1.2169976914895185e-02
1.2169976914895185e-02
1.2169976914895185e-02
1.2169976914895185e-02
1.2169976914895185e-02
1.2948312530154344e-02
1.4004617446001717e-02
1.4004617446001717e-02
1.4004617446001717e-02
1.4004617446001717e-02
1.4004617446001717e-02
1.4004617446001717e-02
1.4004617446001717e-02
1.4004617446001717e-02
1.4004617446001717e-02
1.4004617446001717e-02
1.4004617446001717e-02
1.4004617446001717e-02
1.4004617446001717e-02
1.4004617446001717e-02
1.4004617446001717e-02
1.4004617446001717e-02
1.4004617446001717e-02
1.4004617446001717e-02
1.4004617446001717e-02
1.4066258043368524e-02
1.5098707663911639e-02
1.5098707663911639e-02
1.5098707663911639e-02
1.5098707663911639e-02
1.5098707663911639e-02
1.5098707663911639e-02
1.5098707663911639e-02
1.5098707663911639e-02
1.5098707663911639e-02
1.5098707663911639e-02
1.5098707663911639e-02
1.5098707663911639e-02
1.5098707663911639e-02
1.5098707663911639e-02
1.5098707663911639e-02
1.5098707663911639e-02
1.5098707663911639e-02
1.5098707663911639e-02
1.5098707663911639e-02
1.5098707663911639e-02
1.5737598097391198e-02
1.5737598097391198e-02
1.5737598097391198e-02
1.5737598097391198e-02
1.5737598097391198e-02
1.5737598097391198e-02
1.5737598097391198e-02
1.5737598097391198e-02
1.5737598097391198e-02
1.5737598097391198e-02
1.5737598097391198e-02
1.5737598097391198e-02
1.5737598097391198e-02
1.5737598097391198e-02
1.5737598097391198e-02
1.5737598097391198e-02
1.5737598097391198e-02
1.5737598097391198e-02
1.5737598097391198e-02
1.5737598097391198e-02
1.6113349273941223e-02
1.6113349273941223e-02
1.6113349273941223e-02
1.6113349273941223e-02
1.6113349273941223e-02
1.6113349273941223e-02
1.6113349273941223e-02
1.6113349273941223e-02
1.6113349273941223e-02
1.6113349273941223e-02
1.6113349273941223e-02
1.6113349273941223e-02
1.6113349273941223e-02
1.6113349273941223e-02
1.6113349273941223e-02
1.6113349273941223e-02
1.6113349273941223e-02
1.6113349273941223e-02
1.6113349273941223e-02
1.6113349273941223e-02
1.6336144736059141e-02
1.6336144736059141e-02
1.6336144736059141e-02
1.6336144736059141e-02
1.6336144736059141e-02
1.6336144736059141e-02
1.6336144736059141e-02
1.6336144736059141e-02
1.6336144736059141e-02
1.6336144736059141e-02
1.6336144736059141e-02
1.6336144736059141e-02
1.6336144736059141e-02
1.6336144736059141e-02
1.6336144736059141e-02
1.6336144736059141e-02
1.6336144736059141e-02
1.6336144736059141e-02
1.6336144736059141e-02
1.6336144736059141e-02
1.6467913211811267e-02
1.6467913211811267e-02
1.6467913211811267e-02
1.6467913211811267e-02
1.6467913211811267e-02
1.6467913211811267e-02
1.6467913211811267e-02
1.6467913211811267e-02
1.6467913211811267e-02
1.6467913211811267e-02
1.6467913211811267e-02
1.6467913211811267e-02
1.6467913211811267e-02
1.6467913211811267e-02
1.6467913211811267e-02
1.6467913211811267e-02
1.6467913211811267e-02
1.6467913211811267e-02
1.6467913211811267e-02
1.6467913211811267e-02
1.6546304130469064e-02
1.6546304130469064e-02
1.6546304130469064e-02
1.6546304130469064e-02
1.6546304130469064e-02
1.6546304130469064e-02
1.6546304130469064e-02
1.6546304130469064e-02
1.6546304130469064e-02
1.6546304130469064e-02
1.6546304130469064e-02
