0.0000000000000000e+00
-1.8340564644258472e-10
-3.2930203535822336e-03
4.5392811636290846e-10
6.7533783615857425e-07
-3.2916693905807436e-03
-9.8777093169620592e-03
-3.2471680727032192e-05
-6.2384521954954037e-04
-5.2898731924435885e-03
-6.6279500588211325e-03
8.2838050586824116e-07
3.3403739424259504e-03
3.3913603355251389e-03
-7.1183187450286076e-09
-6.6919747187455230e-03
-1.1152943172108786e-08
-3.3028098396790504e-09
-3.2923410356606830e-03
4.1808752441768500e-10
1.4360354133679180e-10
3.6741314856405116e-10
-3.2923453546363024e-03
6.7088796265022687e-10
-6.7349993918447899e-07
1.2410827783615110e-03
6.4756851406001759e-04
1.6507436691736391e-03
1.9436462754352669e-03
2.2493017394119154e-03
2.5846368034520405e-03
4.8671257960340026e-07
-5.8741251277217039e-03
-1.5039872550559122e-02
2.2297288853395214e-10
1.1743757082904857e-02
-3.5291609073095032e-09
8.0632233681289437e-11
-3.2930169082403186e-03
7.3376932967678130e-10
4.7304134977067531e-10
5.8116596591834748e-10
-3.2930196604650840e-03
1.0874396273176639e-09
6.7620815291435058e-07
-3.2916684305362262e-03
-9.8777084803404643e-03
-3.9142759599570387e-04
-1.4884687008841961e-03
-3.3894401550218752e-03
-4.1761500004973565e-03
3.4243313779027520e-07
8.8657548462538910e-04
-1.5167773109503982e-03
-1.8337529411585778e-09
-1.7817697935820814e-03
-4.2677220041720000e-09
-5.1612368779170691e-10
-3.2923428597929996e-03
1.0011359925546508e-09
6.2364575885155262e-10
6.7598562334753179e-10
-3.2923450196073257e-03
8.3701509073786839e-10
-6.7312226684430470e-07
-3.2936926900210234e-03
-9.8783832930759465e-03
1.9338030525315063e-09
6.5840175480010223e-03
4.9269045443995176e-04
6.3338790261802346e-06
2.9696703241804742e-07
-3.2987542699475661e-03
-9.8914954047450380e-03
1.8929332388431817e-09
6.6004918535822847e-03
9.9093008285067920e-03
4.2080780669260004e-10
6.5833068224012894e-10
-8.7965038948841445e-11
-8.6531544346071763e-11
-1.6944461868297036e-10
-3.2930205566254504e-03
2.5497376865838935e-10
6.7543874155421403e-07
-3.2916691201025209e-03
-9.8777086580764204e-03
1.6748024045692427e-09
6.5867152948569565e-03
-2.7082017498303392e-03
-1.7161286792946964e-03
2.5816296214156009e-07
-1.5748308015154085e-03
-6.4407215080164110e-03
9.2415911496205767e-10
3.1446137834324141e-03
-6.1564539532232478e-10
2.0231583991521337e-10
-3.2923446012637740e-03
7.4162334515862055e-10
3.2186698034814102e-10
3.6659851350237110e-10
-3.2923454199420520e-03
6.2756817774724142e-10
-6.7313315263872906e-07
-3.2936927159196820e-03
-9.8783832176700826e-03
1.8076653003697241e-09
6.5840172233599999e-03
9.8743385119578492e-03
2.2262802808694461e-04
1.8059687337572780e-07
-3.5150861517311712e-03
-1.0323846641847370e-02
2.1530277654153479e-09
7.0324528017266736e-03
1.0772831330536626e-02
1.2177318944332805e-09
1.4728619332407780e-09
5.5017590845075682e-10
6.5758020829054805e-10
7.8970044972818991e-10
-3.2930196006384304e-03
1.2042934224435502e-09
6.7633146260781748e-07
-3.2916684721782802e-03
-9.8777084477363331e-03
2.5659395228421780e-09
6.5867168972631252e-03
9.8817606749289667e-03
-4.7285307516628995e-05
1.3958196089086330e-07
-3.2447566009478723e-03
-9.7812994200486333e-03
2.5769164181267755e-09
6.4868864351131563e-03
9.6800269840428381e-03
1.2058504560078844e-09
1.1801193763719833e-09
5.4621281727890880e-10
6.0574150937225049e-10
6.6941562414755843e-10
-3.2923451486094914e-03
1.0006920052759192e-09
-6.7292064986509634e-07
-3.2936924737833294e-03
-9.8783832314820255e-03
2.3217766150737139e-09
6.5840184324847673e-03
9.8743399811940767e-03
3.9136161212295633e-06
1.2501466628112210e-07
-3.2966804788897184e-03
-9.8871782605933906e-03
2.4789670074326281e-09
6.5961807618135221e-03
9.9006826309961833e-03
1.4336947380992707e-09
1.7075181758406787e-09
7.8119514934454917e-10
7.1661445768861788e-10
8.2651117143566430e-10
-3.2930192519896851e-03
1.2158961889544136e-09
6.7647772728353601e-07
-3.2916682474210240e-03
-9.8777078468171974e-03
2.8897434434640641e-09
6.5867169765805693e-03
9.8817606856795824e-03
-1.1886577465630252e-02
1.1452642308678102e-07
8.6007197912012640e-03
-9.3036140757027701e-09
-1.1900023421404615e-02
-6.9555864512568952e-09
-9.6660150719306005e-10
-3.2923409000230014e-03
1.9800789146335307e-09
-6.7519630868218505e-07
1.6566338738118958e-09
1.7115683701251430e-09
-3.2923442455739050e-03
1.9375310770540606e-09
-6.7167779269506663e-07
-3.2936910999137098e-03
-9.8783815225630088e-03
3.7634858959140534e-09
6.5840195393199559e-03
9.8743407378989959e-03
2.6140805430270517e-03
1.1265716923873112e-07
-5.9046010011827472e-03
-1.5100734559294447e-02
3.1593738705248263e-09
1.1805193397260097e-02
-5.4423363093539376e-10
2.1003717185715026e-09
-3.2930154173825476e-03
2.7682304439178082e-09
2.2416869155452410e-09
