0.0000000000000000e+00
2.9999999999987818e+01
6.0003073678470926e+01
9.0000000000806153e+01
1.1999999898594511e+02
1.5000307164916887e+02
1.8000921900603146e+02
2.0999992317402280e+02
2.3999858937578793e+02
2.6998831537141336e+02
2.9998581542862354e+02
2.7000000222279454e+02
2.4001725955054013e+02
2.1003758639849974e+02
1.8000000001723953e+02
1.4996549360532248e+02
1.2000000001564702e+02
9.0000000006250033e+01
6.0003072660072235e+01
3.0000000001070809e+01
1.7315910031763167e-10
2.9999999999634511e+01
5.9996927336209396e+01
8.9999999998991683e+01
1.1999999898357075e+02
1.4999532335896888e+02
1.7999743304453563e+02
2.0999331600230676e+02
2.3999190792829461e+02
2.6999030131389026e+02
2.9998834129085020e+02
2.6999999866037120e+02
2.4000858443754078e+02
2.1001409760794539e+02
1.8000000000050676e+02
1.4998282758695925e+02
1.1999999999653539e+02
8.9999999999768320e+01
5.9996926324674718e+01
2.9999999999019458e+01
2.0990438225976592e-10
3.0000000000417813e+01
6.0003073678862982e+01
9.0000000001213920e+01
1.1999999898647857e+02
1.5000307164999177e+02
1.8000921900703747e+02
2.0999903869117654e+02
2.3999648605321846e+02
2.6999212621080386e+02
2.9999049482512521e+02
2.7000000091860977e+02
2.4001257821707426e+02
2.1002822570700849e+02
1.8000000001172478e+02
1.4997485294135751e+02
1.2000000000889219e+02
9.0000000003830394e+01
6.0003072662078054e+01
3.0000000000697586e+01
-2.3026600418268422e-11
2.9999999999962171e+01
5.9996927336524998e+01
8.9999999999125549e+01
1.1999999898364183e+02
1.4999692530525294e+02
1.7999077997858353e+02
2.0999999999670081e+02
2.4000614430628542e+02
2.6999798390432102e+02
2.9999997284167989e+02
2.6999999918423396e+02
2.3999695185320380e+02
2.0999082983279578e+02
1.7999999999676723e+02
1.5000609951916303e+02
1.2000912738566478e+02
8.9999999999111310e+01
5.9999999998562309e+01
2.9999999999828592e+01
4.4854815146944820e-10
3.0000000000109836e+01
6.0003073678499263e+01
9.0000000000900215e+01
1.1999999898629011e+02
1.5000307164968467e+02
1.8000921900681891e+02
2.1000000000344852e+02
2.3999385163317706e+02
2.6999344220154507e+02
2.9999603679258536e+02
2.7000000069388392e+02
2.4000703664754352e+02
2.1001714363905617e+02
1.8000000000625965e+02
1.4998593330366117e+02
1.2000000000346574e+02
9.0000000002015213e+01
6.0003072663810663e+01
3.0000000000911562e+01
4.0537790114107917e-10
2.9999999999890903e+01
5.9996927336558144e+01
8.9999999999083471e+01
1.1999999898360272e+02
1.4999692530501116e+02
1.7999077997821354e+02
2.0999999999662606e+02
2.4000614430630219e+02
2.7000921392317787e+02
2.9999908295527803e+02
2.6999999950577228e+02
2.3999784253963568e+02
2.0999261104155281e+02
1.7999999999752643e+02
1.5000431799760185e+02
1.2000556402744103e+02
8.9999999999638277e+01
5.9999999999071747e+01
2.9999999999795161e+01
3.2339149457569631e-10
3.0000000000235730e+01
6.0003073678616445e+01
9.0000000000909608e+01
1.1999999898624026e+02
1.5000307164962859e+02
1.8000921900663207e+02
2.1000000000323863e+02
2.3999385163308818e+02
2.6999077491032904e+02
2.9999988792437887e+02
2.7000000037525371e+02
2.4000318547199203e+02
2.1000944219964600e+02
1.8000000000329138e+02
1.4999363354968324e+02
1.1999034182317224e+02
9.0000000000853518e+01
6.0000000001383711e+01
3.0000000000067018e+01
3.9429626508240459e-10
2.9999999999899732e+01
5.9996927336714585e+01
8.9999999999142844e+01
1.1999999898352537e+02
1.4999692530502688e+02
1.7999077997821925e+02
2.0999999999667574e+02
2.4000614430641230e+02
2.7000921392355053e+02
2.9999998430438302e+02
2.6999999966008409e+02
2.3999694134022423e+02
2.0999080832916221e+02
1.7999999999662430e+02
1.5000612102640139e+02
1.2000917040422978e+02
8.9999999999027438e+01
5.9999999998443457e+01
2.9999999999777415e+01
4.5682038165727194e-10
3.0000000000181753e+01
6.0003073678563879e+01
9.0000000001009525e+01
1.1999999898637074e+02
1.5000307164981430e+02
1.8000921900691506e+02
2.1000000000339742e+02
2.3999385163306863e+02
2.6999077491002203e+02
2.9997146908453686e+02
2.7000000030645270e+02
2.4003159974036106e+02
2.1000000001637602e+02
1.7997147842375063e+02
1.5000000000708371e+02
1.2000000000345412e+02
9.0003072663099061e+01
6.0000000000819277e+01
3.0000001016595881e+01
5.1972762368861628e-10
2.9999999999852189e+01
5.9996927336565392e+01
8.9999999999139902e+01
1.1999999898353666e+02
1.4999692530516543e+02
1.7999077997848502e+02
2.0999999999703070e+02
2.4000614430669540e+02
2.7000921392370748e+02
2.9998963705513904e+02
2.6999999969829690e+02
2.4000729048039341e+02
2.1001150838664830e+02
1.8000000000069582e+02
1.4998541734625482e+02
1.1999999999793417e+02
9.0000000000125169e+01
5.9996926323812005e+01
2.9999999999065061e+01
3.9110540684577838e-10
