0.0000000000000000e+00
-3.0000000000193779e+01
-6.0006366698831265e+01
-9.0000000000320398e+01
-1.1999999831054478e+02
-1.5000636331852201e+02
-1.8001909671530154e+02
-2.0999995564569647e+02
-2.3999921322100730e+02
-2.6999360524460491e+02
-2.9999244337867395e+02
-2.7000000139440181e+02
-2.4001391917655860e+02
-2.1003419503815653e+02
-1.8000000002436772e+02
-1.4997218558009419e+02
-1.2000000002677282e+02
-9.0000000009512149e+01
-6.0006365001058150e+01
-3.0000000000616822e+01
-6.8748442909740063e-11
3.0000000000034600e+01
5.9993634990877894e+01
8.9999999999663132e+01
1.1999999831010851e+02
1.4999656444180991e+02
1.7999808061309068e+02
2.0999496674602887e+02
2.3999385157459574e+02
2.6999255061565844e+02
2.9999092592766959e+02
2.6999999914708872e+02
2.4000271031240408e+02
2.0999905773539399e+02
1.8000000000069210e+02
1.4999457134394584e+02
1.1999999999298522e+02
8.9999999999845286e+01
5.9993633307783405e+01
2.9999999999762011e+01
1.5899445738004893e-10
-2.9999999999888690e+01
-6.0006366698539480e+01
-9.0000000000222514e+01
-1.1999999831035605e+02
-1.5000636331856606e+02
-1.8001909671568620e+02
-2.0999943011873529e+02
-2.3999797452185413e+02
-2.6999551565091599e+02
-2.9999467097508011e+02
-2.7000000057619479e+02
-2.4001169164163940e+02
-2.1002974248437044e+02
-1.8000000001352564e+02
-1.4997663471098406e+02
-1.2000000001306145e+02
-9.0000000004299608e+01
-6.0006365004897326e+01
-2.9999999999683695e+01
7.5299295588914433e-10
3.0000000000704414e+01
5.9993634991586639e+01
8.9999999999991076e+01
1.1999999831054578e+02
1.4999363161249980e+02
1.7998090159518668e+02
2.0999999999860344e+02
2.4001272832388284e+02
2.6999847659474818e+02
2.9999997917556294e+02
2.6999999948118250e+02
2.3999365309894358e+02
2.0998093833739685e+02
1.7999999999875132e+02
1.5001270001117288e+02
1.2001903668676439e+02
8.9999999999750884e+01
5.9999999999384784e+01
2.9999999999904379e+01
-2.6773715743128200e-11
-3.0000000000039179e+01
-6.0006366698856858e+01
-9.0000000000388923e+01
-1.1999999831056796e+02
-1.5000636331846115e+02
-1.8001909671511703e+02
-2.1000000000154080e+02
-2.3998726491774266e+02
-2.6999615040312864e+02
-2.9999775292114981e+02
-2.7000000043560726e+02
-2.4000861147823144e+02
-2.1002358436046634e+02
-1.8000000000519623e+02
-1.4998278868968831e+02
-1.2000000000392882e+02
-9.0000000001705175e+01
-6.0006365008325716e+01
-3.0000000000090239e+01
3.5783154082583833e-10
3.0000000000389022e+01
5.9993634991260301e+01
8.9999999999864912e+01
1.1999999831063707e+02
1.4999363161252191e+02
1.7998090159517758e+02
2.0999999999855095e+02
2.4001272832358646e+02
2.7001908826161804e+02
2.9999930558337849e+02
2.6999999968642106e+02
2.3999432745349648e+02
2.0998228719481966e+02
1.7999999999980591e+02
1.5001135045067710e+02
1.2001633685925677e+02
9.0000000000963524e+01
6.0000000000659711e+01
3.0000000000472138e+01
6.1491601720463477e-10
-2.9999999999330694e+01
-6.0006366698052560e+01
-8.9999999999600561e+01
-1.1999999830978021e+02
-1.5000636331809261e+02
-1.8001909671511319e+02
-2.1000000000053453e+02
-2.3998726491596534e+02
-2.6998089314929473e+02
-2.9999993520958884e+02
-2.7000000023562177e+02
-2.4000643022859271e+02
-2.1001922349910518e+02
-1.8000000000067098e+02
-1.4998714666315624e+02
-1.1998066179605397e+02
-8.9999999999555826e+01
-6.0000000000054882e+01
-2.9999999999405034e+01
6.6461808452993732e-10
3.0000000000683826e+01
5.9993634991715204e+01
9.0000000000258837e+01
1.1999999831071844e+02
1.4999363161268175e+02
1.7998090159511921e+02
2.0999999999913172e+02
2.4001272832498677e+02
2.7001908826370146e+02
2.9999998821817923e+02
2.6999999978530894e+02
2.3999364465996234e+02
2.0998092115112826e+02
1.7999999999933513e+02
1.5001271720736804e+02
1.2001907108699801e+02
9.0000000000513978e+01
6.0000000000246885e+01
3.0000000000633726e+01
6.3760267373860114e-10
-2.9999999999255870e+01
-6.0006366697711066e+01
-8.9999999999686338e+01
-1.1999999830978877e+02
-1.5000636331795721e+02
-1.8001909671461451e+02
-2.1000000000045168e+02
-2.3998726491608207e+02
-2.6998089314939369e+02
-2.9998335566202019e+02
-2.7000000019193374e+02
-2.4002299902052638e+02
-2.1000000002565596e+02
-1.7998337844719700e+02
-1.5000000001403200e+02
-1.2000000000446090e+02
-9.0006365004079456e+01
-5.9999999998921780e+01
-3.0000001691822121e+01
1.3830650058459804e-09
3.0000000001472287e+01
5.9993634992314924e+01
9.0000000001012296e+01
1.1999999831170473e+02
1.4999363161384989e+02
1.7998090159668760e+02
2.1000000000065933e+02
2.4001272832615027e+02
2.7001908826442161e+02
2.9999225113556622e+02
2.6999999981088422e+02
2.4000138587933174e+02
2.0999640765203074e+02
1.8000000000382738e+02
1.4999722253958487e+02
1.1999999999734101e+02
9.0000000002194014e+01
5.9993633308396056e+01
3.0000000001785860e+01
2.0454758992428826e-09
