2.0000000000000020e+02
2.0000000000000020e+02
2.0000000000000020e+02
2.0000000000000020e+02
2.0000000000000020e+02
2.0000000000000020e+02
2.0000000000000020e+02
2.0205439548891576e+02
2.0875169474298988e+02
2.1606401198717194e+02
2.2409513710921325e+02
2.2409513710921325e+02
2.2409513710921325e+02
2.2409513710921325e+02
2.2409513710921325e+02
2.2409513710921325e+02
2.2409513710921325e+02
2.2409513710921325e+02
2.2409513710921325e+02
2.2409513710921325e+02
2.2409513710921325e+02
2.2409513710921325e+02
2.2409513710921325e+02
2.2409513710921325e+02
2.2409513710921325e+02
2.2438214473879242e+02
2.2953220906607697e+02
2.3506862759218421e+02
2.4104731286422688e+02
2.4753246657569238e+02
2.5460155147247991e+02
2.5460155147247991e+02
2.5460155147247991e+02
2.5460155147247991e+02
2.5460155147247991e+02
2.5460155147247991e+02
2.5460155147247991e+02
2.5460155147247991e+02
2.5460155147247991e+02
2.5460155147247991e+02
2.5460155147247991e+02
2.5460155147247991e+02
2.5460155147247991e+02
2.5460155147247991e+02
2.5460155147247991e+02
2.5460155147247991e+02
2.5460155147247991e+02
2.5473805073882195e+02
2.6035625568322297e+02
2.6642752258147391e+02
2.7301986148937135e+02
2.7301986148937135e+02
2.7301986148937135e+02
2.7301986148937135e+02
2.7301986148937135e+02
2.7301986148937135e+02
2.7301986148937135e+02
2.7301986148937135e+02
2.7301986148937135e+02
2.7301986148937135e+02
2.7301986148937135e+02
2.7301986148937135e+02
2.7301986148937135e+02
2.7301986148937135e+02
2.7301986148937135e+02
2.7301986148937135e+02
2.7301986148937135e+02
2.7301986148937135e+02
2.7301986148937135e+02
2.7768987518092621e+02
2.8402770467601044e+02
2.8402770467601044e+02
2.8402770467601044e+02
2.8402770467601044e+02
2.8402770467601044e+02
2.8402770467601044e+02
2.8402770467601044e+02
2.8402770467601044e+02
2.8402770467601044e+02
2.8402770467601044e+02
2.8402770467601044e+02
2.8402770467601044e+02
2.8402770467601044e+02
2.8402770467601044e+02
2.8402770467601044e+02
2.8402770467601044e+02
2.8402770467601044e+02
2.8402770467601044e+02
2.8402770467601044e+02
2.8439754826021147e+02
2.9059224598346998e+02
2.9059224598346998e+02
2.9059224598346998e+02
2.9059224598346998e+02
2.9059224598346998e+02
2.9059224598346998e+02
2.9059224598346998e+02
2.9059224598346998e+02
2.9059224598346998e+02
2.9059224598346998e+02
2.9059224598346998e+02
2.9059224598346998e+02
2.9059224598346998e+02
2.9059224598346998e+02
2.9059224598346998e+02
2.9059224598346998e+02
2.9059224598346998e+02
2.9059224598346998e+02
2.9059224598346998e+02
2.9059224598346998e+02
2.9442558858434728e+02
2.9442558858434728e+02
2.9442558858434728e+02
2.9442558858434728e+02
2.9442558858434728e+02
2.9442558858434728e+02
2.9442558858434728e+02
2.9442558858434728e+02
2.9442558858434728e+02
2.9442558858434728e+02
2.9442558858434728e+02
2.9442558858434728e+02
2.9442558858434728e+02
2.9442558858434728e+02
2.9442558858434728e+02
2.9442558858434728e+02
2.9442558858434728e+02
2.9442558858434728e+02
2.9442558858434728e+02
2.9442558858434728e+02
2.9668009564364741e+02
2.9668009564364741e+02
2.9668009564364741e+02
2.9668009564364741e+02
2.9668009564364741e+02
2.9668009564364741e+02
2.9668009564364741e+02
2.9668009564364741e+02
2.9668009564364741e+02
2.9668009564364741e+02
2.9668009564364741e+02
2.9668009564364741e+02
2.9668009564364741e+02
2.9668009564364741e+02
2.9668009564364741e+02
2.9668009564364741e+02
2.9668009564364741e+02
2.9668009564364741e+02
2.9668009564364741e+02
2.9668009564364741e+02
2.9801686841635512e+02
2.9801686841635512e+02
2.9801686841635512e+02
2.9801686841635512e+02
2.9801686841635512e+02
2.9801686841635512e+02
2.9801686841635512e+02
2.9801686841635512e+02
2.9801686841635512e+02
2.9801686841635512e+02
2.9801686841635512e+02
2.9801686841635512e+02
2.9801686841635512e+02
2.9801686841635512e+02
2.9801686841635512e+02
2.9801686841635512e+02
2.9801686841635512e+02
2.9801686841635512e+02
2.9801686841635512e+02
2.9801686841635512e+02
2.9880747927086770e+02
2.9880747927086770e+02
2.9880747927086770e+02
2.9880747927086770e+02
2.9880747927086770e+02
2.9880747927086770e+02
2.9880747927086770e+02
2.9880747927086770e+02
2.9880747927086770e+02
2.9880747927086770e+02
2.9880747927086770e+02
2.9880747927086770e+02
2.9880747927086770e+02
2.9880747927086770e+02
2.9880747927086770e+02
2.9880747927086770e+02
2.9880747927086770e+02
2.9880747927086770e+02
2.9880747927086770e+02
2.9880747927086770e+02
2.9927782478281460e+02
2.9927782478281460e+02
2.9927782478281460e+02
2.9927782478281460e+02
2.9927782478281460e+02
2.9927782478281460e+02
2.9927782478281460e+02
2.9927782478281460e+02
2.9927782478281460e+02
2.9927782478281460e+02
2.9927782478281460e+02
