0.0000000000000000e+00
-2.2853361040538813e-10
-3.2930203671517775e-03
5.1754209116590214e-10
6.7546297874344600e-07
-3.2916693156409319e-03
-9.8777092231865128e-03
-3.2471666423243597e-05
-6.2384521903752167e-04
-5.2898731906897822e-03
-6.6279500419974043e-03
8.2840478627769285e-07
3.3403740207659524e-03
3.3913603512035996e-03
-7.1381559317623260e-09
-6.6919748246800689e-03
-1.1098789224371172e-08
-3.2214264673322303e-09
-3.2923409361894011e-03
4.8989278225690029e-10
1.7895366736267583e-10
4.3279609263105913e-10
-3.2923453083318738e-03
6.7189540405077719e-10
-6.7342440800737110e-07
1.2410829037332815e-03
6.4756859605816870e-04
1.6507437751594719e-03
1.9436463268149486e-03
2.2493017968881063e-03
2.5846368353487502e-03
4.8672228795173532e-07
-5.8741251458407553e-03
-1.5039872552011311e-02
1.4785700880753913e-10
1.1743756890355431e-02
-3.5711793454292773e-09
7.3364899438991559e-11
-3.2930168743171800e-03
7.5130565707109135e-10
4.7223262041805524e-10
4.7709185801444555e-10
-3.2930196925445299e-03
8.9535131878493868e-10
6.7603699096853019e-07
-3.2916687177920621e-03
-9.8777088170474425e-03
-3.9142752164506695e-04
-1.4884685705578702e-03
-3.3894400692877844e-03
-4.1761499090132333e-03
3.4239715427299983e-07
8.8657538510924063e-04
-1.5167774131636025e-03
-1.7681312145614912e-09
-1.7817694594451804e-03
-4.0709642792247070e-09
-4.2233508591665150e-10
-3.2923427787215258e-03
1.0266262977487681e-09
7.1015299077423046e-10
8.0851865260824709e-10
-3.2923448571056304e-03
8.9401469692637670e-10
-6.7306988743454028e-07
-3.2936928162867998e-03
-9.8783835005468602e-03
1.8714682186529437e-09
6.5840176470573445e-03
4.9269040014434165e-04
6.3338870097542094e-06
2.9692981193131400e-07
-3.2987542502276269e-03
-9.8914953929340171e-03
2.0754493598222264e-09
6.6004921660425507e-03
9.9093013707378108e-03
8.5826221387147049e-10
9.8655135315674258e-10
2.3949327978462254e-10
3.8042660389072952e-10
3.1075419412690141e-10
-3.2930201585442522e-03
7.6770588223350003e-10
6.7600559681460804e-07
-3.2916684328204875e-03
-9.8777079382607082e-03
2.1404640779123618e-09
6.5867155738377316e-03
-2.7082014173324472e-03
-1.7161284496212475e-03
2.5839061546221638e-07
-1.5748305742209938e-03
-6.4407213123005413e-03
1.2030582825694099e-09
3.1446141621239185e-03
-3.1058083333307387e-10
4.1778759170439364e-10
-3.2923444288633029e-03
9.0101628379489261e-10
5.8895567526797640e-10
6.2963892019589711e-10
-3.2923451757649585e-03
9.3541161343892307e-10
-6.7279796497532092e-07
-3.2936922626629365e-03
-9.8783828543179894e-03
2.0422897433578099e-09
6.5840173451030184e-03
9.8743383685434907e-03
2.2262817290474190e-04
1.8070080720659005e-07
-3.5150861267247736e-03
-1.0323846824550155e-02
2.4059046310778869e-09
7.0324533488411740e-03
1.0772832300751364e-02
1.4327392338117463e-09
1.7030753455762716e-09
8.0378053616816886e-10
8.7509954441247134e-10
1.0203964113309161e-09
-3.2930192715121863e-03
1.4137488387416656e-09
6.7658866075053870e-07
-3.2916684559148920e-03
-9.8777085144302525e-03
2.8421944865854837e-09
6.5867173483082249e-03
9.8817613940553311e-03
-4.7285112477614474e-05
1.3968157104701496e-07
-3.2447566003236225e-03
-9.7812994978874798e-03
2.6639651275459738e-09
6.4868866186871786e-03
9.6800272525028094e-03
1.3895388582762195e-09
1.4775367831364327e-09
7.7771442229635723e-10
8.5599694492938357e-10
8.9881572208760189e-10
-3.2923448501309344e-03
1.2313375512787696e-09
-6.7269336432960508e-07
-3.2936922164522845e-03
-9.8783829684083481e-03
2.5901652837394205e-09
6.5840187164621687e-03
9.8743403210843385e-03
3.9139762220818408e-06
1.2543475664621599e-07
-3.2966800447208817e-03
-9.8871778073489226e-03
2.9427981954872083e-09
6.5961811714499580e-03
9.9006829055214209e-03
1.5393422310215172e-09
1.8993423445633171e-09
9.3146501918203008e-10
9.4309170361802991e-10
1.0252427363053056e-09
-3.2930190423705514e-03
1.4306141521620470e-09
6.7668610917502266e-07
-3.2916680384963300e-03
-9.8777075521834044e-03
3.0016601171778532e-09
6.5867169965040055e-03
9.8817605710648584e-03
-1.1886577500887599e-02
1.1451162228453845e-07
8.6007198783451394e-03
-9.2559930749891434e-09
-1.1900023471376480e-02
-6.9410326503540511e-09
-1.0469971879645456e-09
-3.2923410607658288e-03
1.8148890126671871e-09
-6.7525613537024999e-07
1.4637736941027278e-09
1.5285802439407955e-09
-3.2923442553558320e-03
1.8072390724196175e-09
-6.7198606212324746e-07
-3.2936915310789986e-03
-9.8783820724201513e-03
3.4938556441424669e-09
6.5840193704651872e-03
9.8743406905018889e-03
2.6140803117039009e-03
1.1251712142317461e-07
-5.9046011223224419e-03
-1.5100734675801976e-02
3.1036377744394408e-09
1.1805193262695832e-02
-6.4196258229810217e-10
2.0372921880581085e-09
-3.2930154144931107e-03
2.6733768005606936e-09
2.1957785822571653e-09
