0.0000000000000000e+00
0.0000000000000000e+00
0.0000000000000000e+00
0.0000000000000000e+00
0.0000000000000000e+00
0.0000000000000000e+00
0.0000000000000000e+00
8.7706347510768610e+03
4.0150280525127630e+04
7.8976578136662807e+04
1.2663263671442025e+05
1.2663263671442025e+05
1.2663263671442025e+05
1.2663263671442025e+05
1.2663263671442025e+05
1.2663263671442025e+05
1.2663263671442025e+05
1.2663263671442025e+05
1.2663263671442025e+05
1.2663263671442025e+05
1.2663263671442025e+05
1.2663263671442025e+05
1.2663263671442025e+05
1.2663263671442025e+05
1.2663263671442025e+05
1.2752438853831679e+05
1.4523309357966363e+05
1.6773287017927432e+05
1.9576939776866321e+05
2.3023778003607292e+05
2.7223230988194561e+05
2.7223230988194561e+05
2.7223230988194561e+05
2.7223230988194561e+05
2.7223230988194561e+05
2.7223230988194561e+05
2.7223230988194561e+05
2.7223230988194561e+05
2.7223230988194561e+05
2.7223230988194561e+05
2.7223230988194561e+05
2.7223230988194561e+05
2.7223230988194561e+05
2.7223230988194561e+05
2.7223230988194561e+05
2.7223230988194561e+05
2.7223230988194561e+05
2.7282814949261490e+05
2.9915161268313089e+05
3.3138839852246363e+05
3.7050739686158532e+05
3.7050739686158532e+05
3.7050739686158532e+05
3.7050739686158532e+05
3.7050739686158532e+05
3.7050739686158532e+05
3.7050739686158532e+05
3.7050739686158532e+05
3.7050739686158532e+05
3.7050739686158532e+05
3.7050739686158532e+05
3.7050739686158532e+05
3.7050739686158532e+05
3.7050739686158532e+05
3.7050739686158532e+05
3.7050739686158532e+05
3.7050739686158532e+05
3.7050739686158532e+05
3.7050739686158532e+05
3.9562354553693766e+05
4.3327526344697131e+05
4.3327526344697131e+05
4.3327526344697131e+05
4.3327526344697131e+05
4.3327526344697131e+05
4.3327526344697131e+05
4.3327526344697131e+05
4.3327526344697131e+05
4.3327526344697131e+05
4.3327526344697131e+05
4.3327526344697131e+05
4.3327526344697131e+05
4.3327526344697131e+05
4.3327526344697131e+05
4.3327526344697131e+05
4.3327526344697131e+05
4.3327526344697131e+05
4.3327526344697131e+05
4.3327526344697131e+05
4.3534708555752598e+05
4.7210691990369698e+05
4.7210691990369698e+05
4.7210691990369698e+05
4.7210691990369698e+05
4.7210691990369698e+05
4.7210691990369698e+05
4.7210691990369698e+05
4.7210691990369698e+05
4.7210691990369698e+05
4.7210691990369698e+05
4.7210691990369698e+05
4.7210691990369698e+05
4.7210691990369698e+05
4.7210691990369698e+05
4.7210691990369698e+05
4.7210691990369698e+05
4.7210691990369698e+05
4.7210691990369698e+05
4.7210691990369698e+05
4.7210691990369698e+05
4.9532704919578834e+05
4.9532704919578834e+05
4.9532704919578834e+05
4.9532704919578834e+05
4.9532704919578834e+05
4.9532704919578834e+05
4.9532704919578834e+05
4.9532704919578834e+05
4.9532704919578834e+05
4.9532704919578834e+05
4.9532704919578834e+05
4.9532704919578834e+05
4.9532704919578834e+05
4.9532704919578834e+05
4.9532704919578834e+05
4.9532704919578834e+05
4.9532704919578834e+05
4.9532704919578834e+05
4.9532704919578834e+05
4.9532704919578834e+05
5.0914821806649258e+05
5.0914821806649258e+05
5.0914821806649258e+05
5.0914821806649258e+05
5.0914821806649258e+05
5.0914821806649258e+05
5.0914821806649258e+05
5.0914821806649258e+05
5.0914821806649258e+05
5.0914821806649258e+05
5.0914821806649258e+05
5.0914821806649258e+05
5.0914821806649258e+05
5.0914821806649258e+05
5.0914821806649258e+05
5.0914821806649258e+05
5.0914821806649258e+05
5.0914821806649258e+05
5.0914821806649258e+05
5.0914821806649258e+05
5.1741519076923002e+05
5.1741519076923002e+05
5.1741519076923002e+05
5.1741519076923002e+05
5.1741519076923002e+05
5.1741519076923002e+05
5.1741519076923002e+05
5.1741519076923002e+05
5.1741519076923002e+05
5.1741519076923002e+05
5.1741519076923002e+05
5.1741519076923002e+05
5.1741519076923002e+05
5.1741519076923002e+05
5.1741519076923002e+05
5.1741519076923002e+05
5.1741519076923002e+05
5.1741519076923002e+05
5.1741519076923002e+05
5.1741519076923002e+05
5.2232087989683077e+05
5.2232087989683077e+05
5.2232087989683077e+05
5.2232087989683077e+05
5.2232087989683077e+05
5.2232087989683077e+05
5.2232087989683077e+05
5.2232087989683077e+05
5.2232087989683077e+05
5.2232087989683077e+05
5.2232087989683077e+05
5.2232087989683077e+05
5.2232087989683077e+05
5.2232087989683077e+05
5.2232087989683077e+05
5.2232087989683077e+05
5.2232087989683077e+05
5.2232087989683077e+05
5.2232087989683077e+05
5.2232087989683077e+05
5.2525057219257206e+05
5.2525057219257206e+05
5.2525057219257206e+05
5.2525057219257206e+05
5.2525057219257206e+05
5.2525057219257206e+05
5.2525057219257206e+05
5.2525057219257206e+05
5.2525057219257206e+05
5.2525057219257206e+05
5.2525057219257206e+05
