0.0000000000000000e+00
0.0000000000000000e+00
0.0000000000000000e+00
0.0000000000000000e+00
0.0000000000000000e+00
0.0000000000000000e+00
0.0000000000000000e+00
0.0000000000000000e+00
1.3709024379889994e-04
1.6666660615426352e+01
3.3333322901470197e+01
3.3333322901470197e+01
3.3333322901470204e+01
3.3333322901470197e+01
3.3333322901470211e+01
3.3333322901470211e+01
3.3333322901470218e+01
3.3333322901470218e+01
3.3333322901470218e+01
3.3333322901470197e+01
3.3333322901470190e+01
3.3333322901470197e+01
3.3333322901470197e+01
3.3333322901470197e+01
3.3333322901470183e+01
3.3333322901470154e+01
3.3332836609072729e+01
1.6666670009232774e+01
6.5176313005434874e-06
-1.6666659951649763e+01
-3.3333326419783688e+01
-3.3333326419783688e+01
-3.3333326419783688e+01
-3.3333326419783688e+01
-3.3333326419783688e+01
-3.3333326419783688e+01
-3.3333326419783688e+01
-3.3333326419783688e+01
-3.3333326419783688e+01
-3.3333326419783688e+01
-3.3333326419783688e+01
-3.3333326419783688e+01
-3.3333326419783688e+01
-3.3333326419783688e+01
-3.3333326419783688e+01
-3.3333326419783688e+01
-3.3333326419783688e+01
-1.6666672356773553e+01
-9.6177628127422065e-06
1.6666656644694626e+01
3.3333323026202073e+01
3.3333323026202073e+01
3.3333323026202073e+01
3.3333323026202073e+01
3.3333323026202073e+01
3.3333323026202066e+01
3.3333323026202066e+01
3.3333323026202066e+01
3.3333323026202073e+01
3.3333323026202081e+01
3.3333323026202081e+01
3.3333323026202066e+01
3.3333323026202066e+01
3.3333323026202066e+01
3.3333323026202059e+01
3.3333323026202045e+01
3.3332836719554258e+01
1.6666670009233975e+01
6.5176266500062011e-06
-1.6666659951636792e+01
-3.3333326419768426e+01
-3.3333326419768426e+01
-3.3333326419768426e+01
-3.3333326419768426e+01
-3.3333326419768426e+01
-3.3333326419768426e+01
-3.3333326419768426e+01
-3.3333326419768426e+01
-3.3333326419768426e+01
-3.3333326419768426e+01
-3.3333326419768426e+01
-3.3333326419768426e+01
-3.3333326419768426e+01
-3.3333326419768426e+01
-3.3333326419768426e+01
-3.3333326419768426e+01
-3.3333326419768426e+01
-1.6666672356773692e+01
-9.6177633296118127e-06
1.6666656644701352e+01
3.3333323026197661e+01
3.3333323026197661e+01
3.3333323026197661e+01
3.3333323026197661e+01
3.3333323026197661e+01
3.3333323026197675e+01
3.3333323026197675e+01
3.3333323026197675e+01
3.3333323026197675e+01
3.3333323026197689e+01
3.3333323026197689e+01
3.3333323026197689e+01
3.3333323026197696e+01
3.3333323026197696e+01
3.3333323026197711e+01
3.3333323026197704e+01
3.3332836719577308e+01
1.6666670009268689e+01
6.5176535152956648e-06
-1.6666659951612687e+01
-3.3333326419749838e+01
-3.3333326419749838e+01
-3.3333326419749838e+01
-3.3333326419749838e+01
-3.3333326419749838e+01
-3.3333326419749838e+01
-3.3333326419749838e+01
-3.3333326419749838e+01
-3.3333326419749838e+01
-3.3333326419749838e+01
-3.3333326419749838e+01
-3.3333326419749838e+01
-3.3333326419749838e+01
-3.3333326419749838e+01
-3.3333326419749838e+01
-3.3333326419749838e+01
-3.3333326419749838e+01
-1.6666672356727563e+01
-9.6177221054234668e-06
1.6666656644738783e+01
3.3333323026239981e+01
3.3333323026239981e+01
3.3333323026239981e+01
3.3333323026239981e+01
3.3333323026239981e+01
3.3333323026239960e+01
3.3333323026239960e+01
3.3333323026239960e+01
3.3333323026239945e+01
3.3333323026239938e+01
3.3333323026239938e+01
3.3333323026239938e+01
3.3333323026239924e+01
3.3333323026239924e+01
3.3333323026239924e+01
3.3333323026239931e+01
3.3332836719564014e+01
1.6666670009273510e+01
6.5176611657524244e-06
-1.6666659951593033e+01
-3.3333326419726831e+01
-3.3333326419726831e+01
-3.3333326419726831e+01
-3.3333326419726831e+01
-3.3333326419726831e+01
-3.3333326419726831e+01
-3.3333326419726831e+01
-3.3333326419726831e+01
-3.3333326419726831e+01
-3.3333326419726831e+01
-3.3333326419726831e+01
-3.3333326419726831e+01
-3.3333326419726831e+01
-3.3333326419726831e+01
-3.3333326419726831e+01
-3.3333326419726831e+01
-3.3333326419726831e+01
-1.6666672356717928e+01
-9.6177087843080429e-06
1.6666656644750862e+01
3.3333323026250206e+01
3.3333323026250206e+01
3.3333323026250206e+01
3.3333323026250206e+01
3.3333323026250198e+01
3.3333323026250213e+01
3.3333323026250213e+01
3.3333323026250213e+01
3.3333323026250213e+01
3.3333323026250213e+01
3.3333323026250206e+01
3.3333323026250206e+01
3.3333323026250213e+01
3.3333323026250213e+01
3.3333323026250206e+01
3.3333323026250191e+01
3.3332836719587519e+01
1.6666670009285554e+01
6.5176715100396569e-06
-1.6666659951588368e+01
-3.3333326419717672e+01
-3.3333326419717672e+01
-3.3333326419717672e+01
-3.3333326419717672e+01
-3.3333326419717672e+01
-3.3333326419717672e+01
-3.3333326419717672e+01
-3.3333326419717672e+01
-3.3333326419717672e+01
-3.3333326419717672e+01
-3.3333326419717672e+01
