0.0000000000000000e+00
0.0000000000000000e+00
0.0000000000000000e+00
0.0000000000000000e+00
0.0000000000000000e+00
0.0000000000000000e+00
0.0000000000000000e+00
0.0000000000000000e+00
-6.8545121899483727e-05
-8.3333303077183185e+00
-1.6666661450741000e+01
-1.6666661450740982e+01
-1.6666661450740989e+01
-1.6666661450740982e+01
-1.6666661450740971e+01
-1.6666661450740978e+01
-1.6666661450740971e+01
-1.6666661450740953e+01
-1.6666661450740946e+01
-1.6666661450740936e+01
-1.6666661450740968e+01
-1.6666661450740957e+01
-1.6666661450740946e+01
-1.6666661450740950e+01
-1.6666661450740953e+01
-1.6666661450740946e+01
-1.6666418304542223e+01
-8.3333350046314436e+00
-3.2588345123562950e-06
8.3333299758030908e+00
1.6666663209867860e+01
1.6666663209867863e+01
1.6666663209867870e+01
1.6666663209867874e+01
1.6666663209867860e+01
1.6666663209867849e+01
1.6666663209867842e+01
1.6666663209867860e+01
1.6666663209867849e+01
1.6666663209867863e+01
1.6666663209867856e+01
1.6666663209867878e+01
1.6666663209867885e+01
1.6666663209867885e+01
1.6666663209867867e+01
1.6666663209867870e+01
1.6666663209867895e+01
8.3333361783618152e+00
4.8088566062577777e-06
-8.3333283223705088e+00
-1.6666661513125035e+01
-1.6666661513125053e+01
-1.6666661513125064e+01
-1.6666661513125042e+01
-1.6666661513125050e+01
-1.6666661513125046e+01
-1.6666661513125071e+01
-1.6666661513125057e+01
-1.6666661513125032e+01
-1.6666661513125028e+01
-1.6666661513125028e+01
-1.6666661513125014e+01
-1.6666661513124986e+01
-1.6666661513124986e+01
-1.6666661513124993e+01
-1.6666661513124964e+01
-1.6666418359801114e+01
-8.3333350046407837e+00
-3.2588346388686231e-06
8.3333299757950634e+00
1.6666663209858861e+01
1.6666663209858843e+01
1.6666663209858843e+01
1.6666663209858839e+01
1.6666663209858868e+01
1.6666663209858868e+01
1.6666663209858907e+01
1.6666663209858907e+01
1.6666663209858886e+01
1.6666663209858875e+01
1.6666663209858875e+01
1.6666663209858864e+01
1.6666663209858889e+01
1.6666663209858868e+01
1.6666663209858864e+01
1.6666663209858857e+01
1.6666663209858839e+01
8.3333361783501729e+00
4.8088388561309470e-06
-8.3333283223980086e+00
-1.6666661513148163e+01
-1.6666661513148153e+01
-1.6666661513148156e+01
-1.6666661513148146e+01
-1.6666661513148128e+01
-1.6666661513148142e+01
-1.6666661513148142e+01
-1.6666661513148128e+01
-1.6666661513148135e+01
-1.6666661513148131e+01
-1.6666661513148114e+01
-1.6666661513148092e+01
-1.6666661513148103e+01
-1.6666661513148110e+01
-1.6666661513148103e+01
-1.6666661513148100e+01
-1.6666418359837941e+01
-8.3333350046720529e+00
-3.2588586795328188e-06
8.3333299757842063e+00
1.6666663209857756e+01
1.6666663209857735e+01
1.6666663209857735e+01
1.6666663209857742e+01
1.6666663209857770e+01
1.6666663209857767e+01
1.6666663209857759e+01
1.6666663209857745e+01
1.6666663209857756e+01
1.6666663209857756e+01
1.6666663209857724e+01
1.6666663209857756e+01
1.6666663209857745e+01
1.6666663209857727e+01
1.6666663209857727e+01
1.6666663209857749e+01
1.6666663209857731e+01
8.3333361783473840e+00
4.8088433419516737e-06
-8.3333283223870929e+00
-1.6666661513139903e+01
-1.6666661513139896e+01
-1.6666661513139882e+01
-1.6666661513139854e+01
-1.6666661513139847e+01
-1.6666661513139832e+01
-1.6666661513139857e+01
-1.6666661513139839e+01
-1.6666661513139804e+01
-1.6666661513139797e+01
-1.6666661513139779e+01
-1.6666661513139786e+01
-1.6666661513139807e+01
-1.6666661513139797e+01
-1.6666661513139804e+01
-1.6666661513139800e+01
-1.6666418359801845e+01
-8.3333350046578190e+00
-3.2588520180324338e-06
8.3333299757748094e+00
1.6666663209840276e+01
1.6666663209840280e+01
1.6666663209840276e+01
1.6666663209840280e+01
1.6666663209840280e+01
1.6666663209840241e+01
1.6666663209840237e+01
1.6666663209840241e+01
1.6666663209840248e+01
1.6666663209840245e+01
1.6666663209840241e+01
1.6666663209840230e+01
1.6666663209840195e+01
1.6666663209840191e+01
1.6666663209840191e+01
1.6666663209840195e+01
1.6666663209840177e+01
8.3333361783387954e+00
4.8088368921205768e-06
-8.3333283223860022e+00
-1.6666661513133789e+01
-1.6666661513133811e+01
-1.6666661513133779e+01
-1.6666661513133811e+01
-1.6666661513133796e+01
-1.6666661513133775e+01
-1.6666661513133779e+01
-1.6666661513133782e+01
-1.6666661513133775e+01
-1.6666661513133775e+01
-1.6666661513133761e+01
-1.6666661513133761e+01
-1.6666661513133761e+01
-1.6666661513133775e+01
-1.6666661513133775e+01
-1.6666661513133803e+01
-1.6666418359802446e+01
-8.3333350046503174e+00
-3.2588431837873867e-06
8.3333299757898978e+00
1.6666663209854509e+01
1.6666663209854466e+01
1.6666663209854502e+01
1.6666663209854516e+01
1.6666663209854523e+01
1.6666663209854526e+01
1.6666663209854519e+01
1.6666663209854548e+01
1.6666663209854562e+01
1.6666663209854566e+01
1.6666663209854594e+01
