0.0000000000000000e+00
0.0000000000000000e+00
0.0000000000000000e+00
0.0000000000000000e+00
0.0000000000000000e+00
0.0000000000000000e+00
0.0000000000000000e+00
0.0000000000000000e+00
-6.8545121899415721e-05
-8.3333303077080103e+00
-1.6666661450729144e+01
-1.6666661450729123e+01
-1.6666661450729123e+01
-1.6666661450729123e+01
-1.6666661450729116e+01
-1.6666661450729119e+01
-1.6666661450729109e+01
-1.6666661450729087e+01
-1.6666661450729091e+01
-1.6666661450729087e+01
-1.6666661450729102e+01
-1.6666661450729094e+01
-1.6666661450729094e+01
-1.6666661450729094e+01
-1.6666661450729102e+01
-1.6666661450729091e+01
-1.6666418304530367e+01
-8.3333350046011514e+00
-3.2587966019537814e-06
8.3333299758468584e+00
1.6666663209915988e+01
1.6666663209915988e+01
1.6666663209916017e+01
1.6666663209916020e+01
1.6666663209916017e+01
1.6666663209915999e+01
1.6666663209915992e+01
1.6666663209915985e+01
1.6666663209915974e+01
1.6666663209915981e+01
1.6666663209915981e+01
1.6666663209916003e+01
1.6666663209915995e+01
1.6666663209915992e+01
1.6666663209915978e+01
1.6666663209915978e+01
1.6666663209915999e+01
8.3333361784119084e+00
4.8089063640945319e-06
-8.3333283223239647e+00
-1.6666661513076928e+01
-1.6666661513076953e+01
-1.6666661513076960e+01
-1.6666661513076942e+01
-1.6666661513076946e+01
-1.6666661513076939e+01
-1.6666661513076960e+01
-1.6666661513076942e+01
-1.6666661513076896e+01
-1.6666661513076917e+01
-1.6666661513076924e+01
-1.6666661513076907e+01
-1.6666661513076892e+01
-1.6666661513076892e+01
-1.6666661513076896e+01
-1.6666661513076885e+01
-1.6666418359753024e+01
-8.3333350045930974e+00
-3.2587918984270716e-06
8.3333299758418260e+00
1.6666663209909753e+01
1.6666663209909739e+01
1.6666663209909725e+01
1.6666663209909718e+01
1.6666663209909746e+01
1.6666663209909736e+01
1.6666663209909771e+01
1.6666663209909768e+01
1.6666663209909750e+01
1.6666663209909739e+01
1.6666663209909743e+01
1.6666663209909725e+01
1.6666663209909721e+01
1.6666663209909704e+01
1.6666663209909693e+01
1.6666663209909686e+01
1.6666663209909675e+01
8.3333361784236164e+00
4.8089245849186878e-06
-8.3333283223032524e+00
-1.6666661513049370e+01
-1.6666661513049352e+01
-1.6666661513049352e+01
-1.6666661513049345e+01
-1.6666661513049345e+01
-1.6666661513049345e+01
-1.6666661513049338e+01
-1.6666661513049309e+01
-1.6666661513049323e+01
-1.6666661513049313e+01
-1.6666661513049309e+01
-1.6666661513049291e+01
-1.6666661513049299e+01
-1.6666661513049323e+01
-1.6666661513049309e+01
-1.6666661513049295e+01
-1.6666418359739129e+01
-8.3333350045963570e+00
-3.2587945496768632e-06
8.3333299758287644e+00
1.6666663209892349e+01
1.6666663209892334e+01
1.6666663209892345e+01
1.6666663209892331e+01
1.6666663209892342e+01
1.6666663209892338e+01
1.6666663209892331e+01
1.6666663209892310e+01
1.6666663209892324e+01
1.6666663209892327e+01
1.6666663209892302e+01
1.6666663209892302e+01
1.6666663209892292e+01
1.6666663209892285e+01
1.6666663209892285e+01
1.6666663209892281e+01
1.6666663209892270e+01
8.3333361783803230e+00
4.8088789136433443e-06
-8.3333283223515444e+00
-1.6666661513099971e+01
-1.6666661513099967e+01
-1.6666661513099942e+01
-1.6666661513099932e+01
-1.6666661513099928e+01
-1.6666661513099914e+01
-1.6666661513099942e+01
-1.6666661513099921e+01
-1.6666661513099896e+01
-1.6666661513099875e+01
-1.6666661513099868e+01
-1.6666661513099871e+01
-1.6666661513099875e+01
-1.6666661513099868e+01
-1.6666661513099875e+01
-1.6666661513099864e+01
-1.6666418359761920e+01
-8.3333350046154351e+00
-3.2588088897067465e-06
8.3333299758184811e+00
1.6666663209886792e+01
1.6666663209886813e+01
1.6666663209886803e+01
1.6666663209886806e+01
1.6666663209886799e+01
1.6666663209886778e+01
1.6666663209886782e+01
1.6666663209886778e+01
1.6666663209886785e+01
1.6666663209886810e+01
1.6666663209886806e+01
1.6666663209886789e+01
1.6666663209886767e+01
1.6666663209886778e+01
1.6666663209886799e+01
1.6666663209886792e+01
1.6666663209886778e+01
8.3333361783792732e+00
4.8088720361344424e-06
-8.3333283223647054e+00
-1.6666661513116260e+01
-1.6666661513116285e+01
-1.6666661513116260e+01
-1.6666661513116281e+01
-1.6666661513116267e+01
-1.6666661513116257e+01
-1.6666661513116249e+01
-1.6666661513116257e+01
-1.6666661513116253e+01
-1.6666661513116249e+01
-1.6666661513116239e+01
-1.6666661513116253e+01
-1.6666661513116228e+01
-1.6666661513116249e+01
-1.6666661513116260e+01
-1.6666661513116289e+01
-1.6666418359784920e+01
-8.3333350046350745e+00
-3.2588281789129609e-06
8.3333299757985966e+00
1.6666663209863341e+01
1.6666663209863305e+01
1.6666663209863319e+01
1.6666663209863348e+01
1.6666663209863390e+01
1.6666663209863383e+01
1.6666663209863387e+01
1.6666663209863398e+01
1.6666663209863408e+01
1.6666663209863415e+01
1.6666663209863444e+01
