0.0000000000000000e+00
1.2193486254756034e-04
2.4390243902188679e-04
3.6585514122065594e-04
4.8779297277175260e-04
6.0971593730062062e-04
7.3170731706953974e-04
8.5368381675749263e-04
9.7564543999260791e-04
1.9378966967044384e-03
2.9073052829260808e-03
2.7853541440382682e-03
2.6633881312567915e-03
2.5414072409520815e-03
2.4195004861312392e-03
2.2975788682413141e-03
2.1756423836584346e-03
2.0536468276002601e-03
1.9316956080870150e-03
1.8097443885773000e-03
1.6877931690652533e-03
1.5658419495523481e-03
1.4438758561259991e-03
1.3219395105266473e-03
1.1999882946412143e-03
1.0780222048433854e-03
9.5604123750440246e-04
7.6892485695225112e-06
-9.4759512736336884e-04
-1.9098824675267475e-03
-2.8792913002032754e-03
-2.7573401136602722e-03
-2.6354037973945941e-03
-2.5134823477824114e-03
-2.3914864545262512e-03
-2.2695054424519230e-03
-2.1475393079306297e-03
-2.0256327959844471e-03
-1.9036815764734358e-03
-1.7817303569592246e-03
-1.6597791374469179e-03
-1.5378279179346080e-03
-1.4158915687091103e-03
-1.2939254789111109e-03
-1.1719742630269306e-03
-1.0500379174281629e-03
-9.2811643848778210e-04
2.0325007694217574e-05
9.7560933021415648e-04
1.9378966564384662e-03
2.9073054818314760e-03
2.7853543421601174e-03
2.6633883285942226e-03
2.5414074375061020e-03
2.4195006842544949e-03
2.2975790679339043e-03
2.1756425849206937e-03
2.0536470257223475e-03
1.9316958062088902e-03
1.8097445866994822e-03
1.6877933671878345e-03
1.5658421476754572e-03
1.4438760542491364e-03
1.3219397086499112e-03
1.1999884927644453e-03
1.0780224029660556e-03
9.5604143562572920e-04
7.6894405128965802e-06
-9.4759493542017010e-04
-1.9098822755821085e-03
-2.8792911082582912e-03
-2.7573399217145885e-03
-2.6354036054494529e-03
-2.5134821558369606e-03
-2.3914862625804383e-03
-2.2695052505065866e-03
-2.1475391159846242e-03
-2.0256326040391606e-03
-1.9036813845284299e-03
-1.7817301650128619e-03
-1.6597789455007003e-03
-1.5378277259880423e-03
-1.4158913767625364e-03
-1.2939252869649445e-03
-1.1719740710809943e-03
-1.0500377254824560e-03
-9.2811624654362231e-04
2.0325199640721258e-05
9.7560952216026392e-04
1.9378968483844627e-03
2.9073056737767763e-03
2.7853545341052499e-03
2.6633885205393296e-03
2.5414076294502522e-03
2.4195008761980878e-03
2.2975792598779114e-03
2.1756427768650673e-03
2.0536472176665593e-03
1.9316959981541099e-03
1.8097447786447304e-03
1.6877935591323437e-03
1.5658423396202345e-03
1.4438762461947499e-03
1.3219399005948160e-03
1.1999886847090615e-03
1.0780225949105157e-03
9.5604162757073315e-04
7.6896324586049262e-06
-9.4759474347550681e-04
-1.9098820836368235e-03
-2.8792909163135203e-03
-2.7573397297699217e-03
-2.6354034135045524e-03
-2.5134819638920384e-03
-2.3914860706346405e-03
-2.2695050585595151e-03
-2.1475389240382795e-03
-2.0256324120925934e-03
-1.9036811925814390e-03
-1.7817299730672016e-03
-1.6597787535549951e-03
-1.5378275340428597e-03
-1.4158911848170480e-03
-1.2939250950199700e-03
-1.1719738791351986e-03
-1.0500375335356514e-03
-9.2811605459634230e-04
2.0325391587428058e-05
9.7560971410636345e-04
1.9378970403312041e-03
2.9073058657240591e-03
2.7853547260518149e-03
2.6633887124853663e-03
2.5414078213973740e-03
2.4195010681450696e-03
2.2975794518254387e-03
2.1756429688121327e-03
2.0536474096133697e-03
1.9316961901000938e-03
1.8097449705900184e-03
1.6877937510782937e-03
1.5658425315664931e-03
1.4438764381408591e-03
1.3219400925411945e-03
1.1999888766553008e-03
1.0780227868562259e-03
9.5604181951617164e-04
7.6898244054074626e-06
-9.4759455152863923e-04
-1.9098818916898565e-03
-2.8792907243662003e-03
-2.7573395378236052e-03
-2.6354032215580537e-03
-2.5134817719457904e-03
-2.3914858786887715e-03
-2.2695048666141280e-03
-2.1475387320928148e-03
-2.0256322201484553e-03
-1.9036810006374002e-03
-1.7817297811232730e-03
-1.6597785616104684e-03
-1.5378273420980663e-03
-1.4158909928719821e-03
-1.2939249030750257e-03
-1.1719736871902810e-03
-1.0500373415913780e-03
-9.2811586265091660e-04
2.0325583532804687e-05
9.7560990605247621e-04
1.9378972322768747e-03
2.9073060576693668e-03
2.7853549179975338e-03
2.6633889044317140e-03
2.5414080133422507e-03
2.4195012600913340e-03
2.2975796437707300e-03
2.1756431607568853e-03
2.0536476015591896e-03
1.9316963820451693e-03
1.8097451625358179e-03
1.6877939430239711e-03
1.5658427235118531e-03
1.4438766300858168e-03
1.3219402844860595e-03
1.1999890686007317e-03
1.0780229788022290e-03
9.5604201146227811e-04
7.6900163498160722e-06
-9.4759435958456488e-04
-1.9098816997462800e-03
-2.8792905324221711e-03
-2.7573393458785044e-03
-2.6354030296133731e-03
-2.5134815800005989e-03
-2.3914856867442414e-03
-2.2695046746706378e-03
-2.1475385401494768e-03
-2.0256320282040141e-03
-1.9036808086919329e-03
-1.7817295891774741e-03
-1.6597783696654636e-03
