0.0000000000000000e+00
-3.6583358234665278e-05
-7.3170731707402953e-05
-1.0975944386471217e-04
-1.4634949480430060e-04
-1.8294088462512435e-04
-2.1951219511802021e-04
-2.5608484312150161e-04
-2.9265882873263195e-04
-7.4943616780550444e-04
-1.2097502251000104e-03
-1.1731648768845851e-03
-1.1365808671075180e-03
-1.0999981956718783e-03
-1.0634087796512525e-03
-1.0268207023668003e-03
-9.9023396372037052e-04
-9.5365268209220123e-04
-9.1706731623780659e-04
-8.8048195038539995e-04
-8.4389658453178106e-04
-8.0731121867789806e-04
-7.7072719126446035e-04
-7.3414048697034977e-04
-6.9755512121403326e-04
-6.6097109389681697e-04
-6.2438840492280170e-04
-1.7457634084464514e-04
2.7867559618337717e-04
7.3542902199276580e-04
1.1957431938604281e-03
1.1591578617226781e-03
1.1225711910498499e-03
1.0859831817434731e-03
1.0494017638484076e-03
1.0128190077035031e-03
9.7623491321200914e-04
9.3964566628370184e-04
9.0306030043032137e-04
8.6647493457487972e-04
8.2988956872154045e-04
7.9330420286764639e-04
7.5671749847603471e-04
7.2013347116164483e-04
6.8354810540678613e-04
6.4696140111336826e-04
6.1037335818426067e-04
1.6056918989883808e-04
-2.9268273500106397e-04
-7.4943615503825158e-04
-1.2097503245651440e-03
-1.1731649759472475e-03
-1.1365809657679377e-03
-1.0999982939285833e-03
-1.0634088787129050e-03
-1.0268208022330906e-03
-9.9023406439201645e-04
-9.5365278115418814e-04
-9.1706741530034547e-04
-8.8048204944859087e-04
-8.4389668359425120e-04
-8.0731131774101851e-04
-7.7072729032758318e-04
-7.3414058603230416e-04
-6.9755522027661508e-04
-6.6097119295937070e-04
-6.2438850398530447e-04
-1.7457643681664833e-04
2.7867550021184290e-04
7.3542892602082360e-04
1.1957430978888541e-03
1.1591577657515642e-03
1.1225710950780576e-03
1.0859830857720383e-03
1.0494016678764847e-03
1.0128189117328066e-03
9.7623481724191832e-04
9.3964557031374070e-04
9.0306020446098332e-04
8.6647483860545840e-04
8.2988947275228957e-04
7.9330410689819916e-04
7.5671740250565398e-04
7.2013337519155033e-04
6.8354800943651772e-04
6.4696130514491697e-04
6.1037326221694129e-04
1.6056909392988853e-04
-2.9268283097051961e-04
-7.4943625100897004e-04
-1.2097504205354289e-03
-1.1731650719169024e-03
-1.1365810617365840e-03
-1.0999983898974718e-03
-1.0634089746831622e-03
-1.0268208982055563e-03
-9.9023416036578835e-04
-9.5365287712623063e-04
-9.1706751127121919e-04
-8.8048214541934749e-04
-8.4389677956627732e-04
-8.0731141371225890e-04
-7.7072738629808892e-04
-7.3414068200422088e-04
-6.9755531624825522e-04
-6.6097128893190021e-04
-6.2438859995800333e-04
-1.7457653278839510e-04
2.7867540423903025e-04
7.3542883005010622e-04
1.1957430019180738e-03
1.1591576697797317e-03
1.1225709991059926e-03
1.0859829897997444e-03
1.0494015719051954e-03
1.0128188157610177e-03
9.7623472126931834e-04
9.3964547434072113e-04
9.0306010848790184e-04
8.6647474263248328e-04
8.2988937677929146e-04
7.9330401092499343e-04
7.5671730653334923e-04
7.2013327921941850e-04
6.8354791346520827e-04
6.4696120917344434e-04
6.1037316624471525e-04
1.6056899795812232e-04
-2.9268292694248550e-04
-7.4943634697962854e-04
-1.2097505165062630e-03
-1.1731651678883975e-03
-1.1365811577085901e-03
-1.0999984858694972e-03
-1.0634090706552518e-03
-1.0268209941767118e-03
-9.9023425633665806e-04
-9.5365297309660442e-04
-9.1706760724205648e-04
-8.8048224138978243e-04
-8.4389687553553514e-04
-8.0731150968224303e-04
-7.7072748226820174e-04
-7.3414077797330545e-04
-6.9755541221634817e-04
-6.6097138489947947e-04
-6.2438869592506185e-04
-1.7457662875767840e-04
2.7867530826956459e-04
7.3542873407897945e-04
1.1957429059465243e-03
1.1591575738088352e-03
1.1225709031358671e-03
1.0859828938290462e-03
1.0494014759337652e-03
1.0128187197891709e-03
9.7623462529745637e-04
9.3964537836969833e-04
9.0306001251683416e-04
8.6647464666124181e-04
8.2988928080780452e-04
7.9330391495455611e-04
7.5671721056269896e-04
7.2013318324788570e-04
6.8354781749357355e-04
6.4696111320164580e-04
6.1037307027304692e-04
1.6056890198714777e-04
-2.9268302291291811e-04
-7.4943644294976023e-04
-1.2097506124764564e-03
-1.1731652638579137e-03
-1.1365812536780523e-03
-1.0999985818388209e-03
-1.0634091666240795e-03
-1.0268210901456598e-03
-9.9023435230567009e-04
-9.5365306906579632e-04
-9.1706770321166027e-04
-8.8048233736000314e-04
-8.4389697150632874e-04
-8.0731160565278943e-04
-7.7072757823881005e-04
-7.3414087394396005e-04
-6.9755550818822423e-04
-6.6097148087205127e-04
-6.2438879189707442e-04
-1.7457672472887385e-04
2.7867521229846986e-04
7.3542863810809142e-04
1.1957428099756448e-03
1.1591574778381263e-03
1.1225708071647890e-03
1.0859827978585452e-03
1.0494013799631776e-03
1.0128186238179990e-03
9.7623452932628374e-04
9.3964528239964319e-04
9.0305991654658895e-04
8.6647455069115012e-04
8.2988918483730052e-04
