0.0000000000000000e+00
-3.6583358234892595e-05
-7.3170731706786082e-05
-1.0975944386416754e-04
-1.4634949480394070e-04
-1.8294088462411884e-04
-2.1951219511736795e-04
-2.5608484312113471e-04
-2.9265882873209207e-04
-7.4943616780422573e-04
-1.2097502250992312e-03
-1.1731648768839920e-03
-1.1365808671073242e-03
-1.0999981956715556e-03
-1.0634087796507678e-03
-1.0268207023656644e-03
-9.9023396371873142e-04
-9.5365268209149920e-04
-9.1706731623717667e-04
-8.8048195038474618e-04
-8.4389658453033452e-04
-8.0731121867675965e-04
-7.7072719126316342e-04
-7.3414048696848527e-04
-6.9755512121141437e-04
-6.6097109389453082e-04
-6.2438840491976040e-04
-1.7457634084245207e-04
2.7867559618479574e-04
7.3542902199433898e-04
1.1957431938624059e-03
1.1591578617243866e-03
1.1225711910518616e-03
1.0859831817453191e-03
1.0494017638491785e-03
1.0128190077044763e-03
9.7623491321312836e-04
9.3964566628514643e-04
9.0306030043264623e-04
8.6647493457702764e-04
8.2988956872318107e-04
7.9330420286953833e-04
7.5671749847821320e-04
7.2013347116328598e-04
6.8354810540827203e-04
6.4696140111380953e-04
6.1037335818445041e-04
1.6056918990078978e-04
-2.9268273499915133e-04
-7.4943615503672903e-04
-1.2097503245632247e-03
-1.1731649759452849e-03
-1.1365809657649063e-03
-1.0999982939259305e-03
-1.0634088787118137e-03
-1.0268208022330282e-03
-9.9023406439319628e-04
-9.5365278115342963e-04
-9.1706741529887670e-04
-8.8048204944681657e-04
-8.4389668359272324e-04
-8.0731131773906716e-04
-7.7072729032542876e-04
-7.3414058603085133e-04
-6.9755522027406145e-04
-6.6097119295709095e-04
-6.2438850398202140e-04
-1.7457643681465255e-04
2.7867550021333488e-04
7.3542892602301423e-04
1.1957430978912292e-03
1.1591577657540121e-03
1.1225710950812623e-03
1.0859830857747918e-03
1.0494016678789617e-03
1.0128189117349679e-03
9.7623481724426388e-04
9.3964557031656049e-04
9.0306020446392259e-04
8.6647483860870169e-04
8.2988947275605435e-04
7.9330410690210641e-04
7.5671740251065660e-04
7.2013337519573209e-04
6.8354800944065602e-04
6.4696130514745238e-04
6.1037326221875831e-04
1.6056909393495031e-04
-2.9268283096521141e-04
-7.4943625100315492e-04
-1.2097504205295484e-03
-1.1731650719108472e-03
-1.1365810617318377e-03
-1.0999983898938950e-03
-1.0634089746783923e-03
-1.0268208981986660e-03
-9.9023416035779453e-04
-9.5365287712040076e-04
-9.1706751126651332e-04
-8.8048214541407166e-04
-8.4389677956063145e-04
-8.0731141370779698e-04
-7.7072738629491307e-04
-7.3414068199969791e-04
-6.9755531624282347e-04
-6.6097128892580624e-04
-6.2438859995076921e-04
-1.7457653278484409e-04
2.7867540424291701e-04
7.3542883005228113e-04
1.1957430019200782e-03
1.1591576697820515e-03
1.1225709991090143e-03
1.0859829898026696e-03
1.0494015719079036e-03
1.0128188157643848e-03
9.7623472127336816e-04
9.3964547434455758e-04
9.0306010849144620e-04
8.6647474263636017e-04
8.2988937678287172e-04
7.9330401092909464e-04
7.5671730653774361e-04
7.2013327922281205e-04
6.8354791346722315e-04
6.4696120917433718e-04
6.1037316624481825e-04
1.6056899796021781e-04
-2.9268292693996288e-04
-7.4943634697727571e-04
-1.2097505165034046e-03
-1.1731651678858310e-03
-1.1365811577061656e-03
-1.0999984858668624e-03
-1.0634090706520688e-03
-1.0268209941735318e-03
-9.9023425633251640e-04
-9.5365297309320761e-04
-9.1706760723963675e-04
-8.8048224138677703e-04
-8.4389687553233751e-04
-8.0731150967873347e-04
-7.7072748226522159e-04
-7.3414077797083997e-04
-6.9755541221445787e-04
-6.6097138489807923e-04
-6.2438869592272117e-04
-1.7457662875474178e-04
2.7867530827278071e-04
7.3542873408230275e-04
1.1957429059500483e-03
1.1591575738124976e-03
1.1225709031393763e-03
1.0859828938332558e-03
1.0494014759370571e-03
1.0128187197930179e-03
9.7623462530073196e-04
9.3964537837306662e-04
9.0306001252056262e-04
8.6647464666458256e-04
8.2988928081093353e-04
7.9330391495752292e-04
7.5671721056614792e-04
7.2013318325078279e-04
6.8354781749580993e-04
6.4696111320262277e-04
6.1037307027359369e-04
1.6056890198906361e-04
-2.9268302291128481e-04
-7.4943644294942109e-04
-1.2097506124757961e-03
-1.1731652638579085e-03
-1.1365812536778602e-03
-1.0999985818395323e-03
-1.0634091666234641e-03
-1.0268210901443753e-03
-9.9023435230380179e-04
-9.5365306906524912e-04
-9.1706770321104357e-04
-8.8048233735920842e-04
-8.4389697150469029e-04
-8.0731160565177006e-04
-7.7072757823883878e-04
-7.3414087394335192e-04
-6.9755550818636201e-04
-6.6097148086894709e-04
-6.2438879189386800e-04
-1.7457672472824586e-04
2.7867521229916169e-04
7.3542863810824820e-04
1.1957428099761897e-03
1.1591574778386205e-03
1.1225708071652752e-03
1.0859827978588932e-03
1.0494013799639500e-03
1.0128186238196125e-03
9.7623452932804925e-04
9.3964528239936400e-04
9.0305991654648606e-04
8.6647455069064391e-04
8.2988918483762036e-04
