0.0000000000000000e+00
0.0000000000000000e+00
0.0000000000000000e+00
0.0000000000000000e+00
0.0000000000000000e+00
0.0000000000000000e+00
0.0000000000000000e+00
0.0000000000000000e+00
6.8545126597883915e-09
8.4033576918487291e-04
1.6877931690647834e-03
1.6877931690647834e-03
1.6877931690647834e-03
1.6877931690647834e-03
1.6877931690647834e-03
1.6877931690647834e-03
1.6877931690647834e-03
1.6877931690647834e-03
1.6877931690647834e-03
1.6877931690647834e-03
1.6877931690647834e-03
1.6877931690647834e-03
1.6877931690647834e-03
1.6877931690647834e-03
1.6877931690647834e-03
1.6877931690647834e-03
1.6878170850901720e-03
2.5142385680099869e-03
3.3475717398743798e-03
4.1879078615308010e-03
5.0353654755754393e-03
5.0353654755754393e-03
5.0353654755754393e-03
5.0353654755754393e-03
5.0353654755754393e-03
5.0353654755754393e-03
5.0353654755754393e-03
5.0353654755754393e-03
5.0353654755754393e-03
5.0353654755754393e-03
5.0353654755754393e-03
5.0353654755754393e-03
5.0353654755754393e-03
5.0353654755754393e-03
5.0353654755754393e-03
5.0353654755754393e-03
5.0353654755754393e-03
5.8618111292606228e-03
6.6951442622037605e-03
7.5354803720309449e-03
8.3829379802085151e-03
8.3829379802085151e-03
8.3829379802085151e-03
8.3829379802085151e-03
8.3829379802085151e-03
8.3829379802085151e-03
8.3829379802085151e-03
8.3829379802085151e-03
8.3829379802085151e-03
8.3829379802085151e-03
8.3829379802085151e-03
8.3829379802085151e-03
8.3829379802085151e-03
8.3829379802085151e-03
8.3829379802085151e-03
8.3829379802085151e-03
8.3829618969347413e-03
9.2093833853329182e-03
1.0042716557197608e-02
1.0883052678853134e-02
1.1730510292897647e-02
1.1730510292897647e-02
1.1730510292897647e-02
1.1730510292897647e-02
1.1730510292897647e-02
1.1730510292897647e-02
1.1730510292897647e-02
1.1730510292897647e-02
1.1730510292897647e-02
1.1730510292897647e-02
1.1730510292897647e-02
1.1730510292897647e-02
1.1730510292897647e-02
1.1730510292897647e-02
1.1730510292897647e-02
1.1730510292897647e-02
1.1730510292897647e-02
1.2556955946582068e-02
1.3390289079525183e-02
1.4230625189352739e-02
1.5078082797529736e-02
1.5078082797529736e-02
1.5078082797529736e-02
1.5078082797529736e-02
1.5078082797529736e-02
1.5078082797529736e-02
1.5078082797529736e-02
1.5078082797529736e-02
1.5078082797529736e-02
1.5078082797529736e-02
1.5078082797529736e-02
1.5078082797529736e-02
1.5078082797529736e-02
1.5078082797529736e-02
1.5078082797529736e-02
1.5078082797529736e-02
1.5078106714254618e-02
1.5904528202652195e-02
1.6737861374517275e-02
1.7578197496172926e-02
1.8425655110217716e-02
1.8425655110217716e-02
1.8425655110217716e-02
1.8425655110217716e-02
1.8425655110217716e-02
1.8425655110217716e-02
1.8425655110217716e-02
1.8425655110217716e-02
1.8425655110217716e-02
1.8425655110217716e-02
1.8425655110217716e-02
1.8425655110217716e-02
1.8425655110217716e-02
1.8425655110217716e-02
1.8425655110217716e-02
1.8425655110217716e-02
1.8425655110217716e-02
1.9252100763903518e-02
2.0085433896846409e-02
2.0925770006673783e-02
2.1773227614851051e-02
2.1773227614851051e-02
2.1773227614851051e-02
2.1773227614851051e-02
2.1773227614851051e-02
2.1773227614851051e-02
2.1773227614851051e-02
2.1773227614851051e-02
2.1773227614851051e-02
2.1773227614851051e-02
2.1773227614851051e-02
2.1773227614851051e-02
2.1773227614851051e-02
2.1773227614851051e-02
2.1773227614851051e-02
2.1773227614851051e-02
2.1773251531578667e-02
2.2599673019975348e-02
2.3433006191840276e-02
2.4273342313495316e-02
2.5120799927539916e-02
2.5120799927539916e-02
2.5120799927539916e-02
2.5120799927539916e-02
2.5120799927539916e-02
2.5120799927539916e-02
2.5120799927539916e-02
2.5120799927539916e-02
2.5120799927539916e-02
2.5120799927539916e-02
2.5120799927539916e-02
2.5120799927539916e-02
2.5120799927539916e-02
2.5120799927539916e-02
2.5120799927539916e-02
2.5120799927539916e-02
2.5120799927539916e-02
2.5947245581225076e-02
2.6780578714168141e-02
2.7620914823995483e-02
2.8468372432172647e-02
2.8468372432172647e-02
2.8468372432172647e-02
2.8468372432172647e-02
2.8468372432172647e-02
2.8468372432172647e-02
2.8468372432172647e-02
2.8468372432172647e-02
2.8468372432172647e-02
2.8468372432172647e-02
2.8468372432172647e-02
2.8468372432172647e-02
2.8468372432172647e-02
2.8468372432172647e-02
2.8468372432172647e-02
2.8468372432172647e-02
2.8468396348899611e-02
2.9294817837296865e-02
3.0128151009161854e-02
3.0968487130817186e-02
3.1815944744861560e-02
3.1815944744861560e-02
3.1815944744861560e-02
3.1815944744861560e-02
3.1815944744861560e-02
3.1815944744861560e-02
3.1815944744861560e-02
3.1815944744861560e-02
3.1815944744861560e-02
3.1815944744861560e-02
3.1815944744861560e-02
