0.0000000000000000e+00
-1.1430604719258268e-03
-2.5454161377608815e-10
-1.1438599321742981e-03
-4.5742488397168355e-03
-1.0290777124827379e-02
1.1998426938415488e-09
8.0036359509488390e-03
1.4260970005819166e-02
-1.9540620527263134e-06
-2.5265465737975541e-06
5.5247534885597520e-08
-2.2841404871294475e-03
-6.8555047986973480e-03
4.9660113867993041e-10
4.5698910970039070e-03
6.8537770120900244e-03
3.1880410587875704e-10
4.4804686302524702e-10
2.2867702905173218e-10
3.3063842015553224e-10
2.8998363198253495e-10
-2.2867804140602327e-03
2.9558231425747765e-10
3.9094310544400315e-07
-2.2859985904381546e-03
-8.7452460860155488e-03
-4.8291639165451922e-06
-8.8207828090044962e-06
-9.0458073994614289e-06
-9.3391158436845679e-06
5.3450560625701622e-08
-2.2769418619959514e-03
-6.8399354957763168e-03
5.0067701674363905e-10
4.5523713926606492e-03
6.8175681878464836e-03
-2.0457758051190820e-10
-1.8043230001905987e-10
-7.5275099146839228e-10
-6.7583839583066077e-10
-8.0289428712260404e-10
-2.2863909975683544e-03
-4.6424889504242006e-10
-3.9068745431917587e-07
-2.2871712626500963e-03
-6.8599512947974195e-03
-1.7919004468964263e-06
-2.4050370713419698e-06
-2.4857221613177500e-06
-2.5935129029595573e-06
5.4305782231108532e-08
-2.2840755066114915e-03
-6.8553733748975866e-03
-2.5751611397844608e-11
4.5697587256118225e-03
6.8535126854081235e-03
-4.4748744142859804e-10
-4.4267111272028153e-10
-8.5531387641957915e-10
-5.5838533557808042e-10
-7.1392243340706701e-10
-2.2867813439856272e-03
-3.6188952673045970e-10
3.9009299774214934e-07
-2.2859994642014411e-03
-8.7453022637391103e-03
-4.8297114528045595e-06
-8.8212104962814761e-06
-9.0461240910339498e-06
-9.3392925612955562e-06
5.3511494285729069e-08
-2.2769421135049707e-03
-6.8399355958983030e-03
2.2898046865021590e-10
4.5523714893190501e-03
6.8175684923535030e-03
4.4135620628223817e-11
2.4296364418846681e-10
-3.1505559399301005e-11
2.1188867826496795e-10
1.2529594707744622e-10
-2.2863903211380013e-03
3.1301702820280037e-10
-3.8996965061280736e-07
-2.2871699498190961e-03
-6.8599498664167514e-03
-1.7906363642889590e-06
-2.4039113933886874e-06
-2.4848694274593014e-06
-2.5926292919414018e-06
5.5464477155244578e-08
-2.2840741988514584e-03
-6.8553723497606451e-03
7.5516337606898902e-10
4.5697591102186776e-03
6.8535127742788294e-03
-1.6882145992649134e-10
1.9938448635447037e-10
-1.4691870996243836e-10
-3.6108584769155864e-10
-3.2626226638352247e-10
-2.2867808281733550e-03
-1.8946052628171018e-10
3.9037986576008938e-07
-2.2859995002658057e-03
-8.7453021591867696e-03
-4.8294332883176741e-06
-8.8213083300471722e-06
-9.0456922481274686e-06
-9.3391098833917312e-06
5.3493858426822486e-08
-2.2769422078260789e-03
-6.8399356220778642e-03
7.9993774865181610e-10
4.5523722330629403e-03
6.8175689895851347e-03
4.5049915156524175e-10
5.7444550984234731e-10
6.9285240195970997e-11
1.4614857685110900e-10
3.3324406306627676e-11
-2.2863901801586867e-03
3.0092286299538938e-10
-3.8969019564914346e-07
-2.2871695958553693e-03
-6.8599496887088614e-03
-1.7904348613947478e-06
-2.4039117841150198e-06
-2.4844282937623783e-06
-2.5921421370476210e-06
5.5511674609285711e-08
-2.2840742671148065e-03
-6.8553721552375366e-03
8.1376480535067101e-10
4.5697592867038938e-03
6.8535130617928056e-03
4.5093389632948386e-10
5.5538933755103516e-10
3.0243182418490183e-10
5.8646613639228310e-10
4.9939538338040887e-10
-2.2867799403891503e-03
8.7168376886058246e-10
3.9152096898658694e-07
-2.2859983169587865e-03
-8.7453010644835596e-03
-4.8283739003255215e-06
-8.8202588508612255e-06
-9.0449244459452566e-06
-9.3382983952057081e-06
5.4234821249365297e-08
-2.2769412362203196e-03
-6.8399348747874220e-03
1.1015704510251118e-09
4.5523722710677506e-03
6.8175689009674113e-03
4.2348531178321430e-10
6.0023341108121191e-10
-4.7450323116542421e-11
1.8505553211478231e-10
2.7209303848855370e-10
-2.2863898998594858e-03
3.0630372286407032e-10
-3.8958462343321411e-07
-2.2871696078285309e-03
-6.8599494493164154e-03
-1.7900735898881871e-06
-2.4034118019306635e-06
-2.4840850584351868e-06
-2.5918783657308957e-06
5.6092273056878125e-08
-2.2840735685618610e-03
-6.8553716792013044e-03
1.7133781956717125e-09
4.5697601922045847e-03
6.8535137919859988e-03
1.1892653309429082e-09
1.1798641364660995e-09
7.4199743663638977e-10
8.6301757573227522e-10
7.7075262245049707e-10
-2.2867798060866446e-03
1.1343452859654822e-09
3.9160367259169467e-07
-2.2859982606148583e-03
-8.7453008056752220e-03
-4.8284777010761490e-06
-8.8205035789186332e-06
-9.0452501666296846e-06
-9.3385421310609560e-06
5.4245707884179211e-08
-2.2769414004542303e-03
-6.8399348868457156e-03
1.2091703578923914e-09
4.5523719925660696e-03
6.8175685928950477e-03
3.8784565480301039e-10
6.4708290927402529e-10
2.2479119820074382e-10
2.7239242871768905e-10
