0.0000000000000000e+00
-1.1430605077773462e-03
-1.7887796612756617e-10
-1.1438598471878246e-03
-4.5742487921292645e-03
-1.0290776962875272e-02
1.2984721693604565e-09
8.0036360043401200e-03
1.4260970071943987e-02
-1.9539692689496291e-06
-2.5265216310215495e-06
5.5229457972416893e-08
-2.2841405566793307e-03
-6.8555048542144302e-03
4.6867298614047574e-10
4.5698911882048063e-03
6.8537771728452296e-03
3.2507686999502864e-10
4.5121068013327991e-10
2.1942828914819031e-10
4.3456796310849779e-10
3.7728664054968594e-10
-2.2867803028504552e-03
4.9272654897746326e-10
3.9127419171520391e-07
-2.2859983020269209e-03
-8.7452456457933238e-03
-4.8289825822692739e-06
-8.8206811133691392e-06
-9.0457138787520333e-06
-9.3390299761280250e-06
5.3533507348195405e-08
-2.2769417347704396e-03
-6.8399353613841285e-03
4.2238394916095396e-10
4.5523713261777943e-03
6.8175681496564170e-03
-2.2094501492239337e-10
-9.4963493015489572e-11
-6.8931266747415982e-10
-6.0227847960840646e-10
-7.1626355829678260e-10
-2.2863908288886141e-03
-3.8324855048235760e-10
-3.9064862015003695e-07
-2.2871713427504011e-03
-6.8599514314718491e-03
-1.7918304478797468e-06
-2.4049861411219641e-06
-2.4856975907083179e-06
-2.5934489462047515e-06
5.4358787321152594e-08
-2.2840752808861021e-03
-6.8553732208516708e-03
-1.0754392167275941e-10
4.5697585062331510e-03
6.8535122612634856e-03
-5.4656578354718334e-10
-4.7107864926762791e-10
-8.2498632765880440e-10
-5.9054148085798811e-10
-6.7450497211122498e-10
-2.2867812754680437e-03
-4.2517771482383982e-10
3.9020963054643226e-07
-2.2859993831083813e-03
-8.7453020108553547e-03
-4.8296634576526842e-06
-8.8212042298968752e-06
-9.0460419632494963e-06
-9.3392054887163577e-06
5.3603110494017596e-08
-2.2769419122801167e-03
-6.8399354372296380e-03
4.0073924131294546e-10
4.5523716029976435e-03
6.8175686592043669e-03
2.4897084215189908e-10
4.6647083144509572e-10
1.9445027878336346e-10
5.1111261967297507e-10
4.4115216550254805e-10
-2.2863898837828410e-03
6.3246352063525555e-10
-3.8965604132659668e-07
-2.2871698899128642e-03
-6.8599499233924248e-03
-1.7903747957228979e-06
-2.4037210976645398e-06
-2.4846960734046892e-06
-2.5924913818555479e-06
5.5628144070552544e-08
-2.2840742208634110e-03
-6.8553725107429551e-03
7.3894007918232533e-10
4.5697594024837482e-03
6.8535132606620452e-03
-5.4344448831429166e-12
1.4722705470909483e-10
-1.0205492000667020e-10
-3.0147879492203170e-10
-4.4864351432187372e-10
-2.2867811219046815e-03
-3.0310829002709537e-10
3.9038997678918325e-07
-2.2859993511721815e-03
-8.7453018427934570e-03
-4.8295385207794228e-06
-8.8213318922449499e-06
-9.0457994982363480e-06
-9.3391508477147429e-06
5.3480460966274898e-08
-2.2769421219619597e-03
-6.8399355694280317e-03
7.8507102009802995e-10
4.5523722796177550e-03
6.8175691528986407e-03
5.5304230209916064e-10
6.7687707461302169e-10
2.1878979707330064e-10
2.8736906155073071e-10
1.8875773819154996e-10
-2.2863899753649713e-03
4.4554260951056415e-10
-3.8974666249700073e-07
-2.2871698154948070e-03
-6.8599499877341711e-03
-1.7904123720823179e-06
-2.4038524190800517e-06
-2.4843904374973424e-06
-2.5920648088114546e-06
5.5547941546457496e-08
-2.2840742249909847e-03
-6.8553720777330563e-03
9.6002983693008682e-10
4.5697594509051566e-03
6.8535133527775852e-03
6.3524753773045665e-10
5.7652947760697417e-10
4.1944542939595032e-10
7.5092045090449012e-10
6.9586438610433813e-10
-2.2867798002737744e-03
9.1370982482719410e-10
3.9148307970428556e-07
-2.2859984276982375e-03
-8.7453010589381933e-03
-4.8283084457199891e-06
-8.8202065386081752e-06
-9.0448732786140153e-06
-9.3382260500599988e-06
5.4356013179612623e-08
-2.2769410792412826e-03
-6.8399346409666138e-03
1.1962849085247319e-09
4.5523724567555516e-03
6.8175689867257562e-03
5.5582956289019019e-10
7.8273769587753668e-10
1.3240527965891665e-10
3.3394937049990004e-10
4.1359192297953795e-10
-2.2863896530547203e-03
4.9651816964599914e-10
-3.8952102509105834e-07
-2.2871697054651190e-03
-6.8599496771341176e-03
-1.7900796741791468e-06
-2.4034165852243592e-06
-2.4841719617057725e-06
-2.5918891699843612e-06
5.5986040187763946e-08
-2.2840736499933848e-03
-6.8553718885462850e-03
1.7322564287452160e-09
4.5697603048523404e-03
6.8535139753387172e-03
1.1578636365248627e-09
1.1531224472856395e-09
7.4684435848445308e-10
9.9359167858197205e-10
7.8942200582669298e-10
-2.2867799325046912e-03
1.0911190351274110e-09
3.9177965000788951e-07
-2.2859978694514233e-03
-8.7453004281476034e-03
-4.8284798082189784e-06
-8.8204893134111889e-06
-9.0452908136457246e-06
-9.3385316938663768e-06
5.4256695687513210e-08
-2.2769413964226558e-03
-6.8399349217267893e-03
1.1882562681140006e-09
4.5523720918376059e-03
6.8175687437559600e-03
2.8095941831317998e-10
5.7298181071645951e-10
1.2134525184225859e-10
2.4837370214559110e-10
