0.0000000000000000e+00
2.4997104046445784e+01
4.9999999999569987e+01
7.5000761494195217e+01
9.9999389117753239e+01
1.2499588345744790e+02
1.4999999999877426e+02
1.7500198098092085e+02
2.0000020563536540e+02
2.2499999092313936e+02
2.4999998435220490e+02
2.2499999984745628e+02
1.9999788090560040e+02
1.7499362693884797e+02
1.4999999999841188e+02
1.2500424037469190e+02
1.0000634748078797e+02
7.4999999999578961e+01
4.9999999999262286e+01
2.4999999999888143e+01
1.7101792207588133e-10
2.5000000000242981e+01
5.0002134440378221e+01
7.5000000000577543e+01
9.9999999413331295e+01
1.2500213326601151e+02
1.5000074508639057e+02
1.7499999498615068e+02
1.9999999022355303e+02
2.2499998992747453e+02
2.4999998962967538e+02
2.2500000014539660e+02
2.0000214451281641e+02
1.7500642214486822e+02
1.5000000000172082e+02
1.2499571347483062e+02
9.9993561976678905e+01
7.5000000000347413e+01
5.0000000000627566e+01
2.4999999999998906e+01
-2.5263236387317117e-12
2.5000000000060737e+01
4.9997866147336978e+01
7.4999999999710127e+01
9.9999999412032821e+01
1.2499786497205102e+02
1.4999359726685077e+02
1.7499999146483927e+02
1.9999998557335547e+02
2.2499998496704123e+02
2.4999998453930272e+02
2.2499999984751980e+02
1.9999788071836053e+02
1.7499362656440869e+02
1.4999999999851761e+02
1.2500424074932108e+02
1.0000634823009830e+02
7.4999999999618296e+01
4.9999999999292250e+01
2.4999999999970626e+01
-4.4382273739545421e-12
2.5000000000028685e+01
5.0002134440137681e+01
7.5000000000391921e+01
9.9999999413085007e+01
1.2500213326589181e+02
1.5000074492066847e+02
1.7499999498614886e+02
1.9999999022355976e+02
2.2499998992745489e+02
2.4999998962965270e+02
2.2500000014532094e+02
2.0000214451274257e+02
1.7500642214477224e+02
1.5000000000151050e+02
1.2499571347484307e+02
9.9993561976657460e+01
7.5000000000469910e+01
5.0000000000848829e+01
2.5000000000064482e+01
2.1871373448963362e-10
2.4999999999919574e+01
4.9997866147299177e+01
7.4999999999579742e+01
9.9999999411900077e+01
1.2499786497162839e+02
1.4999359726608310e+02
1.7499999146483921e+02
1.9999998557335471e+02
2.2499998496705189e+02
2.4999998453929601e+02
2.2499999984739983e+02
1.9999788071832427e+02
1.7499362656436148e+02
1.4999999999836425e+02
1.2500424074931342e+02
1.0000634823012761e+02
7.4999999999658371e+01
4.9999999999502101e+01
2.5000000000173248e+01
8.4719990965925374e-11
2.4999999999756930e+01
5.0002134439773251e+01
7.5000000000039691e+01
9.9999999412804556e+01
1.2500213326562589e+02
1.5000074492063391e+02
1.7499999498609674e+02
1.9999999022351957e+02
2.2499998992741908e+02
2.4999998962962451e+02
2.2500000014523167e+02
2.0000214451256463e+02
1.7500642214462121e+02
1.5000000000138738e+02
1.2499571347457875e+02
9.9993561976435302e+01
7.5000000000140105e+01
5.0000000000420883e+01
2.4999999999832930e+01
1.1805313484417838e-10
2.5000000000160107e+01
4.9997866147520924e+01
7.4999999999725190e+01
9.9999999412127934e+01
1.2499786497203040e+02
1.4999359726663971e+02
1.7499999146490822e+02
1.9999998557341635e+02
2.2499998496710796e+02
2.4999998453935967e+02
2.2499999984745040e+02
1.9999788071826890e+02
1.7499362656436185e+02
1.4999999999844351e+02
1.2500424074948751e+02
1.0000634823023208e+02
7.4999999999538545e+01
4.9999999999303213e+01
2.4999999999790884e+01
3.3478419145707659e-10
2.5000000000132857e+01
5.0002134440186708e+01
7.5000000000461881e+01
9.9999999413338188e+01
1.2500213326618916e+02
1.5000074492065377e+02
1.7499999498608969e+02
1.9999999022350818e+02
2.2499998992738921e+02
2.4999998962959003e+02
2.2500000014537028e+02
2.0000214451276236e+02
1.7500642214481334e+02
1.5000000000149072e+02
1.2499571347466355e+02
9.9993561976401679e+01
7.5000000000417401e+01
5.0000000000737664e+01
2.5000000000091088e+01
1.9615849473507878e-10
2.4999999999923997e+01
4.9997866147321410e+01
7.4999999999612172e+01
9.9999999411957717e+01
1.2499786497176800e+02
1.4999359726651673e+02
1.7499999146492266e+02
1.9999998557343648e+02
2.2499998496712598e+02
2.4999998453937496e+02
2.2499999984752102e+02
1.9999788071840558e+02
1.7499362656434863e+02
1.4999999999846955e+02
1.2500424074939878e+02
1.0000634823009048e+02
7.4999999999663387e+01
4.9999999999284519e+01
2.5000000000014804e+01
2.6025266049027214e-10
2.4999999999952099e+01
5.0002134440054476e+01
7.5000000000424478e+01
9.9999999413158122e+01
1.2500213326599400e+02
1.5000074492061859e+02
1.7499999498607161e+02
1.9999999022349260e+02
2.2499998992738225e+02
2.4999998962957650e+02
2.2500000014524787e+02
2.0000214451264634e+02
1.7500642214462349e+02
1.5000000000149709e+02
1.2499571347474883e+02
9.9993561976552726e+01
7.5000000000406175e+01
5.0000000000557314e+01
2.4999999999925041e+01
4.4366973283319965e-10
