0.0000000000000000e+00
2.4995960985955939e+01
4.9999999999353271e+01
7.4999617634305551e+01
9.9994814868937269e+01
1.2498559268040400e+02
1.5000000000002342e+02
1.7500998461689841e+02
2.0001446660540421e+02
2.2499998896912365e+02
2.4999998182567083e+02
2.2499999990269473e+02
1.9999559676507846e+02
1.7498677143402159e+02
1.4999999999889457e+02
1.2500881026583448e+02
1.0001320125788041e+02
7.4999999999900893e+01
4.9999999999711882e+01
2.5000000000112191e+01
2.1907095902848626e-10
-2.4999999999909349e+01
-5.0004421220736681e+01
-7.5000000000183434e+01
-9.9999999022222624e+01
-1.2500441926445768e+02
-1.5000949033225652e+02
-1.7499999981522387e+02
-1.9999999904428492e+02
-2.2499999897323505e+02
-2.4999999896874823e+02
-2.2500000009190455e+02
-2.0000442145461480e+02
-1.7501326208029678e+02
-1.5000000000125931e+02
-1.2499116110347124e+02
-9.9986744408510162e+01
-7.5000000000560178e+01
-5.0000000000765240e+01
-2.5000000000719936e+01
-6.4946699788927186e-10
2.4999999999301149e+01
4.9995579756423751e+01
7.4999999999286359e+01
9.9999999021364829e+01
1.2499557780074835e+02
1.4998673731548755e+02
1.7499998967297381e+02
1.9999998316834385e+02
2.2499998248133144e+02
2.4999998194582184e+02
2.2499999990185216e+02
1.9999559664296689e+02
1.7498677119111079e+02
1.4999999999845102e+02
1.2500881050793697e+02
1.0001320174257157e+02
7.4999999999121272e+01
4.9999999998835371e+01
2.4999999999130473e+01
-5.9868371213238697e-10
-2.5000000000722906e+01
-5.0004421221447416e+01
-7.5000000000785462e+01
-9.9999999022933650e+01
-1.2500441926531553e+02
-1.5000949022280565e+02
-1.7499999981583630e+02
-1.9999999904476721e+02
-2.2499999897353788e+02
-2.4999999896890171e+02
-2.2500000009176361e+02
-2.0000442145475554e+02
-1.7501326208028874e+02
-1.5000000000119564e+02
-1.2499116110329686e+02
-9.9986744408081634e+01
-7.5000000000323382e+01
-5.0000000000494126e+01
-2.4999999999982997e+01
1.7076295778786811e-10
2.5000000000202796e+01
4.9995579757196751e+01
7.5000000000052481e+01
9.9999999022087309e+01
1.2499557780170854e+02
1.4998673731618817e+02
1.7499998967433362e+02
1.9999998316953835e+02
2.2499998248226922e+02
2.4999998194673583e+02
2.2499999990294623e+02
1.9999559664411436e+02
1.7498677119193130e+02
1.4999999999911125e+02
1.2500881050856978e+02
1.0001320174314509e+02
7.4999999999571230e+01
4.9999999999675438e+01
2.5000000000048757e+01
-1.5463561562673265e-10
-2.5000000000144375e+01
-5.0004421220748270e+01
-7.5000000000286008e+01
-9.9999999022419587e+01
-1.2500441926505168e+02
-1.5000949022263487e+02
-1.7499999981558273e+02
-1.9999999904483977e+02
-2.2499999897316496e+02
-2.4999999896875488e+02
-2.2500000009174454e+02
-2.0000442145472945e+02
-1.7501326208021706e+02
-1.5000000000059489e+02
-1.2499116110232238e+02
-9.9986744407364100e+01
-7.4999999999638334e+01
-4.9999999999795250e+01
-2.4999999999688896e+01
3.5491933408465795e-10
2.5000000000271143e+01
4.9995579757443167e+01
7.5000000000098382e+01
9.9999999022409412e+01
1.2499557780232468e+02
1.4998673731680145e+02
1.7499998967448474e+02
1.9999998316953426e+02
2.2499998248269850e+02
2.4999998194725623e+02
2.2499999990298022e+02
1.9999559664402275e+02
1.7498677119224539e+02
1.4999999999933050e+02
1.2500881050885627e+02
1.0001320174343934e+02
7.5000000000081585e+01
4.9999999999869161e+01
2.5000000000151815e+01
4.5512152215893398e-10
-2.4999999999535220e+01
-5.0004421220057047e+01
-7.4999999999569184e+01
-9.9999999021836160e+01
-1.2500441926456148e+02
-1.5000949022171545e+02
-1.7499999981443085e+02
-1.9999999904374079e+02
-2.2499999897228821e+02
-2.4999999896785224e+02
-2.2500000009107492e+02
-2.0000442145392006e+02
-1.7501326207957118e+02
-1.5000000000034177e+02
-1.2499116110229957e+02
-9.9986744407457934e+01
-7.4999999999927738e+01
-5.0000000000046207e+01
-2.5000000000048612e+01
1.9778915907761046e-10
2.5000000000266862e+01
4.9995579757544924e+01
7.5000000000013557e+01
9.9999999022404836e+01
1.2499557780211131e+02
1.4998673731695348e+02
1.7499998967484615e+02
1.9999998317002223e+02
2.2499998248299738e+02
2.4999998194749119e+02
2.2499999990356008e+02
1.9999559664479631e+02
1.7498677119256479e+02
1.5000000000019233e+02
1.2500881050964739e+02
1.0001320174397418e+02
7.5000000000836934e+01
5.0000000000451017e+01
2.5000000000759215e+01
8.7713175963134942e-10
-2.4999999999171997e+01
-5.0004421219923763e+01
-7.4999999999311797e+01
-9.9999999021466522e+01
-1.2500441926405901e+02
-1.5000949022123547e+02
-1.7499999981455039e+02
-1.9999999904398894e+02
-2.2499999897265280e+02
-2.4999999896811329e+02
-2.2500000009099676e+02
-2.0000442145404480e+02
-1.7501326207952783e+02
-1.5000000000029826e+02
-1.2499116110270661e+02
-9.9986744407884416e+01
-7.5000000000071836e+01
-4.9999999999947285e+01
-2.4999999999751971e+01
2.6949410842333479e-10
