0.0000000000000000e+00
0.0000000000000000e+00
0.0000000000000000e+00
0.0000000000000000e+00
0.0000000000000000e+00
0.0000000000000000e+00
0.0000000000000000e+00
0.0000000000000000e+00
-1.6775309736929069e+00
-2.8325472370692988e+00
-3.6396302238128948e+00
-3.6396302238128948e+00
-3.6396302238128948e+00
-3.6396302238128948e+00
-3.6396302238128948e+00
-3.6396302238128948e+00
-3.6396302238128948e+00
-3.6396302238128948e+00
-3.6396302238128948e+00
-3.6396302238128948e+00
-3.6396302238128948e+00
-3.6396302238128948e+00
-3.6396302238128948e+00
-3.6396302238128948e+00
-3.6396302238128948e+00
-3.4518891812307277e+00
-1.0308237774416944e+00
8.3193489857632408e-01
2.1137610689495911e+00
3.0111058156711263e+00
3.6924707117765796e+00
3.6924707117765796e+00
3.6924707117765796e+00
3.6924707117765796e+00
3.6924707117765796e+00
3.6924707117765796e+00
3.6924707117765796e+00
3.6924707117765796e+00
3.6924707117765796e+00
3.6924707117765796e+00
3.6924707117765796e+00
3.6924707117765796e+00
3.6924707117765796e+00
3.6924707117765796e+00
3.6924707117765796e+00
3.6924707117765796e+00
3.6924707117765796e+00
2.6840005967317992e+00
3.0556069729240276e-01
-1.5291865288122573e+00
-2.8244649178564867e+00
-2.8244649178564867e+00
-2.8244649178564867e+00
-2.8244649178564867e+00
-2.8244649178564867e+00
-2.8244649178564867e+00
-2.8244649178564867e+00
-2.8244649178564867e+00
-2.8244649178564867e+00
-2.8244649178564867e+00
-2.8244649178564867e+00
-2.8244649178564867e+00
-2.8244649178564867e+00
-2.8244649178564867e+00
-2.8244649178564867e+00
-2.8244649178564867e+00
-2.8244649178564867e+00
-2.8244649178564867e+00
-2.2939352564950664e+00
5.5495339285793768e-02
1.8726220805141702e+00
1.8726220805141702e+00
1.8726220805141702e+00
1.8726220805141702e+00
1.8726220805141702e+00
1.8726220805141702e+00
1.8726220805141702e+00
1.8726220805141702e+00
1.8726220805141702e+00
1.8726220805141702e+00
1.8726220805141702e+00
1.8726220805141702e+00
1.8726220805141702e+00
1.8726220805141702e+00
1.8726220805141702e+00
1.8726220805141702e+00
1.8726220805141702e+00
1.8726220805141702e+00
1.8726220805141702e+00
7.5916440721408940e-01
-1.2898750380061379e+00
-1.2898750380061379e+00
-1.2898750380061379e+00
-1.2898750380061379e+00
-1.2898750380061379e+00
-1.2898750380061379e+00
-1.2898750380061379e+00
-1.2898750380061379e+00
-1.2898750380061379e+00
-1.2898750380061379e+00
-1.2898750380061379e+00
-1.2898750380061379e+00
-1.2898750380061379e+00
-1.2898750380061379e+00
-1.2898750380061379e+00
-1.2898750380061379e+00
-1.2898750380061379e+00
-1.2898750380061379e+00
-1.2898750380061379e+00
-1.2898750380061379e+00
8.1822890952203409e-01
8.1822890952203409e-01
8.1822890952203409e-01
8.1822890952203409e-01
8.1822890952203409e-01
8.1822890952203409e-01
8.1822890952203409e-01
8.1822890952203409e-01
8.1822890952203409e-01
8.1822890952203409e-01
8.1822890952203409e-01
8.1822890952203409e-01
8.1822890952203409e-01
8.1822890952203409e-01
8.1822890952203409e-01
8.1822890952203409e-01
8.1822890952203409e-01
8.1822890952203409e-01
8.1822890952203409e-01
8.1822890952203409e-01
-6.4852159492743910e-01
-6.4852159492743910e-01
-6.4852159492743910e-01
-6.4852159492743910e-01
-6.4852159492743910e-01
-6.4852159492743910e-01
-6.4852159492743910e-01
-6.4852159492743910e-01
-6.4852159492743910e-01
-6.4852159492743910e-01
-6.4852159492743910e-01
-6.4852159492743910e-01
-6.4852159492743910e-01
-6.4852159492743910e-01
-6.4852159492743910e-01
-6.4852159492743910e-01
-6.4852159492743910e-01
-6.4852159492743910e-01
-6.4852159492743910e-01
-6.4852159492743910e-01
4.0014705806768514e-01
4.0014705806768514e-01
4.0014705806768514e-01
4.0014705806768514e-01
4.0014705806768514e-01
4.0014705806768514e-01
4.0014705806768514e-01
4.0014705806768514e-01
4.0014705806768514e-01
4.0014705806768514e-01
4.0014705806768514e-01
4.0014705806768514e-01
4.0014705806768514e-01
4.0014705806768514e-01
4.0014705806768514e-01
4.0014705806768514e-01
4.0014705806768514e-01
4.0014705806768514e-01
4.0014705806768514e-01
4.0014705806768514e-01
-3.3101534763061780e-01
-3.3101534763061780e-01
-3.3101534763061780e-01
-3.3101534763061780e-01
-3.3101534763061780e-01
-3.3101534763061780e-01
-3.3101534763061780e-01
-3.3101534763061780e-01
-3.3101534763061780e-01
-3.3101534763061780e-01
-3.3101534763061780e-01
-3.3101534763061780e-01
-3.3101534763061780e-01
-3.3101534763061780e-01
-3.3101534763061780e-01
-3.3101534763061780e-01
-3.3101534763061780e-01
-3.3101534763061780e-01
-3.3101534763061780e-01
-3.3101534763061780e-01
1.8850891677854612e-01
1.8850891677854612e-01
1.8850891677854612e-01
1.8850891677854612e-01
1.8850891677854612e-01
1.8850891677854612e-01
1.8850891677854612e-01
1.8850891677854612e-01
1.8850891677854612e-01
1.8850891677854612e-01
1.8850891677854612e-01
