2.0000000000000020e+02
2.0000000000000020e+02
2.0000000000000020e+02
2.0000000000000020e+02
2.0000000000000020e+02
2.0000000000000020e+02
2.0000000000000020e+02
2.0000000000000020e+02
2.0473677827971886e+02
2.1006755685262365e+02
2.1554569871296977e+02
2.1554569871296977e+02
2.1554569871296977e+02
2.1554569871296977e+02
2.1554569871296977e+02
2.1554569871296977e+02
2.1554569871296977e+02
2.1554569871296977e+02
2.1554569871296977e+02
2.1554569871296977e+02
2.1554569871296977e+02
2.1554569871296977e+02
2.1554569871296977e+02
2.1554569871296977e+02
2.1554569871296977e+02
2.1573227379673872e+02
2.1948115499930091e+02
2.2424332147465168e+02
2.2950768240862470e+02
2.3495855328754081e+02
2.4046824376254096e+02
2.4046824376254096e+02
2.4046824376254096e+02
2.4046824376254096e+02
2.4046824376254096e+02
2.4046824376254096e+02
2.4046824376254096e+02
2.4046824376254096e+02
2.4046824376254096e+02
2.4046824376254096e+02
2.4046824376254096e+02
2.4046824376254096e+02
2.4046824376254096e+02
2.4046824376254096e+02
2.4046824376254096e+02
2.4046824376254096e+02
2.4046824376254096e+02
2.4156604498961681e+02
2.4550585835501769e+02
2.5032850114319996e+02
2.5559329130807447e+02
2.5559329130807447e+02
2.5559329130807447e+02
2.5559329130807447e+02
2.5559329130807447e+02
2.5559329130807447e+02
2.5559329130807447e+02
2.5559329130807447e+02
2.5559329130807447e+02
2.5559329130807447e+02
2.5559329130807447e+02
2.5559329130807447e+02
2.5559329130807447e+02
2.5559329130807447e+02
2.5559329130807447e+02
2.5559329130807447e+02
2.5559329130807447e+02
2.5559329130807447e+02
2.5619985275327087e+02
2.6023520647677805e+02
2.6509134714629789e+02
2.6509134714629789e+02
2.6509134714629789e+02
2.6509134714629789e+02
2.6509134714629789e+02
2.6509134714629789e+02
2.6509134714629789e+02
2.6509134714629789e+02
2.6509134714629789e+02
2.6509134714629789e+02
2.6509134714629789e+02
2.6509134714629789e+02
2.6509134714629789e+02
2.6509134714629789e+02
2.6509134714629789e+02
2.6509134714629789e+02
2.6509134714629789e+02
2.6509134714629789e+02
2.6509134714629789e+02
2.6671791718009342e+02
2.7129542738306202e+02
2.7129542738306202e+02
2.7129542738306202e+02
2.7129542738306202e+02
2.7129542738306202e+02
2.7129542738306202e+02
2.7129542738306202e+02
2.7129542738306202e+02
2.7129542738306202e+02
2.7129542738306202e+02
2.7129542738306202e+02
2.7129542738306202e+02
2.7129542738306202e+02
2.7129542738306202e+02
2.7129542738306202e+02
2.7129542738306202e+02
2.7129542738306202e+02
2.7129542738306202e+02
2.7129542738306202e+02
2.7129542738306202e+02
2.7546000202764850e+02
2.7546000202764850e+02
2.7546000202764850e+02
2.7546000202764850e+02
2.7546000202764850e+02
2.7546000202764850e+02
2.7546000202764850e+02
2.7546000202764850e+02
2.7546000202764850e+02
2.7546000202764850e+02
2.7546000202764850e+02
2.7546000202764850e+02
2.7546000202764850e+02
2.7546000202764850e+02
2.7546000202764850e+02
2.7546000202764850e+02
2.7546000202764850e+02
2.7546000202764850e+02
2.7546000202764850e+02
2.7546000202764850e+02
2.7825680366530230e+02
2.7825680366530230e+02
2.7825680366530230e+02
2.7825680366530230e+02
2.7825680366530230e+02
2.7825680366530230e+02
2.7825680366530230e+02
2.7825680366530230e+02
2.7825680366530230e+02
2.7825680366530230e+02
2.7825680366530230e+02
2.7825680366530230e+02
2.7825680366530230e+02
2.7825680366530230e+02
2.7825680366530230e+02
2.7825680366530230e+02
2.7825680366530230e+02
2.7825680366530230e+02
2.7825680366530230e+02
2.7825680366530230e+02
2.8014730408430700e+02
2.8014730408430700e+02
2.8014730408430700e+02
2.8014730408430700e+02
2.8014730408430700e+02
2.8014730408430700e+02
2.8014730408430700e+02
2.8014730408430700e+02
2.8014730408430700e+02
2.8014730408430700e+02
2.8014730408430700e+02
2.8014730408430700e+02
2.8014730408430700e+02
2.8014730408430700e+02
2.8014730408430700e+02
2.8014730408430700e+02
2.8014730408430700e+02
2.8014730408430700e+02
2.8014730408430700e+02
2.8014730408430700e+02
2.8144946132988116e+02
2.8144946132988116e+02
2.8144946132988116e+02
2.8144946132988116e+02
2.8144946132988116e+02
2.8144946132988116e+02
2.8144946132988116e+02
2.8144946132988116e+02
2.8144946132988116e+02
2.8144946132988116e+02
2.8144946132988116e+02
2.8144946132988116e+02
2.8144946132988116e+02
2.8144946132988116e+02
2.8144946132988116e+02
2.8144946132988116e+02
2.8144946132988116e+02
2.8144946132988116e+02
2.8144946132988116e+02
2.8144946132988116e+02
2.8234677568323070e+02
2.8234677568323070e+02
2.8234677568323070e+02
2.8234677568323070e+02
2.8234677568323070e+02
2.8234677568323070e+02
2.8234677568323070e+02
2.8234677568323070e+02
2.8234677568323070e+02
2.8234677568323070e+02
2.8234677568323070e+02
