0.0000000000000000e+00
9.5980035114805808e+00
1.9199999999984460e+01
2.8799171403014565e+01
3.8395518345172420e+01
4.7989041451145994e+01
5.7600000000644840e+01
6.7208132341911906e+01
9.8293367331326905e+01
1.2270555909261526e+02
1.4263376132249147e+02
1.3303276228286572e+02
1.2342893822192579e+02
1.1382228851532028e+02
1.0423276224313442e+02
9.4640412725792544e+01
8.5045239339116321e+01
7.5432762243168696e+01
6.5832762243024774e+01
5.6229937189348490e+01
4.6632762243075199e+01
3.7032762867459944e+01
2.7429938438468696e+01
1.7832762242779516e+01
8.2327616177009677e+00
-3.7726736871108568e+00
-4.4392594333232495e+01
-7.7859191183169116e+01
-1.0389663089880804e+02
-1.2498188227816446e+02
-1.4331007988308590e+02
-1.3370978095588256e+02
-1.2411230643156767e+02
-1.1451765568585282e+02
-1.0492582809474646e+02
-9.5309780994668259e+01
-8.5709780994867572e+01
-7.6112605424129299e+01
-6.6509780995317442e+01
-5.6909781619557080e+01
-4.7309780995301587e+01
-3.7712604800386700e+01
-2.8109780995220049e+01
-1.8509782243386656e+01
-8.9126079204161091e+00
6.8174259788146852e-01
1.0290219005217766e+01
3.2813001424790059e+01
7.2893292270472415e+01
1.0599271237459442e+02
1.3219773301031438e+02
1.2258845679906949e+02
1.1297635621256072e+02
1.0338845676078711e+02
9.3797732200067799e+01
8.4188456758967391e+01
7.4576356941631275e+01
6.4988456760676740e+01
5.5388456759352664e+01
4.5785631704090704e+01
3.6188456759098678e+01
2.6588457385299058e+01
1.6985632957695724e+01
7.3884567592289656e+00
-2.2115438690433429e+00
-1.1814369551250001e+01
-2.1420020912476133e+01
-3.1028498577719759e+01
-4.7409122395783584e+01
-8.7127955572622213e+01
-1.1999297868713298e+02
-1.1039297036990787e+02
-1.0079578648060830e+02
-9.1201426395185251e+01
-8.1609889489626426e+01
-7.1992970407451324e+01
-6.2392970407695451e+01
-5.2795794837062196e+01
-4.3192970407684271e+01
-3.3592971031971082e+01
-2.3992970407567981e+01
-1.4395794212775376e+01
-4.7929704076036339e+00
4.8070283441453974e+00
1.4404202667299002e+01
2.3998553185873131e+01
3.3607029592541906e+01
4.3212679695342096e+01
5.2815504120138527e+01
7.6676129505936217e+01
1.1252879812519797e+02
1.0292652396168742e+02
9.3321425150004245e+01
8.3713501064797725e+01
7.4126523925207309e+01
6.4536722794503831e+01
5.4926523924696653e+01
4.5326523924543359e+01
3.5723698870239609e+01
2.6126523923692531e+01
1.6526524548394569e+01
6.9265239236674105e+00
-2.6763017551628621e+00
-1.2273476076392733e+01
-2.1873474826239946e+01
-3.1476298629489076e+01
-4.1081948111250448e+01
-5.0690423896627422e+01
-6.0273476075880950e+01
-6.9859349562272797e+01
-1.0648356307321953e+02
-9.6883557869048545e+01
-8.7286377093046937e+01
-7.7692020120994172e+01
-6.8083557903748485e+01
-5.8477921990978274e+01
-4.8875111757902587e+01
-3.9275126578931122e+01
-2.9677965829762599e+01
-2.0083628886057056e+01
-1.0483557903632935e+01
-8.8355790358979724e-01
8.7136176668343079e+00
1.8316442096134562e+01
2.7916441472176615e+01
3.7513616418989159e+01
4.7107967560967531e+01
5.6699495522516898e+01
6.6316442097039783e+01
7.5930560494484141e+01
1.0431696031795838e+02
9.4709182964417622e+01
8.5098582252754142e+01
7.5509182935091332e+01
6.5916957491459996e+01
5.6309182933083612e+01
4.6698585015941880e+01
3.7109182935061369e+01
2.7509182934456426e+01
1.7906357880453498e+01
8.3091829350941211e+00
-1.2908164392696349e+00
-1.0893640867368768e+01
-2.0490817064902444e+01
-3.0090817691978675e+01
-3.9693643372968523e+01
-4.9299294732844224e+01
-5.8907772396951266e+01
-6.8490817064672882e+01
-7.8076683037121128e+01
-1.0112942569326593e+02
-9.1526884157745400e+01
-8.1927166480281457e+01
-7.2330272036461182e+01
-6.2736200202290568e+01
-5.3126884185083568e+01
-4.3520398059077159e+01
-3.3926884186849044e+01
-2.4326884182730119e+01
-1.4729708607921632e+01
-5.1268841809471359e+00
4.4731151924153760e+00
1.4070290136644713e+01
2.3673115818810867e+01
3.3273116447420790e+01
4.2870292646205044e+01
5.2464645039986877e+01
6.2056174252493960e+01
7.1673115818802813e+01
8.1287229209711924e+01
1.0024180842293629e+02
9.0641134162573238e+01
8.1037635006024715e+01
7.1431310328669724e+01
6.1841134142714040e+01
5.2248134461610888e+01
4.2652310661117234e+01
3.3041134142448925e+01
2.3441134142555811e+01
1.3838309089081493e+01
4.2411341423613695e+00
-5.3588652331312066e+00
-1.4961689662387215e+01
-2.4558865857428067e+01
-3.4158866482100528e+01
-4.3761692160748922e+01
-5.3367343518134611e+01
-6.2975821179687664e+01
-7.2558865857362449e+01
-8.2144731840086550e+01
-9.8415464837847736e+01
-8.8815270477402294e+01
-7.9217900500043939e+01
-6.9623354281428277e+01
-6.0015270494937276e+01
-5.0410013103461282e+01
-4.0807581481409358e+01
-3.1207975004177403e+01
-2.1611193047245628e+01
-1.2017234986179741e+01
-2.4152704951024262e+00
