0.0000000000000000e+00
-1.1435251490559345e-03
-2.8432682771993189e-10
-1.1427257784964796e-03
-4.5720922838406010e-03
-1.0288490104847770e-02
1.4267533232796497e-09
8.0024650404145591e-03
1.3718511226194413e-02
-5.1805157910267552e-06
-9.3433852633881238e-06
5.4106262471940062e-08
-2.2769367206993455e-03
-6.8399254757779918e-03
1.0285365701932177e-09
4.5523625554600433e-03
6.8175497384359149e-03
2.8225682157170832e-10
3.1268662502826248e-10
-6.5482555000206302e-11
-1.7535303628303977e-10
-3.8905564479192756e-10
-2.2863906400304676e-03
-3.7851474993931227e-10
-3.9052508404707910e-07
-2.2871709232865928e-03
-6.8599509914764470e-03
-1.7912718499389392e-06
-2.4046323411488679e-06
-2.4852346979657577e-06
-2.5926367439021341e-06
5.5252162345477359e-08
-2.2840747658152260e-03
-6.8553727863928373e-03
4.2689302433601271e-10
4.5697591049482953e-03
6.8535131347036817e-03
1.4005649673902296e-10
1.0087962648629273e-10
-1.1566282121324523e-10
-2.2679102164270141e-10
-5.3016638131249807e-10
-2.2867809696947407e-03
-3.1733929889781755e-10
3.9028132886177442e-07
-2.2859993936385592e-03
-8.7453020492862868e-03
-4.8296993193599978e-06
-8.8215130206307773e-06
-9.0461261645691953e-06
-9.3393800726466288e-06
5.2938563995375665e-08
-2.2769428076391779e-03
-6.8399362747183631e-03
2.2099293762804305e-11
4.5523712267602065e-03
6.8175680122105134e-03
-7.0646348602519036e-10
-8.7578308617511164e-10
-1.1154693593342070e-09
-9.6886200564612612e-10
-1.1997350399705541e-09
-2.2863910538191493e-03
-6.7819982761417243e-10
-3.9041716608310411e-07
-2.2871705167098765e-03
-6.8599505922121396e-03
-1.7911709241712062e-06
-2.4044024296938259e-06
-2.4850032086905010e-06
-2.5926977188691805e-06
5.5326247098662296e-08
-2.2840746317002543e-03
-6.8553724778024228e-03
9.4472942589545706e-10
4.5697595552529110e-03
6.8535134979365092e-03
4.7076724497022486e-10
3.1735854774566470e-10
8.3811992691587026e-11
6.2404689220846455e-11
1.5197174071192960e-11
-2.2867805473085396e-03
1.0366930351783349e-10
3.9104040782872828e-07
-2.2859989551668380e-03
-8.7453014299700357e-03
-4.8289992349978186e-06
-8.8209567861625309e-06
-9.0455321783118188e-06
-9.3387837696098529e-06
5.4139329570790934e-08
-2.2769415672730122e-03
-6.8399350665131068e-03
9.7702219920576318e-10
4.5523725009028373e-03
6.8175695782770190e-03
6.0044061623686900e-10
7.6551812174136704e-10
4.3392866950099961e-10
2.2788389431895932e-10
3.5174069971489350e-11
-2.2863902922759848e-03
7.1753243857210748e-11
-3.8980181527431218e-07
-2.2871698632048279e-03
-6.8599498188884212e-03
-1.7909547286454526e-06
-2.4042612095729384e-06
-2.4849733753241604e-06
-2.5926702411738591e-06
5.5323951110016835e-08
-2.2840743158511869e-03
-6.8553721908444845e-03
1.0270088122944894e-09
4.5697591910976044e-03
6.8535129923499210e-03
4.1939460275225996e-10
5.4877447198209796e-10
9.6804360943765129e-11
1.3734391025093512e-10
-1.1445387508187821e-11
-2.2867807634720334e-03
2.4472089240241787e-10
3.9107972409632679e-07
-2.2859984113689116e-03
-8.7453010366016163e-03
-4.8289015746004342e-06
-8.8203909565339790e-06
-9.0452666609471677e-06
-9.3384231467496777e-06
5.4346774286758026e-08
-2.2769411529639776e-03
-6.8399348261626858e-03
1.4890220183829947e-09
4.5523726108117144e-03
6.8175693577864835e-03
1.0298769521014706e-09
1.1459123053767858e-09
5.5189884603223388e-10
7.2654055854964702e-10
4.2828577035034511e-10
-2.2863897181114126e-03
7.4991189482476666e-10
-3.8903301047446264e-07
-2.2871688752642344e-03
-6.8599487581839898e-03
-1.7899933999441081e-06
-2.4033988995011530e-06
-2.4839513473256512e-06
-2.5917760520622928e-06
5.6142476424216897e-08
-2.2840736437922662e-03
-6.8553719886059929e-03
1.4474351816548209e-09
4.5697601052979795e-03
6.8535139113182070e-03
3.4121906260101571e-10
3.4256327842509333e-10
4.6912185275564355e-11
1.6665247126309619e-13
1.0738841346278651e-10
-2.2867805416560260e-03
1.9655490920623321e-10
3.9077221866038431e-07
-2.2859990873818261e-03
-8.7453019339560206e-03
-4.8292681599799247e-06
-8.8207942746883181e-06
-9.0452641143039803e-06
-9.3386079333127226e-06
5.4064781168304872e-08
-2.2769411945361990e-03
-6.8399348089108278e-03
9.7952875726227276e-10
4.5523719238743099e-03
6.8175685985234092e-03
5.5924143358378739e-10
6.1415743455536129e-10
2.6463880845752793e-10
3.4367067054030445e-10
3.1064506600160229e-10
-2.2863900414986167e-03
5.3468500477874368e-10
-3.8934510662496448e-07
-2.2871695425073987e-03
-6.8599496645784718e-03
-1.7906242787424769e-06
-2.4037733048590433e-06
-2.4845713597999153e-06
-2.5923364686052519e-06
5.5715002881971680e-08
-2.2840741402904777e-03
-6.8553724311366925e-03
7.3821086355686152e-10
4.5697596325719389e-03
6.8535137980951311e-03
6.4192065479601862e-10
7.1888296597321819e-10
5.2371144902473906e-10
5.3243076005776592e-10
