0.0000000000000000e+00
-1.1435251150976292e-03
-1.3928898656282293e-10
-1.1427256811894057e-03
-4.5720921221352670e-03
-1.0288490004282107e-02
1.6567686330585617e-09
8.0024653238992983e-03
1.3718511418469885e-02
-5.1803385190039199e-06
-9.3432856108234626e-06
5.4216068796912984e-08
-2.2769365420425660e-03
-6.8399253064083034e-03
1.1329540134540827e-09
4.5523625216506349e-03
6.8175496270741036e-03
2.8378142269605427e-10
3.6127231903411265e-10
-3.7659752988631587e-11
-1.4595550324893729e-10
-2.7911891718117430e-10
-2.2863905676453254e-03
-2.6594664413621126e-10
-3.9038149830177821e-07
-2.2871707382752741e-03
-6.8599507933943624e-03
-1.7911227445239494e-06
-2.4045291541769305e-06
-2.4850877728087931e-06
-2.5926024107148649e-06
5.5330441192133256e-08
-2.2840747054310761e-03
-6.8553727204968117e-03
5.8541894928244161e-10
4.5697593430749040e-03
6.8535133354350975e-03
3.5089783184826301e-10
2.3464050276143616e-10
-1.1436225785990755e-10
-3.2261810557443734e-10
-5.6501205906959197e-10
-2.2867810145802011e-03
-3.6426462065085677e-10
3.9022078182503517e-07
-2.2859995657648425e-03
-8.7453022017613125e-03
-4.8296350053734138e-06
-8.8214691728178287e-06
-9.0461216059057459e-06
-9.3392836455074282e-06
5.2965026022155516e-08
-2.2769428212454502e-03
-6.8399363307428953e-03
8.1526508839265051e-11
4.5523714983151057e-03
6.8175684516919577e-03
-5.8345883217180926e-10
-6.8656614115657376e-10
-9.1708667516186638e-10
-8.5518469022156999e-10
-1.0826652029222637e-09
-2.2863909801773201e-03
-6.1773434401573067e-10
-3.9036015468231382e-07
-2.2871704614294262e-03
-6.8599506484767273e-03
-1.7910750181010647e-06
-2.4043282958558305e-06
-2.4849923092984274e-06
-2.5926905374998799e-06
5.5366138055431132e-08
-2.2840745605654149e-03
-6.8553724485493715e-03
8.1998360311132056e-10
4.5697593536618616e-03
6.8535133382457130e-03
4.9077843555082473e-10
3.0491675909516559e-10
4.6150956586332424e-11
6.3444040343553953e-11
2.5327821165384217e-11
-2.2867805194183681e-03
2.5611981244387629e-10
3.9117434834245179e-07
-2.2859989071173006e-03
-8.7453013896281653e-03
-4.8290292062666334e-06
-8.8209729858910266e-06
-9.0454961207310898e-06
-9.3387118302481755e-06
5.4177066617811641e-08
-2.2769414571131570e-03
-6.8399350118702228e-03
1.0433912270075310e-09
4.5523724153031962e-03
6.8175694683126056e-03
7.7243252572002285e-10
9.2251724847867215e-10
5.6584760212879948e-10
5.0419759042374921e-10
2.9368279773055666e-10
-2.2863901947491128e-03
2.4308042236462354e-10
-3.8952935640875466e-07
-2.2871694251290491e-03
-6.8599493257339092e-03
-1.7908091077316929e-06
-2.4041416164873918e-06
-2.4849049147905883e-06
-2.5925573483775067e-06
5.5423768889924280e-08
-2.2840741634607203e-03
-6.8553720847720013e-03
1.0003354874252505e-09
4.5697590743357785e-03
6.8535128587925761e-03
2.9969268075328089e-10
3.7593021938641501e-10
-7.9045656759059653e-11
7.8661015285893020e-11
-4.6515520397675232e-11
-2.2867808524434101e-03
1.2465061688124503e-10
3.9093550810816345e-07
-2.2859985816449128e-03
-8.7453012985565931e-03
-4.8289320305354527e-06
-8.8203702523939893e-06
-9.0451663096490346e-06
-9.3383920383898388e-06
5.4383732752429200e-08
-2.2769411880212455e-03
-6.8399349546958300e-03
1.3880275598585235e-09
4.5523725537972969e-03
6.8175694810923733e-03
8.8607921947372189e-10
9.7007525169990223e-10
4.4543452525743673e-10
5.3483939336729744e-10
3.9811049570591440e-10
-2.2863897490497747e-03
6.6548972219279112e-10
-3.8926045096440659e-07
-2.2871691624754466e-03
-6.8599490934912978e-03
-1.7900782781101613e-06
-2.4033556503735233e-06
-2.4838945079393398e-06
-2.5917138059729081e-06
5.6180487538576043e-08
-2.2840736267854996e-03
-6.8553720084255322e-03
1.3833924437388911e-09
4.5697602259708765e-03
6.8535139930195966e-03
3.9838895585355579e-10
3.4755824928765196e-10
1.7534631085625578e-10
1.4339087126067708e-10
2.1650227323919715e-10
-2.2867806241045896e-03
2.1336559309769597e-10
3.9095015412268999e-07
-2.2859988908253020e-03
-8.7453016642698219e-03
-4.8292537052688489e-06
-8.8208369485690910e-06
-9.0453025845762463e-06
-9.3386305985638157e-06
5.4014079402116463e-08
-2.2769412689616270e-03
-6.8399349564145376e-03
9.9097123613720208e-10
4.5523720198056908e-03
6.8175686857662628e-03
3.3627809533118972e-10
5.2674354240494484e-10
2.7328222426951990e-10
3.6729091705471444e-10
3.5395502183837684e-10
-2.2863900013968402e-03
5.8478520915425070e-10
-3.8926434719944140e-07
-2.2871695176169028e-03
-6.8599497736591339e-03
-1.7906398258482065e-06
-2.4038660705546096e-06
-2.4846464308763720e-06
-2.5924175616517000e-06
5.5694852136817502e-08
-2.2840742151594051e-03
-6.8553725349717607e-03
8.6495530923571497e-10
4.5697597614311955e-03
6.8535138931085753e-03
5.6931863445413604e-10
6.3481162537882711e-10
4.4489322587135045e-10
3.2790283636689967e-10
