0.0000000000000000e+00
0.0000000000000000e+00
0.0000000000000000e+00
0.0000000000000000e+00
0.0000000000000000e+00
0.0000000000000000e+00
0.0000000000000000e+00
0.0000000000000000e+00
0.0000000000000000e+00
-1.3098239654317958e+01
-2.5933680193961319e+01
-2.5933680193961319e+01
-2.5933680193961319e+01
-2.5933680193961319e+01
-2.5933680193961319e+01
-2.5933680193961319e+01
-2.5933680193961319e+01
-2.5933680193961319e+01
-2.5933680193961319e+01
-2.5933680193961319e+01
-2.5933680193961319e+01
-2.5933680193961319e+01
-2.5933680193961319e+01
-2.5933680193961319e+01
-2.5933680193961319e+01
-2.5933680193961319e+01
-2.5933680193961319e+01
-2.4403335080228874e+01
-1.0891637490771096e+01
2.3997512856435326e+00
1.5453534395507015e+01
1.5453534395507015e+01
1.5453534395507026e+01
1.5453534395507026e+01
1.5453534395507026e+01
1.5453534395507020e+01
1.5453534395507013e+01
1.5453534395507001e+01
1.5453534395507001e+01
1.5453534395507004e+01
1.5453534395506999e+01
1.5453534395507003e+01
1.5453534395507003e+01
1.5453534395507003e+01
1.5453534395507010e+01
1.5453534395507004e+01
1.5453534395506999e+01
1.5453534395506999e+01
1.5453534395506999e+01
4.0033247028793584e+00
-9.1486883944728543e+00
-9.1486883944728543e+00
-9.1486883944728543e+00
-9.1486883944728543e+00
-9.1486883944728543e+00
-9.1486883944728543e+00
-9.1486883944728543e+00
-9.1486883944728543e+00
-9.1486883944728543e+00
-9.1486883944728543e+00
-9.1486883944728543e+00
-9.1486883944728543e+00
-9.1486883944728543e+00
-9.1486883944728543e+00
-9.1486883944728543e+00
-9.1486883944728543e+00
-9.1486883944728543e+00
-9.1486883944728543e+00
-9.1486883944728543e+00
-7.8151338886465584e+00
5.4300382094913431e+00
5.4300382094913431e+00
5.4300382094913431e+00
5.4300382094913431e+00
5.4300382094913457e+00
5.4300382094913457e+00
5.4300382094913475e+00
5.4300382094913440e+00
5.4300382094913440e+00
5.4300382094913413e+00
5.4300382094913413e+00
5.4300382094913404e+00
5.4300382094913404e+00
5.4300382094913404e+00
5.4300382094913378e+00
5.4300382094913386e+00
5.4300382094913413e+00
5.4300382094913413e+00
5.4300382094913413e+00
5.4300382094913413e+00
-3.2231716993243875e+00
-3.2231716993243875e+00
-3.2231716993243875e+00
-3.2231716993243875e+00
-3.2231716993243875e+00
-3.2231716993243875e+00
-3.2231716993243875e+00
-3.2231716993243875e+00
-3.2231716993243875e+00
-3.2231716993243875e+00
-3.2231716993243875e+00
-3.2231716993243875e+00
-3.2231716993243875e+00
-3.2231716993243875e+00
-3.2231716993243875e+00
-3.2231716993243875e+00
-3.2231716993243875e+00
-3.2231716993243875e+00
-3.2231716993243875e+00
-3.2231716993243875e+00
1.9216197433760680e+00
1.9216197433760680e+00
1.9216197433760680e+00
1.9216197433760680e+00
1.9216197433760680e+00
1.9216197433760667e+00
1.9216197433760664e+00
1.9216197433760660e+00
1.9216197433760649e+00
1.9216197433760658e+00
1.9216197433760667e+00
1.9216197433760649e+00
1.9216197433760658e+00
1.9216197433760658e+00
1.9216197433760658e+00
1.9216197433760644e+00
1.9216197433760644e+00
1.9216197433760644e+00
1.9216197433760644e+00
1.9216197433760653e+00
-1.1168097669815245e+00
-1.1168097669815245e+00
-1.1168097669815245e+00
-1.1168097669815245e+00
-1.1168097669815245e+00
-1.1168097669815245e+00
-1.1168097669815245e+00
-1.1168097669815245e+00
-1.1168097669815245e+00
-1.1168097669815245e+00
-1.1168097669815245e+00
-1.1168097669815245e+00
-1.1168097669815245e+00
-1.1168097669815245e+00
-1.1168097669815245e+00
-1.1168097669815245e+00
-1.1168097669815245e+00
-1.1168097669815245e+00
-1.1168097669815245e+00
-1.1168097669815245e+00
6.8893001905819640e-01
6.8893001905819662e-01
6.8893001905819662e-01
6.8893001905819640e-01
6.8893001905819640e-01
6.8893001905819595e-01
6.8893001905819617e-01
6.8893001905819617e-01
6.8893001905819617e-01
6.8893001905819617e-01
6.8893001905819617e-01
6.8893001905819662e-01
6.8893001905819617e-01
6.8893001905819617e-01
6.8893001905819640e-01
6.8893001905819584e-01
6.8893001905819562e-01
6.8893001905819562e-01
6.8893001905819562e-01
6.8893001905819584e-01
-4.2003888417973823e-01
-4.2003888417973823e-01
-4.2003888417973823e-01
-4.2003888417973823e-01
-4.2003888417973823e-01
-4.2003888417973823e-01
-4.2003888417973823e-01
-4.2003888417973823e-01
-4.2003888417973823e-01
-4.2003888417973823e-01
-4.2003888417973823e-01
-4.2003888417973823e-01
-4.2003888417973823e-01
-4.2003888417973823e-01
-4.2003888417973823e-01
-4.2003888417973823e-01
-4.2003888417973823e-01
-4.2003888417973823e-01
-4.2003888417973823e-01
-4.2003888417973823e-01
2.5446296365028093e-01
2.5446296365028076e-01
2.5446296365028076e-01
2.5446296365028082e-01
2.5446296365028087e-01
2.5446296365028087e-01
2.5446296365028076e-01
2.5446296365028054e-01
2.5446296365028048e-01
2.5446296365028043e-01
2.5446296365028043e-01
