0.0000000000000000e+00
0.0000000000000000e+00
0.0000000000000000e+00
0.0000000000000000e+00
0.0000000000000000e+00
0.0000000000000000e+00
0.0000000000000000e+00
0.0000000000000000e+00
0.0000000000000000e+00
6.5491198271666082e+00
1.2966840096991065e+01
1.2966840096991064e+01
1.2966840096991060e+01
1.2966840096991044e+01
1.2966840096991030e+01
1.2966840096991042e+01
1.2966840096991028e+01
1.2966840096991028e+01
1.2966840096991017e+01
1.2966840096991030e+01
1.2966840096991032e+01
1.2966840096991017e+01
1.2966840096991000e+01
1.2966840096991032e+01
1.2966840096991028e+01
1.2966840096991024e+01
1.2966840096991003e+01
1.2201667540126317e+01
5.4458187454030238e+00
-1.1998756428036614e+00
-7.7267671977381216e+00
-7.7267671977381047e+00
-7.7267671977381109e+00
-7.7267671977381180e+00
-7.7267671977381225e+00
-7.7267671977381216e+00
-7.7267671977381278e+00
-7.7267671977381367e+00
-7.7267671977381358e+00
-7.7267671977381411e+00
-7.7267671977381447e+00
-7.7267671977381438e+00
-7.7267671977381402e+00
-7.7267671977381340e+00
-7.7267671977381296e+00
-7.7267671977381358e+00
-7.7267671977381394e+00
-7.7267671977381447e+00
-7.7267671977381447e+00
-2.0016623514188003e+00
4.5743441972609569e+00
4.5743441972609578e+00
4.5743441972609542e+00
4.5743441972609560e+00
4.5743441972609533e+00
4.5743441972609524e+00
4.5743441972609498e+00
4.5743441972609480e+00
4.5743441972609471e+00
4.5743441972609480e+00
4.5743441972609480e+00
4.5743441972609427e+00
4.5743441972609347e+00
4.5743441972609373e+00
4.5743441972609347e+00
4.5743441972609320e+00
4.5743441972609293e+00
4.5743441972609329e+00
4.5743441972609329e+00
3.9075669443492149e+00
-2.7150191047129604e+00
-2.7150191047129564e+00
-2.7150191047129613e+00
-2.7150191047129613e+00
-2.7150191047129613e+00
-2.7150191047129582e+00
-2.7150191047129564e+00
-2.7150191047129502e+00
-2.7150191047129466e+00
-2.7150191047129510e+00
-2.7150191047129519e+00
-2.7150191047129564e+00
-2.7150191047129537e+00
-2.7150191047129546e+00
-2.7150191047129586e+00
-2.7150191047129613e+00
-2.7150191047129608e+00
-2.7150191047129644e+00
-2.7150191047129644e+00
-2.7150191047129577e+00
1.6115858496991566e+00
1.6115858496991575e+00
1.6115858496991593e+00
1.6115858496991582e+00
1.6115858496991577e+00
1.6115858496991564e+00
1.6115858496991589e+00
1.6115858496991544e+00
1.6115858496991566e+00
1.6115858496991573e+00
1.6115858496991577e+00
1.6115858496991569e+00
1.6115858496991571e+00
1.6115858496991560e+00
1.6115858496991553e+00
1.6115858496991566e+00
1.6115858496991577e+00
1.6115858496991549e+00
1.6115858496991522e+00
1.6115858496991522e+00
-9.6080987165152809e-01
-9.6080987165152665e-01
-9.6080987165152543e-01
-9.6080987165152398e-01
-9.6080987165152443e-01
-9.6080987165152654e-01
-9.6080987165152631e-01
-9.6080987165152687e-01
-9.6080987165152676e-01
-9.6080987165152676e-01
-9.6080987165152565e-01
-9.6080987165152532e-01
-9.6080987165152421e-01
-9.6080987165152365e-01
-9.6080987165152187e-01
-9.6080987165152043e-01
-9.6080987165152021e-01
-9.6080987165151943e-01
-9.6080987165151976e-01
-9.6080987165151888e-01
5.5840488352343298e-01
5.5840488352343309e-01
5.5840488352343343e-01
5.5840488352343376e-01
5.5840488352343309e-01
5.5840488352343298e-01
5.5840488352343165e-01
5.5840488352343121e-01
5.5840488352343121e-01
5.5840488352343132e-01
5.5840488352343176e-01
5.5840488352343154e-01
5.5840488352343154e-01
5.5840488352343209e-01
5.5840488352343232e-01
5.5840488352343209e-01
5.5840488352343298e-01
5.5840488352343398e-01
5.5840488352343431e-01
5.5840488352343498e-01
-3.4446500949857506e-01
-3.4446500949857506e-01
-3.4446500949857450e-01
-3.4446500949857439e-01
-3.4446500949857373e-01
-3.4446500949857373e-01
-3.4446500949857389e-01
-3.4446500949857456e-01
-3.4446500949857445e-01
-3.4446500949857500e-01
-3.4446500949857556e-01
-3.4446500949857572e-01
-3.4446500949857589e-01
-3.4446500949857511e-01
-3.4446500949857517e-01
-3.4446500949857528e-01
-3.4446500949857561e-01
-3.4446500949857622e-01
-3.4446500949857622e-01
-3.4446500949857656e-01
2.1001944211991072e-01
2.1001944211991108e-01
2.1001944211991111e-01
2.1001944211991086e-01
2.1001944211991130e-01
2.1001944211991100e-01
2.1001944211991103e-01
2.1001944211991075e-01
2.1001944211991114e-01
2.1001944211991119e-01
2.1001944211991111e-01
2.1001944211991111e-01
2.1001944211991169e-01
2.1001944211991158e-01
2.1001944211991158e-01
2.1001944211991158e-01
2.1001944211991150e-01
2.1001944211991150e-01
2.1001944211991136e-01
2.1001944211991130e-01
-1.2723148179642124e-01
-1.2723148179642119e-01
-1.2723148179642127e-01
-1.2723148179642146e-01
-1.2723148179642152e-01
-1.2723148179642155e-01
-1.2723148179642155e-01
-1.2723148179642171e-01
-1.2723148179642194e-01
-1.2723148179642202e-01
-1.2723148179642182e-01
