0.0000000000000000e+00
3.6587373701128602e-05
7.3170731707008425e-05
1.0975275142056136e-04
1.4633343293911770e-04
1.8291277636071907e-04
2.1951219512595722e-04
2.5611027442255720e-04
2.9270701435045947e-04
7.7507801236326515e-04
1.2903550217434685e-03
1.2537820166669779e-03
1.2172076739567531e-03
1.1806319935159172e-03
1.1440259180758735e-03
1.1074185025819309e-03
1.0708551863648961e-03
1.0342698205107782e-03
9.9768311611866012e-04
9.6109908880141087e-04
9.2451372294626423e-04
8.8792835709306265e-04
8.5134165270212350e-04
8.1475762538670482e-04
7.7817225963236350e-04
7.4158555533977255e-04
7.0499751241142098e-04
6.2694707652699306e-04
1.9500962248000282e-04
-2.6325088889669646e-04
-7.5137754877842278e-04
-7.1480172181092162e-04
-6.7822723258490923e-04
-6.4165408100355604e-04
-6.0508226696862858e-04
-5.6846025922526085e-04
-5.3187489337556786e-04
-4.9529086596673670e-04
-4.5870416166780370e-04
-4.2211879590678571e-04
-3.8553342996125369e-04
-3.4894806410751971e-04
-3.1236403669391433e-04
-2.7577733239949302e-04
-2.3919196664268572e-04
-2.0260793932605294e-04
-1.6602525035274232e-04
-1.2944389962269887e-04
-9.2850503121641009e-05
2.9281670358655403e-04
7.6523430981436768e-04
7.2874592084033350e-04
6.9225620041514274e-04
6.5557518844665101e-04
6.1898982259434628e-04
5.8240311820343413e-04
5.4581507517709865e-04
5.0923372503944352e-04
4.7264835918243547e-04
4.3606299332896051e-04
3.9947762747540011e-04
3.6289226162140127e-04
3.2630555722974139e-04
2.8972152991401821e-04
2.5313616415953698e-04
2.1654945986637869e-04
1.7996141693727311e-04
1.4337203527379697e-04
1.0679470065509244e-04
3.0498146392436346e-05
-4.3455762211293400e-04
-3.9797583989445651e-04
-3.6139539585295158e-04
-3.2481628989087076e-04
-2.8821974298760692e-04
-2.5162453534117220e-04
-2.1503066685560162e-04
-1.7843813743205245e-04
-1.4187827957605806e-04
-1.0529291372122511e-04
-6.8707547867951193e-05
-3.2122182014542200e-05
4.4618453995811775e-06
4.1048549694040975e-05
7.7633915450788017e-05
1.1421794276764122e-04
1.5080063174104382e-04
1.8738198247134947e-04
2.2397537897116159e-04
2.6056743644322722e-04
5.7311720755297160e-04
5.3653296650925354e-04
4.9994738701043470e-04
4.6336046895816598e-04
4.2677686849000482e-04
3.9019192961291211e-04
3.5360565222944786e-04
3.1702077092566575e-04
2.8043540507315199e-04
2.4385003921880959e-04
2.0726467336580032e-04
1.7067930751200463e-04
1.3409260312094630e-04
9.7508575805456987e-05
6.0923210050713930e-05
2.4336505757313137e-05
-1.2251537171832532e-05
-4.8840918834451131e-05
-8.5418253453155573e-05
-1.2199692602168861e-04
-3.2131798060514851e-04
-2.8473274844143957e-04
-2.4814885470778546e-04
-2.1156629930620848e-04
-1.7497665126249147e-04
-1.3838834197215952e-04
-1.0180137133665622e-04
-6.5220553704064724e-05
-2.8635187848727350e-05
7.9501780038166631e-06
4.4535543857842665e-05
8.1120909711495976e-05
1.1770493712505618e-04
1.5429164141917399e-04
1.9087700717626218e-04
2.2746103449191614e-04
2.6404372346641817e-04
3.0062507419653580e-04
3.3721847069725724e-04
3.7381052817100246e-04
5.0587124369885870e-04
4.6942218094867710e-04
4.3283681475948018e-04
3.9625011003108918e-04
3.5966206666704148e-04
3.2308071720434594e-04
2.8649802949829383e-04
2.4990998549483568e-04
2.1332461964190504e-04
1.7673925378741933e-04
1.4015388793361608e-04
1.0356852208018516e-04
6.6981817688217322e-05
3.0397790374191477e-05
-6.1875753805007251e-06
-4.2774279672780364e-05
-7.9362322601242544e-05
-1.1595170426360437e-04
-1.5252903888473440e-04
-1.8910771145670661e-04
-2.8233092454457140e-04
-2.4578779775360652e-04
-2.0924600631468983e-04
-1.7270555012894882e-04
-1.3603170052069538e-04
-9.9446334661733570e-05
-6.2862307242629703e-05
-2.6275602951574135e-05
1.0309762801555771e-05
4.6895128754661735e-05
8.3480494608192870e-05
1.2006586046171610e-04
1.5664988787455374e-04
1.9323659216944798e-04
2.2982195792583515e-04
2.6640598524197551e-04
3.0298867421599057e-04
3.3957002494713559e-04
3.7616342144621630e-04
4.1275547891699439e-04
4.8406248535633948e-04
4.4749528381862269e-04
4.1092674507117239e-04
3.7435686901738773e-04
3.3773918595907755e-04
3.0112016199634656e-04
2.6456845424781392e-04
2.2798308839373544e-04
1.9139638400228996e-04
1.5481235668575065e-04
1.1822699083195753e-04
8.1641624978859138e-05
4.5054920586718637e-05
8.4708932722144474e-06
-2.8114472481822471e-05
-6.4701176774145197e-05
-1.0128921970201706e-04
-1.3787860136418040e-04
-1.7445593598459979e-04
-2.1103460855600271e-04
-2.6873255074932217e-04
-2.3215306029472540e-04
-1.9557490784967831e-04
-1.5899809331661413e-04
-1.2239696303485351e-04
-8.5797172347182578e-05
-4.9198721154380216e-05
-1.2640865476325644e-05
2.3944500378366349e-05
6.0529866232016878e-05
9.7115232085375380e-05
