0.0000000000000000e+00
0.0000000000000000e+00
0.0000000000000000e+00
0.0000000000000000e+00
0.0000000000000000e+00
0.0000000000000000e+00
0.0000000000000000e+00
0.0000000000000000e+00
0.0000000000000000e+00
8.9163258653237503e-04
1.8490274458984788e-03
1.8490274458984788e-03
1.8490274458984788e-03
1.8490274458984788e-03
1.8490274458984788e-03
1.8490274458984788e-03
1.8490274458984788e-03
1.8490274458984788e-03
1.8490274458984788e-03
1.8490274458984788e-03
1.8490274458984788e-03
1.8490274458984788e-03
1.8490274458984788e-03
1.8490274458984788e-03
1.8490274458984788e-03
1.8490274458984788e-03
1.8490274458984788e-03
1.9320164608784213e-03
2.7226752542431616e-03
3.5660361553103092e-03
4.4691217517150795e-03
4.4691217517150795e-03
4.4691217517150795e-03
4.4691217517150795e-03
4.4691217517150795e-03
4.4691217517150795e-03
4.4691217517150795e-03
4.4691217517150795e-03
4.4691217517150795e-03
4.4691217517150795e-03
4.4691217517150795e-03
4.4691217517150795e-03
4.4691217517150795e-03
4.4691217517150795e-03
4.4691217517150795e-03
4.4691217517150795e-03
4.4691217517150795e-03
4.4691217517150795e-03
4.4691217517150795e-03
5.1672911158649635e-03
6.0391438665884324e-03
6.0391438665884324e-03
6.0391438665884324e-03
6.0391438665884324e-03
6.0391438665884324e-03
6.0391438665884324e-03
6.0391438665884324e-03
6.0391438665884324e-03
6.0391438665884324e-03
6.0391438665884324e-03
6.0391438665884324e-03
6.0391438665884324e-03
6.0391438665884324e-03
6.0391438665884324e-03
6.0391438665884324e-03
6.0391438665884324e-03
6.0391438665884324e-03
6.0391438665884324e-03
6.0391438665884324e-03
6.1186095545109048e-03
6.9755142172738625e-03
6.9755142172738625e-03
6.9755142172738625e-03
6.9755142172738625e-03
6.9755142172738625e-03
6.9755142172738625e-03
6.9755142172738625e-03
6.9755142172738625e-03
6.9755142172738625e-03
6.9755142172738625e-03
6.9755142172738625e-03
6.9755142172738625e-03
6.9755142172738625e-03
6.9755142172738625e-03
6.9755142172738625e-03
6.9755142172738625e-03
6.9755142172738625e-03
6.9755142172738625e-03
6.9755142172738625e-03
6.9755142172738625e-03
7.5274586597408391e-03
7.5274586597408391e-03
7.5274586597408391e-03
7.5274586597408391e-03
7.5274586597408391e-03
7.5274586597408391e-03
7.5274586597408391e-03
7.5274586597408391e-03
7.5274586597408391e-03
7.5274586597408391e-03
7.5274586597408391e-03
7.5274586597408391e-03
7.5274586597408391e-03
7.5274586597408391e-03
7.5274586597408391e-03
7.5274586597408391e-03
7.5274586597408391e-03
7.5274586597408391e-03
7.5274586597408391e-03
7.5274586597408391e-03
7.8529169187607304e-03
7.8529169187607304e-03
7.8529169187607304e-03
7.8529169187607304e-03
7.8529169187607304e-03
7.8529169187607304e-03
7.8529169187607304e-03
7.8529169187607304e-03
7.8529169187607304e-03
7.8529169187607304e-03
7.8529169187607304e-03
7.8529169187607304e-03
7.8529169187607304e-03
7.8529169187607304e-03
7.8529169187607304e-03
7.8529169187607304e-03
7.8529169187607304e-03
7.8529169187607304e-03
7.8529169187607304e-03
7.8529169187607304e-03
8.0441536069151744e-03
8.0441536069151744e-03
8.0441536069151744e-03
8.0441536069151744e-03
8.0441536069151744e-03
8.0441536069151744e-03
8.0441536069151744e-03
8.0441536069151744e-03
8.0441536069151744e-03
8.0441536069151744e-03
8.0441536069151744e-03
8.0441536069151744e-03
8.0441536069151744e-03
8.0441536069151744e-03
8.0441536069151744e-03
8.0441536069151744e-03
8.0441536069151744e-03
8.0441536069151744e-03
8.0441536069151744e-03
8.0441536069151744e-03
8.1575003935669584e-03
8.1575003935669584e-03
8.1575003935669584e-03
8.1575003935669584e-03
8.1575003935669584e-03
8.1575003935669584e-03
8.1575003935669584e-03
8.1575003935669584e-03
8.1575003935669584e-03
8.1575003935669584e-03
8.1575003935669584e-03
8.1575003935669584e-03
8.1575003935669584e-03
8.1575003935669584e-03
8.1575003935669584e-03
8.1575003935669584e-03
8.1575003935669584e-03
8.1575003935669584e-03
8.1575003935669584e-03
8.1575003935669584e-03
8.2269933860131175e-03
8.2269933860131175e-03
8.2269933860131175e-03
8.2269933860131175e-03
8.2269933860131175e-03
8.2269933860131175e-03
8.2269933860131175e-03
8.2269933860131175e-03
8.2269933860131175e-03
8.2269933860131175e-03
8.2269933860131175e-03
8.2269933860131175e-03
8.2269933860131175e-03
8.2269933860131175e-03
8.2269933860131175e-03
8.2269933860131175e-03
8.2269933860131175e-03
8.2269933860131175e-03
8.2269933860131175e-03
8.2269933860131175e-03
8.2692169035112340e-03
8.2692169035112340e-03
8.2692169035112340e-03
8.2692169035112340e-03
8.2692169035112340e-03
8.2692169035112340e-03
8.2692169035112340e-03
8.2692169035112340e-03
8.2692169035112340e-03
8.2692169035112340e-03
8.2692169035112340e-03
