0.0000000000000000e+00
-1.1435251490559345e-03
-2.8432682771993189e-10
-1.1427257784964796e-03
-4.5720922838406010e-03
-1.0288490104847770e-02
1.4267533232796497e-09
8.0024650404145591e-03
1.3718511226194413e-02
-1.2352127949831495e-03
-2.3480921888486975e-03
1.7590136471757876e-07
6.3025883915817453e-05
-2.1591518395607753e-03
-6.1440209026470480e-10
-1.3035548896859331e-04
-1.3805592641025208e-09
-4.0477748465687616e-10
-2.2863895219941335e-03
-3.5420167256468685e-10
-6.0793095913733688e-10
-3.7775244646255050e-10
-2.2863905052408163e-03
-2.3810123277082249e-10
-3.9010905050461478e-07
-2.2871702583937216e-03
-6.8599502250192681e-03
3.3509067818481833e-03
3.4586559824571501e-04
1.0011117588636714e-03
1.1631833947064617e-03
1.3905996723539153e-07
-3.4487767523789406e-03
-9.1839551613983328e-03
-1.7205786249359162e-02
1.6837823761969131e-09
-6.2996084574714068e-11
-2.2867826701798962e-03
-2.6483164150547458e-10
3.9219234587139690e-07
-3.9086603915618800e-10
-4.4695419074349660e-10
-2.2867810000863948e-03
-2.5539958294531187e-10
3.9057210163171874e-07
-2.2859992457905480e-03
-6.8595604385694470e-03
-1.3720683068038012e-02
1.9187330916901525e-09
-5.2585094630572043e-04
-1.8122144630729427e-02
1.1556605071102260e-07
1.5843679527455422e-02
-2.1794698970966342e-08
-5.1389609475018224e-09
-2.2863786989348882e-03
-6.8587522155668778e-03
5.7403096257972670e-10
-2.4894200047685927e-10
-1.5480205348900862e-10
-2.1889483875503110e-10
-1.5870450399562884e-10
-2.2863904213734384e-03
-1.8964081523788827e-10
-3.9017536198213060e-07
-2.2871704522101858e-03
-6.8599506460033594e-03
-1.3718340676334081e-02
1.6684781780764938e-09
2.8158461941708100e-03
4.4391309081329969e-04
1.0967298664196879e-07
-2.7301343193694471e-03
-7.7472095804281080e-03
7.1623756376324836e-10
5.4609229882335688e-03
8.6351660772651870e-03
9.5223401434347509e-03
-4.5575089407731969e-10
3.4668337395728091e-10
-2.3527673250806596e-11
-1.9190077188345290e-10
-2.2867805048084984e-03
2.4434612407192563e-10
3.9104885460255020e-07
-2.2859985671484194e-03
-6.8595597512498933e-03
-1.3720682246937524e-02
2.1638577569156515e-09
1.1436248318899431e-02
-2.0835882905155228e-04
7.8056055032546522e-08
-2.0777851781829284e-03
-6.4415587834529562e-03
6.8223415944873494e-10
4.1538192937943027e-03
6.0202882217317679e-03
-1.0865853910294992e-10
1.6495604759869556e-10
1.8891348883976823e-10
4.1679105222155870e-10
4.8650197264305983e-10
-2.2863895007683597e-03
7.1051685384414030e-10
-3.8932480079820429e-07
-2.2871695443692983e-03
-6.8599496839184416e-03
-1.3718339453026114e-02
2.6995922624077610e-09
1.1429612363570154e-02
1.7060105613228902e-05
6.5271273419659774e-08
-2.3036976454806480e-03
-6.8946189819595431e-03
1.1789223908641150e-09
4.6089870830835471e-03
6.9319488698941136e-03
6.4715290673090997e-10
1.0003084342513010e-09
7.6373618699371461e-10
8.9744104573379994e-10
7.5629723046451282e-10
-2.2867799574172697e-03
5.6506411771085630e-10
3.9132903998602280e-07
-2.2859986970091132e-03
-6.8595595266191826e-03
-1.3720682124201829e-02
2.6354841669449882e-09
1.1436249271491564e-02
-2.4957389210237203e-02
5.6178868989328335e-08
-1.0248908119958963e-08
-2.2864672382434397e-03
-6.8589240552605069e-03
9.0966734402102273e-10
4.5713647256199015e-03
3.6879395737275731e-10
6.1416725414753871e-10
5.1147108362689318e-10
4.1195617050883958e-10
5.5841730177227870e-10
-2.2863898109875395e-03
7.3118074589032961e-10
-3.8926074792589869e-07
-2.2871692541525592e-03
-6.8599491215128473e-03
-1.3718339038381785e-02
2.7574252933790836e-09
1.1429611645755205e-02
5.4457269241686319e-03
5.4221333334719227e-08
-7.7284488565039534e-03
-1.7740171780123385e-02
-7.4070952333644246e-09
-3.7482606234698720e-09
-2.2867807000933231e-03
6.2715054563188368e-10
3.9192505918258141e-07
2.4083542528500271e-10
2.8896145107410938e-10
1.3076144599199565e-10
-2.2867806941924917e-03
1.7284632560117088e-10
3.9058014089628916e-07
-2.2859994826123389e-03
-6.8595605179212673e-03
-1.3720682896217714e-02
1.8938139415066928e-09
1.1436247933902704e-02
-3.3230373659746001e-03
5.1321664631455134e-08
1.0382094209057989e-03
-2.0817306046423174e-04
-2.1326456696302503e-09
-2.0823133214603919e-03
-3.2934984971667126e-09
-9.7119279697502190e-10
-2.2863887376749987e-03
4.6762068815714907e-11
1.7838856519194207e-10
2.5691541460683420e-10
-2.2863900751729921e-03
4.2712718061044441e-10
-3.8925278584755415e-07
-2.2871693412298568e-03
-6.8599490482996964e-03
-1.3718338716086581e-02
3.2976278194455674e-09
1.1429612236715604e-02
7.5819835986872691e-04
5.1668252952551677e-08
-3.0443258866323505e-03
-8.3753248294853033e-03
1.6083734155151883e-09
6.0886193774505474e-03
9.8901386425356147e-03
4.6764195947208299e-10
1.1086337164588230e-09
9.1482916294638530e-10
7.3929044129398266e-10
