0.0000000000000000e+00
-2.5004040254486299e+01
-5.0000000000581849e+01
-7.5000379830981032e+01
-1.0000518072381935e+02
-1.2501440365684152e+02
-1.4999999999954173e+02
-1.7499001510400183e+02
-1.9998444994679846e+02
-2.2499839021337903e+02
-2.4999703305847635e+02
-2.2500000029736972e+02
-2.0000738612873124e+02
-1.7501918957550174e+02
-1.5000000000532231e+02
-1.2498523691266681e+02
-1.0000000000453043e+02
-7.5000000001858822e+01
-5.0004420241894003e+01
-2.5000000000682139e+01
-4.8154605142530523e-10
2.4999999999660439e+01
4.9995579756772955e+01
7.4999999999390567e+01
9.9999999021782330e+01
1.2499557780145305e+02
1.4998673731600613e+02
1.7499044705189269e+02
1.9999894115500001e+02
2.2499684497212979e+02
2.4999619528694913e+02
2.2499999975553231e+02
1.9999938464740967e+02
1.7499434898374761e+02
1.4998489178730409e+02
1.2500000000152002e+02
1.0000000000018738e+02
7.4995578777934696e+01
4.9999999999366025e+01
2.5000000978421351e+01
-4.1149947209071853e-10
-2.5000000000546486e+01
-5.0004421221124439e+01
-7.5000000000581707e+01
-9.9999999022479400e+01
-1.2500441926503113e+02
-1.5001326170649614e+02
-1.7502652732479470e+02
-2.0000000000213439e+02
-2.2499928549169846e+02
-2.4997601793577925e+02
-2.2500000019641902e+02
-2.0002838958974945e+02
-1.7500000004793517e+02
-1.5000000000990539e+02
-1.2500442021458238e+02
-1.0001325968468782e+02
-7.5000000000656243e+01
-5.0000000000170381e+01
-2.5000000000004217e+01
-1.5240585537859073e-10
2.5000000000004810e+01
4.9995579756993280e+01
7.4999999999598373e+01
9.9999999021850968e+01
1.2499557780144231e+02
1.4998673731586788e+02
1.7497347854214232e+02
1.9999999999741559e+02
2.2499177234051891e+02
2.4999858653111951e+02
2.2499999980702145e+02
1.9999699247603829e+02
1.7498956355982472e+02
1.5000000000002501e+02
1.2500601692699861e+02
1.0000761336255988e+02
7.5004788329310898e+01
4.9999999999424190e+01
2.5000000000429303e+01
-1.1116549944437984e-10
-2.5000000000313285e+01
-5.0004421220806776e+01
-7.5000000000178289e+01
-9.9999999022089426e+01
-1.2500441926429555e+02
-1.5001326170575041e+02
-1.7502652732403911e+02
-2.0000000000187538e+02
-2.2497788803361374e+02
-2.4999971786610536e+02
-2.2500000013355805e+02
-2.0000470249037846e+02
-1.7501382395965675e+02
-1.5000000000102852e+02
-1.2499059952478254e+02
-9.9985621551922037e+01
-7.5000000000758149e+01
-5.0000000000745317e+01
-2.5000000000080117e+01
1.8684341212392306e-10
2.5000000000249152e+01
4.9995579757566361e+01
7.5000000000243745e+01
9.9999999022668476e+01
1.2499557780239716e+02
1.4998673731687498e+02
1.7497347854338389e+02
1.9999999999838951e+02
2.2502209534327224e+02
2.4999994818779513e+02
2.2499999988794320e+02
1.9999563038990868e+02
1.7498683871578714e+02
1.4999999999960608e+02
1.2500874295144645e+02
1.0001306659461625e+02
7.5000000000162316e+01
5.0000000000035229e+01
2.5000000000464421e+01
4.6883707481075152e-10
-2.4999999999825800e+01
-5.0004421220746153e+01
-7.5000000000418723e+01
-9.9999999022448364e+01
-1.2500441926500056e+02
-1.5001326170608536e+02
-1.7502652732439969e+02
-2.0000000000220456e+02
-2.2497788803380809e+02
-2.4996509368131450e+02
-2.2500000009636943e+02
-2.0000000002202816e+02
-1.7500442019070405e+02
-1.5001325962470395e+02
-1.2500000000037637e+02
-9.9991163552093084e+01
-7.4999999999794156e+01
-4.9999999999564238e+01
-2.4999999999271502e+01
6.4887445783349679e-10
2.5000000000769418e+01
4.9995579757772077e+01
7.5000000000609731e+01
9.9999999023077919e+01
1.2499557780290235e+02
1.4998673731763529e+02
1.7497347854398404e+02
1.9999999999880012e+02
2.2502209534319061e+02
2.4998384311677955e+02
2.2499999990669613e+02
2.0001174258281034e+02
1.7501907016913995e+02
1.4999999998693238e+02
1.2499999999185712e+02
9.9995578776040674e+01
7.5000000000191122e+01
5.0000000981827668e+01
2.5000000000135852e+01
3.1186997059147302e-10
-2.4999999999889120e+01
-5.0004421220729981e+01
-7.5000000000173046e+01
-9.9999999022602594e+01
-1.2500441926535420e+02
-1.5001326170676515e+02
-1.7502652732509765e+02
-2.0000000000205040e+02
-2.2497788803343855e+02
-2.4999534167972496e+02
-2.2500000008862091e+02
-2.0000907624239289e+02
-1.7502256916466516e+02
-1.5000000000913417e+02
-1.2498185902732814e+02
-1.0000000000912060e+02
-7.5000000003426294e+01
-5.0004420240539922e+01
-2.5000000000640959e+01
-2.3984746095917099e-10
2.4999999999715605e+01
4.9995579756714555e+01
7.4999999999513832e+01
9.9999999022251771e+01
1.2499557780199058e+02
1.4998673731684858e+02
1.7497347854351892e+02
1.9999999999856672e+02
2.2502209534297390e+02
2.4999775406463536e+02
2.2499999991174323e+02
1.9999782552675484e+02
1.7499122993189519e+02
1.5000000000081153e+02
1.2500434980558811e+02
1.0000427836880881e+02
7.4999999999934516e+01
5.0000000000718501e+01
2.5000000000366327e+01
1.7690885617233039e-10
