0.0000000000000000e+00
2.5002896729354219e+01
5.0000000000370058e+01
7.4999237105251126e+01
1.0000060863161639e+02
1.2500411516678693e+02
1.5000000000108355e+02
1.7499801756918384e+02
1.9999816845812080e+02
2.2499715500067146e+02
2.4999468496633301e+02
2.2500000047328734e+02
2.0000744915464583e+02
1.7501703042368575e+02
1.5000000000479935e+02
1.2498510655735380e+02
1.0000000000328046e+02
7.5000000001575955e+01
5.0002133852471488e+01
2.5000000000508262e+01
1.7316969253619415e-10
2.4999999999854275e+01
4.9997866147085531e+01
7.4999999999418705e+01
9.9999999411684300e+01
1.2499786497156657e+02
1.4999359726609731e+02
1.7498709614492734e+02
1.9999859528930276e+02
2.2499584386032751e+02
2.4999503210355138e+02
2.2499999961638599e+02
2.0000283342404603e+02
1.7500353293873866e+02
1.5000209757335085e+02
1.2499999999974905e+02
1.0000000000017258e+02
7.4997865560486318e+01
4.9999999999540947e+01
2.5000000586088422e+01
2.6856867610151318e-10
2.5000000000279901e+01
5.0002134440318649e+01
7.5000000000518057e+01
9.9999999413246755e+01
1.2500213326594785e+02
1.5000640214631542e+02
1.7501280664200348e+02
2.0000000000425558e+02
2.2499875964087096e+02
2.4995789579124028e+02
2.2500000031207929e+02
2.0004423326938240e+02
1.7500000002629005e+02
1.5000000000492142e+02
1.2500213383609722e+02
1.0000640093272418e+02
7.5000000001434501e+01
5.0000000000075516e+01
2.5000000000016641e+01
1.3796047916616151e-10
2.4999999999981839e+01
4.9997866147233793e+01
7.4999999999561325e+01
9.9999999411809682e+01
1.2499786497160719e+02
1.4999359726617118e+02
1.7498719688241584e+02
1.9999999999550778e+02
2.2498895649409604e+02
2.4999814261788072e+02
2.2499999969716382e+02
1.9999972261020093e+02
1.7499731076929001e+02
1.4999999999923983e+02
1.2500055600398750e+02
9.9998978196490171e+01
7.4995265989211248e+01
4.9999999999839666e+01
2.5000000000017348e+01
2.8450443169848240e-10
2.5000000000135326e+01
5.0002134440306236e+01
7.5000000000422560e+01
9.9999999413156218e+01
1.2500213326581249e+02
1.5000640214614327e+02
1.7501280664196071e+02
2.0000000000419743e+02
2.2498932428212277e+02
2.4999950950743164e+02
2.2500000021178511e+02
2.0000262470539042e+02
1.7500738240106341e+02
1.5000000000190241e+02
1.2499475334424969e+02
9.9991641840263199e+01
7.5000000000870841e+01
5.0000000001102840e+01
2.5000000000418407e+01
3.4411892838011999e-10
2.4999999999649628e+01
4.9997866147007159e+01
7.4999999999407677e+01
9.9999999411834594e+01
1.2499786497166811e+02
1.4999359726622873e+02
1.7498719688246211e+02
1.9999999999556229e+02
2.2501066573102923e+02
2.4999993112762871e+02
2.2499999982260078e+02
1.9999793408752518e+02
1.7499373333475705e+02
1.4999999999835171e+02
1.2500413396420585e+02
1.0000613464555632e+02
7.4999999999488210e+01
4.9999999999068073e+01
2.4999999999750489e+01
2.4929906364691184e-10
2.5000000000538549e+01
5.0002134440737265e+01
7.5000000000916231e+01
9.9999999413631429e+01
1.2500213326619392e+02
1.5000640214640521e+02
1.7501280664213328e+02
2.0000000000472306e+02
2.2498932428298968e+02
2.4994013629196365e+02
2.2500000015249216e+02
2.0000000001165594e+02
1.7500213372337481e+02
1.5000640070057671e+02
1.2500000000122279e+02
9.9995734916733483e+01
7.5000000000065100e+01
4.9999999999993165e+01
2.4999999999635747e+01
7.1392601328898276e-11
2.5000000000355350e+01
4.9997866147715399e+01
7.5000000000081286e+01
9.9999999412568911e+01
1.2499786497244226e+02
1.4999359726705666e+02
1.7498719688339332e+02
1.9999999999619357e+02
2.2501066573146889e+02
2.4997839738998920e+02
2.2499999985262701e+02
2.0001947103178088e+02
1.7503681034105858e+02
1.4999999999444691e+02
1.2499999999573285e+02
9.9997865556943196e+01
7.4999999999722775e+01
5.0000000590007993e+01
2.5000000000035072e+01
6.1327480990033737e-11
2.4999999999923197e+01
5.0002134439983315e+01
7.5000000000263441e+01
9.9999999413049096e+01
1.2500213326571374e+02
1.5000640214609635e+02
1.7501280664196423e+02
2.0000000000392490e+02
2.2498932428152693e+02
2.4999201864234840e+02
2.2500000013992303e+02
2.0001011445175982e+02
1.7502236099152449e+02
1.5000000000693544e+02
1.2497977671398679e+02
1.0000000000571680e+02
7.5000000002358959e+01
5.0002133851705850e+01
2.5000000000570157e+01
1.5373826129894336e-10
2.4999999999627654e+01
4.9997866146952255e+01
7.4999999999250221e+01
9.9999999411685650e+01
1.2499786497157443e+02
1.4999359726621543e+02
1.7498719688260678e+02
1.9999999999551244e+02
2.2501066573081175e+02
2.4999699586654293e+02
2.2499999986037540e+02
2.0000086985296232e+02
1.7499960525711143e+02
1.4999999999952425e+02
1.2499826118645721e+02
9.9994388230420299e+01
7.4999999999835552e+01
4.9999999999946425e+01
2.4999999999823117e+01
3.5721250983729333e-10
