2.0000000000000020e+02
2.0000000000000020e+02
2.0000000000000020e+02
2.0000000000000020e+02
2.0000000000000020e+02
2.0000000000000020e+02
2.0000000000000020e+02
2.0000000000000020e+02
2.0000000000000020e+02
2.0534979551919452e+02
2.1109416467539106e+02
2.1109416467539106e+02
2.1109416467539106e+02
2.1109416467539106e+02
2.1109416467539106e+02
2.1109416467539106e+02
2.1109416467539106e+02
2.1109416467539106e+02
2.1109416467539106e+02
2.1109416467539106e+02
2.1109416467539106e+02
2.1109416467539106e+02
2.1109416467539106e+02
2.1109416467539106e+02
2.1109416467539106e+02
2.1109416467539106e+02
2.1109416467539106e+02
2.1159209876527063e+02
2.1633605152545925e+02
2.2139621693186200e+02
2.2681473051029070e+02
2.2681473051029070e+02
2.2681473051029070e+02
2.2681473051029070e+02
2.2681473051029070e+02
2.2681473051029070e+02
2.2681473051029070e+02
2.2681473051029070e+02
2.2681473051029070e+02
2.2681473051029070e+02
2.2681473051029070e+02
2.2681473051029070e+02
2.2681473051029070e+02
2.2681473051029070e+02
2.2681473051029070e+02
2.2681473051029070e+02
2.2681473051029070e+02
2.2681473051029070e+02
2.2681473051029070e+02
2.3100374669518999e+02
2.3623486319953085e+02
2.3623486319953085e+02
2.3623486319953085e+02
2.3623486319953085e+02
2.3623486319953085e+02
2.3623486319953085e+02
2.3623486319953085e+02
2.3623486319953085e+02
2.3623486319953085e+02
2.3623486319953085e+02
2.3623486319953085e+02
2.3623486319953085e+02
2.3623486319953085e+02
2.3623486319953085e+02
2.3623486319953085e+02
2.3623486319953085e+02
2.3623486319953085e+02
2.3623486319953085e+02
2.3623486319953085e+02
2.3671165732706561e+02
2.4185308530364341e+02
2.4185308530364341e+02
2.4185308530364341e+02
2.4185308530364341e+02
2.4185308530364341e+02
2.4185308530364341e+02
2.4185308530364341e+02
2.4185308530364341e+02
2.4185308530364341e+02
2.4185308530364341e+02
2.4185308530364341e+02
2.4185308530364341e+02
2.4185308530364341e+02
2.4185308530364341e+02
2.4185308530364341e+02
2.4185308530364341e+02
2.4185308530364341e+02
2.4185308530364341e+02
2.4185308530364341e+02
2.4185308530364341e+02
2.4516475195844521e+02
2.4516475195844521e+02
2.4516475195844521e+02
2.4516475195844521e+02
2.4516475195844521e+02
2.4516475195844521e+02
2.4516475195844521e+02
2.4516475195844521e+02
2.4516475195844521e+02
2.4516475195844521e+02
2.4516475195844521e+02
2.4516475195844521e+02
2.4516475195844521e+02
2.4516475195844521e+02
2.4516475195844521e+02
2.4516475195844521e+02
2.4516475195844521e+02
2.4516475195844521e+02
2.4516475195844521e+02
2.4516475195844521e+02
2.4711750151256450e+02
2.4711750151256450e+02
2.4711750151256450e+02
2.4711750151256450e+02
2.4711750151256450e+02
2.4711750151256450e+02
2.4711750151256450e+02
2.4711750151256450e+02
2.4711750151256450e+02
2.4711750151256450e+02
2.4711750151256450e+02
2.4711750151256450e+02
2.4711750151256450e+02
2.4711750151256450e+02
2.4711750151256450e+02
2.4711750151256450e+02
2.4711750151256450e+02
2.4711750151256450e+02
2.4711750151256450e+02
2.4711750151256450e+02
2.4826492164149130e+02
2.4826492164149130e+02
2.4826492164149130e+02
2.4826492164149130e+02
2.4826492164149130e+02
2.4826492164149130e+02
2.4826492164149130e+02
2.4826492164149130e+02
2.4826492164149130e+02
2.4826492164149130e+02
2.4826492164149130e+02
2.4826492164149130e+02
2.4826492164149130e+02
2.4826492164149130e+02
2.4826492164149130e+02
2.4826492164149130e+02
2.4826492164149130e+02
2.4826492164149130e+02
2.4826492164149130e+02
2.4826492164149130e+02
2.4894500236140198e+02
2.4894500236140198e+02
2.4894500236140198e+02
2.4894500236140198e+02
2.4894500236140198e+02
2.4894500236140198e+02
2.4894500236140198e+02
2.4894500236140198e+02
2.4894500236140198e+02
2.4894500236140198e+02
2.4894500236140198e+02
2.4894500236140198e+02
2.4894500236140198e+02
2.4894500236140198e+02
2.4894500236140198e+02
2.4894500236140198e+02
2.4894500236140198e+02
2.4894500236140198e+02
2.4894500236140198e+02
2.4894500236140198e+02
2.4936196031607884e+02
2.4936196031607884e+02
2.4936196031607884e+02
2.4936196031607884e+02
2.4936196031607884e+02
2.4936196031607884e+02
2.4936196031607884e+02
2.4936196031607884e+02
2.4936196031607884e+02
2.4936196031607884e+02
2.4936196031607884e+02
2.4936196031607884e+02
2.4936196031607884e+02
2.4936196031607884e+02
2.4936196031607884e+02
2.4936196031607884e+02
2.4936196031607884e+02
2.4936196031607884e+02
2.4936196031607884e+02
2.4936196031607884e+02
2.4961530142106750e+02
2.4961530142106750e+02
2.4961530142106750e+02
2.4961530142106750e+02
2.4961530142106750e+02
2.4961530142106750e+02
2.4961530142106750e+02
2.4961530142106750e+02
2.4961530142106750e+02
2.4961530142106750e+02
2.4961530142106750e+02
