0.0000000000000000e+00
-1.1435251150976292e-03
-1.3928898656282293e-10
-1.1427256811894057e-03
-4.5720921221352670e-03
-1.0288490004282107e-02
1.6567686330585617e-09
8.0024653238992983e-03
1.3718511418469885e-02
-1.2352126199731913e-03
-2.3480920974885376e-03
1.7593388407079541e-07
6.3025945043774316e-05
-2.1591517925617712e-03
-4.3146111401363973e-10
-1.3035513678287509e-04
-1.1193317858836050e-09
-1.6095663828547543e-10
-2.2863893229721601e-03
6.4557096994852461e-12
-1.8931659448997460e-10
-9.9301932652218051e-12
-2.2863901198925968e-03
1.8186949041880249e-10
-3.8969490745887629e-07
-2.2871699686415575e-03
-6.8599499574313987e-03
3.3509071486304050e-03
3.4586579612041996e-04
1.0011118454836575e-03
1.1631834008645058e-03
1.3923240816968657e-07
-3.4487765204957929e-03
-9.1839548207954570e-03
-1.7205785844267039e-02
1.8581098790405737e-09
9.2786920038658999e-11
-2.2867824330470516e-03
-8.4966356310638355e-11
3.9247354054781654e-07
-3.0104009578072120e-11
-8.6240028136828567e-11
-2.2867806114327529e-03
1.2824260221452643e-10
3.9096271692469296e-07
-2.2859989209023102e-03
-6.8595599229427477e-03
-1.3720682514429133e-02
2.3235065355132295e-09
-5.2585070882649263e-04
-1.8122144447176081e-02
1.1575457325063864e-07
1.5843679738488915e-02
-2.1495400178306007e-08
-4.8289592240701667e-09
-2.2863782712022498e-03
-6.8587517116490320e-03
9.8255275604665981e-10
5.9197285974382252e-11
1.7963810024762665e-10
8.0142724508559897e-11
2.0466796895378970e-10
-2.2863900595799609e-03
2.6379899299193296e-10
-3.8974207562373860e-07
-2.2871698775350129e-03
-6.8599499607308670e-03
-1.3718339870592178e-02
2.1472696238785053e-09
2.8158466518007083e-03
4.4391338676524927e-04
1.1004226080816158e-07
-2.7301340061050648e-03
-7.7472093502713377e-03
8.5412172021080714e-10
5.4609230338638175e-03
8.6351660621922875e-03
9.5223400559074269e-03
-3.7514221874746680e-10
4.7725206053119239e-10
1.2759850920385359e-10
-1.6402928037561473e-10
-2.2867804962877023e-03
2.4417886777578140e-10
3.9108480290241925e-07
-2.2859983989434035e-03
-6.8595594628860189e-03
-1.3720681909965494e-02
2.4804556998312690e-09
1.1436248699173096e-02
-2.0835851828644085e-04
7.8398213686181923e-08
-2.0777847981728955e-03
-6.4415584031171803e-03
1.0655298033742658e-09
4.1538196405270520e-03
6.0202884607126186e-03
3.3413547578196821e-10
5.5011500598181328e-10
4.8765790113125335e-10
6.5117032287774462e-10
7.1254247572305301e-10
-2.2863893808601132e-03
9.6153932741397893e-10
-3.8900746237447996e-07
-2.2871689976498005e-03
-6.8599490237029274e-03
-1.3718338703646615e-02
2.9546950608485186e-09
1.1429612122502587e-02
1.7060227253183454e-05
6.5413925781183096e-08
-2.3036975871840136e-03
-6.8946189577168571e-03
1.3297267022464460e-09
4.6089873980295652e-03
6.9319492499956533e-03
7.0115520742304190e-10
9.3403433271965259e-10
6.6414469329308010e-10
8.0967731438468203e-10
6.6920766791735161e-10
-2.2867800603248918e-03
4.2985032214108846e-10
3.9103714235105952e-07
-2.2859989163133425e-03
-6.8595598336734318e-03
-1.3720682408869339e-02
2.4018399652397511e-09
1.1436249091876832e-02
-2.4957389491664310e-02
5.6066510937473710e-08
-1.0495194783009874e-08
-2.2864674202949325e-03
-6.8589241992219547e-03
7.8311684539352413e-10
4.5713645552187300e-03
1.7313423591475629e-10
2.4371148414410182e-10
2.1701818287809209e-10
1.0585751507483518e-10
2.6970392943207645e-10
-2.2863900755947433e-03
3.2571797958723226e-10
-3.8972110383464726e-07
-2.2871698256113583e-03
-6.8599497212214998e-03
-1.3718339780141670e-02
2.4556810513358949e-09
1.1429611797606890e-02
5.4457266563078923e-03
5.3916534193175521e-08
-7.7284490845518344e-03
-1.7740172056844136e-02
-7.6220810580156073e-09
-4.0032645835453158e-09
-2.2867811050357283e-03
3.0944750848413732e-10
3.9171428791739639e-07
-3.9289331374645967e-11
1.0499346440775902e-10
-6.2629055721447025e-11
-2.2867807991004776e-03
7.9450566720211410e-12
3.9031284811454338e-07
-2.2859997984833406e-03
-6.8595608196478051e-03
-1.3720683370758324e-02
1.8551462581810834e-09
1.1436248242775058e-02
-3.3230373869613970e-03
5.1282992083422118e-08
1.0382093128377689e-03
-2.0817322075693197e-04
-2.2649020365964370e-09
-2.0823133613218307e-03
-3.5140982263122786e-09
-1.1635149464838055e-09
-2.2863889305121685e-03
-1.8834740092055615e-10
-4.5573713863918555e-11
-8.1000639426045842e-11
-2.2863904003103562e-03
1.0017230395528467e-10
-3.8961513921712023e-07
-2.2871698264229101e-03
-6.8599496854419590e-03
-1.3718339459782453e-02
2.8111019449404188e-09
1.1429612087441657e-02
7.5819782501062531e-04
5.1067433152754391e-08
-3.0443265283314506e-03
-8.3753256030963154e-03
9.6602168227508208e-10
6.0886188842472402e-03
9.8901381344701812e-03
-2.6976777297724314e-10
4.3552584321980314e-10
1.7158494382396095e-10
-5.7617339429209789e-11
