0.0000000000000000e+00
-3.6583358234892595e-05
-7.3170731706786082e-05
-1.0975944386416754e-04
-1.4634949480394070e-04
-1.8294088462411884e-04
-2.1951219511736795e-04
-2.5608484312113471e-04
-2.9265882873209207e-04
-7.7776728777806663e-04
-1.3027815427254466e-03
-1.2662137040416529e-03
-1.2296472025155201e-03
-1.1930820380495670e-03
-1.1565182105457833e-03
-1.1198722419770452e-03
-1.0832868761241770e-03
-1.0467028487121915e-03
-1.0101161444144235e-03
-9.7353077865476871e-04
-9.3694541270852318e-04
-9.0036004685435178e-04
-8.6377601944064887e-04
-8.2718931514718264e-04
-7.9060394939035861e-04
-7.5401992207349273e-04
-7.1743723309965614e-04
-6.2482381596832865e-04
-1.8124092197904697e-04
2.9504347874276666e-04
8.1041156063329676e-04
7.7384612452221190e-04
7.3727935133064380e-04
7.0071124096125520e-04
6.6409002577020671e-04
6.2746746941599570e-04
5.9091929405870206e-04
5.5433392820466640e-04
5.1774722381317984e-04
4.8116319649685996e-04
4.4457783064198888e-04
4.0799246478839628e-04
3.7140576039714938e-04
3.3482173308286537e-04
2.9823636732798905e-04
2.6164966303468377e-04
2.2506162010553824e-04
1.8847223844332148e-04
1.2908824280381402e-04
-3.4232795653019405e-04
-8.5209961114693692e-04
-8.1553169126533489e-04
-7.7896510854884727e-04
-7.4239986289735115e-04
-7.0583595421384014e-04
-6.6919022904853736e-04
-6.3260486319656646e-04
-5.9602083578467536e-04
-5.5943413148731250e-04
-5.2284876572776062e-04
-4.8626339978030203e-04
-4.4967803392677205e-04
-4.1309400651266370e-04
-3.7650730221822315e-04
-3.3992193646172997e-04
-3.0333790914514197e-04
-2.6675522017110626e-04
-2.3017386944127800e-04
-1.9358047294044391e-04
2.3212982935386934e-05
5.2966049145049493e-04
4.9307681525990533e-04
4.5649180065497158e-04
4.1990544753712377e-04
3.8332071658627701e-04
3.4673464714452261e-04
3.1014723911318269e-04
2.7356461902245662e-04
2.3697925316941955e-04
2.0039388731437518e-04
1.6380852146079109e-04
1.2722315560683423e-04
9.0636451215745869e-05
5.4052423900426496e-05
1.7467058145013395e-05
-1.9119646148146535e-05
-5.5707689077263281e-05
-9.2297070739742786e-05
-1.2887440535729218e-04
-1.6992734833835922e-04
-6.7396456481725773e-04
-6.3738933427407698e-04
-6.0081544143009266e-04
-5.6424288618626734e-04
-5.2767166844558725e-04
-4.9104787199868148e-04
-4.5446250614947779e-04
-4.1787847873925863e-04
-3.8129177444115342e-04
-3.4470640868049820e-04
-3.0812104273472620e-04
-2.7153567688093227e-04
-2.3495164946801589e-04
-1.9836494517270142e-04
-1.6177957941583611e-04
-1.2519555209984946e-04
-8.8612863125134134e-05
-5.2031512394263436e-05
-1.5438115894962135e-05
2.1153941577182799e-05
4.0021323063511247e-04
3.6363155594152654e-04
3.2704854298014915e-04
2.9046419165270541e-04
2.5387545754818253e-04
2.1728538465850948e-04
1.8069397288658862e-04
1.4411935998391313e-04
1.0753399413024231e-04
7.0948628274987075e-05
3.4363262421025979e-05
-2.2221034326139045e-06
-3.8808807824089995e-05
-7.5392835138585890e-05
-1.1197820089331250e-04
-1.4856490518584369e-04
-1.8515294811396815e-04
-2.2174232977707531e-04
-2.5831966439680278e-04
-2.9489833696746021e-04
-5.8469193313174519e-04
-5.4810764053532112e-04
-5.1152468630096903e-04
-4.7494307032920120e-04
-4.3835154369174724e-04
-4.0176135594556159e-04
-3.6517250699196884e-04
-3.2859544613478823e-04
-2.9201008027978205e-04
-2.5542471442747695e-04
-2.1883934857410889e-04
-1.8225398272014631e-04
-1.4566995530626437e-04
-1.0908325101309951e-04
-7.2497885257212066e-05
-3.5913857941173989e-05
6.6883103311975296e-07
3.7250181762958286e-05
7.3843578265149826e-05
1.1043563574002990e-04
3.3667393209959299e-04
3.0008895664165630e-04
2.6350264267373805e-04
2.2691499009752904e-04
1.9033285846460318e-04
1.5374938853137532e-04
1.1716458019892871e-04
8.0576760900340683e-05
4.3991395047978257e-05
7.4060291921316255e-06
-2.9179336661905747e-05
-6.5764702515393598e-05
-1.0235140690717065e-04
-1.3893543422142672e-04
-1.7552079997620553e-04
-2.1210750426864052e-04
-2.4869554719672739e-04
-2.8528492885913345e-04
-3.2186226348074841e-04
-3.5844093605207734e-04
-5.3843642784127011e-04
-5.0185118226104197e-04
-4.6526727511101091e-04
-4.2868470629507866e-04
-3.9209508527859470e-04
-3.5550680301304214e-04
-3.1891985940097316e-04
-2.8233898771978268e-04
-2.4575362186494564e-04
-2.0916825601396824e-04
-1.7258289016019085e-04
-1.3599752430591434e-04
-9.9413496891865766e-05
-6.2826792597952248e-05
-2.6241426841583934e-05
1.0342600474146860e-05
4.6925289448262405e-05
8.3506640178164762e-05
1.2010003667998562e-04
1.5669209415362107e-04
3.0244578213470534e-04
2.6586046240201927e-04
2.2927380413415515e-04
1.9268580723434784e-04
1.5610436431032275e-04
1.1952158313599359e-04
8.2937463613014605e-05
4.6348266747264377e-05
9.7629008941936743e-06
-2.6822464961167219e-05
-6.3407830814968537e-05
