0.0000000000000000e+00
-1.1430605077773462e-03
-1.7887796612756617e-10
-1.1438598471878246e-03
-4.5742487921292645e-03
-1.0290776962875272e-02
1.2984721693604565e-09
8.0036360043401200e-03
1.4260970103623795e-02
9.7567793056321317e-04
2.1584555105738398e-03
2.2579222446909704e-07
-4.4431200661032375e-03
-1.1171972405086664e-02
-2.0186721307131873e-02
5.5576836410238133e-10
-6.2164107677324824e-10
-2.2867828254240462e-03
2.6665699512655935e-10
3.9328430165013323e-07
-1.3448916283300302e-10
1.0920197352598047e-11
-2.2867803505997502e-03
-1.2589039554864348e-10
3.9067132535972206e-07
-2.2859990967806546e-03
-6.8595601916574111e-03
-9.8749461727428815e-03
-6.7633847104349920e-04
-2.7531645356063724e-03
-3.7079983272095300e-03
2.0293624364481883e-07
1.4235999445507920e-03
5.6258305697140651e-04
-2.7061933384015398e-09
-2.8533244368068840e-03
-4.2657505576750258e-09
-1.3156469893501830e-09
-2.2863886020797583e-03
-5.2148979750467877e-11
-4.1266352272985992e-10
-3.8641464778334445e-10
-2.2863905499379143e-03
-1.2900519867369575e-11
-3.9020758609192380e-07
-2.2871705721653470e-03
-6.8599506805605741e-03
-1.3718340355973309e-02
1.0649968725878190e-03
8.2016374866874847e-04
2.1918190300557025e-03
1.9984715193658206e-07
-4.4765541017624203e-03
-1.1238832647732500e-02
-2.0287025858603914e-02
2.9366260156133660e-10
-1.2149407494559097e-09
-2.2867833368295423e-03
-4.3986006798482820e-10
3.9255116753361440e-07
-4.8415459824810596e-10
-4.5847099393318982e-10
-2.2867809259176689e-03
-1.4487580704952371e-11
3.9054466799032788e-07
-2.2859992901628481e-03
-6.8595602897471627e-03
-1.3720683103129426e-02
1.8501816027423763e-09
-5.6776350939407600e-05
-3.1276642399680909e-04
1.8923698573568521e-07
-1.9731104028321809e-03
-6.2322753718633602e-03
4.1331639811100415e-10
3.9444456878636111e-03
5.6014504059973096e-03
-1.2657586546898905e-10
8.0088219309272961e-11
1.1373341253371735e-10
1.9467968650142785e-10
2.8792926195525445e-10
-2.2863897354460207e-03
3.4739301669952970e-10
-3.8989684513224234e-07
-2.2871701636421478e-03
-6.8599502316619649e-03
-1.3718340117914106e-02
2.9021843002381636e-09
3.8729578469017053e-05
1.2810563664145407e-03
1.9231765874403315e-07
-3.5664979038211677e-03
-9.4194044251939158e-03
-1.7558917891736629e-02
3.2342402337293278e-09
1.1730978114717687e-09
-2.2867810899790024e-03
1.3705488101484391e-09
3.9378924280221022e-07
1.2466478719313743e-09
9.7981776344998358e-10
-2.2867798022565399e-03
1.1219399030170428e-09
3.9183533890557226e-07
-2.2859981389983649e-03
-6.8595589379881932e-03
-1.3720681380710982e-02
3.0092590367410261e-09
1.1436248845547541e-02
-6.7844584866491890e-04
1.4294274511995314e-07
-1.6073627392433245e-03
-5.5005727942927683e-03
1.7495053730249649e-09
3.2124231528323378e-03
4.1370823836898744e-03
8.0385421459962487e-10
1.0192498017271925e-09
1.1119789479721099e-09
1.0744472382894131e-09
9.5092808343373081e-10
-2.2863891868590454e-03
1.2438882032032929e-09
-3.8897958269051905e-07
-2.2871692118176692e-03
-6.8599491152128199e-03
-1.3718339279809085e-02
3.2676638916896087e-09
1.1429613022737898e-02
1.3820350224919001e-04
1.2195689705774341e-07
-2.4246400637443067e-03
-7.1364722567978456e-03
1.6562201729952103e-09
4.8506653993831191e-03
7.4151290540637000e-03
5.8437345238234363e-10
8.7371512646150702e-10
5.4373500988476767e-10
4.5897643415082041e-10
5.1733364797509974e-10
-2.2867800748661974e-03
3.5528139223162041e-10
3.9101589551195286e-07
-2.2859988219317735e-03
-6.8595596265439420e-03
-1.3720682018177190e-02
3.0304485422551029e-09
1.1436249572107888e-02
-7.1173588095635657e-05
1.0504729619673859e-07
-2.2149750577286418e-03
-6.7160239468706858e-03
6.8769454428309416e-10
4.4284017216587946e-03
6.5695693341995872e-03
-8.6435229003796778e-11
3.5918488999869457e-10
-6.3153113283308420e-11
-2.1255010718492232e-10
-9.8714451767136339e-11
-2.2863903612600207e-03
8.8925362222488884e-11
-3.9010794926149613e-07
-2.2871701872706983e-03
-6.8599500438804306e-03
-1.3718339866290164e-02
1.9178251618404125e-09
1.1429611230391032e-02
1.5693176778993618e-05
9.7115456442837050e-08
-2.3022679871376635e-03
-6.8917932081013298e-03
9.8922801201584084e-11
4.6061619122437485e-03
6.9263021519420098e-03
-3.0413645612643147e-10
-5.9931625682090995e-11
-7.2932447445905997e-10
-7.8914727304220977e-10
-7.3129365259223266e-10
-2.2867811297706169e-03
-5.8505871485963573e-10
3.9013172209984752e-07
-2.2859998735060643e-03
-6.8595608912732555e-03
-1.3720683345966574e-02
1.6908035308685270e-09
1.1436248318971391e-02
-8.2945479553410243e-06
8.9852213764952114e-08
-2.2779122176252537e-03
-6.8419104655612758e-03
2.9282702616130936e-10
4.5543426019456637e-03
6.8215071624943566e-03
-7.1298839183848695e-11
3.8074147404235101e-11
-3.6500939231366433e-10
-3.9240855500270092e-10
