0.0000000000000000e+00
0.0000000000000000e+00
0.0000000000000000e+00
0.0000000000000000e+00
0.0000000000000000e+00
0.0000000000000000e+00
0.0000000000000000e+00
1.5999999956231862e+01
3.7332329898376734e+01
5.8666666323728634e+01
7.9999999744536296e+01
7.9999999744536296e+01
7.9999999744536296e+01
7.9999999744536296e+01
7.9999999744536296e+01
7.9999999744536296e+01
7.9999999744536296e+01
7.9999999744536325e+01
7.9999999744536325e+01
7.9999999744536282e+01
7.9999999744536282e+01
7.9999999744536268e+01
7.9999999744536268e+01
6.9333333324734639e+01
4.7999999991532320e+01
2.6666666381853254e+01
5.3333330485191368e+00
-1.6000000284810085e+01
-3.7333333618148195e+01
-5.8666666951479066e+01
-8.0000000284801544e+01
-8.0000000284801544e+01
-8.0000000284801544e+01
-8.0000000284801544e+01
-8.0000000284801544e+01
-8.0000000284801544e+01
-8.0000000284801544e+01
-8.0000000284801544e+01
-8.0000000284801544e+01
-8.0000000284801544e+01
-8.0000000284801544e+01
-8.0000000284801544e+01
-8.0000000284801544e+01
-6.9333333341932544e+01
-4.8000000008735277e+01
-2.6666666950070727e+01
-5.3333336167552972e+00
1.5999999716591523e+01
3.7333333049917194e+01
5.8666666383256654e+01
7.9999999716578984e+01
7.9999999716578984e+01
7.9999999716579012e+01
7.9999999716579026e+01
7.9999999716579026e+01
7.9999999716579026e+01
7.9999999716579026e+01
7.9999999716579040e+01
7.9999999716579040e+01
7.9999999716579012e+01
7.9999999716578998e+01
7.9999999716578984e+01
7.9999999716578984e+01
6.9333333324721409e+01
4.7999999991520646e+01
2.6666666381842482e+01
5.3333330485033690e+00
-1.6000000284820295e+01
-3.7333333618148870e+01
-5.8666666951489603e+01
-8.0000000284819663e+01
-8.0000000284819663e+01
-8.0000000284819663e+01
-8.0000000284819663e+01
-8.0000000284819663e+01
-8.0000000284819663e+01
-8.0000000284819663e+01
-8.0000000284819663e+01
-8.0000000284819663e+01
-8.0000000284819663e+01
-8.0000000284819663e+01
-8.0000000284819663e+01
-8.0000000284819663e+01
-6.9333333341970075e+01
-4.8000000008770073e+01
-2.6666666950101011e+01
-5.3333336167818111e+00
1.5999999716548846e+01
3.7333333049894826e+01
5.8666666383233292e+01
7.9999999716569050e+01
7.9999999716569050e+01
7.9999999716569008e+01
7.9999999716569008e+01
7.9999999716569008e+01
7.9999999716569008e+01
7.9999999716569036e+01
7.9999999716569036e+01
7.9999999716569036e+01
7.9999999716569050e+01
7.9999999716569050e+01
7.9999999716569050e+01
7.9999999716569050e+01
6.9333333324708207e+01
4.7999999991510698e+01
2.6666666381848287e+01
5.3333330485014159e+00
-1.6000000284827603e+01
-3.7333333618157177e+01
-5.8666666951481822e+01
-8.0000000284817048e+01
-8.0000000284817048e+01
-8.0000000284817048e+01
-8.0000000284817048e+01
-8.0000000284817048e+01
-8.0000000284817048e+01
-8.0000000284817048e+01
-8.0000000284817048e+01
-8.0000000284817048e+01
-8.0000000284817048e+01
-8.0000000284817048e+01
-8.0000000284817048e+01
-8.0000000284817048e+01
-6.9333333341965883e+01
-4.8000000008761631e+01
-2.6666666950091003e+01
-5.3333336167796563e+00
1.5999999716565675e+01
3.7333333049901491e+01
5.8666666383245484e+01
7.9999999716577165e+01
7.9999999716577165e+01
7.9999999716577179e+01
7.9999999716577179e+01
7.9999999716577179e+01
7.9999999716577179e+01
7.9999999716577122e+01
7.9999999716577122e+01
7.9999999716577122e+01
7.9999999716577136e+01
7.9999999716577136e+01
7.9999999716577136e+01
7.9999999716577136e+01
6.9333333324753042e+01
4.7999999991559463e+01
2.6666666381881981e+01
5.3333330485381714e+00
-1.6000000284789685e+01
-3.7333333618126758e+01
-5.8666666951461210e+01
-8.0000000284783923e+01
-8.0000000284783923e+01
-8.0000000284783923e+01
-8.0000000284783923e+01
-8.0000000284783923e+01
-8.0000000284783923e+01
-8.0000000284783923e+01
-8.0000000284783923e+01
-8.0000000284783923e+01
-8.0000000284783923e+01
-8.0000000284783923e+01
-8.0000000284783923e+01
-8.0000000284783923e+01
-6.9333333341932700e+01
-4.8000000008730261e+01
-2.6666666950067317e+01
-5.3333336167364198e+00
1.5999999716610123e+01
3.7333333049948223e+01
5.8666666383277331e+01
7.9999999716609324e+01
7.9999999716609324e+01
7.9999999716609366e+01
7.9999999716609366e+01
7.9999999716609366e+01
7.9999999716609366e+01
7.9999999716609352e+01
7.9999999716609295e+01
7.9999999716609295e+01
7.9999999716609295e+01
7.9999999716609295e+01
7.9999999716609324e+01
7.9999999716609324e+01
6.9333333324774244e+01
4.7999999991581532e+01
2.6666666381903791e+01
5.3333330485502133e+00
-1.6000000284781912e+01
-3.7333333618116733e+01
-5.8666666951452790e+01
-8.0000000284777869e+01
-8.0000000284777869e+01
-8.0000000284777869e+01
-8.0000000284777869e+01
-8.0000000284777869e+01
-8.0000000284777869e+01
-8.0000000284777869e+01
-8.0000000284777869e+01
-8.0000000284777869e+01
-8.0000000284777869e+01
-8.0000000284777869e+01
