0.0000000000000000e+00
-1.2196758116783931e-04
-2.4390243902662042e-04
-3.6585216680751350e-04
-4.8781676813899639e-04
-6.0979624664784962e-04
-7.3170731707552280e-04
-8.5363325162501815e-04
-9.7557405392004225e-04
-5.2242781207538311e-03
-9.5128105103093399e-03
-9.3908600490349783e-03
-9.3410782564256212e-03
-9.2706804004880263e-03
-9.1711312572778231e-03
-9.0492224542890552e-03
-8.9271899090561067e-03
-8.8052386895336645e-03
-8.6833023402962672e-03
-8.5613362505065349e-03
-8.4393850346289930e-03
-8.3174338114809371e-03
-8.2932990725268808e-03
-8.1713567598984977e-03
-8.0493966335026708e-03
-7.9274513795671922e-03
-7.8055209944614930e-03
-7.6836054745628149e-03
-7.5615917554634551e-03
-7.4395929218950708e-03
-7.3176089702262888e-03
-7.1956398968273504e-03
-7.0525269805909842e-03
-7.0930714912422269e-03
-7.1336176458169018e-03
-7.1912102511151529e-03
-7.2726641573520549e-03
-7.3874877766055905e-03
-7.5092910264271543e-03
-7.6313902155539289e-03
-7.7533414350053603e-03
-7.8753075283712354e-03
-7.9972438740005987e-03
-8.1191950899159020e-03
-8.2411463130238217e-03
-8.2719332769619416e-03
-8.3938938106306784e-03
-8.5158357159870988e-03
-8.6377924929848231e-03
-8.7597641452525840e-03
-8.8817506764189199e-03
-9.0036405940442446e-03
-9.1255453706324072e-03
-9.2474650098071150e-03
-9.3693995151923684e-03
-9.4971453973923536e-03
-9.3753743826841471e-03
-9.3256658362585888e-03
-9.2553715536273992e-03
-9.1556066818691134e-03
-9.0336554622636386e-03
-8.9117191129438264e-03
-8.7897976302855202e-03
-8.6678018036757450e-03
-8.5458208582334973e-03
-8.4238993646479302e-03
-8.3019481451360646e-03
-8.2778134061805720e-03
-8.1558710935455640e-03
-8.0339109671577116e-03
-7.9119657132277494e-03
-7.7900353281298825e-03
-7.6681198082377338e-03
-7.5461060891168020e-03
-7.4241072555274353e-03
-7.3021233038376484e-03
-7.1801542304183053e-03
-7.0547460017908476e-03
-7.0953279843111528e-03
-7.1359116137957347e-03
-7.1933083448277564e-03
-7.2747675577956436e-03
-7.3897442701557365e-03
-7.5117099381916286e-03
-7.6336904836663087e-03
-7.7555979286342124e-03
-7.8775202368395452e-03
-7.9995003676541707e-03
-8.1214515871665845e-03
-8.2434028066768594e-03
-8.2741897706152499e-03
-8.3961503042846025e-03
-8.5180922096406552e-03
-8.6400489866388132e-03
-8.7620206389061074e-03
-8.8840071700732152e-03
-9.0058970876986614e-03
-9.1278018642875422e-03
-9.2497215034626230e-03
-9.3716560088490074e-03
-9.4965987708401436e-03
-9.3747007367462852e-03
-9.3249403437691159e-03
-9.2545727478454357e-03
-9.1550663914861247e-03
-9.0329818163068839e-03
-8.9109121439508443e-03
-8.7890793772813329e-03
-8.6671281577325055e-03
-8.5451918084699426e-03
-8.4232257186896541e-03
-8.3012745028220036e-03
-8.2771397602227730e-03
-8.1551974291744714e-03
-8.0332373211993748e-03
-7.9112920856777551e-03
-7.7893617189838211e-03
-7.6674462174911254e-03
-7.5454324431588286e-03
-7.4234335543718697e-03
-7.3014495474975610e-03
-7.1794804189067654e-03
-7.0556357150550458e-03
-7.0962628324831882e-03
-7.1368916005410000e-03
-7.1943521734131677e-03
-7.2756193316673200e-03
-7.3905597245472075e-03
-7.5126303379305327e-03
-7.6345815574429291e-03
-7.7565476508689767e-03
-7.8784839964481934e-03
-8.0004352123138976e-03
-8.1224013020921842e-03
-8.2443376549854470e-03
-8.2751246189217611e-03
-8.3970851525836492e-03
-8.5190270579469322e-03
-8.6409838349517688e-03
-8.7629554872270653e-03
-8.8849420184005448e-03
-9.0068319360041352e-03
-9.1287367125709711e-03
-9.2506563517242048e-03
-9.3725908570881054e-03
-9.4945402322894074e-03
-9.3728012653899132e-03
-9.3231058001845522e-03
-9.2526063182187673e-03
-9.1529134785429279e-03
-9.0310823449515718e-03
-8.9091311253900411e-03
-8.7871947761141329e-03
-8.6652286863482322e-03
-8.5432774704941421e-03
-8.4213411249257127e-03
-8.2993750278111018e-03
-8.2752402888566536e-03
-8.1532979762237584e-03
-8.0313378498332016e-03
-7.9093925959023322e-03
-7.7874622108024026e-03
-7.6655466909088558e-03
-7.5435329717944231e-03
-7.4215341382108226e-03
-7.2995501865279269e-03
-7.1775811131134983e-03
-7.0556269143404876e-03
-7.0962942451774248e-03
-7.1369632299136806e-03
-7.1944330057199862e-03
-7.2757338187438639e-03
-7.3907218159974140e-03
-7.5126994563068086e-03
-7.6346129701676231e-03
-7.7565413487461878e-03
-7.8784845956669479e-03
-8.0004427145566690e-03
-8.1224157090434863e-03
-8.2443690677238626e-03
-8.2751560316617727e-03
-8.3971165653271632e-03
-8.5190584706867287e-03
-8.6410152476883283e-03
-8.7629868999590729e-03
-8.8849734311287152e-03
-9.0068633487430678e-03
-9.1287681253209418e-03
-9.2506877644853332e-03
-9.3726222698610022e-03
-9.4945716450727819e-03
-9.3728241249048869e-03
-9.3231251684403951e-03
-9.2526291777290746e-03
-9.1529412745918401e-03
-9.0311052044593759e-03
-8.9091539849016580e-03
-8.7872176356308691e-03
-8.6652515458611051e-03
-8.5433003300044719e-03
-8.4213639844343113e-03
-8.2993978873250815e-03
-8.2752631483703383e-03
-8.1533208357350215e-03
-8.0313607093461838e-03
-7.9094154554164142e-03
-7.7874850703178646e-03
-7.6655695504262121e-03
-7.5435558313050616e-03
-7.4215569977146107e-03
-7.2995730460241465e-03
-7.1776039726040393e-03
-7.0556497738242180e-03
-7.0963181652913959e-03
-7.1369882107435549e-03
-7.1944569258378718e-03
-7.2757577388614780e-03
-7.3907457361140202e-03
-7.5127233764227799e-03
-7.6346368902860612e-03
-7.7565652688660336e-03
-7.8785085157885345e-03
-8.0004666346796503e-03
-8.1224396291676750e-03
-8.2443929878428870e-03
-8.2751799517807329e-03
