0.0000000000000000e+00
3.6587373701343939e-05
7.3170731708004156e-05
1.0975275142129264e-04
1.4633343294021648e-04
1.8291277636165446e-04
2.1951219512754031e-04
2.5611027442459593e-04
2.9270701435177624e-04
2.3926224232712831e-03
4.5125026397510853e-03
4.4759178296060543e-03
4.4609817586522965e-03
4.4398585837009891e-03
4.4099851414928729e-03
4.3733965805036164e-03
4.3368167872305536e-03
4.3002314213696760e-03
4.2636447169712008e-03
4.2270606896612902e-03
4.1904753239110941e-03
4.1538899579531535e-03
4.1466495362668492e-03
4.1100633687002159e-03
4.0734788045596639e-03
4.0368929019397558e-03
4.0003056607429508e-03
3.9637170808708936e-03
3.9271373411502077e-03
3.8905562633024145e-03
3.8539738472311764e-03
3.8173900928378289e-03
3.7701658923138177e-03
3.7823081034146933e-03
3.7944501670825674e-03
3.8117497307057300e-03
3.8362144973219160e-03
3.8706329883263484e-03
3.9071380163527274e-03
3.9438037200284709e-03
3.9803890858882973e-03
4.0169731133089838e-03
4.0535598175975825e-03
4.0901451833478620e-03
4.1267305493040800e-03
4.1359666384854638e-03
4.1725511661645769e-03
4.2091373701929414e-03
4.2457222357199101e-03
4.2823057628439071e-03
4.3188879516616778e-03
4.3554788336132230e-03
4.3920683767221429e-03
4.4286565810851882e-03
4.4652434467999562e-03
4.5046702462662761e-03
4.4681749964350015e-03
4.4532754902070742e-03
4.4322040274499715e-03
4.4022446857586404e-03
4.3656593199019860e-03
4.3290726155070366e-03
4.2924845724760441e-03
4.2559032223454746e-03
4.2193205339707881e-03
4.1827324906357072e-03
4.1461471247817927e-03
4.1389067030950053e-03
4.1023205355236909e-03
4.0657359713877766e-03
4.0291500687726573e-03
3.9925628275809099e-03
3.9559742477133959e-03
3.9193945079796918e-03
3.8828134301194684e-03
3.8462310140348322e-03
3.8096472596280359e-03
3.7712754350247260e-03
3.7834363499393395e-03
3.7955971169675346e-03
3.8127947861772435e-03
3.8372682214349143e-03
3.8717612351548427e-03
3.9083453008445729e-03
3.9449280281903002e-03
3.9815173327209441e-03
4.0181052985231239e-03
4.0546880644259150e-03
4.0912734302797522e-03
4.1278587961330031e-03
4.1370948853141276e-03
4.1736794129937204e-03
4.2102656170217110e-03
4.2468504825479972e-03
4.2834340096711155e-03
4.3200161984885523e-03
4.3566070804418591e-03
4.3931966235499619e-03
4.4297848279134158e-03
4.4663716936288074e-03
4.5043969428861640e-03
4.4678381734677393e-03
4.4529127341435704e-03
4.4318045951292195e-03
4.4019524180310366e-03
4.3653224969290349e-03
4.3286912340272220e-03
4.2921517652165647e-03
4.2555663993624031e-03
4.2189796949713854e-03
4.1823956676540902e-03
4.1458103018971824e-03
4.1385698801130926e-03
4.1019837120512643e-03
4.0653991484067122e-03
4.0288132462824571e-03
3.9922260055813563e-03
3.9556374262046268e-03
3.9190576849973844e-03
3.8824766056632445e-03
3.8458941881050162e-03
3.8093104322244825e-03
3.7717202950608292e-03
3.7839037740189036e-03
3.7960871045403105e-03
3.8133166824116556e-03
3.8376824783540008e-03
3.8721399039699173e-03
3.9088140251526300e-03
3.9453993910106341e-03
3.9819834184278190e-03
4.0185701227224866e-03
4.0551554884783398e-03
4.0917395157946011e-03
4.1283262202831215e-03
4.1375623094636917e-03
4.1741468371382833e-03
4.2107330411717808e-03
4.2473179067034263e-03
4.2839014338318191e-03
4.3204836226545208e-03
4.3570745045922715e-03
4.3936640476864627e-03
4.4302522520341409e-03
4.4668391177341230e-03
4.5034246448851468e-03
4.4668884377920184e-03
4.4519722099723930e-03
4.4308299532364211e-03
4.4009295239326651e-03
4.3643727612518350e-03
4.3277873953906148e-03
4.2912006909920702e-03
4.2546166636804952e-03
4.2180312979292096e-03
4.1814445936397800e-03
4.1448605661200391e-03
4.1376201444333132e-03
4.1010339768617300e-03
4.0644494127262112e-03
4.0278635101115489e-03
3.9912762689201268e-03
3.9546876890534498e-03
3.9181079493176415e-03
3.8815268714553317e-03
3.8449444553684091e-03
3.8083607009603347e-03
3.7717756081319786e-03
3.7839194803663905e-03
3.7960632051295472e-03
3.8133611080686139e-03
3.8377513519646427e-03
3.8722433501726774e-03
3.9088263388263583e-03
3.9454150973886994e-03
3.9820025172627345e-03
4.0185885985464668e-03
4.0551733413374588e-03
4.0917567457342142e-03
4.1283419266541334e-03
4.1375780158350176e-03
4.1741625435120005e-03
4.2107487475426617e-03
4.2473336130713114e-03
4.2839171401964082e-03
4.3204993290163335e-03
4.3570902109633207e-03
4.3936797540665698e-03
4.4302679584236693e-03
4.4668548241334040e-03
4.5034403512931925e-03
4.4668998675509389e-03
4.4519818937072617e-03
4.4308413829947215e-03
4.4009434230673095e-03
4.3643841910105136e-03
4.3277988251501894e-03
4.2912121207518850e-03
4.2546280934405000e-03
4.2180427276884720e-03
4.1814560233985375e-03
4.1448719958795781e-03
4.1376315741925799e-03
4.1010454066206263e-03
4.0644608424856982e-03
4.0278749398706126e-03
3.9912876986793900e-03
3.9546991188126879e-03
3.9181193790766133e-03
3.8815383012146946e-03
3.8449558851292079e-03
3.8083721307212528e-03
3.7717870378927631e-03
3.7839314404280733e-03
3.7960756954789425e-03
3.8133730681336889e-03
3.8377633120295104e-03
3.8722553102376713e-03
3.9088382988906782e-03
3.9454270574541704e-03
3.9820144773291440e-03
4.0186005586138589e-03
4.0551853014064495e-03
4.0917687058042674e-03
4.1283538867196148e-03
4.1375899759002526e-03
