0.0000000000000000e+00
0.0000000000000000e+00
0.0000000000000000e+00
0.0000000000000000e+00
0.0000000000000000e+00
0.0000000000000000e+00
0.0000000000000000e+00
0.0000000000000000e+00
0.0000000000000000e+00
4.1267154004010704e-03
8.2932990725274464e-03
8.2932990725274464e-03
8.2932990725274464e-03
8.2932990725274464e-03
8.2932990725274464e-03
8.2932990725274464e-03
8.2932990725274464e-03
8.2932990725274464e-03
8.2932990725274464e-03
8.2932990725274464e-03
8.2932990725274464e-03
8.2932990725274464e-03
8.2932990725274464e-03
8.2932990725274464e-03
8.2932990725274464e-03
8.2932990725274464e-03
8.2932990725274464e-03
8.2932990725274464e-03
8.2932990725274464e-03
8.2932990725274464e-03
8.2932990725274464e-03
8.2932990725274464e-03
8.3146648680910290e-03
8.3146648680910290e-03
8.3146648680910290e-03
8.3146648680910290e-03
8.3146648680910290e-03
8.3146648680910290e-03
8.3146648680910290e-03
8.3146648680910290e-03
8.3146648680910290e-03
8.3146648680910290e-03
8.3146648680910290e-03
8.3146648680910290e-03
8.3146648680910290e-03
8.3146648680910290e-03
8.3146648680910290e-03
8.3146648680910290e-03
8.3146648680910290e-03
8.3146648680910290e-03
8.3146648680910290e-03
8.3146648680910290e-03
8.3146648680910290e-03
8.3146648680910290e-03
8.3146648680910290e-03
8.3205449973088267e-03
8.3205449973088267e-03
8.3205449973088267e-03
8.3205449973088267e-03
8.3205449973088267e-03
8.3205449973088267e-03
8.3205449973088267e-03
8.3205449973088267e-03
8.3205449973088267e-03
8.3205449973088267e-03
8.3205449973088267e-03
8.3205449973088267e-03
8.3205449973088267e-03
8.3205449973088267e-03
8.3205449973088267e-03
8.3205449973088267e-03
8.3205449973088267e-03
8.3205449973088267e-03
8.3205449973088267e-03
8.3205449973088267e-03
8.3205449973088267e-03
8.3205449973088267e-03
8.3241686328726795e-03
8.3241686328726795e-03
8.3241686328726795e-03
8.3241686328726795e-03
8.3241686328726795e-03
8.3241686328726795e-03
8.3241686328726795e-03
8.3241686328726795e-03
8.3241686328726795e-03
8.3241686328726795e-03
8.3241686328726795e-03
8.3241686328726795e-03
8.3241686328726795e-03
8.3241686328726795e-03
8.3241686328726795e-03
8.3241686328726795e-03
8.3241686328726795e-03
8.3241686328726795e-03
8.3241686328726795e-03
8.3241686328726795e-03
8.3241686328726795e-03
8.3241686328726795e-03
8.3241686328726795e-03
8.3271186224785389e-03
8.3271186224785389e-03
8.3271186224785389e-03
8.3271186224785389e-03
8.3271186224785389e-03
8.3271186224785389e-03
8.3271186224785389e-03
8.3271186224785389e-03
8.3271186224785389e-03
8.3271186224785389e-03
8.3271186224785389e-03
8.3271186224785389e-03
8.3271186224785389e-03
8.3271186224785389e-03
8.3271186224785389e-03
8.3271186224785389e-03
8.3271186224785389e-03
8.3271186224785389e-03
8.3271186224785389e-03
8.3271186224785389e-03
8.3271186224785389e-03
8.3271186224785389e-03
8.3291337637797901e-03
8.3291337637797901e-03
8.3291337637797901e-03
8.3291337637797901e-03
8.3291337637797901e-03
8.3291337637797901e-03
8.3291337637797901e-03
8.3291337637797901e-03
8.3291337637797901e-03
8.3291337637797901e-03
8.3291337637797901e-03
8.3291337637797901e-03
8.3291337637797901e-03
8.3291337637797901e-03
8.3291337637797901e-03
8.3291337637797901e-03
8.3291337637797901e-03
8.3291337637797901e-03
8.3291337637797901e-03
8.3291337637797901e-03
8.3291337637797901e-03
8.3291337637797901e-03
8.3291337637797901e-03
8.3292494337029108e-03
8.3292494337029108e-03
8.3292494337029108e-03
8.3292494337029108e-03
8.3292494337029108e-03
8.3292494337029108e-03
8.3292494337029108e-03
8.3292494337029108e-03
8.3292494337029108e-03
8.3292494337029108e-03
8.3292494337029108e-03
8.3292494337029108e-03
8.3292494337029108e-03
8.3292494337029108e-03
8.3292494337029108e-03
8.3292494337029108e-03
8.3292494337029108e-03
8.3292494337029108e-03
8.3292494337029108e-03
8.3292494337029108e-03
8.3292494337029108e-03
8.3292494337029108e-03
8.3293336908725844e-03
8.3293336908725844e-03
8.3293336908725844e-03
8.3293336908725844e-03
8.3293336908725844e-03
8.3293336908725844e-03
8.3293336908725844e-03
8.3293336908725844e-03
8.3293336908725844e-03
8.3293336908725844e-03
8.3293336908725844e-03
8.3293336908725844e-03
8.3293336908725844e-03
8.3293336908725844e-03
8.3293336908725844e-03
8.3293336908725844e-03
8.3293336908725844e-03
8.3293336908725844e-03
8.3293336908725844e-03
8.3293336908725844e-03
8.3293336908725844e-03
8.3293336908725844e-03
8.3293336908725844e-03
8.3294408075780674e-03
8.3294408075780674e-03
8.3294408075780674e-03
8.3294408075780674e-03
8.3294408075780674e-03
8.3294408075780674e-03
8.3294408075780674e-03
8.3294408075780674e-03
8.3294408075780674e-03
8.3294408075780674e-03
8.3294408075780674e-03
8.3294408075780674e-03
8.3294408075780674e-03
8.3294408075780674e-03
8.3294408075780674e-03
8.3294408075780674e-03
8.3294408075780674e-03
8.3294408075780674e-03
8.3294408075780674e-03
8.3294408075780674e-03
8.3294408075780674e-03
8.3294408075780674e-03
8.3295240041686581e-03
8.3295240041686581e-03
8.3295240041686581e-03
8.3295240041686581e-03
8.3295240041686581e-03
8.3295240041686581e-03
8.3295240041686581e-03
8.3295240041686581e-03
8.3295240041686581e-03
8.3295240041686581e-03
8.3295240041686581e-03
8.3295240041686581e-03
8.3295240041686581e-03
8.3295240041686581e-03
