0.0000000000000000e+00
-1.1435251150976292e-03
-1.3928898656282293e-10
-1.1427256811894057e-03
-4.5720921221352670e-03
-1.0288490004282107e-02
1.6567686330585617e-09
8.0024653238992983e-03
1.3718511418469885e-02
-1.6136007598595342e-03
-1.2924797638220458e-04
1.5311629187555988e-07
-6.0427014642738049e-04
-2.1095102576988885e-03
-5.5390203994630334e-03
-1.1815210868575511e-02
2.4085979786525880e-09
6.9706010018234690e-10
-2.2863908012540879e-03
6.4337040717171003e-10
-3.8830714808883469e-07
5.7761447344618921e-10
5.6724052033840418e-10
-1.3694695741608646e-03
6.2915174635281870e-10
-9.1715333696822912e-04
-4.1205406919449577e-03
-9.6097716448930552e-03
1.4369281163835931e-09
7.3217434590624759e-03
1.2355845613922134e-02
1.5102698689393925e-02
8.3351195293948216e-03
2.5519119796306026e-07
-8.5871571438528062e-03
-9.3092684414129152e-09
1.1272919049288344e-02
-1.9836644992236235e-08
-1.4171401782347258e-02
-1.2935184826330237e-08
-3.2950476681210355e-09
-2.2867740793842926e-03
8.1950258371957213e-10
3.8534308915805038e-07
5.6219393135245264e-10
5.4492593145155956e-10
-1.4320117000248516e-03
5.5173843896973991e-10
-8.5452320251033483e-04
-3.9959734818990345e-03
-9.4247408576188536e-03
1.7555366185801364e-09
7.1395733495952136e-03
1.1993583278065871e-02
1.4561641755116055e-02
-1.4213671121809868e-02
1.5400079697655858e-07
5.1479010744172604e-03
1.1779663784968607e-02
-1.6030088082899667e-08
-6.2414944208986395e-09
-2.2863865906451075e-03
-6.8587671475954272e-03
1.7143314556643335e-09
4.5712092528339037e-03
1.1262216215629158e-09
9.6115461999238770e-10
9.0103412905787306e-10
-1.3694702330343195e-03
7.7354106461583725e-10
-9.1715202166128839e-04
-4.1205383680116272e-03
-9.6097682913777096e-03
2.3415825056172587e-09
7.3217419428000495e-03
1.2355841499836508e-02
1.5102691557079179e-02
5.3932193255448162e-03
2.0486660494131592e-07
-5.6458960747302212e-03
-1.4062762480225054e-02
-1.1706884492019373e-08
-7.0820181004701787e-09
-2.2213874182596227e-03
-6.7299275100878280e-03
1.8526627423239502e-09
4.4442995885158078e-03
1.2079087215277192e-09
1.2987455153552487e-09
1.3190658700801270e-09
1.1661358202578924e-09
-1.4320111863593561e-03
1.2317741792985138e-09
-8.5452253243780741e-04
-3.9959727844982862e-03
-9.4247402779143608e-03
2.3202856366814445e-09
7.1395729585377243e-03
1.1993582650713541e-02
1.4561640579327300e-02
-4.1947782332220863e-03
1.5649274751805208e-07
1.0561307695266082e-03
1.8996912326094929e-03
1.7931739387728220e-03
-3.7860129178198129e-09
-4.0847057781133369e-03
-5.7054149696939135e-09
-1.5207778764184195e-09
-2.2863871885223631e-03
2.0277838833020298e-10
-3.9269017897194968e-07
-5.3801397776028005e-11
-1.3674865302054596e-03
1.2825593485877165e-10
-9.1913657899241811e-04
-4.1245063217673159e-03
-9.6157190140327264e-03
1.5812200696950751e-09
7.3276893968451566e-03
1.2367735699934403e-02
1.5120531054081999e-02
1.8358372835957559e-03
1.9209545995259075e-07
-2.0891899397394637e-03
-5.4772053573637798e-03
-1.1135021750923915e-02
-2.0869465897329811e-02
-5.0747113343507931e-09
-3.4349408541990839e-09
-2.2867824465674256e-03
6.5637871855987292e-10
3.9316688761491829e-07
-2.2859945054690160e-03
4.0891036641298316e-10
2.9927984069874245e-10
-1.4320129979822885e-03
4.7507258766584412e-10
-8.5452224473053762e-04
-3.9959714844010393e-03
-9.4247379598500578e-03
1.6058529819798355e-09
7.1395698930547223e-03
1.1993576486125642e-02
1.4561631649195708e-02
5.7232166206534051e-03
1.5911920876151846e-07
-2.9913656495609629e-03
-1.3977855022249650e-10
2.9262166983568170e-03
-1.9865800488796012e-09
8.2686446685602787e-10
-2.2863860972638958e-03
1.7317994647343443e-09
-3.9060013043825946e-07
-2.2871730323565992e-03
1.9885124507087086e-09
1.7521426509167090e-09
-1.3694696254659263e-03
1.8452502183961745e-09
-9.1715089051015741e-04
-4.1205369402785999e-03
-9.6097665895863802e-03
2.9230769696475555e-09
7.3217414704207845e-03
1.2355839891757470e-02
1.5102689310953630e-02
2.2206033792263109e-02
1.8716876482177042e-07
-2.2459402565572356e-02
5.5816344229543489e-09
1.1405077179558357e-09
-1.7349957669404912e-03
-5.7969286558112358e-03
-2.0143255339985519e-12
3.5111376718000280e-03
4.7360945851668453e-03
3.6744800708280326e-03
3.2590404072741072e-04
-5.1713168234359137e-10
-6.5761825661040943e-10
-1.4320131974931158e-03
-5.0319055359349909e-10
-8.5452412708206260e-04
-3.9959741581486940e-03
-9.4247412982939368e-03
9.8238754802971100e-10
7.1395716638274209e-03
1.1993580804374486e-02
1.4561638359704745e-02
6.3976141875970640e-03
1.5769438552742804e-07
-3.2667956052815257e-03
-1.4794239051041418e-09
3.3158794923558188e-03
-2.8673834468175288e-09
-7.5250930910573362e-11
-2.2863875161859152e-03
9.1448799107439042e-10
-3.9138487003207104e-07
-2.2871738347777773e-03
8.6440564027872619e-10
5.8722718193392035e-10
-1.3694705534282158e-03
8.3645190474749107e-10
-9.1715191874872234e-04
-4.1205380569116620e-03
-9.6097677098090327e-03
2.3662024204275746e-09
7.3217415703716203e-03
1.2355841141123978e-02
1.5102690964865027e-02
2.2122413378229420e-02
1.8881356695011662e-07
-2.2375794207368085e-02
8.1594009535516191e-09
3.7407854078137520e-09
-1.7349931262623370e-03
-5.7969259307949217e-03
2.6555819920843930e-09
3.5111405626345464e-03
4.7360973327399527e-03
3.6744831949184079e-03
3.2590716780309727e-04
2.1265289261621964e-09
1.9343343371300296e-09
