0.0000000000000000e+00
-2.5004040254486299e+01
-5.0000000000581849e+01
-7.5000379830981032e+01
-1.0000518072381935e+02
-1.2501440365684152e+02
-1.4999999999954173e+02
-1.7499001510400183e+02
-1.9998444994679846e+02
-2.2500132583275735e+02
-2.4999992229405080e+02
-2.2500000009217666e+02
-2.1479509526122007e+02
-2.0036443793810668e+02
-1.7995892128611524e+02
-1.5497138238771879e+02
-1.2994762148700127e+02
-1.0494762148591995e+02
-7.9952041727170524e+01
-5.4947621485368110e+01
-2.9947622463820061e+01
-4.9476214851423368e+00
4.3468478683108780e-10
2.4997352407172620e+01
5.0000000000392852e+01
7.4998226764728415e+01
9.9992033678949312e+01
1.2498142171958482e+02
1.4999999999890431e+02
1.7501415392572767e+02
2.0002388447920470e+02
2.2502919263796997e+02
2.4998329182807970e+02
2.4166666622591222e+02
2.3334955209071018e+02
2.2154822029324751e+02
2.0485693327170375e+02
1.8131132756137094e+02
1.5633315851878822e+02
1.3131132758108080e+02
1.0631132759930193e+02
8.1306906396835615e+01
5.6311327607736224e+01
3.1311328575778859e+01
6.3113276077914779e+00
4.8266599135779317e-10
-2.5002768608953915e+01
-4.9999999999655230e+01
-7.5001651998453198e+01
-1.0000772558356192e+02
-1.2501822173308418e+02
-1.5000000000068533e+02
-1.7498619545827552e+02
-1.9997680908310178e+02
-2.2497184185195647e+02
-2.4997158640112823e+02
-2.2500000009088512e+02
-2.1480665942540520e+02
-2.0039235242840675e+02
-1.7994762152576945e+02
-1.5494762150079464e+02
-1.2995204171848809e+02
-1.0496088120188556e+02
-7.9947621485562792e+01
-5.4938784945358108e+01
-2.9947621485224829e+01
-4.9476214853808820e+00
4.6597147702359278e-10
2.4997352408028693e+01
5.0000000000089948e+01
7.4998226763994793e+01
9.9992033677204745e+01
1.2498142171709284e+02
1.4999999999948685e+02
1.7501415392919179e+02
2.0002388448544653e+02
2.2502919264656293e+02
2.4998920854085873e+02
2.4166666631548478e+02
2.3334363461058140e+02
2.2157225462915639e+02
2.0488155362123024e+02
1.8131132759017012e+02
1.5630703281460404e+02
1.3129831586825361e+02
1.0631132760744110e+02
8.1319921003989464e+01
5.6311327607888401e+01
3.1311327607918713e+01
6.3113276083109033e+00
8.4080080131337099e-10
-2.5002768608837709e+01
-4.9999999999280178e+01
-7.5001651998068525e+01
-1.0000772558296299e+02
-1.2501822173266514e+02
-1.5000000000054922e+02
-1.7498619545907115e+02
-1.9997680908433759e+02
-2.2497184185397970e+02
-2.4999161404366498e+02
-2.2500000009352908e+02
-2.1479848594867133e+02
-2.0037262264800495e+02
-1.7997388350470476e+02
-1.5494762149966016e+02
-1.2992578948787514e+02
-1.0494762150055837e+02
-7.9947621490540072e+01
-5.4952041723116558e+01
-2.9947621485758788e+01
-4.9476224686535915e+00
-1.8687227323525959e-10
2.4997357373005492e+01
4.9999999999705771e+01
7.4998221799433736e+01
9.9992023749658514e+01
1.2498140682790383e+02
1.4999999999896636e+02
1.7501416881362263e+02
2.0002391425123531e+02
2.2502923729015544e+02
2.4999632679485023e+02
2.4166666633492028e+02
2.3333651525385096e+02
2.2155506500580191e+02
2.0489190287381817e+02
1.8132328166683081e+02
1.5631132759995575e+02
1.3131132760090529e+02
1.0630690638121447e+02
8.1311327607302516e+01
5.6311328590263955e+01
3.1306908353051440e+01
6.3113276070219753e+00
-1.0288502498923781e-11
-2.5002768608649856e+01
-5.0000000000053056e+01
-7.5001651999657440e+01
-1.0000772558563382e+02
-1.2501822173613793e+02
-1.5000000000112973e+02
-1.7498619545630356e+02
-1.9997680907874570e+02
-2.2497184184519614e+02
-2.4995305447624668e+02
-2.2500000009646038e+02
-2.1481422464425506e+02
-2.0036003602188083e+02
-1.7992124815827890e+02
-1.5494762150325028e+02
-1.2994762149150407e+02
-1.0495204172207055e+02
-7.9947621487380246e+01
-5.4947622472730970e+01
-2.9952043700640893e+01
-4.9476214871673427e+00
-1.6352549931718474e-09
2.4997352405363586e+01
4.9999999998193019e+01
7.4998226762251676e+01
9.9992033676042041e+01
1.2498142171628754e+02
1.4999999999677203e+02
1.7501415392486012e+02
2.0002388447929280e+02
2.2502919263923451e+02
2.5001679267495990e+02
2.4166666634400008e+02
2.3331604871786539e+02
2.2154822032382557e+02
2.0488155365124271e+02
1.8130797321614341e+02
1.5630011979295151e+02
1.3131132760871049e+02
1.0631811668267621e+02
8.1320486038140416e+01
5.6318434697046285e+01
3.1311961681684508e+01
6.3113276094027562e+00
2.0350011638474965e-09
-2.5002768606832909e+01
-4.9999999997945373e+01
-7.5001651997507750e+01
-1.0000772558305141e+02
-1.2501822173314943e+02
-1.4999999999864110e+02
-1.7498619545459601e+02
-1.9997680907768699e+02
-2.2497184184511758e+02
-2.4995440325331293e+02
-2.2500000009319592e+02
-2.1481367419017397e+02
-2.0036003601773743e+02
-1.7992202634575432e+02
-1.5494762149828119e+02
-1.2994762148724823e+02
-1.0495204171922663e+02
-7.9947621483362838e+01
-5.4947622468148538e+01
-2.9952043695735640e+01
-4.9476214835087529e+00
2.0352738256930819e-09
2.4997352409693192e+01
5.0000000002130214e+01
7.4998226766035103e+01
9.9992033679446706e+01
1.2498142171937086e+02
1.5000000000152647e+02
1.7501415393131219e+02
2.0002388448787713e+02
2.2502919264911026e+02
2.5001695993159564e+02
2.4166666634508169e+02
2.3331588143650714e+02
2.2154822032461533e+02
2.0488155365210861e+02
1.8130797321720971e+02
1.5630011979423733e+02
1.3131132760940233e+02
1.0631811668325204e+02
8.1320486038135357e+01
5.6318434696966804e+01
3.1311961681233768e+01
6.3113276100290898e+00
2.6461588210574115e-09
