0.0000000000000000e+00
0.0000000000000000e+00
0.0000000000000000e+00
0.0000000000000000e+00
0.0000000000000000e+00
0.0000000000000000e+00
0.0000000000000000e+00
5.6666666611579421e-04
1.5999999997430619e-03
2.6333333208514208e-03
3.6666666541842899e-03
3.6666666541842899e-03
3.6666666541842899e-03
3.6666666541842899e-03
3.6666666541842899e-03
3.6666666541842899e-03
3.6666666541842899e-03
3.6666666541842899e-03
3.6666666541842899e-03
3.6666666541842899e-03
3.6666666541842899e-03
3.6666666541842899e-03
3.6666666541842899e-03
3.6666666541842899e-03
3.6666666541842899e-03
3.6666666541842899e-03
3.6666666541842899e-03
3.6666666541842899e-03
3.6666666541842899e-03
3.6666666541842899e-03
3.6666666541842899e-03
3.6666666541842899e-03
3.6666666541842899e-03
3.6666666541842899e-03
3.6666666541842899e-03
3.6666666541842899e-03
3.6666666541842899e-03
3.6666666541842899e-03
3.6666666541842899e-03
3.6666666541842899e-03
3.6666666541842899e-03
3.6666666541842899e-03
3.6666666541842899e-03
3.6666666541842899e-03
3.6666666541842899e-03
3.6666666541842899e-03
3.6666666541842899e-03
3.6666666541842899e-03
3.6666666541842899e-03
3.6666666541842899e-03
3.6667035498622940e-03
3.6667035498622940e-03
3.6667035498622940e-03
3.6667035498622940e-03
3.6667035498622940e-03
3.6667035498622940e-03
3.6667035498622940e-03
3.6667035498622940e-03
3.6667035498622940e-03
3.6667035498622940e-03
3.6667035498622940e-03
3.6667035498622940e-03
3.6667035498622940e-03
3.6667035498622940e-03
3.6667035498622940e-03
3.6667035498622940e-03
3.6667035498622940e-03
3.6667035498622940e-03
3.6667035498622940e-03
3.6667035498622940e-03
3.6667035498622940e-03
3.6667035498622940e-03
3.6667035498622940e-03
3.6667035498622940e-03
3.6667035498622940e-03
3.6667035498622940e-03
3.6667035498622940e-03
3.6667035498622940e-03
3.6667035498622940e-03
3.6667035498622940e-03
3.6667035498622940e-03
3.6667035498622940e-03
3.6667035498622940e-03
3.6667035498622940e-03
3.6667035498622940e-03
3.6667035498622940e-03
3.6667035498622940e-03
3.6667035498622940e-03
3.6667035498622940e-03
3.6667035498622940e-03
3.6667362927834406e-03
3.6667362927834406e-03
3.6667362927834406e-03
3.6667362927834406e-03
3.6667362927834406e-03
3.6667362927834406e-03
3.6667362927834406e-03
3.6667362927834406e-03
3.6667362927834406e-03
3.6667362927834406e-03
3.6667362927834406e-03
3.6667362927834406e-03
3.6667362927834406e-03
3.6667362927834406e-03
3.6667362927834406e-03
3.6667362927834406e-03
3.6667362927834406e-03
3.6667362927834406e-03
3.6667362927834406e-03
3.6667362927834406e-03
3.6667362927834406e-03
3.6667362927834406e-03
3.6667362927834406e-03
3.6667362927834406e-03
3.6667362927834406e-03
3.6667362927834406e-03
3.6667362927834406e-03
3.6667362927834406e-03
3.6667362927834406e-03
3.6667362927834406e-03
3.6667362927834406e-03
3.6667362927834406e-03
3.6667362927834406e-03
3.6667362927834406e-03
3.6667362927834406e-03
3.6667362927834406e-03
3.6667362927834406e-03
3.6667362927834406e-03
3.6667362927834406e-03
3.6667362927834406e-03
3.6667653503574984e-03
3.6667653503574984e-03
3.6667653503574984e-03
3.6667653503574984e-03
3.6667653503574984e-03
3.6667653503574984e-03
3.6667653503574984e-03
3.6667653503574984e-03
3.6667653503574984e-03
3.6667653503574984e-03
3.6667653503574984e-03
3.6667653503574984e-03
3.6667653503574984e-03
3.6667653503574984e-03
3.6667653503574984e-03
3.6667653503574984e-03
3.6667653503574984e-03
3.6667653503574984e-03
3.6667653503574984e-03
3.6667653503574984e-03
3.6667653503574984e-03
3.6667653503574984e-03
3.6667653503574984e-03
3.6667653503574984e-03
3.6667653503574984e-03
3.6667653503574984e-03
3.6667653503574984e-03
3.6667653503574984e-03
3.6667653503574984e-03
3.6667653503574984e-03
3.6667653503574984e-03
3.6667653503574984e-03
3.6667653503574984e-03
3.6667653503574984e-03
3.6667653503574984e-03
3.6667653503574984e-03
3.6667653503574984e-03
3.6667653503574984e-03
3.6667653503574984e-03
3.6667653503574984e-03
3.6667911373764487e-03
3.6667911373764487e-03
3.6667911373764487e-03
3.6667911373764487e-03
3.6667911373764487e-03
3.6667911373764487e-03
3.6667911373764487e-03
3.6667911373764487e-03
3.6667911373764487e-03
3.6667911373764487e-03
3.6667911373764487e-03
3.6667911373764487e-03
3.6667911373764487e-03
3.6667911373764487e-03
3.6667911373764487e-03
3.6667911373764487e-03
3.6667911373764487e-03
3.6667911373764487e-03
3.6667911373764487e-03
3.6667911373764487e-03
3.6667911373764487e-03
3.6667911373764487e-03
3.6667911373764487e-03
3.6667911373764487e-03
3.6667911373764487e-03
3.6667911373764487e-03
3.6667911373764487e-03
3.6667911373764487e-03
3.6667911373764487e-03
3.6667911373764487e-03
3.6667911373764487e-03
