0.0000000000000000e+00
-8.4137424252678324e-11
-3.5154815465318649e-03
7.1075385414839425e-10
-7.4315737147429121e-07
-3.5169681667985577e-03
-1.0547930442770918e-02
3.3831205570208100e-09
1.7746450541332637e-09
4.0670757053995724e-07
4.0668728029009918e-07
1.1186356878732059e-07
-3.5164089255194028e-03
-1.0549900275104102e-02
2.2875554819430063e-09
7.0359125575994701e-03
5.4050718712603905e-10
6.3014546571538426e-10
-3.5162251792433489e-03
6.3613081622280659e-10
6.7280482896879904e-11
2.8779335974951873e-11
-3.5162256969859047e-03
4.4913068185647072e-10
7.4547717646907997e-07
-3.5147354739747546e-03
-1.0547186537924868e-02
1.9490720781712570e-09
7.0331973301172397e-03
1.0551656093800349e-02
1.0554634268843954e-02
1.0858862432643237e-07
-1.4067664528472048e-02
4.1764239213908972e-09
1.0549212150623696e-02
1.2747455186935665e-09
6.7396363822753486e-10
-3.5154815809946582e-03
2.3203779393622914e-11
-7.4407286751484350e-07
-5.9892927741757937e-10
-3.5438311590271171e-10
-3.5154819170222728e-03
1.8072005453692874e-10
-7.4342820459683242e-07
-3.5169682693886794e-03
-1.0547930542228278e-02
1.7612976252783800e-09
7.0302191297143130e-03
1.0543466661058435e-02
1.3449571948996967e-02
1.0974821545723505e-07
-1.6965829919502615e-02
5.1081303472613451e-09
1.3450610408917174e-02
1.3806498280632584e-09
8.3021306872070025e-10
-3.5162253771926868e-03
4.8450679469354024e-10
7.4505620954928005e-07
3.2110130406469368e-10
4.0761924030921460e-10
-3.5162253686022442e-03
7.8528389140731077e-10
7.4588943826625257e-07
-3.5147350530492782e-03
-1.0547185897369880e-02
2.6928134689356438e-09
7.0331982589637706e-03
1.0551656942869598e-02
1.0554635222541344e-02
1.0906216854988696e-07
-1.4067664531746203e-02
4.8774434056267757e-09
1.0549213672055805e-02
2.0809554826398927e-09
1.5333190478049083e-09
-3.5154808597316640e-03
8.3554944554773138e-10
-7.4302142579394296e-07
6.7251060246768881e-10
5.7214040659604819e-10
-3.5154808875353474e-03
1.3357519734051051e-09
-7.4241232134490058e-07
-3.5169674787123902e-03
-1.0547929808213993e-02
2.5565875601327716e-09
7.0302202953200421e-03
1.0543468713845943e-02
1.3122145503335786e-02
1.1086909219613237e-07
-1.6638624011305274e-02
6.3213104189881416e-09
1.3123629282271005e-02
2.5263716370003454e-09
2.0493700882400985e-09
-3.5162245476524270e-03
1.2957021978063100e-09
7.4586402810215671e-07
1.0016406145150122e-09
1.1613881030632050e-09
-3.5162245462963212e-03
1.7220283521424577e-09
7.4663553269221482e-07
-3.5147339877106194e-03
-1.0547184574184283e-02
3.4445129971057089e-09
7.0331981148436164e-03
1.0551656599595489e-02
1.0554634557108117e-02
1.1022777332171795e-07
-1.4067661173096956e-02
6.3191609661378506e-09
1.0549212820756692e-02
3.0310179976398758e-09
2.8596924271152655e-09
-3.5154789656823742e-03
2.5840875118084387e-09
-7.4129862856497182e-07
2.1295553833177734e-09
2.4191463740873484e-09
-3.5154790333201836e-03
2.8925178174017220e-09
-7.4076312834384258e-07
-3.5169656290525127e-03
-1.0547927874578800e-02
4.8286602588809599e-09
7.0302225708000435e-03
1.0543470895482047e-02
1.2831572188815598e-02
1.1327707063577693e-07
-1.6348243730891415e-02
8.3112909806642769e-09
1.2833451281876969e-02
4.7453590863057958e-09
4.3584070774859097e-09
-3.5162220836145019e-03
3.5607331770415621e-09
7.4821965836781563e-07
2.9779730501644087e-09
2.8705883727720263e-09
-3.5162231532046197e-03
3.0982770263460868e-09
7.4822185667203347e-07
-3.5147321357354346e-03
-1.0547183164537472e-02
4.8237437718566712e-09
7.0331997172721969e-03
1.0551658217202591e-02
1.0554635829259178e-02
1.1168926716679150e-07
-1.4067659577107112e-02
7.5064187624321936e-09
1.0549213976483765e-02
4.6820374199903304e-09
4.0768208105317378e-09
-3.5154780514947523e-03
3.7085598148746974e-09
-7.4000339728051354e-07
3.3626886751022665e-09
3.2583772388507936e-09
-3.5154784422591050e-03
3.3689371878535513e-09
-7.4048393162384304e-07
-3.5169652905137744e-03
-1.0547927582805389e-02
4.9565700180465146e-09
7.0302227943536827e-03
1.0543470745956121e-02
1.2573701145900607e-02
1.1300703160078702e-07
-1.6090548930387128e-02
8.2081363903663637e-09
1.2575931388385109e-02
4.2977504238754042e-09
3.6155624239647183e-09
-3.5162227207664251e-03
3.2111254781756928e-09
7.4775157056981096e-07
2.7770266025400397e-09
2.7025933789388394e-09
-3.5162232550849052e-03
3.0746117411957887e-09
7.4809643556923512e-07
-3.5147326935257256e-03
-1.0547183722474426e-02
4.8182778185587878e-09
7.0332001330220481e-03
1.0551658741256433e-02
1.0554636600936990e-02
1.1107255553931535e-07
-1.4067661656731959e-02
6.7029407721737334e-09
1.0549214421382177e-02
3.7948982008495939e-09
3.1467541825094229e-09
-3.5154790525719769e-03
2.6228440521601053e-09
-7.4135345977527428e-07
2.0300611489762241e-09
