0.0000000000000000e+00
3.0999999999761744e+01
6.1993203614713394e+01
9.2999999999878838e+01
1.2399999813580457e+02
1.5499319988735854e+02
1.8597960711791242e+02
2.1699999998681716e+02
2.4799999999402581e+02
2.7900000003223533e+02
3.1000000003217917e+02
2.7899999980533005e+02
2.4799320132893746e+02
2.1697960273797855e+02
1.8599999999855669e+02
1.5501360460454202e+02
1.2399999999958341e+02
9.2999999999715428e+01
6.1993201750363113e+01
3.0999999999674142e+01
-2.7907126977825106e-11
-3.1000000000173820e+01
-6.2006798249628275e+01
-9.3000000000542627e+01
-1.2399999813575880e+02
-1.5500679452015689e+02
-1.8602039101837184e+02
-2.1700000000159361e+02
-2.4798640164153517e+02
-2.7897959780072398e+02
-3.0997959034273936e+02
-2.7900000018579510e+02
-2.4802720081803932e+02
-2.1700000000401405e+02
-1.8597960303673830e+02
-1.5500000000119138e+02
-1.2400000000090498e+02
-9.3006796385731519e+01
-6.2000000000836046e+01
-3.1000001864731516e+01
-5.7949129660602959e-10
3.0999999999652179e+01
6.1993203614660267e+01
9.2999999999515950e+01
1.2399999813551644e+02
1.5499319988702584e+02
1.8597960711758020e+02
2.1699999999837286e+02
2.4801359090055655e+02
2.7902038169025815e+02
3.1001455606847514e+02
2.7899999980955323e+02
2.4797864318779722e+02
2.1700000000285030e+02
1.8601456254699991e+02
1.5500000000187944e+02
1.2400000000077969e+02
9.2993201750634015e+01
6.1999999999891415e+01
3.1000001864821698e+01
5.7340497292878735e-10
-3.0999999999402849e+01
-6.2006798248740452e+01
-9.2999999999702169e+01
-1.2399999813495745e+02
-1.5500679451952641e+02
-1.8602039101764575e+02
-2.1700000000056758e+02
-2.4798640164005775e+02
-2.7897959779915175e+02
-3.0997959034074762e+02
-2.7900000018496888e+02
-2.4802720081843401e+02
-2.1700000000290072e+02
-1.8597960303396377e+02
-1.5499999999999238e+02
-1.2399999999962107e+02
-9.3006796384639543e+01
-6.1999999999837009e+01
-3.1000001863593305e+01
9.0949893104961424e-10
3.1000000000680295e+01
6.1993203615715075e+01
9.3000000000542400e+01
1.2399999813620938e+02
1.5499319988751972e+02
1.8597960711799089e+02
2.1699999999908476e+02
2.4801359090193634e+02
2.7902038169252637e+02
3.1001521092919393e+02
2.7899999981042117e+02
2.4797798793762047e+02
2.1700000000340734e+02
1.8601521818883538e+02
1.5500000000266436e+02
1.2400000000163693e+02
9.2993201751130940e+01
6.2000000000501501e+01
3.1000001865537826e+01
1.1880623101445375e-09
-3.0999999998632774e+01
-6.2006798247982360e+01
-9.2999999998936786e+01
-1.2399999813442206e+02
-1.5500679451862138e+02
-1.8602039101656641e+02
-2.1699999999979440e+02
-2.4798640163983649e+02
-2.7897959779882274e+02
-3.0997959034054537e+02
-2.7900000018367149e+02
-2.4802720081563501e+02
-2.1700000000119456e+02
-1.8597960303380498e+02
-1.5499999999887609e+02
-1.2399999999798152e+02
-9.3006796382469162e+01
-6.1999999997590130e+01
-3.1000001861411040e+01
2.7156815149123831e-09
3.1000000003056009e+01
6.1993203618041733e+01
9.3000000002659831e+01
1.2399999813859982e+02
1.5499319989011042e+02
1.8597960712066120e+02
2.1700000000183366e+02
2.4801359090431356e+02
2.7902038169466891e+02
3.1001579208192487e+02
2.7899999981235618e+02
2.4797740644146964e+02
2.1700000000453045e+02
1.8601580003498549e+02
1.5500000000435628e+02
1.2400000000359893e+02
9.2993201753254453e+01
6.2000000002502730e+01
3.1000001867388796e+01
2.7447997044859959e-09
-3.0999999997452562e+01
-6.2006798246869224e+01
-9.2999999997915126e+01
-1.2399999813325431e+02
-1.5500679451724085e+02
-1.8602039101565475e+02
-2.1699999999885617e+02
-2.4798640163871283e+02
-2.7897959779764949e+02
-3.0997959033961354e+02
-2.7900000018297050e+02
-2.4802720081501786e+02
-2.1700000000068138e+02
-1.8597960303317592e+02
-1.5499999999798089e+02
-1.2399999999766416e+02
-9.3006796382261143e+01
-6.1999999997324984e+01
-3.1000001860937846e+01
3.2871923790538737e-09
3.1000000003049983e+01
6.1993203617902360e+01
9.3000000002343143e+01
1.2399999813797008e+02
1.5499319988969668e+02
1.8597960712014859e+02
2.1700000000126553e+02
2.4801359090390380e+02
2.7902038169381586e+02
3.1001630782214431e+02
2.7899999981232463e+02
2.4797689039298368e+02
2.1700000000416068e+02
1.8601631639067250e+02
1.5500000000391555e+02
1.2400000000308452e+02
9.2993201752914615e+01
6.2000000002340997e+01
3.1000001867347486e+01
2.7387996622623702e-09
-3.0999999997285542e+01
-6.2006798246892210e+01
-9.2999999997850153e+01
-1.2399999813311342e+02
-1.5500679451753737e+02
-1.8602039101592283e+02
-2.1699999999883241e+02
-2.4798640163848347e+02
-2.7897959779752330e+02
-3.0997959033943772e+02
-2.7900000018358992e+02
-2.4802720081656821e+02
-2.1700000000143518e+02
-1.8597960303299706e+02
-1.5499999999860592e+02
-1.2399999999840230e+02
-9.3006796383133405e+01
-6.1999999998091525e+01
-3.1000001862045494e+01
1.8740137245318780e-09
