0.0000000000000000e+00
3.0999999999916653e+01
6.1996719096323609e+01
9.2999999999181142e+01
1.2399999887891977e+02
1.5499671685537973e+02
1.8599015504822282e+02
2.1699999998347403e+02
2.4799999999229203e+02
2.7899999962554284e+02
3.0999999962552886e+02
2.7899999969351489e+02
2.4799671773790539e+02
2.1699015263829844e+02
1.8599999999637546e+02
1.5500656869204835e+02
1.2399999999906061e+02
9.2999999999103068e+01
6.1996717975546687e+01
3.0999999999085510e+01
1.5148687651429721e-10
3.1000000000191747e+01
6.2003282023901278e+01
9.3000000001048221e+01
1.2399999888135403e+02
1.5500327978487610e+02
1.8600984383200273e+02
2.1700000000361365e+02
2.4799343483888794e+02
2.7899014945675617e+02
3.0999014497684408e+02
2.7900000029453918e+02
2.4801313315395956e+02
2.1700000000836044e+02
1.8599015224876419e+02
1.5500000000270839e+02
1.2400000000176254e+02
9.3003280904345559e+01
6.2000000000994461e+01
3.1000001120844200e+01
4.0579938066587012e-10
3.0999999999822858e+01
6.1996719096364139e+01
9.2999999999142432e+01
1.2399999887882470e+02
1.5499671685516643e+02
1.8599015504802040e+02
2.1699999999642546e+02
2.4800656068110879e+02
2.7900983822307694e+02
3.1000110649586912e+02
2.7899999969954780e+02
2.4799560901786563e+02
2.1699999999753413e+02
1.8600111193602720e+02
1.5500000000028876e+02
1.2399999999977220e+02
9.2996717975796116e+01
6.1999999999217060e+01
3.1000001119520583e+01
1.4093796921977110e-10
3.0999999999980897e+01
6.2003282023492147e+01
9.3000000000623416e+01
1.2399999888097855e+02
1.5500327978460405e+02
1.8600984383184937e+02
2.1700000000326182e+02
2.4799343483825410e+02
2.7899014945602067e+02
3.0999014497584017e+02
2.7900000029405146e+02
2.4801313315400932e+02
2.1700000000775827e+02
1.8599015224749004e+02
1.5500000000208391e+02
1.2400000000114279e+02
9.3003280903756917e+01
6.2000000000626876e+01
3.1000001120569411e+01
3.0869365401589593e-10
3.1000000000095206e+01
6.1996719096612303e+01
9.2999999999205016e+01
1.2399999887865729e+02
1.5499671685502429e+02
1.8599015504788844e+02
2.1699999999657371e+02
2.4800656068159003e+02
2.7900983822374417e+02
3.1000208878350344e+02
2.7899999969961249e+02
2.4799462656196764e+02
2.1699999999711116e+02
1.8600209455930812e+02
1.5500000000017212e+02
1.2399999999963168e+02
9.2996717975681989e+01
6.1999999999219213e+01
3.1000001119701878e+01
3.3165155845949581e-11
3.0999999999735088e+01
6.2003282023338762e+01
9.3000000000600721e+01
1.2399999888106043e+02
1.5500327978473521e+02
1.8600984383211789e+02
2.1700000000324533e+02
2.4799343483784165e+02
2.7899014945518417e+02
3.0999014497474184e+02
2.7900000029397233e+02
2.4801313315503012e+02
2.1700000000757527e+02
1.8599015224623082e+02
1.5500000000201811e+02
1.2400000000093560e+02
9.3003280903575160e+01
6.2000000000189040e+01
3.1000001120136563e+01
8.2805394137793336e-11
3.1000000000675687e+01
6.1996719097159819e+01
9.2999999999754266e+01
1.2399999887927979e+02
1.5499671685557530e+02
1.8599015504828276e+02
2.1699999999709223e+02
2.4800656068213260e+02
2.7900983822448507e+02
3.1000296051072525e+02
2.7899999969920168e+02
2.4799375468448517e+02
2.1699999999628881e+02
1.8600296658460184e+02
1.5499999999968455e+02
1.2399999999935923e+02
9.2996717975513690e+01
6.1999999999035680e+01
3.1000001119238600e+01
3.0293948729942993e-10
3.1000000000198231e+01
6.2003282023625751e+01
9.3000000000911385e+01
1.2399999888131293e+02
1.5500327978493107e+02
1.8600984383231659e+02
2.1700000000355027e+02
2.4799343483838530e+02
2.7899014945582525e+02
3.0999014497547984e+02
2.7900000029449888e+02
2.4801313315506167e+02
2.1700000000801847e+02
1.8599015224715041e+02
1.5500000000249250e+02
1.2400000000157672e+02
9.3003280904053696e+01
6.2000000000813031e+01
3.1000001120692058e+01
1.7833722367197825e-10
3.0999999999997470e+01
6.1996719096566736e+01
9.2999999999171962e+01
1.2399999887865100e+02
1.5499671685518550e+02
1.8599015504793465e+02
2.1699999999651121e+02
2.4800656068136902e+02
2.7900983822331534e+02
3.1000373412129358e+02
2.7899999969954200e+02
2.4799298094198446e+02
2.1699999999616131e+02
1.8600374045964170e+02
1.5499999999982884e+02
1.2399999999964902e+02
9.2996717975864854e+01
6.1999999999366111e+01
3.1000001119773820e+01
3.0784237898751309e-10
3.0999999999748198e+01
6.2003282023340589e+01
9.3000000000605624e+01
1.2399999888091614e+02
1.5500327978454155e+02
1.8600984383196555e+02
2.1700000000332216e+02
2.4799343483824694e+02
2.7899014945584207e+02
3.0999014497560881e+02
2.7900000029442486e+02
2.4801313315487917e+02
2.1700000000795828e+02
1.8599015224705016e+02
1.5500000000225151e+02
1.2400000000141213e+02
9.3003280903944997e+01
6.2000000000625832e+01
3.1000001120691863e+01
3.9085248848714529e-11
