2.0000000000000020e+02
2.0000000000000020e+02
2.0000000000000020e+02
2.0000000000000020e+02
2.0000000000000020e+02
2.0000000000000020e+02
2.0000000000000020e+02
2.1699999998347397e+02
2.4799999999229200e+02
2.7899999962554273e+02
3.0999999962552891e+02
3.0999999962552891e+02
3.0999999962552891e+02
3.0999999962552891e+02
3.0999999962552891e+02
3.0999999962552891e+02
3.0999999962552891e+02
3.0999999962552891e+02
3.0999999962552891e+02
3.0999999962552891e+02
3.0999999962552891e+02
3.0999999962552891e+02
3.0999999962552891e+02
3.0999999962552891e+02
3.0999999962552891e+02
3.0999999962552891e+02
3.0999999962552891e+02
3.0999999962552891e+02
3.0999999962552891e+02
3.0999999962552891e+02
3.0999999962552891e+02
3.0999999962552891e+02
3.0999999962552891e+02
3.0999999962552891e+02
3.0999999962552891e+02
3.0999999962552891e+02
3.0999999962552891e+02
3.0999999962552891e+02
3.0999999962552891e+02
3.0999999962552891e+02
3.0999999962552891e+02
3.0999999962552891e+02
3.0999999962552891e+02
3.0999999962552891e+02
3.0999999962552891e+02
3.0999999962552891e+02
3.0999999962552891e+02
3.0999999962552891e+02
3.0999999962552891e+02
3.0999999962552891e+02
3.1000110649586901e+02
3.1000110649586901e+02
3.1000110649586901e+02
3.1000110649586901e+02
3.1000110649586901e+02
3.1000110649586901e+02
3.1000110649586901e+02
3.1000110649586901e+02
3.1000110649586901e+02
3.1000110649586901e+02
3.1000110649586901e+02
3.1000110649586901e+02
3.1000110649586901e+02
3.1000110649586901e+02
3.1000110649586901e+02
3.1000110649586901e+02
3.1000110649586901e+02
3.1000110649586901e+02
3.1000110649586901e+02
3.1000110649586901e+02
3.1000110649586901e+02
3.1000110649586901e+02
3.1000110649586901e+02
3.1000110649586901e+02
3.1000110649586901e+02
3.1000110649586901e+02
3.1000110649586901e+02
3.1000110649586901e+02
3.1000110649586901e+02
3.1000110649586901e+02
3.1000110649586901e+02
3.1000110649586901e+02
3.1000110649586901e+02
3.1000110649586901e+02
3.1000110649586901e+02
3.1000110649586901e+02
3.1000110649586901e+02
3.1000110649586901e+02
3.1000110649586901e+02
3.1000110649586901e+02
3.1000208878350344e+02
3.1000208878350344e+02
3.1000208878350344e+02
3.1000208878350344e+02
3.1000208878350344e+02
3.1000208878350344e+02
3.1000208878350344e+02
3.1000208878350344e+02
3.1000208878350344e+02
3.1000208878350344e+02
3.1000208878350344e+02
3.1000208878350344e+02
3.1000208878350344e+02
3.1000208878350344e+02
3.1000208878350344e+02
3.1000208878350344e+02
3.1000208878350344e+02
3.1000208878350344e+02
3.1000208878350344e+02
3.1000208878350344e+02
3.1000208878350344e+02
3.1000208878350344e+02
3.1000208878350344e+02
3.1000208878350344e+02
3.1000208878350344e+02
3.1000208878350344e+02
3.1000208878350344e+02
3.1000208878350344e+02
3.1000208878350344e+02
3.1000208878350344e+02
3.1000208878350344e+02
3.1000208878350344e+02
3.1000208878350344e+02
3.1000208878350344e+02
3.1000208878350344e+02
3.1000208878350344e+02
3.1000208878350344e+02
3.1000208878350344e+02
3.1000208878350344e+02
3.1000208878350344e+02
3.1000296051072507e+02
3.1000296051072507e+02
3.1000296051072507e+02
3.1000296051072507e+02
3.1000296051072507e+02
3.1000296051072507e+02
3.1000296051072507e+02
3.1000296051072507e+02
3.1000296051072507e+02
3.1000296051072507e+02
3.1000296051072507e+02
3.1000296051072507e+02
3.1000296051072507e+02
3.1000296051072507e+02
3.1000296051072507e+02
3.1000296051072507e+02
3.1000296051072507e+02
3.1000296051072507e+02
3.1000296051072507e+02
3.1000296051072507e+02
3.1000296051072507e+02
3.1000296051072507e+02
3.1000296051072507e+02
3.1000296051072507e+02
3.1000296051072507e+02
3.1000296051072507e+02
3.1000296051072507e+02
3.1000296051072507e+02
3.1000296051072507e+02
3.1000296051072507e+02
3.1000296051072507e+02
3.1000296051072507e+02
3.1000296051072507e+02
3.1000296051072507e+02
3.1000296051072507e+02
3.1000296051072507e+02
3.1000296051072507e+02
3.1000296051072507e+02
3.1000296051072507e+02
3.1000296051072507e+02
3.1000373412129369e+02
3.1000373412129369e+02
3.1000373412129369e+02
3.1000373412129369e+02
3.1000373412129369e+02
3.1000373412129369e+02
3.1000373412129369e+02
3.1000373412129369e+02
3.1000373412129369e+02
3.1000373412129369e+02
3.1000373412129369e+02
3.1000373412129369e+02
3.1000373412129369e+02
3.1000373412129369e+02
3.1000373412129369e+02
3.1000373412129369e+02
3.1000373412129369e+02
3.1000373412129369e+02
3.1000373412129369e+02
3.1000373412129369e+02
3.1000373412129369e+02
3.1000373412129369e+02
3.1000373412129369e+02
3.1000373412129369e+02
3.1000373412129369e+02
3.1000373412129369e+02
3.1000373412129369e+02
3.1000373412129369e+02
3.1000373412129369e+02
3.1000373412129369e+02
3.1000373412129369e+02
