0.0000000000000000e+00
0.0000000000000000e+00
0.0000000000000000e+00
0.0000000000000000e+00
0.0000000000000000e+00
0.0000000000000000e+00
0.0000000000000000e+00
5.2970153814787917e+00
2.0831207041302200e+01
3.5949187746392994e+01
5.0593367102458970e+01
5.0593367102458970e+01
5.0593367102458970e+01
5.0593367102458970e+01
5.0593367102458970e+01
5.0593367102458970e+01
5.0593367102458942e+01
5.0593367102458942e+01
5.0593367102458942e+01
5.0593367102458956e+01
5.0593367102458942e+01
5.0593367102458942e+01
5.0593367102458942e+01
5.0593367102458977e+01
5.0593367102458977e+01
4.9590937365500224e+01
3.3022877596224902e+01
1.6716466338300609e+01
7.0316106233473508e-01
-1.4972369110380399e+01
-3.0258384098743591e+01
-3.0258384098743591e+01
-3.0258384098743591e+01
-3.0258384098743591e+01
-3.0258384098743591e+01
-3.0258384098743591e+01
-3.0258384098743591e+01
-3.0258384098743591e+01
-3.0258384098743591e+01
-3.0258384098743591e+01
-3.0258384098743591e+01
-3.0258384098743591e+01
-3.0258384098743591e+01
-3.0258384098743591e+01
-3.0258384098743591e+01
-3.0258384098743591e+01
-3.0258384098743591e+01
-2.9826055741115283e+01
-1.3573344509479336e+01
2.3761299047260223e+00
1.7980104847569116e+01
1.7980104847569116e+01
1.7980104847569113e+01
1.7980104847569120e+01
1.7980104847569120e+01
1.7980104847569120e+01
1.7980104847569113e+01
1.7980104847569109e+01
1.7980104847569109e+01
1.7980104847569102e+01
1.7980104847569105e+01
1.7980104847569098e+01
1.7980104847569098e+01
1.7980104847569105e+01
1.7980104847569105e+01
1.7980104847569105e+01
1.7980104847569109e+01
1.7980104847569109e+01
1.7980104847569109e+01
5.1277412384594401e+00
-1.0648290905427919e+01
-1.0648290905427919e+01
-1.0648290905427919e+01
-1.0648290905427919e+01
-1.0648290905427919e+01
-1.0648290905427919e+01
-1.0648290905427919e+01
-1.0648290905427919e+01
-1.0648290905427919e+01
-1.0648290905427919e+01
-1.0648290905427919e+01
-1.0648290905427919e+01
-1.0648290905427919e+01
-1.0648290905427919e+01
-1.0648290905427919e+01
-1.0648290905427919e+01
-1.0648290905427919e+01
-1.0648290905427919e+01
-1.0648290905427919e+01
-9.6027463886165290e+00
6.2691043543154317e+00
6.2691043543154317e+00
6.2691043543154317e+00
6.2691043543154317e+00
6.2691043543154272e+00
6.2691043543154237e+00
6.2691043543154210e+00
6.2691043543154210e+00
6.2691043543154201e+00
6.2691043543154237e+00
6.2691043543154201e+00
6.2691043543154228e+00
6.2691043543154228e+00
6.2691043543154183e+00
6.2691043543154183e+00
6.2691043543154139e+00
6.2691043543154139e+00
6.2691043543154139e+00
6.2691043543154130e+00
6.2691043543154130e+00
-3.7158000485991480e+00
-3.7158000485991480e+00
-3.7158000485991480e+00
-3.7158000485991480e+00
-3.7158000485991480e+00
-3.7158000485991480e+00
-3.7158000485991480e+00
-3.7158000485991480e+00
-3.7158000485991480e+00
-3.7158000485991480e+00
-3.7158000485991480e+00
-3.7158000485991480e+00
-3.7158000485991480e+00
-3.7158000485991480e+00
-3.7158000485991480e+00
-3.7158000485991480e+00
-3.7158000485991480e+00
-3.7158000485991480e+00
-3.7158000485991480e+00
-3.7158000485991480e+00
2.2132383405843576e+00
2.2132383405843576e+00
2.2132383405843576e+00
2.2132383405843576e+00
2.2132383405843576e+00
2.2132383405843576e+00
2.2132383405843572e+00
2.2132383405843576e+00
2.2132383405843563e+00
2.2132383405843563e+00
2.2132383405843559e+00
2.2132383405843559e+00
2.2132383405843559e+00
2.2132383405843563e+00
2.2132383405843563e+00
2.2132383405843563e+00
2.2132383405843550e+00
2.2132383405843550e+00
2.2132383405843541e+00
2.2132383405843541e+00
-1.3221080384747534e+00
-1.3221080384747534e+00
-1.3221080384747534e+00
-1.3221080384747534e+00
-1.3221080384747534e+00
-1.3221080384747534e+00
-1.3221080384747534e+00
-1.3221080384747534e+00
-1.3221080384747534e+00
-1.3221080384747534e+00
-1.3221080384747534e+00
-1.3221080384747534e+00
-1.3221080384747534e+00
-1.3221080384747534e+00
-1.3221080384747534e+00
-1.3221080384747534e+00
-1.3221080384747534e+00
-1.3221080384747534e+00
-1.3221080384747534e+00
-1.3221080384747534e+00
7.7566526522044854e-01
7.7566526522044765e-01
7.7566526522044765e-01
7.7566526522044787e-01
7.7566526522044787e-01
7.7566526522044787e-01
7.7566526522044787e-01
7.7566526522044743e-01
7.7566526522044743e-01
7.7566526522044743e-01
7.7566526522044743e-01
7.7566526522044765e-01
7.7566526522044765e-01
7.7566526522044821e-01
7.7566526522044821e-01
7.7566526522044732e-01
7.7566526522044721e-01
7.7566526522044721e-01
7.7566526522044688e-01
7.7566526522044688e-01
-4.7481179830191000e-01
-4.7481179830191000e-01
-4.7481179830191000e-01
-4.7481179830191000e-01
-4.7481179830191000e-01
-4.7481179830191000e-01
-4.7481179830191000e-01
-4.7481179830191000e-01
-4.7481179830191000e-01
-4.7481179830191000e-01
-4.7481179830191000e-01
