0.0000000000000000e+00
0.0000000000000000e+00
0.0000000000000000e+00
0.0000000000000000e+00
0.0000000000000000e+00
0.0000000000000000e+00
0.0000000000000000e+00
-2.6485076907367358e+00
-1.0415603520646194e+01
-1.7974593873192834e+01
-2.5296683551225883e+01
-2.5296683551225843e+01
-2.5296683551225872e+01
-2.5296683551225854e+01
-2.5296683551225851e+01
-2.5296683551225829e+01
-2.5296683551225886e+01
-2.5296683551225897e+01
-2.5296683551225865e+01
-2.5296683551225847e+01
-2.5296683551225840e+01
-2.5296683551225900e+01
-2.5296683551225883e+01
-2.5296683551225836e+01
-2.5296683551225872e+01
-2.4795468682746588e+01
-1.6511438798109634e+01
-8.3582331691459366e+00
-3.5158053116214361e-01
7.4861845551955799e+00
1.5129192049376892e+01
1.5129192049376913e+01
1.5129192049376924e+01
1.5129192049376925e+01
1.5129192049376947e+01
1.5129192049376933e+01
1.5129192049376961e+01
1.5129192049376943e+01
1.5129192049376897e+01
1.5129192049376872e+01
1.5129192049376874e+01
1.5129192049376876e+01
1.5129192049376849e+01
1.5129192049376869e+01
1.5129192049376869e+01
1.5129192049376870e+01
1.5129192049376847e+01
1.4913027870562406e+01
6.7866722547415721e+00
-1.1880649523635884e+00
-8.9900524237870769e+00
-8.9900524237870876e+00
-8.9900524237870751e+00
-8.9900524237870894e+00
-8.9900524237870787e+00
-8.9900524237870787e+00
-8.9900524237870805e+00
-8.9900524237870787e+00
-8.9900524237870769e+00
-8.9900524237870574e+00
-8.9900524237870538e+00
-8.9900524237870574e+00
-8.9900524237870432e+00
-8.9900524237870663e+00
-8.9900524237870645e+00
-8.9900524237870556e+00
-8.9900524237870485e+00
-8.9900524237870609e+00
-8.9900524237870485e+00
-2.5638706192290890e+00
5.3241454527172847e+00
5.3241454527172865e+00
5.3241454527172811e+00
5.3241454527172829e+00
5.3241454527172785e+00
5.3241454527172802e+00
5.3241454527172696e+00
5.3241454527172731e+00
5.3241454527172740e+00
5.3241454527172785e+00
5.3241454527172749e+00
5.3241454527172669e+00
5.3241454527172758e+00
5.3241454527172758e+00
5.3241454527172776e+00
5.3241454527172687e+00
5.3241454527172651e+00
5.3241454527172722e+00
5.3241454527172714e+00
4.8013731943110027e+00
-3.1345521771579388e+00
-3.1345521771579463e+00
-3.1345521771579508e+00
-3.1345521771579512e+00
-3.1345521771579459e+00
-3.1345521771579441e+00
-3.1345521771579428e+00
-3.1345521771579419e+00
-3.1345521771579419e+00
-3.1345521771579374e+00
-3.1345521771579357e+00
-3.1345521771579326e+00
-3.1345521771579303e+00
-3.1345521771579277e+00
-3.1345521771579286e+00
-3.1345521771579268e+00
-3.1345521771579210e+00
-3.1345521771579161e+00
-3.1345521771579183e+00
-3.1345521771579201e+00
1.8579000243019808e+00
1.8579000243019812e+00
1.8579000243019776e+00
1.8579000243019759e+00
1.8579000243019745e+00
1.8579000243019750e+00
1.8579000243019719e+00
1.8579000243019725e+00
1.8579000243019752e+00
1.8579000243019745e+00
1.8579000243019768e+00
1.8579000243019745e+00
1.8579000243019737e+00
1.8579000243019763e+00
1.8579000243019759e+00
1.8579000243019719e+00
1.8579000243019725e+00
1.8579000243019730e+00
1.8579000243019743e+00
1.8579000243019779e+00
-1.1066191702879014e+00
-1.1066191702879016e+00
-1.1066191702879042e+00
-1.1066191702879042e+00
-1.1066191702879040e+00
-1.1066191702879029e+00
-1.1066191702879058e+00
-1.1066191702879060e+00
-1.1066191702879089e+00
-1.1066191702879085e+00
-1.1066191702879073e+00
-1.1066191702879062e+00
-1.1066191702879076e+00
-1.1066191702879067e+00
-1.1066191702879049e+00
-1.1066191702879062e+00
-1.1066191702879078e+00
-1.1066191702879096e+00
-1.1066191702879089e+00
-1.1066191702879096e+00
6.6105401924267715e-01
6.6105401924267693e-01
6.6105401924267770e-01
6.6105401924267881e-01
6.6105401924267781e-01
6.6105401924267748e-01
6.6105401924267793e-01
6.6105401924267637e-01
6.6105401924267604e-01
6.6105401924267471e-01
6.6105401924267304e-01
6.6105401924267293e-01
6.6105401924267226e-01
6.6105401924267149e-01
6.6105401924267149e-01
6.6105401924267193e-01
6.6105401924267237e-01
6.6105401924267126e-01
6.6105401924267104e-01
6.6105401924267138e-01
-3.8783263260425138e-01
-3.8783263260425110e-01
-3.8783263260425116e-01
-3.8783263260425066e-01
-3.8783263260425038e-01
-3.8783263260425155e-01
-3.8783263260425110e-01
-3.8783263260425066e-01
-3.8783263260425094e-01
-3.8783263260425083e-01
-3.8783263260425122e-01
-3.8783263260425049e-01
-3.8783263260424988e-01
-3.8783263260424955e-01
-3.8783263260424894e-01
-3.8783263260424933e-01
-3.8783263260424961e-01
-3.8783263260424927e-01
-3.8783263260424961e-01
-3.8783263260424961e-01
2.3740589915699711e-01
2.3740589915699734e-01
2.3740589915699750e-01
2.3740589915699734e-01
2.3740589915699745e-01
2.3740589915699739e-01
2.3740589915699728e-01
2.3740589915699736e-01
2.3740589915699709e-01
2.3740589915699695e-01
2.3740589915699695e-01
