0.0000000000000000e+00
0.0000000000000000e+00
0.0000000000000000e+00
0.0000000000000000e+00
0.0000000000000000e+00
0.0000000000000000e+00
0.0000000000000000e+00
-2.6485076907420622e+00
-1.0415603520655978e+01
-1.7974593873200195e+01
-2.5296683551233137e+01
-2.5296683551233109e+01
-2.5296683551233137e+01
-2.5296683551233116e+01
-2.5296683551233123e+01
-2.5296683551233091e+01
-2.5296683551233137e+01
-2.5296683551233155e+01
-2.5296683551233116e+01
-2.5296683551233095e+01
-2.5296683551233102e+01
-2.5296683551233141e+01
-2.5296683551233134e+01
-2.5296683551233105e+01
-2.5296683551233123e+01
-2.4795468682753615e+01
-1.6511438798115272e+01
-8.3582331691546923e+00
-3.5158053117260196e-01
7.4861845551848081e+00
1.5129192049366644e+01
1.5129192049366644e+01
1.5129192049366662e+01
1.5129192049366662e+01
1.5129192049366676e+01
1.5129192049366671e+01
1.5129192049366676e+01
1.5129192049366651e+01
1.5129192049366610e+01
1.5129192049366594e+01
1.5129192049366589e+01
1.5129192049366583e+01
1.5129192049366557e+01
1.5129192049366573e+01
1.5129192049366576e+01
1.5129192049366573e+01
1.5129192049366555e+01
1.4913027870552696e+01
6.7866722547375877e+00
-1.1880649523626010e+00
-8.9900524237821990e+00
-8.9900524237822115e+00
-8.9900524237821973e+00
-8.9900524237822044e+00
-8.9900524237822008e+00
-8.9900524237821990e+00
-8.9900524237822061e+00
-8.9900524237822008e+00
-8.9900524237821919e+00
-8.9900524237821742e+00
-8.9900524237821742e+00
-8.9900524237821759e+00
-8.9900524237821635e+00
-8.9900524237821866e+00
-8.9900524237821848e+00
-8.9900524237821742e+00
-8.9900524237821617e+00
-8.9900524237821777e+00
-8.9900524237821653e+00
-2.5638706192304648e+00
5.3241454527105212e+00
5.3241454527105212e+00
5.3241454527105141e+00
5.3241454527105194e+00
5.3241454527105159e+00
5.3241454527105141e+00
5.3241454527105017e+00
5.3241454527105088e+00
5.3241454527105052e+00
5.3241454527105043e+00
5.3241454527105017e+00
5.3241454527104954e+00
5.3241454527105088e+00
5.3241454527105017e+00
5.3241454527105114e+00
5.3241454527105008e+00
5.3241454527104972e+00
5.3241454527105070e+00
5.3241454527104990e+00
4.8013731943053726e+00
-3.1345521771576239e+00
-3.1345521771576328e+00
-3.1345521771576363e+00
-3.1345521771576355e+00
-3.1345521771576337e+00
-3.1345521771576323e+00
-3.1345521771576315e+00
-3.1345521771576323e+00
-3.1345521771576297e+00
-3.1345521771576275e+00
-3.1345521771576257e+00
-3.1345521771576212e+00
-3.1345521771576186e+00
-3.1345521771576186e+00
-3.1345521771576164e+00
-3.1345521771576133e+00
-3.1345521771576093e+00
-3.1345521771576048e+00
-3.1345521771576061e+00
-3.1345521771576079e+00
1.8579000242970327e+00
1.8579000242970336e+00
1.8579000242970323e+00
1.8579000242970323e+00
1.8579000242970296e+00
1.8579000242970292e+00
1.8579000242970276e+00
1.8579000242970276e+00
1.8579000242970296e+00
1.8579000242970296e+00
1.8579000242970309e+00
1.8579000242970309e+00
1.8579000242970296e+00
1.8579000242970332e+00
1.8579000242970327e+00
1.8579000242970305e+00
1.8579000242970298e+00
1.8579000242970296e+00
1.8579000242970343e+00
1.8579000242970372e+00
-1.1066191702966199e+00
-1.1066191702966208e+00
-1.1066191702966237e+00
-1.1066191702966233e+00
-1.1066191702966226e+00
-1.1066191702966215e+00
-1.1066191702966242e+00
-1.1066191702966242e+00
-1.1066191702966264e+00
-1.1066191702966255e+00
-1.1066191702966250e+00
-1.1066191702966237e+00
-1.1066191702966250e+00
-1.1066191702966242e+00
-1.1066191702966237e+00
-1.1066191702966250e+00
-1.1066191702966270e+00
-1.1066191702966284e+00
-1.1066191702966273e+00
-1.1066191702966290e+00
6.6105401923187945e-01
6.6105401923187856e-01
6.6105401923187945e-01
6.6105401923188101e-01
6.6105401923187979e-01
6.6105401923188023e-01
6.6105401923188090e-01
6.6105401923188012e-01
6.6105401923187879e-01
6.6105401923187745e-01
6.6105401923187612e-01
6.6105401923187546e-01
6.6105401923187490e-01
6.6105401923187479e-01
6.6105401923187501e-01
6.6105401923187568e-01
6.6105401923187612e-01
6.6105401923187568e-01
6.6105401923187557e-01
6.6105401923187590e-01
-3.8783263261641127e-01
-3.8783263261641132e-01
-3.8783263261641132e-01
-3.8783263261641093e-01
-3.8783263261641066e-01
-3.8783263261641154e-01
-3.8783263261641104e-01
-3.8783263261641077e-01
-3.8783263261641093e-01
-3.8783263261641077e-01
-3.8783263261641121e-01
-3.8783263261641066e-01
-3.8783263261640993e-01
-3.8783263261640982e-01
-3.8783263261640905e-01
-3.8783263261640943e-01
-3.8783263261640960e-01
-3.8783263261640910e-01
-3.8783263261640921e-01
-3.8783263261640955e-01
2.3740589914469667e-01
2.3740589914469695e-01
2.3740589914469695e-01
2.3740589914469679e-01
2.3740589914469692e-01
2.3740589914469662e-01
2.3740589914469634e-01
2.3740589914469645e-01
2.3740589914469590e-01
2.3740589914469565e-01
2.3740589914469595e-01
