0.0000000000000000e+00
1.2193486254756034e-04
2.4390243902188679e-04
3.6585514122065594e-04
4.8779297277175260e-04
6.0971593730062062e-04
7.3170731706953974e-04
8.5368381675749263e-04
9.7564543999260791e-04
1.9891714940082693e-03
3.0685008937111824e-03
2.9465746757466162e-03
2.8246335899662876e-03
2.7026776327442287e-03
2.5807068004524373e-03
2.4587697997789947e-03
2.3368185802634038e-03
2.2148524868337801e-03
2.0929161412366125e-03
1.9709649253536491e-03
1.8490137022137520e-03
1.7270624827019367e-03
1.6050963892755869e-03
1.4831600436755448e-03
1.3612088277910194e-03
1.2392427379922079e-03
1.1172617706522389e-03
9.1241206642849468e-04
-2.3685213783910295e-07
-9.6554385805113668e-04
-1.9905804345136356e-03
-1.8686480957193785e-03
-1.7467306226089045e-03
-1.6248280115562317e-03
-1.5027944356880659e-03
-1.3807757501962028e-03
-1.2588919966585136e-03
-1.1369407771374266e-03
-1.0150044279026950e-03
-8.9303833810739806e-04
-7.7108711859343645e-04
-6.4913589908173551e-04
-5.2719954985684116e-04
-4.0523346005926940e-04
-2.8328224417362993e-04
-1.6134589857476171e-04
-3.9424419635025710e-05
8.2482196270482493e-05
2.0452263748783198e-04
1.0246461956906470e-03
2.0182138606123475e-03
1.8964547069621487e-03
1.7746807262145605e-03
1.6525522691691983e-03
1.5306010497481944e-03
1.4086349564130286e-03
1.2866539855351708e-03
1.1647473912476630e-03
1.0427961717408543e-03
9.2084495222929941e-04
7.9889373271731842e-04
6.7694251320488119e-04
5.5497641977843455e-04
4.3304007417921148e-04
3.1108885829468462e-04
1.8912276849756193e-04
6.7141801158013601e-05
-5.4854047352309581e-05
-1.7671602339654842e-04
-3.7806977767158802e-04
-1.3569604367113274e-03
-1.2350161955673245e-03
-1.1130868230079601e-03
-9.9117231540905675e-04
-8.6916253584332494e-04
-7.4716764084777271e-04
-6.2518762679047318e-04
-5.0330887730344143e-04
-3.8135765779097325e-04
-2.5940643827142924e-04
-1.3745521875920159e-04
-1.5503999247451270e-05
1.0643234997807082e-04
2.2839843977541516e-04
3.5034965565980554e-04
4.7228600125853195e-04
5.9420748019799294e-04
7.1611409610300837e-04
8.3815453732374607e-04
9.6018008649158477e-04
1.6340310573090960e-03
1.5120821538456243e-03
1.3901183770330180e-03
1.2681397232435223e-03
1.1462284962202290e-03
1.0243024050369236e-03
9.0236144606924043e-04
7.8037483768694804e-04
6.5842361817347443e-04
5.3647239866229065e-04
4.1452117915006311e-04
2.9256995963775046e-04
1.7060386621186346e-04
4.8667520612565766e-05
-7.3283695272284986e-05
-1.9524978507064474e-04
-3.1723075241041430e-04
-4.3922660092189512e-04
-5.6108857696285895e-04
-6.8296540515528205e-04
-1.1304634427876325e-03
-1.0085124846611966e-03
-8.8657639675738501e-04
-7.6465517545107114e-04
-6.4265882541250066e-04
-5.2067735666834047e-04
-3.9871076558774059e-04
-2.7680516687100706e-04
-1.5485394735983196e-04
-3.2902727844629894e-05
8.9048491667151103e-05
2.1099971117995059e-04
3.3293606040571064e-04
4.5490215020307521e-04
5.7685336608713142e-04
6.9878971168603758e-04
8.2071119062509862e-04
9.4261780652910899e-04
1.0646582477498237e-03
1.1866837969191214e-03
1.5018442213422805e-03
1.3798930405810052e-03
1.2579269859148256e-03
1.1359460537162648e-03
1.0140393826973486e-03
8.9211784862919057e-04
7.7018144788835161e-04
6.4818572416461035e-04
5.2623450465173879e-04
4.0428328514176476e-04
2.8233206562971335e-04
1.6038084611746494e-04
3.8414752690918411e-05
-8.3521592908874587e-05
-2.0547280879419660e-04
-3.2743889859188335e-04
-4.4941986593133478e-04
-5.7141571444298365e-04
-6.9327769048458472e-04
-8.1515451867697204e-04
-1.0516219218646458e-03
-9.2975849225009023e-04
-8.0790991152176507e-04
-6.8585605268200664e-04
-5.6381708916786850e-04
-4.4195361363082468e-04
-3.2010498699114244e-04
-1.9805117463211476e-04
-7.6099955072914815e-05
4.5851264447656812e-05
1.6780248395984623e-04
2.8975370347215825e-04
4.1169005269813387e-04
5.3365614249502010e-04
6.5560735837979437e-04
7.7754370397810173e-04
8.9946518291739077e-04
1.0213717988209674e-03
1.1434122400409185e-03
1.2654377892086300e-03
1.4554905350226933e-03
1.3335736953536232e-03
1.2116419901569649e-03
1.0896954158073889e-03
9.6773396867643803e-04
8.4576881790532029e-04
7.2381759838649820e-04
6.0185150495470601e-04
4.7991515936018561e-04
3.5796394348050833e-04
2.3601272033666747e-04
1.1406150082399773e-04
-7.9045926023354917e-06
-1.2984093820197441e-04
-2.5179215408627497e-04
-3.7375824388450457e-04
-4.9573921122365123e-04
-6.1773505973409723e-04
-7.3959703577668309e-04
-8.6147386396995230e-04
-1.0249499851411742e-03
-9.0301035643315121e-04
-7.8108559518499812e-04
-6.5917569777181495e-04
-5.3715669734119066e-04
-4.1515258373120786e-04
-2.9325425831063781e-04
-1.7130303879386806e-04
-4.9366689564549322e-05
7.2599400233090933e-05
1.9455061974688246e-04
