0.0000000000000000e+00
-4.3902439024394788e-05
-8.7806805557289879e-05
-1.3170731707059000e-04
-1.7560975592456084e-04
-2.1951412228699485e-04
-2.6342041632766711e-04
-4.7851643375618224e-04
-1.0805222754125450e-03
-1.7337505253382450e-03
-2.4469029690962485e-03
-2.4030285517233365e-03
-2.3591560592305318e-03
-2.3152854914489343e-03
-2.2713212398296815e-03
-2.2273589209810003e-03
-2.1835163617809875e-03
-2.1396139227540080e-03
-2.0957134110670540e-03
-2.0518090447018884e-03
-2.0079066056797388e-03
-1.9640041666558932e-03
-1.9201036549707940e-03
-1.8761992886051589e-03
-1.8322968497480486e-03
-1.7644907102363913e-03
-1.2914099762186661e-03
-7.8614436893324399e-04
-2.4401886283718010e-04
3.4031248003664130e-04
9.7330494155582628e-04
9.2942819692588266e-04
8.8554952704227269e-04
8.4166893173660286e-04
7.9772087711010647e-04
7.5377089096836231e-04
7.0991599905251149e-04
6.6601356002906676e-04
6.2210919349587625e-04
5.7820868197906131e-04
5.3430624295274843e-04
4.9040380392848784e-04
4.4649943739537187e-04
4.0259892588131416e-04
3.5869648702829062e-04
3.1479212066647653e-04
2.7088582662665786e-04
2.1560365627972298e-04
-2.9647335515390895e-04
-8.4630163649503565e-04
-1.4395596714015962e-03
-1.3956765065034874e-03
-1.3517952672533274e-03
-1.3079159534818690e-03
-1.2639691915485114e-03
-1.2200243608486987e-03
-1.1761643135034055e-03
-1.1322618744770373e-03
-1.0883613627898868e-03
-1.0444569964260849e-03
-1.0005545574037703e-03
-9.5665211837925280e-04
-9.1275160669420828e-04
-8.6884724032812942e-04
-8.2494480147136777e-04
-7.8104428995404791e-04
-7.3714570560726449e-04
-6.9323748422455214e-04
-6.4933119068854607e-04
-2.1627263209414010e-04
3.5578442454968625e-04
3.1188204459997506e-04
2.6797773714674330e-04
2.2407150202016437e-04
1.8017472584988878e-04
1.3627602266789662e-04
9.2375392305422925e-05
4.8467408771386920e-05
4.5649697488233290e-06
-3.9337469279399350e-05
-8.3239908303905580e-05
-1.2714234732895413e-04
-1.7104671386171776e-04
-2.1494722537487553e-04
-2.5884966422829434e-04
-3.0275403058989560e-04
-3.4666032462932970e-04
-3.9055698146682363e-04
-4.3445556530447737e-04
-5.0917204900364750e-04
-1.0693013252652218e-03
-1.0254070861702468e-03
-9.8151477369526319e-04
-9.3762438767077186e-04
-8.9369977068831478e-04
-8.4977708299219549e-04
-8.0585632441421281e-04
-7.6199245362014402e-04
-7.1809001459415185e-04
-6.7418757557009183e-04
-6.3028513654550511e-04
-5.8638269752105067e-04
-5.4248218583637889e-04
-4.9857781947107113e-04
-4.5467538061442071e-04
-4.1077486909756402e-04
-3.6687628475077664e-04
-3.2296806336750263e-04
-2.7906176983154757e-04
-2.3515740397374210e-04
1.2818431391026176e-04
8.4283836138429808e-05
4.0381431029167130e-05
-3.5229015847652964e-06
-4.7423481962413023e-05
-9.1325989686659391e-05
-1.3522836001812893e-04
-1.7913079904274094e-04
-2.2303516557538937e-04
-2.6693567709173743e-04
-3.1083811611847120e-04
-3.5474055514224921e-04
-3.9864492167544996e-04
-4.4254543318960493e-04
-4.8644787204291757e-04
-5.3035223840495018e-04
-5.7425853244513336e-04
-6.1815518928118112e-04
-6.6205377311802122e-04
-7.0595428412498435e-04
-9.3774363600878101e-04
-8.9384143014014283e-04
-8.4994115158940769e-04
-8.0604280018927571e-04
-7.6213411390123808e-04
-7.1822735550186221e-04
-6.7432252482100587e-04
-6.3042679683496022e-04
-5.8652435780865342e-04
-5.4262191878803369e-04
-4.9871947976382611e-04
-4.5481704073890427e-04
-4.1091652905389184e-04
-3.6701216268828526e-04
-3.2310972383116517e-04
-2.7920921231472227e-04
-2.3531062796771450e-04
-1.9140240658421421e-04
-1.4749611304814064e-04
-1.0359174718986146e-04
5.1704969920510551e-05
7.8025650130139240e-06
-3.6101767400098130e-05
-8.0008027488370477e-05
-1.2390475277435160e-04
-1.6780340506628401e-04
-2.1170398453514226e-04
-2.5561206985353962e-04
-2.9951450887646762e-04
-3.4341694790443662e-04
-3.8731938692884818e-04
-4.3122182595326972e-04
-4.7512619248664010e-04
-5.1902670400006225e-04
-5.6292914285338688e-04
-6.0683350921574334e-04
-6.5073980325547169e-04
-6.9463646009169271e-04
-7.3853504392926335e-04
-7.8243555493772907e-04
-8.9216149304424696e-04
-8.4831610802614066e-04
-8.0447264534205690e-04
-7.6051123066668363e-04
-7.1655174851121162e-04
-6.7270635260995503e-04
-6.2886287904275699e-04
-5.8490147456948828e-04
-5.4099903554039248e-04
-4.9709659651604905e-04
-4.5319415749222849e-04
-4.0929171846765651e-04
-3.6539120678246025e-04
-3.2148684041617654e-04
-2.7758440156016282e-04
-2.3368389004207785e-04
-1.8978530569618992e-04
-1.4587708431281212e-04
-1.0197079077607436e-04
-5.8066424917048470e-05
2.5000880575331139e-05
-1.8878487141745976e-05
-6.2759780342063265e-05
-1.0664299919544817e-04
-1.5058580484677778e-04
-1.9453054155205537e-04
-2.3839068290443081e-04
-2.8229312192907966e-04
-3.2619748846317683e-04
-3.7009799997948323e-04
-4.1400043900562648e-04
