0.0000000000000000e+00
-4.3902439024832480e-05
-8.7806805558214717e-05
-1.3170731707157297e-04
-1.7560975592481858e-04
-2.1951412228692058e-04
-2.6342041632678446e-04
-4.7851643375748106e-04
-1.0805222754136298e-03
-1.7337505253388994e-03
-2.4469029690970976e-03
-2.4030285517240733e-03
-2.3591560592310379e-03
-2.3152854914494994e-03
-2.2713212398298125e-03
-2.2273589209811035e-03
-2.1835163617819325e-03
-2.1396139227554908e-03
-2.0957134110681005e-03
-2.0518090447027518e-03
-2.0079066056804379e-03
-1.9640041666554994e-03
-1.9201036549703898e-03
-1.8761992886046656e-03
-1.8322968497477788e-03
-1.7644907102364346e-03
-1.2914099762188417e-03
-7.8614436893383011e-04
-2.4401886283786488e-04
3.4031248003561147e-04
9.7330494155475011e-04
9.2942819692513662e-04
8.8554952704285035e-04
8.4166893173808844e-04
7.9772087711046252e-04
7.5377089096603431e-04
7.0991599905227351e-04
6.6601356002884537e-04
6.2210919349585739e-04
5.7820868197894389e-04
5.3430624295261616e-04
4.9040380392911071e-04
4.4649943739600336e-04
4.0259892588212677e-04
3.5869648702898044e-04
3.1479212066689379e-04
2.7088582662634138e-04
2.1560365628157669e-04
-2.9647335515283868e-04
-8.4630163649374816e-04
-1.4395596713999842e-03
-1.3956765065020389e-03
-1.3517952672525652e-03
-1.3079159534815418e-03
-1.2639691915478611e-03
-1.2200243608468918e-03
-1.1761643135027484e-03
-1.1322618744763193e-03
-1.0883613627895492e-03
-1.0444569964257620e-03
-1.0005545574030741e-03
-9.5665211837878377e-04
-9.1275160669366888e-04
-8.6884724032827948e-04
-8.2494480147137861e-04
-7.8104428995391542e-04
-7.3714570560772766e-04
-6.9323748422473776e-04
-6.4933119068914683e-04
-2.1627263209382736e-04
3.5578442454974843e-04
3.1188204459986355e-04
2.6797773714632811e-04
2.2407150201998586e-04
1.8017472584976111e-04
1.3627602266778676e-04
9.2375392305800837e-05
4.8467408771344385e-05
4.5649697489760076e-06
-3.9337469278999462e-05
-8.3239908303181590e-05
-1.2714234732842436e-04
-1.7104671386179745e-04
-2.1494722537505068e-04
-2.5884966422742351e-04
-3.0275403058941183e-04
-3.4666032462856360e-04
-3.9055698146611988e-04
-4.3445556530406684e-04
-5.0917204900284107e-04
-1.0693013252648705e-03
-1.0254070861702893e-03
-9.8151477369605271e-04
-9.3762438767224985e-04
-8.9369977068900954e-04
-8.4977708299221793e-04
-8.0585632441346634e-04
-7.6199245362080722e-04
-7.1809001459472604e-04
-6.7418757557091344e-04
-6.3028513654699221e-04
-5.8638269752245070e-04
-5.4248218583732161e-04
-4.9857781947153115e-04
-4.5467538061489738e-04
-4.1077486909755887e-04
-3.6687628475087818e-04
-3.2296806336774999e-04
-2.7906176983094437e-04
-2.3515740397329148e-04
1.2818431390901048e-04
8.4283836136807543e-05
4.0381431027799998e-05
-3.5229015871486264e-06
-4.7423481963229421e-05
-9.1325989685913324e-05
-1.3522836001803853e-04
-1.7913079904323349e-04
-2.2303516557588526e-04
-2.6693567709155756e-04
-3.1083811611861941e-04
-3.5474055514267720e-04
-3.9864492167585388e-04
-4.4254543319010691e-04
-4.8644787204414370e-04
-5.3035223840667493e-04
-5.7425853244681127e-04
-6.1815518928151798e-04
-6.6205377311647667e-04
-7.0595428412256159e-04
-9.3774363600992680e-04
-8.9384143014037127e-04
-8.4994115159003957e-04
-8.0604280019012562e-04
-7.6213411390246984e-04
-7.1822735550388294e-04
-6.7432252482395089e-04
-6.3042679683654880e-04
-5.8652435781085131e-04
-5.4262191878938536e-04
-4.9871947976505679e-04
-4.5481704074062365e-04
-4.1091652905595182e-04
-3.6701216268987693e-04
-3.2310972383251012e-04
-2.7920921231526893e-04
-2.3531062796783181e-04
-1.9140240658525106e-04
-1.4749611305038402e-04
-1.0359174719269521e-04
5.1704969918759625e-05
7.8025650111172258e-06
-3.6101767402768636e-05
-8.0008027491561081e-05
-1.2390475277640736e-04
-1.6780340506810274e-04
-2.1170398453629888e-04
-2.5561206985570586e-04
-2.9951450887838655e-04
-3.4341694790605457e-04
-3.8731938693099799e-04
-4.3122182595431473e-04
-4.7512619248788488e-04
-5.1902670400184598e-04
-5.6292914285499508e-04
-6.0683350921779573e-04
-6.5073980325794530e-04
-6.9463646009345563e-04
-7.3853504393041368e-04
-7.8243555493788541e-04
-8.9216149304614215e-04
-8.4831610802837531e-04
-8.0447264534344088e-04
-7.6051123066772988e-04
-7.1655174851243850e-04
-6.7270635261073403e-04
-6.2886287904316736e-04
-5.8490147457027953e-04
-5.4099903554055977e-04
-4.9709659651584728e-04
-4.5319415749246500e-04
-4.0929171846788121e-04
-3.6539120678208582e-04
-3.2148684041677275e-04
-2.7758440156074439e-04
-2.3368389004386691e-04
-1.8978530569696344e-04
-1.4587708431328979e-04
-1.0197079077743415e-04
-5.8066424918962662e-05
2.5000880573665151e-05
-1.8878487143943515e-05
-6.2759780345128332e-05
-1.0664299919895270e-04
-1.5058580484962600e-04
-1.9453054155498572e-04
-2.3839068290699471e-04
-2.8229312193131425e-04
-3.2619748846485149e-04
-3.7009799998196974e-04
-4.1400043900788699e-04
