0.0000000000000000e+00
0.0000000000000000e+00
0.0000000000000000e+00
0.0000000000000000e+00
0.0000000000000000e+00
0.0000000000000000e+00
0.0000000000000000e+00
0.0000000000000000e+00
6.8545130299000176e-09
8.9162402878642218e-04
1.8490137022146016e-03
1.8490137022146016e-03
1.8490137022146016e-03
1.8490137022146016e-03
1.8490137022146016e-03
1.8490137022146016e-03
1.8490137022146016e-03
1.8490137022146016e-03
1.8490137022146016e-03
1.8490137022146016e-03
1.8490137022146016e-03
1.8490137022146016e-03
1.8490137022146016e-03
1.8490137022146016e-03
1.8490137022146016e-03
1.8490137022146016e-03
1.8490137022146016e-03
1.9320080807768703e-03
2.7226597975409440e-03
3.5660261409195277e-03
4.4691145230221210e-03
4.4691145230221210e-03
4.4691145230221210e-03
4.4691145230221210e-03
4.4691145230221210e-03
4.4691145230221210e-03
4.4691145230221210e-03
4.4691145230221210e-03
4.4691145230221210e-03
4.4691145230221210e-03
4.4691145230221210e-03
4.4691145230221210e-03
4.4691145230221210e-03
4.4691145230221210e-03
4.4691145230221210e-03
4.4691145230221210e-03
4.4691145230221210e-03
4.4691145230221210e-03
4.4691145230221210e-03
5.1672927214624648e-03
6.0390953743323815e-03
6.0390953743323815e-03
6.0390953743323815e-03
6.0390953743323815e-03
6.0390953743323815e-03
6.0390953743323815e-03
6.0390953743323815e-03
6.0390953743323815e-03
6.0390953743323815e-03
6.0390953743323815e-03
6.0390953743323815e-03
6.0390953743323815e-03
6.0390953743323815e-03
6.0390953743323815e-03
6.0390953743323815e-03
6.0390953743323815e-03
6.0390953743323815e-03
6.0390953743323815e-03
6.0390953743323815e-03
6.1185418838559978e-03
6.9754443258073151e-03
6.9754443258073151e-03
6.9754443258073151e-03
6.9754443258073151e-03
6.9754443258073151e-03
6.9754443258073151e-03
6.9754443258073151e-03
6.9754443258073151e-03
6.9754443258073151e-03
6.9754443258073151e-03
6.9754443258073151e-03
6.9754443258073151e-03
6.9754443258073151e-03
6.9754443258073151e-03
6.9754443258073151e-03
6.9754443258073151e-03
6.9754443258073151e-03
6.9754443258073151e-03
6.9754443258073151e-03
6.9754443258073151e-03
7.5274207237164183e-03
7.5274207237164183e-03
7.5274207237164183e-03
7.5274207237164183e-03
7.5274207237164183e-03
7.5274207237164183e-03
7.5274207237164183e-03
7.5274207237164183e-03
7.5274207237164183e-03
7.5274207237164183e-03
7.5274207237164183e-03
7.5274207237164183e-03
7.5274207237164183e-03
7.5274207237164183e-03
7.5274207237164183e-03
7.5274207237164183e-03
7.5274207237164183e-03
7.5274207237164183e-03
7.5274207237164183e-03
7.5274207237164183e-03
7.8528934112010191e-03
7.8528934112010191e-03
7.8528934112010191e-03
7.8528934112010191e-03
7.8528934112010191e-03
7.8528934112010191e-03
7.8528934112010191e-03
7.8528934112010191e-03
7.8528934112010191e-03
7.8528934112010191e-03
7.8528934112010191e-03
7.8528934112010191e-03
7.8528934112010191e-03
7.8528934112010191e-03
7.8528934112010191e-03
7.8528934112010191e-03
7.8528934112010191e-03
7.8528934112010191e-03
7.8528934112010191e-03
7.8528934112010191e-03
8.0461769851622143e-03
8.0461769851622143e-03
8.0461769851622143e-03
8.0461769851622143e-03
8.0461769851622143e-03
8.0461769851622143e-03
8.0461769851622143e-03
8.0461769851622143e-03
8.0461769851622143e-03
8.0461769851622143e-03
8.0461769851622143e-03
8.0461769851622143e-03
8.0461769851622143e-03
8.0461769851622143e-03
8.0461769851622143e-03
8.0461769851622143e-03
8.0461769851622143e-03
8.0461769851622143e-03
8.0461769851622143e-03
8.0461769851622143e-03
8.1607065668306729e-03
8.1607065668306729e-03
8.1607065668306729e-03
8.1607065668306729e-03
8.1607065668306729e-03
8.1607065668306729e-03
8.1607065668306729e-03
8.1607065668306729e-03
8.1607065668306729e-03
8.1607065668306729e-03
8.1607065668306729e-03
8.1607065668306729e-03
8.1607065668306729e-03
8.1607065668306729e-03
8.1607065668306729e-03
8.1607065668306729e-03
8.1607065668306729e-03
8.1607065668306729e-03
8.1607065668306729e-03
8.1607065668306729e-03
8.2289168032083394e-03
8.2289168032083394e-03
8.2289168032083394e-03
8.2289168032083394e-03
8.2289168032083394e-03
8.2289168032083394e-03
8.2289168032083394e-03
8.2289168032083394e-03
8.2289168032083394e-03
8.2289168032083394e-03
8.2289168032083394e-03
8.2289168032083394e-03
8.2289168032083394e-03
8.2289168032083394e-03
8.2289168032083394e-03
8.2289168032083394e-03
8.2289168032083394e-03
8.2289168032083394e-03
8.2289168032083394e-03
8.2289168032083394e-03
8.2703789037989715e-03
8.2703789037989715e-03
8.2703789037989715e-03
8.2703789037989715e-03
8.2703789037989715e-03
8.2703789037989715e-03
8.2703789037989715e-03
8.2703789037989715e-03
8.2703789037989715e-03
8.2703789037989715e-03
8.2703789037989715e-03
