0.0000000000000000e+00
2.9999999999823824e+01
5.9993634990794014e+01
8.9999999999738264e+01
1.1999999831028219e+02
1.4999363161237497e+02
1.7998090159509624e+02
2.0999993767933304e+02
2.3999882436212661e+02
2.6999029696312829e+02
2.9998799111284865e+02
2.6999999848059105e+02
2.4000564518540082e+02
2.1000492953968831e+02
1.7999999999885497e+02
1.4998869674997508e+02
1.1999999998613555e+02
8.9999999998706215e+01
5.9993633312704496e+01
3.0000000000268194e+01
6.1280558349372298e-10
-2.9999999999505370e+01
-6.0006366698118420e+01
-8.9999999999627434e+01
-1.1999999830940618e+02
-1.4999727783246260e+02
-1.7999860666449669e+02
-2.0999635533725581e+02
-2.3999564121653333e+02
-2.6999485453596679e+02
-2.9999393376540218e+02
-2.7000000078890628e+02
-2.4001242873454026e+02
-2.1003121591488713e+02
-1.8000000001687800e+02
-1.4997516237387549e+02
-1.2000000001712044e+02
-9.0000000005842423e+01
-6.0006365003908634e+01
-3.0000000000307601e+01
1.1086839861319008e-10
3.0000000000235552e+01
5.9993634991093955e+01
8.9999999999660730e+01
1.1999999831033757e+02
1.4999363161277120e+02
1.7998090159578948e+02
2.0999926099507371e+02
2.3999715189165391e+02
2.6999364527807245e+02
2.9999223964871248e+02
2.6999999937936292e+02
2.4000139641724306e+02
2.0999642907347982e+02
1.8000000000159807e+02
1.4999720128602081e+02
1.1999999999523880e+02
8.9999999999918430e+01
5.9993633305753441e+01
2.9999999999324764e+01
-3.7890013238816019e-10
-3.0000000000382069e+01
-6.0006366699026131e+01
-9.0000000000764445e+01
-1.1999999831068278e+02
-1.5000636331898187e+02
-1.8001909671603946e+02
-2.1000000000196218e+02
-2.3998726491738537e+02
-2.6999891970070951e+02
-2.9999998601879304e+02
-2.7000000048418480e+02
-2.4000637994902229e+02
-2.1001912272425238e+02
-1.8000000000239976e+02
-1.4998724737636493e+02
-1.1998086315534736e+02
-9.0000000000974282e+01
-6.0000000001256552e+01
-3.0000000000523322e+01
-5.2090300892315953e-10
2.9999999999265263e+01
5.9993634990019842e+01
8.9999999998816904e+01
1.1999999830943038e+02
1.4999363161151211e+02
1.7998090159445252e+02
2.0999999999783779e+02
2.4001272832339123e+02
2.6999501181395698e+02
2.9999674498430426e+02
2.6999999953248584e+02
2.3999688907245925e+02
2.0998741191480099e+02
1.8000000000088141e+02
1.5000622307732027e+02
1.2000607945375411e+02
8.9999999999441414e+01
6.0000000000991101e+01
3.0000000000117993e+01
1.1366535246296873e-11
-2.9999999999849031e+01
-6.0006366698411838e+01
-9.0000000000098510e+01
-1.1999999831045790e+02
-1.5000636331902868e+02
-1.8001909671612367e+02
-2.1000000000141301e+02
-2.3998726491632513e+02
-2.6998089314921367e+02
-2.9999950993951097e+02
-2.7000000029782393e+02
-2.4000685534502833e+02
-2.1002007339230801e+02
-1.8000000000193890e+02
-1.4998629732875980e+02
-1.2000000000082653e+02
-9.0000000000708596e+01
-6.0006365009392290e+01
-3.0000000000386979e+01
-2.2176327344108270e-10
3.0000000000012029e+01
5.9993634991170111e+01
8.9999999999671445e+01
1.1999999831010636e+02
1.4999363161203615e+02
1.7998090159463317e+02
2.0999999999861311e+02
2.4001272832437829e+02
2.7001908826274979e+02
2.9999990940647001e+02
2.6999999975391728e+02
2.3999372345024733e+02
2.0998107880478017e+02
1.7999999999917668e+02
1.5001255947031126e+02
1.2001875553016524e+02
8.9999999999639286e+01
5.9999999999182691e+01
2.9999999999613806e+01
-2.9054009236935252e-10
-3.0000000000116106e+01
-6.0006366698952753e+01
-9.0000000000414758e+01
-1.1999999831025288e+02
-1.5000636331848338e+02
-1.8001909671525235e+02
-2.1000000000109466e+02
-2.3998726491691554e+02
-2.6998089315038078e+02
-2.9999999150266854e+02
-2.7000000020799723e+02
-2.4000637391661417e+02
-2.1001911093966541e+02
-1.8000000000138010e+02
-1.4998725915071688e+02
-1.1998088669744303e+02
-9.0000000000131308e+01
-6.0000000000332889e+01
-2.9999999999670123e+01
2.1313375929843849e-10
3.0000000000242224e+01
5.9993634991006033e+01
8.9999999999631285e+01
1.1999999831004321e+02
1.4999363161183808e+02
1.7998090159445718e+02
2.0999999999864698e+02
2.4001272832444232e+02
2.7001908826294004e+02
2.9997817281939132e+02
2.6999999980127774e+02
2.4001547160474905e+02
2.0999999998739250e+02
1.7997815182982123e+02
1.4999999997678478e+02
1.2001549295050134e+02
8.9999999987489417e+01
5.9999999995076294e+01
3.0000000000229697e+01
9.5624974406036303e-11
-2.9999999999925262e+01
-6.0006366698226543e+01
-8.9999999999620201e+01
-1.1999999830988467e+02
-1.5000636331791267e+02
-1.8001909671499828e+02
-2.1000000000086661e+02
-2.3998726491671803e+02
-2.6998089315032666e+02
-2.9999408374204927e+02
-2.7000000018545086e+02
-2.4001227783077593e+02
-2.1003091499097150e+02
-1.8000000001516943e+02
-1.4997546273304070e+02
-1.2000000001509989e+02
-9.0000000005151350e+01
-6.0006365004442216e+01
-2.9999999999950056e+01
4.9064089085809949e-10
