0.0000000000000000e+00
2.9999999999964754e+01
5.9996927336638109e+01
8.9999999999212520e+01
1.1999999898379046e+02
1.4999692530536370e+02
1.7999077997870162e+02
2.0999991732758696e+02
2.3999847853633844e+02
2.6998760520042890e+02
2.9998492992186266e+02
2.6999999761562287e+02
2.4001199435974857e+02
2.1002091914042910e+02
1.7999999999998428e+02
1.4997600476639866e+02
1.1999999999287465e+02
8.9999999999353037e+01
5.9996926327530140e+01
2.9999999999161435e+01
9.3570943396319190e-11
3.0000000000069289e+01
6.0003073678504755e+01
9.0000000000741451e+01
1.1999999898587278e+02
1.4999544070512837e+02
1.7999761204125605e+02
2.0999369474679713e+02
2.3999236714406143e+02
2.6999085287748392e+02
2.9998900959988441e+02
2.7000000125744032e+02
2.4001406390348961e+02
2.1003119652432599e+02
1.8000000001320930e+02
1.4997188256102180e+02
1.2000000001066819e+02
9.0000000004439826e+01
6.0003072661461680e+01
3.0000000000830134e+01
5.2242603817604539e-11
2.9999999999959993e+01
5.9996927336556162e+01
8.9999999999134403e+01
1.1999999898365152e+02
1.4999692530530157e+02
1.7999077997873201e+02
2.0999899968701163e+02
2.3999622568588444e+02
2.6999165269020449e+02
2.9998992032737959e+02
2.6999999902477339e+02
2.4000700583754465e+02
2.1001093975097314e+02
1.8000000000077677e+02
1.4998598602962582e+02
1.1999999999821500e+02
9.0000000000278433e+01
5.9996926323866191e+01
2.9999999999332836e+01
1.2709043854992648e-10
2.9999999999944183e+01
6.0003073678374712e+01
9.0000000000754483e+01
1.1999999898592276e+02
1.5000307164933585e+02
1.8000921900625252e+02
2.1000000000319545e+02
2.3999385163319553e+02
2.6999812252334186e+02
2.9999997520335853e+02
2.7000000076970986e+02
2.4000309899542509e+02
2.1000926886565878e+02
1.8000000000324570e+02
1.4999380685650863e+02
1.1999068840982409e+02
9.0000000000844992e+01
6.0000000001519908e+01
3.0000000000010015e+01
9.5860493885929577e-11
3.0000000000077105e+01
5.9996927336603733e+01
8.9999999999073751e+01
1.1999999898348514e+02
1.4999692530490736e+02
1.7999077997810292e+02
2.0999999999672866e+02
2.4000614430669015e+02
2.6999329930459282e+02
2.9999573811562198e+02
2.6999999926541039e+02
2.4000118749211228e+02
2.0999930178065915e+02
1.7999999999913791e+02
1.4999762607458624e+02
1.1999217899174789e+02
8.9999999999803677e+01
6.0000000000185281e+01
2.9999999999820783e+01
3.6927125613314884e-10
3.0000000000167475e+01
6.0003073678508734e+01
9.0000000000820421e+01
1.1999999898619365e+02
1.5000307164969254e+02
1.8000921900671185e+02
2.1000000000339165e+02
2.3999385163325206e+02
2.6999077491038275e+02
2.9999914590219225e+02
2.7000000047369178e+02
2.4000392757584794e+02
2.1001092619436858e+02
1.8000000000378549e+02
1.4999214978580557e+02
1.2000000000124368e+02
9.0000000001027288e+01
6.0003072664285057e+01
3.0000000000881894e+01
4.5078612750472125e-10
2.9999999999977593e+01
5.9996927336770810e+01
8.9999999999358508e+01
1.1999999898390543e+02
1.4999692530538741e+02
1.7999077997863881e+02
2.0999999999696524e+02
2.4000614430647596e+02
2.7000921392317730e+02
2.9999987970392669e+02
2.6999999961222358e+02
2.3999704586320837e+02
2.0999101744150769e+02
1.7999999999685394e+02
1.5000591187780080e+02
1.2000875206987133e+02
8.9999999999178641e+01
5.9999999998436053e+01
2.9999999999657735e+01
4.7938580078450403e-10
3.0000000000235076e+01
6.0003073678737671e+01
9.0000000001003841e+01
1.1999999898624922e+02
1.5000307164946935e+02
1.8000921900644886e+02
2.1000000000339932e+02
2.3999385163353992e+02
2.6999077491107903e+02
2.9999998536477591e+02
2.7000000033057535e+02
2.4000308795724402e+02
2.1000924723019034e+02
1.8000000000331409e+02
1.4999382848891884e+02
1.1999073167125540e+02
9.0000000000856332e+01
6.0000000001429548e+01
3.0000000000038241e+01
3.4071799393744054e-10
2.9999999999845194e+01
5.9996927336510879e+01
8.9999999999005666e+01
1.1999999898340982e+02
1.4999692530489565e+02
1.7999077997808448e+02
2.0999999999670840e+02
2.4000614430661955e+02
2.7000921392379877e+02
2.9997081845163410e+02
2.6999999968601759e+02
2.4002611235898158e+02
2.0999999999408342e+02
1.7997080984423371e+02
1.4999999998564246e+02
1.2002612156874072e+02
8.9999999994218371e+01
5.9999999997078930e+01
2.9999999999971756e+01
2.7296263504512664e-10
2.9999999999960160e+01
6.0003073678332768e+01
9.0000000000540922e+01
1.1999999898567140e+02
1.5000307164895182e+02
1.8000921900586502e+02
2.1000000000297683e+02
2.3999385163336501e+02
2.6999077491119897e+02
2.9998986287307343e+02
2.7000000029492526e+02
2.4001320879775108e+02
2.1002948736789537e+02
1.8000000001252116e+02
1.4997359153043382e+02
1.2000000000989314e+02
9.0000000004177963e+01
6.0003072661724495e+01
3.0000000000669615e+01
4.1284496292411486e-10
