0.0000000000000000e+00
-1.7541327509973555e-10
-3.2923459135765368e-03
4.4481054133531794e-10
-6.7353510856062747e-07
-3.2936929981141516e-03
-9.8783835437481239e-03
2.0351675694372537e-05
3.4582576160405024e-04
2.6917627009842137e-03
3.0611909790231743e-03
8.6496560480934732e-07
-6.3491743513607330e-03
-1.5989600736192999e-02
-1.0949434821937011e-09
1.2691983593446731e-02
-6.7867145484625978e-09
-7.3234429137111955e-10
-3.2930148802485359e-03
1.0645288219967182e-09
6.0134882794171330e-10
6.1319397866802361e-10
-3.2930195694993230e-03
1.1725731904403152e-09
6.7650221264511001e-07
-1.8371273185476635e-03
-9.9462323871490899e-04
-2.6605904845359730e-03
-3.2740724915831447e-03
-4.0016584957892039e-03
-4.9241655264200546e-03
4.6855807740122079e-07
1.6351690480574943e-03
-1.9390387747565469e-05
-3.5697539573899700e-09
-3.2798129560318032e-03
-6.4193640876478117e-09
-1.3697711897882294e-09
-3.2923423870029659e-03
5.5724565170277908e-10
1.2599186990127881e-10
3.5951504617436229e-10
-3.2923453925592667e-03
5.8635433317902632e-10
-6.7327827208040824e-07
-3.2936925201722134e-03
-9.8783829780172226e-03
2.6130819074723119e-04
9.2620579842659517e-04
1.9925878963792639e-03
2.3193213584494377e-03
3.5460420348914290e-07
-5.6094203419080309e-03
-1.4510677569531038e-02
7.6368110565487522e-10
1.1215256423561384e-02
-3.0372455905532424e-09
-4.1563046434081403e-10
-3.2930181894427501e-03
-1.0120890318214446e-10
-5.1065520525046482e-10
-5.1497276569625120e-10
-3.2930207207323746e-03
-1.4668911705252544e-10
6.7510835921802071e-07
-3.2916697547173647e-03
-9.8777099370270377e-03
1.1056372655828216e-09
6.5867156522033867e-03
-7.9717741570471397e-04
-1.0815472275465758e-05
2.8549540040018357e-07
-3.2809536394147994e-03
-9.8538585928536083e-03
8.4618720801564648e-10
6.5594801655701560e-03
9.8252545502504930e-03
-8.2680457432013239e-11
3.1927932165991205e-10
-4.4035893050705257e-10
-3.8703105789732330e-10
-7.3587679305444322e-10
-3.2923465444406768e-03
-2.2365613443707749e-10
-6.7394448598775755e-07
-3.2936933107240553e-03
-9.8783835488213904e-03
1.2091754575543363e-09
6.5840167785017325e-03
1.7125094675522639e-03
1.0068687175543995e-03
2.6708810510473282e-07
-4.2984196927498674e-03
-1.1889865952611111e-02
1.7057124385669121e-09
8.5970027292506350e-03
1.3900462048946724e-02
-4.2013083514612686e-10
7.5353006718526349e-10
2.1313625954749564e-10
9.4207844187635685e-11
2.0175304648243315e-10
-3.2930199888099045e-03
6.7596862730867812e-10
6.7568074970928018e-07
-3.2916693540306426e-03
-9.8777094436052326e-03
1.9494501360869836e-09
6.5867169518437022e-03
9.8817611930857759e-03
-3.6403737492195004e-04
1.7577699852272446e-07
-2.9277692595369542e-03
-9.1471981082808448e-03
1.7997361438218112e-09
5.8524571199147267e-03
4.3226792229335591e-10
2.8757769534424783e-10
-3.2923451444906424e-03
5.1438742595378725e-10
-1.9644844223529465e-10
7.8722353146403477e-12
-3.2923456246614627e-03
2.7859400412538877e-10
-6.7389457449094371e-07
-3.2936934870558985e-03
-9.8783841308408369e-03
1.6202086788936964e-09
6.5840180182448462e-03
9.8743397597443987e-03
2.9702471316001707e-05
1.4168399125453902e-07
-3.3224130035879973e-03
-9.9386367929061720e-03
2.2290759862986228e-09
6.6475923621844195e-03
1.0003460083514343e-02
3.4321910503502347e-10
6.0152610302138006e-10
-1.2603271350880359e-10
-1.2565649045424330e-10
2.1997795495152454e-12
-3.2930203635545543e-03
4.7687088769619132e-10
6.7589474712567011e-07
-3.2916690564352125e-03
-9.8777088117729464e-03
2.2363869640045626e-09
6.5867164558393552e-03
9.8817604880164465e-03
-6.1379627154578703e-06
1.2249405709296719e-07
-3.2859595197393238e-03
-9.8637096665786846e-03
1.8435733764023717e-09
6.5693381225111576e-03
9.8449737923845104e-03
6.2062426973406213e-10
1.0179585443387631e-09
3.0869437786139180e-10
1.2923651726303804e-10
3.8495488048629522e-10
-3.2923455326214963e-03
5.5536893231265204e-10
-6.7342551640799248e-07
-3.2936931510703952e-03
-9.8783837531084620e-03
1.8627001499438372e-09
6.5840177992101036e-03
9.8743391946139823e-03
7.3543676791813679e-03
1.1516225591269577e-07
-1.0640754268519691e-02
-6.6964411570956538e-09
7.3419855693073952e-03
-8.8306461854123749e-09
-1.0628618182323062e-02
-6.7075872358768187e-09
-1.9164970816086752e-09
3.6954528663361426e-10
6.9253780952686120e-11
1.1645049462055054e-10
-3.2930197589739721e-03
9.7671971206567747e-10
6.7584365350438357e-07
-3.2916689940357411e-03
-9.8777090641865729e-03
2.1902803532093265e-09
6.5867166561283975e-03
9.8817608378367183e-03
-4.2208690008647834e-03
1.0940669961718729e-07
9.3096684108975728e-04
-1.4276232439145822e-03
-2.7643150007209879e-09
-1.8712027354267312e-03
-5.3131399605543979e-09
-1.0534365510331914e-09
-3.2923427430170587e-03
6.2695762772283987e-10
3.5129697163894957e-10
