1.9999999999999974e+02
1.9999999999999974e+02
1.9999999999999974e+02
1.9999999999999974e+02
1.9999999999999974e+02
1.9999999999999974e+02
1.9999999999999974e+02
2.0205439425536875e+02
2.0875166797438433e+02
2.1606382358083889e+02
2.2409487926817368e+02
2.2409487926817368e+02
2.2409487926817368e+02
2.2409487926817368e+02
2.2409487926817368e+02
2.2409487926817368e+02
2.2409487926817368e+02
2.2409487926817368e+02
2.2409487926817368e+02
2.2409487926817368e+02
2.2409487926817368e+02
2.2409487926817368e+02
2.2409487926817368e+02
2.2409487926817368e+02
2.2409487926817368e+02
2.2438184675337865e+02
2.2953192843559236e+02
2.3506839425424727e+02
2.4104710873756278e+02
2.4753229921191263e+02
2.5460143345176840e+02
2.5460143345176840e+02
2.5460143345176840e+02
2.5460143345176840e+02
2.5460143345176840e+02
2.5460143345176840e+02
2.5460143345176840e+02
2.5460143345176840e+02
2.5460143345176840e+02
2.5460143345176840e+02
2.5460143345176840e+02
2.5460143345176840e+02
2.5460143345176840e+02
2.5460143345176840e+02
2.5460143345176840e+02
2.5460143345176840e+02
2.5460143345176840e+02
2.5473808329868447e+02
2.6035624245010263e+02
2.6642745783311449e+02
2.7301976305602511e+02
2.7301976305602511e+02
2.7301976305602511e+02
2.7301976305602511e+02
2.7301976305602511e+02
2.7301976305602511e+02
2.7301976305602511e+02
2.7301976305602511e+02
2.7301976305602511e+02
2.7301976305602511e+02
2.7301976305602511e+02
2.7301976305602511e+02
2.7301976305602511e+02
2.7301976305602511e+02
2.7301976305602511e+02
2.7301976305602511e+02
2.7301976305602511e+02
2.7301976305602511e+02
2.7301976305602511e+02
2.7768973438103097e+02
2.8402753884521604e+02
2.8402753884521604e+02
2.8402753884521604e+02
2.8402753884521604e+02
2.8402753884521604e+02
2.8402753884521604e+02
2.8402753884521604e+02
2.8402753884521604e+02
2.8402753884521604e+02
2.8402753884521604e+02
2.8402753884521604e+02
2.8402753884521604e+02
2.8402753884521604e+02
2.8402753884521604e+02
2.8402753884521604e+02
2.8402753884521604e+02
2.8402753884521604e+02
2.8402753884521604e+02
2.8402753884521604e+02
2.8439741888751757e+02
2.9059208158414810e+02
2.9059208158414810e+02
2.9059208158414810e+02
2.9059208158414810e+02
2.9059208158414810e+02
2.9059208158414810e+02
2.9059208158414810e+02
2.9059208158414810e+02
2.9059208158414810e+02
2.9059208158414810e+02
2.9059208158414810e+02
2.9059208158414810e+02
2.9059208158414810e+02
2.9059208158414810e+02
2.9059208158414810e+02
2.9059208158414810e+02
2.9059208158414810e+02
2.9059208158414810e+02
2.9059208158414810e+02
2.9059208158414810e+02
2.9442544582929355e+02
2.9442544582929355e+02
2.9442544582929355e+02
2.9442544582929355e+02
2.9442544582929355e+02
2.9442544582929355e+02
2.9442544582929355e+02
2.9442544582929355e+02
2.9442544582929355e+02
2.9442544582929355e+02
2.9442544582929355e+02
2.9442544582929355e+02
2.9442544582929355e+02
2.9442544582929355e+02
2.9442544582929355e+02
2.9442544582929355e+02
2.9442544582929355e+02
2.9442544582929355e+02
2.9442544582929355e+02
2.9442544582929355e+02
2.9668002219305009e+02
2.9668002219305009e+02
2.9668002219305009e+02
2.9668002219305009e+02
2.9668002219305009e+02
2.9668002219305009e+02
2.9668002219305009e+02
2.9668002219305009e+02
2.9668002219305009e+02
2.9668002219305009e+02
2.9668002219305009e+02
2.9668002219305009e+02
2.9668002219305009e+02
2.9668002219305009e+02
2.9668002219305009e+02
2.9668002219305009e+02
2.9668002219305009e+02
2.9668002219305009e+02
2.9668002219305009e+02
2.9668002219305009e+02
2.9801682330706404e+02
2.9801682330706404e+02
2.9801682330706404e+02
2.9801682330706404e+02
2.9801682330706404e+02
2.9801682330706404e+02
2.9801682330706404e+02
2.9801682330706404e+02
2.9801682330706404e+02
2.9801682330706404e+02
2.9801682330706404e+02
2.9801682330706404e+02
2.9801682330706404e+02
2.9801682330706404e+02
2.9801682330706404e+02
2.9801682330706404e+02
2.9801682330706404e+02
2.9801682330706404e+02
2.9801682330706404e+02
2.9801682330706404e+02
2.9880732055380315e+02
2.9880732055380315e+02
2.9880732055380315e+02
2.9880732055380315e+02
2.9880732055380315e+02
2.9880732055380315e+02
2.9880732055380315e+02
2.9880732055380315e+02
2.9880732055380315e+02
2.9880732055380315e+02
2.9880732055380315e+02
2.9880732055380315e+02
2.9880732055380315e+02
2.9880732055380315e+02
2.9880732055380315e+02
2.9880732055380315e+02
2.9880732055380315e+02
2.9880732055380315e+02
2.9880732055380315e+02
2.9880732055380315e+02
2.9927764517562071e+02
2.9927764517562071e+02
2.9927764517562071e+02
2.9927764517562071e+02
2.9927764517562071e+02
2.9927764517562071e+02
2.9927764517562071e+02
2.9927764517562071e+02
2.9927764517562071e+02
2.9927764517562071e+02
2.9927764517562071e+02
