0.0000000000000000e+00
-1.0639452946740529e-10
-3.2923457746173255e-03
6.0664042683858677e-10
-6.7348150974843285e-07
-3.2936929794446005e-03
-9.8783836671717355e-03
2.0351816482247950e-05
3.4582581508626450e-04
2.6917626981776237e-03
3.0611909931692678e-03
8.6497073301874622e-07
-6.3491743442474465e-03
-1.5989600745440289e-02
-1.1637550894708614e-09
1.2691983559264609e-02
-6.6916916718226158e-09
-5.6132259971729664e-10
-3.2930147710527676e-03
1.1489988984014914e-09
6.6895033460904104e-10
5.1467604252716681e-10
-3.2930196579187710e-03
1.0553713331616065e-09
6.7643110736856560e-07
-1.8371273498941510e-03
-9.9462324281383526e-04
-2.6605904330010343e-03
-3.2740724524089777e-03
-4.0016584698515508e-03
-4.9241655089622251e-03
4.6851001417121580e-07
1.6351688506502076e-03
-1.9390734548247042e-05
-3.7677359848817139e-09
-3.2798127513869522e-03
-6.4851893703622004e-09
-1.4353461145307201e-09
-3.2923425069312272e-03
4.8785232153368904e-10
7.5903688823713253e-11
1.9160402211571698e-10
-3.2923455319317802e-03
4.6623187189482884e-10
-6.7334967199572064e-07
-3.2936925405937585e-03
-9.8783829071841574e-03
2.6130793354654612e-04
9.2620574034766657e-04
1.9925878396562279e-03
2.3193213076135137e-03
3.5457488319007812e-07
-5.6094202609057913e-03
-1.4510677416987017e-02
8.7873203673862187e-10
1.1215256366255160e-02
-2.9151415097080650e-09
-3.0447664511502646e-10
-3.2930180360431268e-03
8.5058820657191176e-11
-3.9490863074784746e-10
-3.6079456015153277e-10
-3.2930205821706379e-03
1.2675827070765716e-10
6.7537159019993746e-07
-3.2916695374475315e-03
-9.8777096369893833e-03
1.3609287909166660e-09
6.5867159679747914e-03
-7.9717731935745979e-04
-1.0815396804688028e-05
2.8555488663127550e-07
-3.2809535549814381e-03
-9.8538585941252994e-03
8.4572997557900381e-10
6.5594801218874831e-03
9.8252544032495261e-03
-1.7580814357801239e-10
2.0736179278677759e-10
-5.8624501639414948e-10
-5.7400576724547744e-10
-8.8781556026242099e-10
-3.2923466233286082e-03
-2.9010586313447919e-10
-6.7416490978329617e-07
-3.2936934799617200e-03
-9.8783837519003312e-03
1.0089175789516375e-09
6.5840166235663668e-03
1.7125092608619443e-03
1.0068686473210225e-03
2.6706250910049062e-07
-4.2984196132470863e-03
-1.1889865763721722e-02
1.7810245202262235e-09
8.5970027389310876e-03
1.3900461963437815e-02
-3.0438615727714841e-10
8.5811125149369166e-10
3.8131604929177738e-10
3.4060422881619170e-10
4.3509312779149128e-10
-3.2930198173770535e-03
7.6784790735329954e-10
6.7579059694695143e-07
-3.2916693182626923e-03
-9.8777093801412398e-03
2.0079709191381750e-09
6.5867169021532907e-03
9.8817611448588274e-03
-3.6403726273244111e-04
1.7595896487069994e-07
-2.9277691009987287e-03
-9.1471977704071852e-03
1.8934173757986878e-09
5.8524569716621594e-03
4.0190443490000688e-10
3.4990853189862513e-10
-3.2923450699247248e-03
4.7539772595205504e-10
-1.7742295695825291e-10
6.1013256330286249e-11
-3.2923455767802324e-03
3.4730008375437663e-10
-6.7370370469321896e-07
-3.2936932152954771e-03
-9.8783838804690841e-03
1.6753267117769420e-09
6.5840177864270617e-03
9.8743393849849270e-03
2.9702615323376834e-05
1.4170326877807234e-07
-3.3224129185417768e-03
-9.9386366621764914e-03
2.4162733623284895e-09
6.6475926587644370e-03
1.0003460504190115e-02
5.7806793442424533e-10
8.9174779896501639e-10
3.8181307872129286e-11
2.7767924273049194e-11
2.3574822234304913e-10
-3.2930200665973802e-03
7.0123288121088134e-10
6.7609784028973839e-07
-3.2916689716422348e-03
-9.8777087953392344e-03
2.3729798502215803e-09
6.5867167928274160e-03
9.8817609084453448e-03
-6.1378223615830814e-06
1.2266214784551233e-07
-3.2859592208528830e-03
-9.8637092836102985e-03
2.0247128348002732e-09
6.5693382813239139e-03
9.8449738324635563e-03
8.2947441795516979e-10
1.1753266650403243e-09
4.2753378445880770e-10
3.3090755928122801e-10
4.0909664645246113e-10
-3.2923454770518732e-03
6.9583932000182199e-10
-6.7330777497579721e-07
-3.2936929640347036e-03
-9.8783835015364731e-03
2.0147265075267520e-09
6.5840178461603104e-03
9.8743390876884548e-03
7.3543678356279502e-03
1.1535824004412450e-07
-1.0640754196378888e-02
-6.6856083232280550e-09
7.3419856056634305e-03
-8.8846635343196939e-09
-1.0628618296385856e-02
-6.7504112569427350e-09
-2.0887199549713408e-09
1.4633414854195229e-10
-9.4132376218180755e-11
-4.6667356496265332e-11
-3.2930200285208513e-03
8.6468867096003565e-10
6.7572980087621857e-07
-3.2916689276638613e-03
-9.8777092019888286e-03
2.0297377943921441e-09
6.5867166380253759e-03
9.8817609067999353e-03
-4.2208689508195871e-03
1.0954223449904375e-07
9.3096710899999305e-04
-1.4276229080531020e-03
-2.5322082090618473e-09
-1.8712024782263491e-03
-5.1003830805071364e-09
-8.9340142509948674e-10
-3.2923426924548749e-03
8.1217640418400783e-10
5.0362419173285344e-10
