0.0000000000000000e+00
0.0000000000000000e+00
0.0000000000000000e+00
0.0000000000000000e+00
0.0000000000000000e+00
0.0000000000000000e+00
0.0000000000000000e+00
8.7773186663305314e+03
4.0184524066970567e+04
7.9048689911920694e+04
1.2675738173260854e+05
1.2675738173260854e+05
1.2675738173260854e+05
1.2675738173260854e+05
1.2675738173260854e+05
1.2675738173260854e+05
1.2675738173260854e+05
1.2675738173260854e+05
1.2675738173260854e+05
1.2675738173260854e+05
1.2675738173260854e+05
1.2675738173260854e+05
1.2675738173260854e+05
1.2675738173260854e+05
1.2675738173260854e+05
1.2764854035633127e+05
1.4534582773486714e+05
1.6782861204569510e+05
1.9584061271779754e+05
2.3027485668889858e+05
2.7222295974126109e+05
2.7222295974126109e+05
2.7222295974126109e+05
2.7222295974126109e+05
2.7222295974126109e+05
2.7222295974126109e+05
2.7222295974126109e+05
2.7222295974126109e+05
2.7222295974126109e+05
2.7222295974126109e+05
2.7222295974126109e+05
2.7222295974126109e+05
2.7222295974126109e+05
2.7222295974126109e+05
2.7222295974126109e+05
2.7222295974126109e+05
2.7222295974126109e+05
2.7281990947303944e+05
2.9916636663050740e+05
3.3143503882379713e+05
3.7059741785354377e+05
3.7059741785354377e+05
3.7059741785354377e+05
3.7059741785354377e+05
3.7059741785354377e+05
3.7059741785354377e+05
3.7059741785354377e+05
3.7059741785354377e+05
3.7059741785354377e+05
3.7059741785354377e+05
3.7059741785354377e+05
3.7059741785354377e+05
3.7059741785354377e+05
3.7059741785354377e+05
3.7059741785354377e+05
3.7059741785354377e+05
3.7059741785354377e+05
3.7059741785354377e+05
3.7059741785354377e+05
3.9568831464252458e+05
4.3329792466071737e+05
4.3329792466071737e+05
4.3329792466071737e+05
4.3329792466071737e+05
4.3329792466071737e+05
4.3329792466071737e+05
4.3329792466071737e+05
4.3329792466071737e+05
4.3329792466071737e+05
4.3329792466071737e+05
4.3329792466071737e+05
4.3329792466071737e+05
4.3329792466071737e+05
4.3329792466071737e+05
4.3329792466071737e+05
4.3329792466071737e+05
4.3329792466071737e+05
4.3329792466071737e+05
4.3329792466071737e+05
4.3537201254951512e+05
4.7217263054392184e+05
4.7217263054392184e+05
4.7217263054392184e+05
4.7217263054392184e+05
4.7217263054392184e+05
4.7217263054392184e+05
4.7217263054392184e+05
4.7217263054392184e+05
4.7217263054392184e+05
4.7217263054392184e+05
4.7217263054392184e+05
4.7217263054392184e+05
4.7217263054392184e+05
4.7217263054392184e+05
4.7217263054392184e+05
4.7217263054392184e+05
4.7217263054392184e+05
4.7217263054392184e+05
4.7217263054392184e+05
4.7217263054392184e+05
4.9536703720709938e+05
4.9536703720709938e+05
4.9536703720709938e+05
4.9536703720709938e+05
4.9536703720709938e+05
4.9536703720709938e+05
4.9536703720709938e+05
4.9536703720709938e+05
4.9536703720709938e+05
4.9536703720709938e+05
4.9536703720709938e+05
4.9536703720709938e+05
4.9536703720709938e+05
4.9536703720709938e+05
4.9536703720709938e+05
4.9536703720709938e+05
4.9536703720709938e+05
4.9536703720709938e+05
4.9536703720709938e+05
4.9536703720709938e+05
5.0920401875923318e+05
5.0920401875923318e+05
5.0920401875923318e+05
5.0920401875923318e+05
5.0920401875923318e+05
5.0920401875923318e+05
5.0920401875923318e+05
5.0920401875923318e+05
5.0920401875923318e+05
5.0920401875923318e+05
5.0920401875923318e+05
5.0920401875923318e+05
5.0920401875923318e+05
5.0920401875923318e+05
5.0920401875923318e+05
5.0920401875923318e+05
5.0920401875923318e+05
5.0920401875923318e+05
5.0920401875923318e+05
5.0920401875923318e+05
5.1746196983779431e+05
5.1746196983779431e+05
5.1746196983779431e+05
5.1746196983779431e+05
5.1746196983779431e+05
5.1746196983779431e+05
5.1746196983779431e+05
5.1746196983779431e+05
5.1746196983779431e+05
5.1746196983779431e+05
5.1746196983779431e+05
5.1746196983779431e+05
5.1746196983779431e+05
5.1746196983779431e+05
5.1746196983779431e+05
5.1746196983779431e+05
5.1746196983779431e+05
5.1746196983779431e+05
5.1746196983779431e+05
5.1746196983779431e+05
5.2237240815707413e+05
5.2237240815707413e+05
5.2237240815707413e+05
5.2237240815707413e+05
5.2237240815707413e+05
5.2237240815707413e+05
5.2237240815707413e+05
5.2237240815707413e+05
5.2237240815707413e+05
5.2237240815707413e+05
5.2237240815707413e+05
5.2237240815707413e+05
5.2237240815707413e+05
5.2237240815707413e+05
5.2237240815707413e+05
5.2237240815707413e+05
5.2237240815707413e+05
5.2237240815707413e+05
5.2237240815707413e+05
5.2237240815707413e+05
5.2529871596358309e+05
5.2529871596358309e+05
5.2529871596358309e+05
5.2529871596358309e+05
5.2529871596358309e+05
5.2529871596358309e+05
5.2529871596358309e+05
5.2529871596358309e+05
5.2529871596358309e+05
5.2529871596358309e+05
5.2529871596358309e+05
