0.0000000000000000e+00
0.0000000000000000e+00
0.0000000000000000e+00
0.0000000000000000e+00
0.0000000000000000e+00
0.0000000000000000e+00
0.0000000000000000e+00
7.7666664844989528e+00
1.8397578646950940e+01
2.9033331406239331e+01
3.9666665184843673e+01
3.9666665184843616e+01
3.9666665184843644e+01
3.9666665184843602e+01
3.9666665184843531e+01
3.9666665184843453e+01
3.9666665184843417e+01
3.9666665184843417e+01
3.9666665184843410e+01
3.9666665184843396e+01
3.9666665184843367e+01
3.9666665184843417e+01
3.9666665184843417e+01
3.4766666732296848e+01
2.4133333460631775e+01
1.3500002739960349e+01
2.8666694572762585e+00
-7.7666638248607134e+00
-1.8399997105536311e+01
-2.9033330384958123e+01
-3.9666663663071027e+01
-3.9666663663071041e+01
-3.9666663663071006e+01
-3.9666663663071034e+01
-3.9666663663071013e+01
-3.9666663663070921e+01
-3.9666663663070906e+01
-3.9666663663070914e+01
-3.9666663663070878e+01
-3.9666663663070942e+01
-3.9666663663070906e+01
-3.9666663663070914e+01
-3.9666663663070914e+01
-3.4766666693231485e+01
-2.4133333384885667e+01
-1.3500001481411674e+01
-2.8666681773135223e+00
7.7666651262924313e+00
1.8399998429071580e+01
2.9033331731073051e+01
3.9666665032282594e+01
3.9666665032282616e+01
3.9666665032282616e+01
3.9666665032282616e+01
3.9666665032282630e+01
3.9666665032282680e+01
3.9666665032282673e+01
3.9666665032282694e+01
3.9666665032282722e+01
3.9666665032282715e+01
3.9666665032282737e+01
3.9666665032282673e+01
3.9666665032282680e+01
3.4766666732309211e+01
2.4133333460653205e+01
1.3500002739984104e+01
2.8666694572988143e+00
-7.7666638248429560e+00
-1.8399997105529785e+01
-2.9033330384952052e+01
-3.9666663663063353e+01
-3.9666663663063410e+01
-3.9666663663063318e+01
-3.9666663663063261e+01
-3.9666663663063275e+01
-3.9666663663063261e+01
-3.9666663663063247e+01
-3.9666663663063247e+01
-3.9666663663063176e+01
-3.9666663663063233e+01
-3.9666663663063247e+01
-3.9666663663063147e+01
-3.9666663663063233e+01
-3.4766666693210247e+01
-2.4133333384868113e+01
-1.3500001481404880e+01
-2.8666681773061322e+00
7.7666651262873829e+00
1.8399998429059313e+01
2.9033331731059913e+01
3.9666665032279028e+01
3.9666665032278999e+01
3.9666665032278985e+01
3.9666665032279070e+01
3.9666665032279042e+01
3.9666665032278971e+01
3.9666665032278999e+01
3.9666665032278978e+01
3.9666665032278964e+01
3.9666665032278949e+01
3.9666665032278914e+01
3.9666665032278942e+01
3.9666665032278956e+01
3.4766666732316246e+01
2.4133333460653681e+01
1.3500002739985366e+01
2.8666694573041229e+00
-7.7666638248274014e+00
-1.8399997105511709e+01
-2.9033330384929286e+01
-3.9666663663042328e+01
-3.9666663663042321e+01
-3.9666663663042307e+01
-3.9666663663042293e+01
-3.9666663663042272e+01
-3.9666663663042250e+01
-3.9666663663042236e+01
-3.9666663663042264e+01
-3.9666663663042257e+01
-3.9666663663042222e+01
-3.9666663663042272e+01
-3.9666663663042243e+01
-3.9666663663042243e+01
-3.4766666693207092e+01
-2.4133333384870784e+01
-1.3500001481414593e+01
-2.8666681773175751e+00
7.7666651262812199e+00
1.8399998429047351e+01
2.9033331731051661e+01
3.9666665032261918e+01
3.9666665032261854e+01
3.9666665032261903e+01
3.9666665032261882e+01
3.9666665032261889e+01
3.9666665032261832e+01
3.9666665032261861e+01
3.9666665032261861e+01
3.9666665032261832e+01
3.9666665032261818e+01
3.9666665032261797e+01
3.9666665032261790e+01
3.9666665032261797e+01
3.4766666732268590e+01
2.4133333460586552e+01
1.3500002739906552e+01
2.8666694572157678e+00
-7.7666638249208182e+00
-1.8399997105611785e+01
-2.9033330385036042e+01
-3.9666663663149059e+01
-3.9666663663149045e+01
-3.9666663663149080e+01
-3.9666663663149102e+01
-3.9666663663149080e+01
-3.9666663663149080e+01
-3.9666663663149087e+01
-3.9666663663149116e+01
-3.9666663663149073e+01
-3.9666663663149059e+01
-3.9666663663149095e+01
-3.9666663663149052e+01
-3.9666663663149031e+01
-3.4766666693311500e+01
-2.4133333384972005e+01
-1.3500001481511493e+01
-2.8666681774154368e+00
7.7666651261841135e+00
1.8399998428960547e+01
2.9033331730964200e+01
3.9666665032172638e+01
3.9666665032172659e+01
3.9666665032172730e+01
3.9666665032172730e+01
3.9666665032172730e+01
3.9666665032172737e+01
3.9666665032172730e+01
3.9666665032172730e+01
3.9666665032172659e+01
3.9666665032172638e+01
3.9666665032172617e+01
3.9666665032172617e+01
3.9666665032172610e+01
3.4766666732198331e+01
2.4133333460537134e+01
1.3500002739863348e+01
2.8666694571763776e+00
-7.7666638249598909e+00
-1.8399997105638882e+01
-2.9033330385052771e+01
-3.9666663663163519e+01
-3.9666663663163483e+01
-3.9666663663163497e+01
-3.9666663663163476e+01
-3.9666663663163483e+01
-3.9666663663163440e+01
-3.9666663663163469e+01
-3.9666663663163447e+01
-3.9666663663163376e+01
-3.9666663663163384e+01
-3.9666663663163419e+01
