0.0000000000000000e+00
0.0000000000000000e+00
0.0000000000000000e+00
0.0000000000000000e+00
0.0000000000000000e+00
0.0000000000000000e+00
0.0000000000000000e+00
7.7666664844803694e+00
1.8397578646923112e+01
2.9033331406208127e+01
3.9666665184807670e+01
3.9666665184807641e+01
3.9666665184807663e+01
3.9666665184807641e+01
3.9666665184807613e+01
3.9666665184807535e+01
3.9666665184807528e+01
3.9666665184807520e+01
3.9666665184807499e+01
3.9666665184807542e+01
3.9666665184807492e+01
3.9666665184807556e+01
3.9666665184807520e+01
3.4766666732259630e+01
2.4133333460596909e+01
1.3500002739926042e+01
2.8666694572382712e+00
-7.7666638248981847e+00
-1.8399997105582923e+01
-2.9033330385009137e+01
-3.9666663663120367e+01
-3.9666663663120367e+01
-3.9666663663120367e+01
-3.9666663663120374e+01
-3.9666663663120346e+01
-3.9666663663120303e+01
-3.9666663663120289e+01
-3.9666663663120346e+01
-3.9666663663120289e+01
-3.9666663663120360e+01
-3.9666663663120303e+01
-3.9666663663120325e+01
-3.9666663663120310e+01
-3.4766666693282922e+01
-2.4133333384940769e+01
-1.3500001481479689e+01
-2.8666681773796747e+00
7.7666651262226765e+00
1.8399998428999123e+01
2.9033331731005294e+01
3.9666665032216244e+01
3.9666665032216230e+01
3.9666665032216279e+01
3.9666665032216287e+01
3.9666665032216322e+01
3.9666665032216372e+01
3.9666665032216386e+01
3.9666665032216422e+01
3.9666665032216443e+01
3.9666665032216414e+01
3.9666665032216414e+01
3.9666665032216343e+01
3.9666665032216379e+01
3.4766666732227378e+01
2.4133333460550549e+01
1.3500002739878909e+01
2.8666694571921632e+00
-7.7666638249341613e+00
-1.8399997105620784e+01
-2.9033330385038042e+01
-3.9666663663152526e+01
-3.9666663663152583e+01
-3.9666663663152512e+01
-3.9666663663152463e+01
-3.9666663663152441e+01
-3.9666663663152406e+01
-3.9666663663152399e+01
-3.9666663663152399e+01
-3.9666663663152313e+01
-3.9666663663152391e+01
-3.9666663663152384e+01
-3.9666663663152335e+01
-3.9666663663152420e+01
-3.4766666693298781e+01
-2.4133333384955311e+01
-1.3500001481487571e+01
-2.8666681773851685e+00
7.7666651262215218e+00
1.8399998429001140e+01
2.9033331731008275e+01
3.9666665032218155e+01
3.9666665032218177e+01
3.9666665032218148e+01
3.9666665032218205e+01
3.9666665032218191e+01
3.9666665032218113e+01
3.9666665032218170e+01
3.9666665032218177e+01
3.9666665032218162e+01
3.9666665032218205e+01
3.9666665032218184e+01
3.9666665032218198e+01
3.9666665032218226e+01
3.4766666732252219e+01
2.4133333460588233e+01
1.3500002739918381e+01
2.8666694572303344e+00
-7.7666638249001796e+00
-1.8399997105584710e+01
-2.9033330384998781e+01
-3.9666663663107094e+01
-3.9666663663107066e+01
-3.9666663663107066e+01
-3.9666663663107066e+01
-3.9666663663107030e+01
-3.9666663663107002e+01
-3.9666663663106981e+01
-3.9666663663106988e+01
-3.9666663663106988e+01
-3.9666663663106959e+01
-3.9666663663106974e+01
-3.9666663663106959e+01
-3.9666663663106945e+01
-3.4766666693257875e+01
-2.4133333384908752e+01
-1.3500001481443258e+01
-2.8666681773396574e+00
7.7666651262639972e+00
1.8399998429046164e+01
2.9033331731048413e+01
3.9666665032271126e+01
3.9666665032271098e+01
3.9666665032271140e+01
3.9666665032271140e+01
3.9666665032271162e+01
3.9666665032271105e+01
3.9666665032271126e+01
3.9666665032271105e+01
3.9666665032271133e+01
3.9666665032271112e+01
3.9666665032271041e+01
3.9666665032271069e+01
3.9666665032271069e+01
3.4766666732308451e+01
2.4133333460656541e+01
1.3500002739998928e+01
2.8666694573153055e+00
-7.7666638248070647e+00
-1.8399997105491746e+01
-2.9033330384910851e+01
-3.9666663663022405e+01
-3.9666663663022376e+01
-3.9666663663022419e+01
-3.9666663663022426e+01
-3.9666663663022405e+01
-3.9666663663022383e+01
-3.9666663663022426e+01
-3.9666663663022433e+01
-3.9666663663022376e+01
-3.9666663663022405e+01
-3.9666663663022405e+01
-3.9666663663022362e+01
-3.9666663663022341e+01
-3.4766666693181968e+01
-2.4133333384839368e+01
-1.3500001481372422e+01
-2.8666681772675657e+00
7.7666651263371191e+00
1.8399998429109942e+01
2.9033331731120640e+01
3.9666665032324765e+01
3.9666665032324801e+01
3.9666665032324829e+01
3.9666665032324836e+01
3.9666665032324822e+01
3.9666665032324815e+01
3.9666665032324815e+01
3.9666665032324808e+01
3.9666665032324751e+01
3.9666665032324737e+01
3.9666665032324723e+01
3.9666665032324723e+01
3.9666665032324715e+01
3.4766666732341633e+01
2.4133333460676713e+01
1.3500002740008942e+01
2.8666694573240186e+00
-7.7666638248152413e+00
-1.8399997105499715e+01
-2.9033330384912372e+01
-3.9666663663018824e+01
-3.9666663663018760e+01
-3.9666663663018781e+01
-3.9666663663018781e+01
-3.9666663663018760e+01
-3.9666663663018738e+01
-3.9666663663018767e+01
-3.9666663663018738e+01
-3.9666663663018653e+01
-3.9666663663018689e+01
-3.9666663663018760e+01
