0.0000000000000000e+00
-1.5560975609852837e-04
-3.1124373036186805e-04
-4.6682926829708061e-04
-6.2243901685980231e-04
-7.7807298358384392e-04
-9.3373117601023171e-04
-1.8689627532049074e-03
-3.0975258644443315e-03
-4.3323856848224143e-03
-5.5728450045601542e-03
-5.4172352634574011e-03
-5.2616497329779788e-03
-5.1060884055902540e-03
-4.9504059936279288e-03
-4.7947478149061333e-03
-4.6391864814217870e-03
-4.4835767253239567e-03
-4.3279911798550837e-03
-4.1723572131278346e-03
-4.0167474570266147e-03
-3.8611377009301270e-03
-3.7055521554623804e-03
-3.0682906369300144e-03
-1.8620254635226727e-03
-6.5021205415370794e-04
5.6720909821226118e-04
1.7902975557750821e-03
3.0191141403337904e-03
4.2537206582158246e-03
5.4941799214773546e-03
5.3385702127653721e-03
5.1829362859015151e-03
5.0272781333493815e-03
4.8717409461146461e-03
4.7161795633001279e-03
4.5605214339311641e-03
4.4049116778340060e-03
4.2492777035721954e-03
4.0936921656388866e-03
3.9380824095451746e-03
3.7824726534466811e-03
3.6268386791840222e-03
2.9896257342353844e-03
1.7833605562755533e-03
5.7154699935761145e-04
-6.4587415642285964e-04
-1.8689626174413798e-03
-3.0977792055675427e-03
-4.3323857271142796e-03
-5.5728449941427807e-03
-5.4172352542962744e-03
-5.2616497250734867e-03
-5.1060883989420556e-03
-4.9504059844668585e-03
-4.7947478032329804e-03
-4.6391864722607635e-03
-4.4835767161630216e-03
-4.3279911706946709e-03
-4.1723572039681798e-03
-4.0167474478668037e-03
-3.8611376917693911e-03
-3.7055521463012571e-03
-3.0682906427656424e-03
-1.8620254693576819e-03
-6.5021205998879133e-04
5.6720909237658907e-04
1.7902975499393340e-03
3.0191141344987162e-03
4.2537206523797395e-03
5.4941799156420215e-03
5.3385702069294622e-03
5.1829362800669002e-03
5.0272781275135948e-03
4.8717409402796235e-03
4.7161795574642970e-03
4.5605214280955578e-03
4.4049116719979834e-03
4.2492776977361285e-03
4.0936921598034954e-03
3.9380824037096793e-03
3.7824726476114626e-03
3.6268386733481887e-03
2.9896257283997642e-03
1.7833605504397952e-03
5.7154699352190616e-04
-6.4587416225913923e-04
-1.8689626232772016e-03
-3.0977792114038260e-03
-4.3323857329502944e-03
-5.5728449999792491e-03
-5.4172352601334203e-03
-5.2616497309105762e-03
-5.1060884047796785e-03
-4.9504059903047676e-03
-4.7947478090710769e-03
-4.6391864780987481e-03
-4.4835767220023264e-03
-4.3279911765334586e-03
-4.1723572098064437e-03
-4.0167474537053669e-03
-3.8611376976074329e-03
-3.7055521521398259e-03
-3.0682906486050052e-03
-1.8620254751978876e-03
-6.5021206582912335e-04
5.6720908653632850e-04
1.7902975440989310e-03
3.0191141286576208e-03
4.2537206465384416e-03
5.4941799098001294e-03
5.3385702010876578e-03
5.1829362742248867e-03
5.0272781216731920e-03
4.8717409344371703e-03
4.7161795516219539e-03
4.5605214222527012e-03
4.4049116661551624e-03
4.2492776918929198e-03
4.0936921539604420e-03
3.9380823978668565e-03
3.7824726417689174e-03
3.6268386675054882e-03
2.9896257225562935e-03
1.7833605445964733e-03
5.7154698767917535e-04
-6.4587416810181497e-04
-1.8689626291203036e-03
-3.0977792172466627e-03
-4.3323857387932690e-03
-5.5728450058225958e-03
-5.4172352659771685e-03
-5.2616497367556801e-03
-5.1060884106248457e-03
-4.9504059961486642e-03
-4.7947478149141217e-03
-4.6391864839419282e-03
-4.4835767278438993e-03
-4.3279911823757983e-03
-4.1723572156493801e-03
-4.0167474595480075e-03
-3.8611377034508043e-03
-3.7055521579817908e-03
-3.0682906544469719e-03
-1.8620254810392534e-03
-6.5021207167048904e-04
5.6720908069543780e-04
1.7902975382574275e-03
3.0191141228162596e-03
4.2537206406977959e-03
5.4941799039595470e-03
5.3385701952467814e-03
5.1829362683832713e-03
5.0272781158310518e-03
4.8717409285967943e-03
4.7161795457823716e-03
4.5605214164129524e-03
4.4049116603157249e-03
4.2492776860534971e-03
4.0936921481200730e-03
3.9380823920265613e-03
3.7824726359289452e-03
3.6268386616668180e-03
2.9896257167178922e-03
1.7833605387579565e-03
5.7154698183965779e-04
-6.4587417394137948e-04
-1.8689626349596160e-03
-3.0977792230853880e-03
-4.3323857446329198e-03
-5.5728450116614182e-03
-5.4172352718154871e-03
-5.2616497425922249e-03
-5.1060884164613888e-03
-4.9504060019861136e-03
-4.7947478207523110e-03
-4.6391864897791773e-03
-4.4835767336818058e-03
-4.3279911882128505e-03
-4.1723572214863560e-03
-4.0167474653852713e-03
-3.8611377092884020e-03
-3.7055521638200673e-03
-3.0682906602851434e-03
-1.8620254868775082e-03
-6.5021207750888131e-04
5.6720907485724654e-04
1.7902975324202955e-03
3.0191141169787260e-03
4.2537206348598582e-03
5.4941798981207862e-03
5.3385701894081775e-03
5.1829362625449536e-03
5.0272781099927463e-03
4.8717409227594551e-03
4.7161795399448866e-03
4.5605214105766609e-03
4.4049116544792582e-03
4.2492776802162307e-03
4.0936921422839740e-03
3.9380823861902966e-03
