0.0000000000000000e+00
4.6682926829070344e-05
9.3363674464571453e-05
1.4004878049072978e-04
1.8673170711855811e-04
2.3341245455315909e-04
2.8009102299712444e-04
7.1662771662506437e-04
1.2997529668730325e-03
1.8860952704021583e-03
2.4752029820565772e-03
2.4285200707942992e-03
2.3818349801376219e-03
2.3351477098808200e-03
2.2884712894994299e-03
2.2417926903283082e-03
2.1951054358326106e-03
2.1484225090039433e-03
2.1017374027773343e-03
2.0550566553451783e-03
2.0083737285132557e-03
1.9616908016836234e-03
1.9150056954572226e-03
1.6275111716620313e-03
1.0555005357390764e-03
4.8071576837404342e-04
-9.6872856899711036e-05
-6.7729513477626411e-04
-1.2605814761595890e-03
-1.8467627842139152e-03
-2.4358704649676518e-03
-2.3891875453706506e-03
-2.3425068049678795e-03
-2.2958282435554902e-03
-2.2491387657368237e-03
-2.2024514677235919e-03
-2.1557729120855861e-03
-2.1090899852568147e-03
-2.0624092376214935e-03
-2.0157241315982197e-03
-1.9690412047708942e-03
-1.9223582779425675e-03
-1.8756775303069451e-03
-1.5881787209839167e-03
-1.0161680834205071e-03
-4.4138326388168685e-04
1.3620536261029311e-04
7.1662764171835842e-04
1.2999139843755502e-03
1.8860952937366014e-03
2.4752029758340968e-03
2.4285200662177483e-03
2.3818349772051213e-03
2.3351477085930424e-03
2.2884712849218763e-03
2.2417926824599525e-03
2.1951054312558918e-03
2.1484225044267982e-03
2.1017373981999559e-03
2.0550566507687457e-03
2.0083737239361922e-03
1.9616907971076202e-03
1.9150056908815163e-03
1.6275111745844661e-03
1.0555005386622888e-03
4.8071577129676972e-04
-9.6872853977395082e-05
-6.7729513185416047e-04
-1.2605814732378900e-03
-1.8467627812928490e-03
-2.4358704620453323e-03
-2.3891875424490771e-03
-2.3425068020462860e-03
-2.2958282406339604e-03
-2.2491387628148121e-03
-2.2024514648013188e-03
-2.1557729091638508e-03
-2.1090899823344644e-03
-2.0624092346990699e-03
-2.0157241286754995e-03
-1.9690412018486952e-03
-1.9223582750193245e-03
-1.8756775273837069e-03
-1.5881787180602842e-03
-1.0161680804970123e-03
-4.4138326095951089e-04
1.3620536553208835e-04
7.1662764463905097e-04
1.2999139872952971e-03
1.8860952966570680e-03
2.4752029787554475e-03
2.4285200691385156e-03
2.3818349801263835e-03
2.3351477115144932e-03
2.2884712878427005e-03
2.2417926853804579e-03
2.1951054341761062e-03
2.1484225073459908e-03
2.1017374011195701e-03
2.0550566536876699e-03
2.0083737268558493e-03
1.9616908000270709e-03
1.9150056938001289e-03
1.6275111775033325e-03
1.0555005415800376e-03
4.8071577421504808e-04
-9.6872851058800205e-05
-6.7729512893466542e-04
-1.2605814703189830e-03
-1.8467627783733016e-03
-2.4358704591265321e-03
-2.3891875395308858e-03
-2.3425067991282790e-03
-2.2958282377156364e-03
-2.2491387598970363e-03
-2.2024514618838118e-03
-2.1557729062470017e-03
-2.1090899794171045e-03
-2.0624092317814676e-03
-2.0157241257585342e-03
-1.9690411989327136e-03
-1.9223582721034440e-03
-1.8756775244682493e-03
-1.5881787151454595e-03
-1.0161680775821514e-03
-4.4138325804471011e-04
1.3620536844696321e-04
7.1662764755416281e-04
1.2999139902097408e-03
1.8860952995716908e-03
2.4752029816688180e-03
2.4285200720519009e-03
2.3818349830385479e-03
2.3351477144264898e-03
2.2884712907546875e-03
2.2417926882934043e-03
2.1951054370883422e-03
2.1484225102587676e-03
2.1017374040311850e-03
2.0550566565995521e-03
2.0083737297669148e-03
1.9616908029378077e-03
1.9150056967115736e-03
1.6275111804141787e-03
1.0555005444909402e-03
4.8071577712559331e-04
-9.6872848148534549e-05
-6.7729512602494879e-04
-1.2605814674099597e-03
-1.8467627754646537e-03
-2.4358704562178796e-03
-2.3891875366216001e-03
-2.3425067962193668e-03
-2.2958282348062484e-03
-2.2491387569883278e-03
-2.2024514589752582e-03
-2.1557729033366549e-03
-2.1090899765068044e-03
-2.0624092288716494e-03
-2.0157241228480568e-03
-1.9690411960214481e-03
-1.9223582691920869e-03
-1.8756775215570650e-03
-1.5881787122340029e-03
-1.0161680746715368e-03
-4.4138325513468622e-04
1.3620537135672562e-04
7.1662765046441666e-04
1.2999139931210910e-03
1.8860953024822107e-03
2.4752029845792342e-03
2.4285200749625713e-03
2.3818349859505723e-03
2.3351477173384700e-03
2.2884712936676464e-03
2.2417926912061677e-03
2.1951054400007873e-03
2.1484225131710669e-03
2.1017374069438243e-03
2.0550566595122547e-03
2.0083737326800646e-03
1.9616908058506014e-03
1.9150056996243940e-03
1.6275111833272513e-03
1.0555005474046034e-03
4.8071578003911137e-04
-9.6872845234866002e-05
-6.7729512311096311e-04
-1.2605814644950260e-03
-1.8467627725488158e-03
-2.4358704533022179e-03
-2.3891875337068587e-03
-2.3425067933048119e-03
-2.2958282318921927e-03
-2.2491387540726354e-03
-2.2024514560589448e-03
-2.1557729004213219e-03
-2.1090899735918128e-03
-2.0624092259569167e-03
-2.0157241199332591e-03
-1.9690411931064951e-03
