0.0000000000000000e+00
4.6682926829114580e-05
9.3363674464448301e-05
1.4004878048960950e-04
1.8673170711763654e-04
2.3341245455124751e-04
2.8009102299442169e-04
7.1662771662283882e-04
1.2997529668710497e-03
1.8860952703998732e-03
2.4752029820542696e-03
2.4285200707919621e-03
2.3818349801347899e-03
2.3351477098777751e-03
2.2884712894973660e-03
2.2417926903264230e-03
2.1951054358301221e-03
2.1484225090011955e-03
2.1017374027746090e-03
2.0550566553427306e-03
2.0083737285108432e-03
1.9616908016818423e-03
1.9150056954558819e-03
1.6275111716600871e-03
1.0555005357374063e-03
4.8071576837234909e-04
-9.6872856901889876e-05
-6.7729513477826229e-04
-1.2605814761624532e-03
-1.8467627842168681e-03
-2.4358704649702534e-03
-2.3891875453741261e-03
-2.3425068049715762e-03
-2.2958282435588035e-03
-2.2491387657400221e-03
-2.2024514677269694e-03
-2.1557729120893028e-03
-2.1090899852600582e-03
-2.0624092376244261e-03
-2.0157241316017495e-03
-1.9690412047751204e-03
-1.9223582779461352e-03
-1.8756775303100737e-03
-1.5881787209871879e-03
-1.0161680834240277e-03
-4.4138326388623713e-04
1.3620536260611283e-04
7.1662764171366079e-04
1.2999139843708866e-03
1.8860952937325079e-03
2.4752029758298853e-03
2.4285200662126976e-03
2.3818349772000941e-03
2.3351477085884085e-03
2.2884712849171249e-03
2.2417926824557350e-03
2.1951054312506863e-03
2.1484225044218217e-03
2.1017373981944841e-03
2.0550566507620020e-03
2.0083737239303505e-03
1.9616907971015027e-03
1.9150056908742072e-03
1.6275111745779052e-03
1.0555005386551227e-03
4.8071577129031151e-04
-9.6872853984088974e-05
-6.7729513185936247e-04
-1.2605814732439867e-03
-1.8467627812984557e-03
-2.4358704620515768e-03
-2.3891875424557102e-03
-2.3425068020528433e-03
-2.2958282406405194e-03
-2.2491387628210623e-03
-2.2024514648072862e-03
-2.1557729091701444e-03
-2.1090899823411019e-03
-2.0624092347054871e-03
-2.0157241286825871e-03
-1.9690412018561589e-03
-1.9223582750262536e-03
-1.8756775273895384e-03
-1.5881787180662965e-03
-1.0161680805030710e-03
-4.4138326096514310e-04
1.3620536552693232e-04
7.1662764463483418e-04
1.2999139872913331e-03
1.8860952966532347e-03
2.4752029787503743e-03
2.4285200691335843e-03
2.3818349801213966e-03
2.3351477115098628e-03
2.2884712878375093e-03
2.2417926853757044e-03
2.1951054341709884e-03
2.1484225073418509e-03
2.1017374011151973e-03
2.0550566536832551e-03
2.0083737268514700e-03
1.9616908000226821e-03
1.9150056937955297e-03
1.6275111774990037e-03
1.0555005415760637e-03
4.8071577421106694e-04
-9.6872851063380851e-05
-6.7729512893876956e-04
-1.2605814703232111e-03
-1.8467627783771926e-03
-2.4358704591301429e-03
-2.3891875395344476e-03
-2.3425067991325885e-03
-2.2958282377197295e-03
-2.2491387599005031e-03
-2.2024514618871147e-03
-2.1557729062497972e-03
-2.1090899794205835e-03
-2.0624092317852250e-03
-2.0157241257623749e-03
-1.9690411989355385e-03
-1.9223582721062601e-03
-1.8756775244703437e-03
-1.5881787151473805e-03
-1.0161680775841410e-03
-4.4138325804612592e-04
1.3620536844615418e-04
7.1662764755358026e-04
1.2999139902105305e-03
1.8860952995715362e-03
2.4752029816700405e-03
2.4285200720528758e-03
2.3818349830410680e-03
2.3351477144295269e-03
2.2884712907577948e-03
2.2417926882956152e-03
2.1951054370920936e-03
2.1484225102633386e-03
2.1017374040367309e-03
2.0550566566044132e-03
2.0083737297724065e-03
1.9616908029434113e-03
1.9150056967163303e-03
1.6275111804197951e-03
1.0555005444973010e-03
4.8071577713274557e-04
-9.6872848141583105e-05
-6.7729512601703130e-04
-1.2605814674018303e-03
-1.8467627754562199e-03
-2.4358704562095898e-03
-2.3891875366135120e-03
-2.3425067962108102e-03
-2.2958282347982171e-03
-2.2491387569798680e-03
-2.2024514589671150e-03
-2.1557729033292177e-03
-2.1090899764995724e-03
-2.0624092288640699e-03
-2.0157241228401365e-03
-1.9690411960138683e-03
-1.9223582691845684e-03
-1.8756775215494224e-03
-1.5881787122256745e-03
-1.0161680746629774e-03
-4.4138325512555995e-04
1.3620537136632176e-04
7.1662765047422153e-04
1.2999139931306890e-03
1.8860953024926910e-03
2.4752029845890346e-03
2.4285200749725225e-03
2.3818349859600352e-03
2.3351477173481940e-03
2.2884712936766917e-03
2.2417926912154363e-03
2.1951054400110165e-03
2.1484225131816991e-03
2.1017374069546776e-03
2.0550566595221530e-03
2.0083737326901212e-03
1.9616908058606494e-03
1.9150056996350504e-03
1.6275111833370416e-03
1.0555005474149888e-03
4.8071578004999177e-04
-9.6872845223873574e-05
-6.7729512310035073e-04
-1.2605814644847070e-03
-1.8467627725380852e-03
-2.4358704532910259e-03
-2.3891875336956420e-03
-2.3425067932935899e-03
-2.2958282318806906e-03
-2.2491387540619417e-03
-2.2024514560484362e-03
-2.1557729004109162e-03
-2.1090899735807063e-03
-2.0624092259451561e-03
-2.0157241199225680e-03
-1.9690411930963839e-03
