0.0000000000000000e+00
3.1900000000124827e+01
6.3803475376470075e+01
9.5700000001070606e+01
1.2759999878115386e+02
1.5950347293688236e+02
1.9141042368946731e+02
2.2329999945346918e+02
2.5519273594081133e+02
2.8709999421867155e+02
3.1899999555447715e+02
2.8710000037382406e+02
2.5520347934844062e+02
2.2331043125833085e+02
1.9140000000420071e+02
1.5949304656729171e+02
1.2760000000120110e+02
9.5700000001178253e+01
6.3803474156896499e+01
3.1900000001016654e+01
4.3622062911668079e-11
3.1899999999827358e+01
6.3796525843878001e+01
9.5699999803164957e+01
1.2759999961815676e+02
1.5949999178017006e+02
1.9139999162822792e+02
2.2329999147463792e+02
2.5519999131667851e+02
2.8709999115495071e+02
3.1899999098928697e+02
2.8709999960217772e+02
2.5519653284097123e+02
2.2328958948498175e+02
1.9139999999581246e+02
1.5950693878835366e+02
1.2759999999879848e+02
9.5699999998870396e+01
6.3796524622745778e+01
3.1899999998873376e+01
1.6976677601424503e-10
3.1900000000182985e+01
6.3803475376439764e+01
9.5699999920228734e+01
1.2759999984526067e+02
1.5949999555566330e+02
1.9139999546796051e+02
2.2329999537877308e+02
2.5519999528710642e+02
2.8709999519311810e+02
3.1899999509674893e+02
2.8710000037371799e+02
2.5520347980583057e+02
2.2331043217321550e+02
1.9140000000394971e+02
1.5949304565199179e+02
1.2760000000101222e+02
9.5700000000996994e+01
6.3803474156697497e+01
3.1900000000959203e+01
1.7946225469899242e-10
3.1899999999989458e+01
6.3796525844181033e+01
9.5699999803194885e+01
1.2759999961819429e+02
1.5949999178020531e+02
1.9139999162826348e+02
2.2329999147466555e+02
2.5519999131672574e+02
2.8709999115498499e+02
3.1899999098932352e+02
2.8709999960221188e+02
2.5519653284111993e+02
2.2328958948500917e+02
1.9139999999583205e+02
1.5950693878818700e+02
1.2759999999874401e+02
9.5699999998788797e+01
6.3796524622683094e+01
3.1899999998832570e+01
3.0507373480880020e-10
3.1900000000329022e+01
6.3803475376748381e+01
9.5699999920236991e+01
1.2759999984526520e+02
1.5949999555566205e+02
1.9139999546796352e+02
2.2329999537876387e+02
2.5519999528709121e+02
2.8709999519310270e+02
3.1899999509674649e+02
2.8710000037380883e+02
2.5520347980596878e+02
2.2331043217348238e+02
1.9140000000416066e+02
1.5949304565214584e+02
1.2760000000117458e+02
9.5700000001292281e+01
6.3803474157024290e+01
3.1900000001189632e+01
1.7214289762756838e-10
3.1899999999710495e+01
6.3796525843881938e+01
9.5699999803146952e+01
1.2759999961813689e+02
1.5949999178014417e+02
1.9139999162819780e+02
2.2329999147459108e+02
2.5519999131664429e+02
2.8709999115489148e+02
3.1899999098922370e+02
2.8709999960221228e+02
2.5519653284120830e+02
2.2328958948524431e+02
1.9139999999580255e+02
1.5950693878819311e+02
1.2759999999874384e+02
9.5699999998708947e+01
6.3796524622531820e+01
3.1899999998783102e+01
3.9524131777629395e-12
3.1900000000142782e+01
6.3803475376505531e+01
9.5699999920303213e+01
1.2759999984533118e+02
1.5949999555571387e+02
1.9139999546801477e+02
2.2329999537881835e+02
2.5519999528714084e+02
2.8709999519315056e+02
3.1899999509679992e+02
2.8710000037390188e+02
2.5520347980620991e+02
2.2331043217374190e+02
1.9140000000424735e+02
1.5949304565216084e+02
1.2760000000128228e+02
9.5700000001170764e+01
6.3803474156925112e+01
3.1900000001186566e+01
4.2136777052221091e-10
3.1899999999798510e+01
6.3796525844121660e+01
9.5699999803134219e+01
1.2759999961813500e+02
1.5949999178014124e+02
1.9139999162820322e+02
2.2329999147459154e+02
2.5519999131665497e+02
2.8709999115491985e+02
3.1899999098925684e+02
2.8709999960210769e+02
2.5519653284094505e+02
2.2328958948491638e+02
1.9139999999588423e+02
1.5950693878851314e+02
1.2759999999885784e+02
9.5699999998827622e+01
6.3796524622731035e+01
3.1899999998731957e+01
1.6619777411166382e-10
3.1900000000246415e+01
6.3803475376359465e+01
9.5699999920260595e+01
1.2759999984528369e+02
1.5949999555567481e+02
1.9139999546797623e+02
2.2329999537878260e+02
2.5519999528710650e+02
2.8709999519312794e+02
3.1899999509674683e+02
2.8710000037379376e+02
2.5520347980587789e+02
2.2331043217337344e+02
1.9140000000412908e+02
1.5949304565221786e+02
1.2760000000106812e+02
9.5700000001050512e+01
6.3803474156723944e+01
3.1900000000967999e+01
1.8246931036252025e-10
3.1899999999939851e+01
6.3796525844073301e+01
9.5699999803189712e+01
1.2759999961817883e+02
1.5949999178019104e+02
1.9139999162824904e+02
2.2329999147466216e+02
2.5519999131670747e+02
2.8709999115494730e+02
3.1899999098927304e+02
2.8709999960219221e+02
2.5519653284109009e+02
2.2328958948507051e+02
1.9139999999599473e+02
1.5950693878852084e+02
1.2759999999910833e+02
9.5699999999036663e+01
6.3796524622771742e+01
3.1899999999009363e+01
1.4960295311938910e-10
