0.0000000000000000e+00
-1.8025126942719533e-10
-3.7233693009292670e-03
3.2189923399124125e-10
8.1213261012474979e-07
-3.7217447059765723e-03
-1.1168481803562457e-02
-6.7477435262554739e-07
-1.4159514290204130e-02
-5.6971557877800446e-06
-4.2251161629859408e-06
1.3844978284078590e-07
-3.7180543016356255e-03
-1.1157993423297621e-02
1.9614768033359817e-09
7.4330046003485114e-03
-1.4888275710143557e-11
1.5287331671327106e-10
-3.7225577797234824e-03
2.3725594796342019e-10
-4.3883906345511611e-10
-4.7331008074941347e-10
-3.7225583516407191e-03
-9.2418747136476791e-08
-1.8058833936616045e-07
-2.3171140528975745e-06
-2.3725845361717988e-06
-2.4288822880234999e-06
-2.4869239356837093e-06
-2.5467598226316787e-06
-2.6085029273581516e-06
1.4431105250616945e-07
-3.7204702781110308e-03
-1.1165263263482180e-02
1.9746499438349567e-09
7.4443281224360639e-03
2.9856413390065398e-10
2.4954257664381854e-10
-3.7233686599579432e-03
1.9562669824994738e-10
-3.2311608624444898e-10
-5.8718001052786104e-10
-3.7233694383457506e-03
-9.8183550477203364e-08
-1.9051802288954824e-07
-4.2516615119299881e-06
-4.3418248210029119e-06
-4.4337618054258238e-06
-4.5279891489933550e-06
-4.6250534763562614e-06
-4.7246074904393419e-06
1.3909812981369297e-07
-3.7175539420880848e-03
-1.1156993099865040e-02
2.3088380000907842e-09
7.4320047469954107e-03
5.1749537432958903e-10
6.2249862484833049e-10
-3.7225575920538370e-03
3.0947132168095131e-10
-2.4617236066806250e-10
-1.3834701252004705e-10
-3.7225582382086416e-03
-9.1848064076387612e-08
-1.7985264908873947e-07
-2.3163165496569892e-06
-2.3719060383427639e-06
-2.4279754659795438e-06
-2.4860649229779387e-06
-2.5461483084562280e-06
-2.6075209392558284e-06
1.4506934552820601e-07
-3.7204693103394431e-03
-1.1165262502391020e-02
3.0213556502783585e-09
7.4443293411420742e-03
1.3523174794606438e-09
1.2802119475273806e-09
-3.7233675931048734e-03
1.4165916628803460e-09
7.8400325632945916e-10
8.4017837497487851e-10
-3.7233678749833223e-03
-9.6592654507999102e-08
-1.8891123524117751e-07
-4.2502113922968116e-06
-4.3406321892327521e-06
-4.4325035406124777e-06
-4.5271299745133349e-06
-4.6240241678569053e-06
-4.7235686987066463e-06
1.4001133533938182e-07
-3.7175528735790449e-03
-1.1156992011805861e-02
3.0870760982607891e-09
7.4320052883011653e-03
1.1241392034482926e-09
9.2140290263794136e-10
-3.7225569310126933e-03
1.0130801997408913e-09
4.9164473111270563e-10
7.7081354984104943e-10
-3.7225575058309310e-03
-9.1382379105013175e-08
-1.7965311831952749e-07
-2.3161971266770181e-06
-2.3717753630134521e-06
-2.4277673462302754e-06
-2.4860213896936975e-06
-2.5459475426526905e-06
-2.6075194608270517e-06
1.4498489204150912e-07
-3.7204696705892305e-03
-1.1165262586355331e-02
2.5550606020961119e-09
7.4443286866772828e-03
7.0709805943234763e-10
7.1512734297467965e-10
-3.7233682567984899e-03
6.9569056534238250e-10
7.3827190083055886e-11
6.0242934520813794e-12
-3.7233689805925454e-03
-9.7930428578259594e-08
-1.9028797702864603e-07
-4.2514644284512255e-06
-4.3418645036729689e-06
-4.4338982349169633e-06
-4.5283835865288680e-06
-4.6255079910074309e-06
-4.7250100215182083e-06
1.3850860880416214e-07
-3.7175545946183295e-03
-1.1156993754666998e-02
1.5974728185344972e-09
7.4320040175581545e-03
8.6717811259981544e-11
2.0556395667621567e-10
-3.7225578888786556e-03
-1.4759206193312429e-11
-7.1221822388932474e-10
-6.6535011853815762e-10
-3.7225586267081194e-03
-9.2606973441936805e-08
-1.8089705353939690e-07
-2.3173894558846162e-06
-2.3729525785265382e-06
-2.4291629969013261e-06
-2.4875587172569531e-06
-2.5474885828262066e-06
-2.6091155259557628e-06
1.4354258108899584e-07
-3.7204710004017710e-03
-1.1165263954876273e-02
1.0694143414698510e-09
7.4443271615702526e-03
-5.4224481068894240e-10
-3.4337002595257869e-10
-3.7233693103124930e-03
-1.0130209572720421e-10
-8.0610247379556971e-10
-8.4308477040998256e-10
-3.7233698865575806e-03
-9.8485356531913549e-08
-1.9108784798679388e-07
-4.2526458479520190e-06
-4.3431010903226521e-06
-4.4350006191046667e-06
-4.5294287851240199e-06
-4.6265886603910267e-06
-4.7264295507980313e-06
1.3726079362642067e-07
-3.7175556259749112e-03
-1.1156994830045204e-02
5.2212188805128427e-10
7.4320030260050015e-03
-1.0470985159130270e-09
-1.1501160535316738e-09
-3.7225591643323406e-03
-1.1980447257916675e-09
-1.8458968334315517e-09
-2.0044225416654522e-09
-3.7225597211377991e-03
-9.3935174236283291e-08
-1.8190957360232619e-07
-2.3185522368373544e-06
-2.3739498981475288e-06
-2.4301556686663919e-06
-2.4883817479459301e-06
-2.5480463496452327e-06
-2.6097176194017192e-06
1.4260741665659297e-07
-3.7204722102820277e-03
-1.1165265123482889e-02
3.1408369029486478e-10
7.4443266781623356e-03
-1.1708063935998806e-09
-8.4959425440548026e-10
-3.7233699068460967e-03
-9.5471789678563791e-10
-1.6350763791120362e-09
