0.0000000000000000e+00
0.0000000000000000e+00
0.0000000000000000e+00
0.0000000000000000e+00
0.0000000000000000e+00
0.0000000000000000e+00
0.0000000000000000e+00
-6.6658162802679986e+00
-2.6640335544932686e+01
-4.6665499059550733e+01
-6.6656275106308470e+01
-6.6656275106308470e+01
-6.6656275106308470e+01
-6.6656275106308470e+01
-6.6656275106308470e+01
-6.6656275106308470e+01
-6.6656275106308470e+01
-6.6656275106308470e+01
-6.6656275106308470e+01
-6.6656275106308470e+01
-6.6656275106308470e+01
-6.6656275106308470e+01
-6.6656275106308470e+01
-6.6656275106308470e+01
-6.6656275106308470e+01
-6.6656275106308470e+01
-6.6656275106308470e+01
-5.3335256929716437e+01
-3.3333793890729538e+01
-1.3333346560764575e+01
6.6666200473152717e+00
2.6666464499850321e+01
4.6665485167901409e+01
6.6655683823326370e+01
6.6655683823326370e+01
6.6655683823326370e+01
6.6655683823326370e+01
6.6655683823326385e+01
6.6655683823326385e+01
6.6655683823326385e+01
6.6655683823326385e+01
6.6655683823326385e+01
6.6655683823326328e+01
6.6655683823326328e+01
6.6655683823326328e+01
6.6655683823326328e+01
6.6655683823326314e+01
6.6655683823326299e+01
6.6655683823326328e+01
6.6655683823326328e+01
6.6655683823326314e+01
6.6655683823326314e+01
6.6655683823326314e+01
5.3335195477414409e+01
3.3333777323073932e+01
1.3333345817488699e+01
-6.6666225417102138e+00
-2.6666474779469382e+01
-4.6665542029393940e+01
-6.6656178464392710e+01
-6.6656178464392710e+01
-6.6656178464392710e+01
-6.6656178464392710e+01
-6.6656178464392710e+01
-6.6656178464392710e+01
-6.6656178464392710e+01
-6.6656178464392710e+01
-6.6656178464392710e+01
-6.6656178464392710e+01
-6.6656178464392710e+01
-6.6656178464392710e+01
-6.6656178464392710e+01
-6.6656178464392710e+01
-6.6656178464392710e+01
-6.6656178464392710e+01
-6.6656178464392710e+01
-5.3335256877791721e+01
-3.3333793908970932e+01
-1.3333346560774567e+01
6.6666200473048800e+00
2.6666464499840675e+01
4.6665485167889372e+01
6.6655683823323969e+01
6.6655683823323969e+01
6.6655683823323969e+01
6.6655683823323969e+01
6.6655683823323997e+01
6.6655683823324026e+01
6.6655683823324026e+01
6.6655683823324026e+01
6.6655683823324026e+01
6.6655683823324026e+01
6.6655683823324026e+01
6.6655683823324026e+01
6.6655683823323969e+01
6.6655683823323997e+01
6.6655683823324026e+01
6.6655683823324040e+01
6.6655683823324040e+01
6.6655683823324040e+01
6.6655683823324040e+01
6.6655683823324040e+01
5.3335195477429671e+01
3.3333777323092818e+01
1.3333345817510619e+01
-6.6666225416841041e+00
-2.6666474779444115e+01
-4.6665542029371501e+01
-6.6656178464375927e+01
-6.6656178464375927e+01
-6.6656178464375927e+01
-6.6656178464375927e+01
-6.6656178464375927e+01
-6.6656178464375927e+01
-6.6656178464375927e+01
-6.6656178464375927e+01
-6.6656178464375927e+01
-6.6656178464375927e+01
-6.6656178464375927e+01
-6.6656178464375927e+01
-6.6656178464375927e+01
-6.6656178464375927e+01
-6.6656178464375927e+01
-6.6656178464375927e+01
-6.6656178464375927e+01
-5.3335256877784794e+01
-3.3333793908952828e+01
-1.3333346560769179e+01
6.6666200473148081e+00
2.6666464499851120e+01
4.6665485167900741e+01
6.6655683823328033e+01
6.6655683823328033e+01
6.6655683823328033e+01
6.6655683823328033e+01
6.6655683823327962e+01
6.6655683823327948e+01
6.6655683823327948e+01
6.6655683823327948e+01
6.6655683823327948e+01
6.6655683823327948e+01
6.6655683823327948e+01
6.6655683823327948e+01
6.6655683823327919e+01
6.6655683823327905e+01
6.6655683823327863e+01
6.6655683823327863e+01
6.6655683823327863e+01
6.6655683823327834e+01
6.6655683823327834e+01
6.6655683823327834e+01
5.3335195477447449e+01
3.3333777323107334e+01
1.3333345817519184e+01
-6.6666225416821057e+00
-2.6666474779441895e+01
-4.6665542029368353e+01
-6.6656178464376879e+01
-6.6656178464376879e+01
-6.6656178464376879e+01
-6.6656178464376879e+01
-6.6656178464376879e+01
-6.6656178464376879e+01
-6.6656178464376879e+01
-6.6656178464376879e+01
-6.6656178464376879e+01
-6.6656178464376879e+01
-6.6656178464376879e+01
-6.6656178464376879e+01
-6.6656178464376879e+01
-6.6656178464376879e+01
-6.6656178464376879e+01
-6.6656178464376879e+01
-6.6656178464376879e+01
-5.3335256877800930e+01
-3.3333793908977604e+01
-1.3333346560788465e+01
6.6666200473028709e+00
2.6666464499842981e+01
4.6665485167889479e+01
6.6655683823322420e+01
6.6655683823322420e+01
6.6655683823322420e+01
6.6655683823322420e+01
6.6655683823322377e+01
6.6655683823322377e+01
6.6655683823322377e+01
6.6655683823322377e+01
6.6655683823322377e+01
6.6655683823322363e+01
6.6655683823322363e+01
6.6655683823322363e+01
6.6655683823322363e+01
6.6655683823322349e+01
6.6655683823322320e+01
6.6655683823322335e+01
6.6655683823322335e+01
6.6655683823322377e+01
6.6655683823322377e+01
6.6655683823322377e+01
5.3335195477450384e+01
3.3333777323105579e+01
1.3333345817512244e+01
-6.6666225416756069e+00
-2.6666474779446439e+01
-4.6665542029376866e+01
-6.6656178464379195e+01
-6.6656178464379195e+01
-6.6656178464379195e+01
-6.6656178464379195e+01
-6.6656178464379195e+01
-6.6656178464379195e+01
-6.6656178464379195e+01
-6.6656178464379195e+01
-6.6656178464379195e+01
-6.6656178464379195e+01
-6.6656178464379195e+01
-6.6656178464379195e+01
-6.6656178464379195e+01
-6.6656178464379195e+01
-6.6656178464379195e+01
-6.6656178464379195e+01
-6.6656178464379195e+01
-5.3335256877776665e+01
-3.3333793908947840e+01
-1.3333346560759574e+01
6.6666200473273554e+00
2.6666464499864283e+01
4.6665485167910710e+01
6.6655683823334002e+01
6.6655683823334002e+01
6.6655683823334002e+01
6.6655683823334002e+01
6.6655683823334016e+01
6.6655683823334044e+01
6.6655683823334044e+01
6.6655683823334044e+01
6.6655683823334044e+01
6.6655683823334016e+01
6.6655683823334016e+01
6.6655683823334016e+01
6.6655683823333959e+01
6.6655683823333973e+01
6.6655683823333931e+01
6.6655683823333931e+01
6.6655683823333931e+01
