0.0000000000000000e+00
0.0000000000000000e+00
0.0000000000000000e+00
0.0000000000000000e+00
0.0000000000000000e+00
0.0000000000000000e+00
0.0000000000000000e+00
3.3329081401322593e+00
1.3320167772461724e+01
2.3332749529770183e+01
3.3328137553148487e+01
3.3328137553148530e+01
3.3328137553148572e+01
3.3328137553148558e+01
3.3328137553148515e+01
3.3328137553148508e+01
3.3328137553148551e+01
3.3328137553148565e+01
3.3328137553148522e+01
3.3328137553148508e+01
3.3328137553148537e+01
3.3328137553148544e+01
3.3328137553148572e+01
3.3328137553148643e+01
3.3328137553148643e+01
3.3328137553148622e+01
3.3328137553148586e+01
2.6667628464851081e+01
1.6666896945355347e+01
6.6666732803751998e+00
-3.3333100236677540e+00
-1.3333232249935486e+01
-2.3332742583959604e+01
-3.3327841911669765e+01
-3.3327841911669722e+01
-3.3327841911669786e+01
-3.3327841911669786e+01
-3.3327841911669864e+01
-3.3327841911669921e+01
-3.3327841911669914e+01
-3.3327841911669850e+01
-3.3327841911669850e+01
-3.3327841911669857e+01
-3.3327841911669822e+01
-3.3327841911669736e+01
-3.3327841911669765e+01
-3.3327841911669836e+01
-3.3327841911669829e+01
-3.3327841911669822e+01
-3.3327841911669751e+01
-3.3327841911669751e+01
-3.3327841911669736e+01
-3.3327841911669751e+01
-2.6667597738717269e+01
-1.6666888661552569e+01
-6.6666729087607299e+00
3.3333112708417767e+00
1.3333237389718049e+01
2.3332771014681370e+01
3.3328089232187253e+01
3.3328089232187210e+01
3.3328089232187253e+01
3.3328089232187224e+01
3.3328089232187153e+01
3.3328089232187160e+01
3.3328089232187153e+01
3.3328089232187160e+01
3.3328089232187118e+01
3.3328089232187160e+01
3.3328089232187125e+01
3.3328089232187104e+01
3.3328089232187153e+01
3.3328089232187168e+01
3.3328089232187182e+01
3.3328089232187146e+01
3.3328089232187153e+01
2.6667628438883348e+01
1.6666896954471994e+01
6.6666732803705164e+00
-3.3333100236728161e+00
-1.3333232249938279e+01
-2.3332742583957238e+01
-3.3327841911669104e+01
-3.3327841911669097e+01
-3.3327841911669047e+01
-3.3327841911668983e+01
-3.3327841911668948e+01
-3.3327841911668884e+01
-3.3327841911668912e+01
-3.3327841911668898e+01
-3.3327841911668891e+01
-3.3327841911668884e+01
-3.3327841911668827e+01
-3.3327841911668827e+01
-3.3327841911668806e+01
-3.3327841911668834e+01
-3.3327841911668862e+01
-3.3327841911668898e+01
-3.3327841911668905e+01
-3.3327841911668898e+01
-3.3327841911668912e+01
-3.3327841911668912e+01
-2.6667597738724801e+01
-1.6666888661560002e+01
-6.6666729087720000e+00
3.3333112708252277e+00
1.3333237389707097e+01
2.3332771014673071e+01
3.3328089232180851e+01
3.3328089232180943e+01
3.3328089232180943e+01
3.3328089232180915e+01
3.3328089232180901e+01
3.3328089232180936e+01
3.3328089232180986e+01
3.3328089232180936e+01
3.3328089232180915e+01
3.3328089232180893e+01
3.3328089232180922e+01
3.3328089232180844e+01
3.3328089232180822e+01
3.3328089232180844e+01
3.3328089232180872e+01
3.3328089232180915e+01
3.3328089232180943e+01
2.6667628438896713e+01
1.6666896954488841e+01
6.6666732804039137e+00
-3.3333100236407125e+00
-1.3333232249912196e+01
-2.3332742583941211e+01
-3.3327841911660720e+01
-3.3327841911660720e+01
-3.3327841911660748e+01
-3.3327841911660734e+01
-3.3327841911660734e+01
-3.3327841911660762e+01
-3.3327841911660784e+01
-3.3327841911660798e+01
-3.3327841911660776e+01
-3.3327841911660805e+01
-3.3327841911660798e+01
-3.3327841911660791e+01
-3.3327841911660776e+01
-3.3327841911660769e+01
-3.3327841911660741e+01
-3.3327841911660798e+01
-3.3327841911660769e+01
-3.3327841911660812e+01
-3.3327841911660826e+01
-3.3327841911660876e+01
-2.6667597738717461e+01
-1.6666888661545624e+01
-6.6666729087494616e+00
3.3333112708480694e+00
1.3333237389726047e+01
2.3332771014686237e+01
3.3328089232185100e+01
3.3328089232185157e+01
3.3328089232185143e+01
3.3328089232185192e+01
3.3328089232185178e+01
3.3328089232185235e+01
3.3328089232185214e+01
3.3328089232185192e+01
3.3328089232185150e+01
3.3328089232185135e+01
3.3328089232185100e+01
3.3328089232185093e+01
3.3328089232185093e+01
3.3328089232185150e+01
3.3328089232185114e+01
3.3328089232185121e+01
3.3328089232185071e+01
2.6667628438893736e+01
1.6666896954478759e+01
6.6666732803795341e+00
-3.3333100236686080e+00
-1.3333232249937801e+01
-2.3332742583952729e+01
-3.3327841911668344e+01
-3.3327841911668315e+01
-3.3327841911668294e+01
-3.3327841911668287e+01
-3.3327841911668280e+01
-3.3327841911668301e+01
-3.3327841911668301e+01
-3.3327841911668294e+01
-3.3327841911668251e+01
-3.3327841911668237e+01
-3.3327841911668187e+01
-3.3327841911668202e+01
-3.3327841911668159e+01
-3.3327841911668180e+01
-3.3327841911668195e+01
-3.3327841911668116e+01
-3.3327841911668081e+01
-3.3327841911668081e+01
-3.3327841911668088e+01
-3.3327841911668088e+01
-2.6667597738731647e+01
-1.6666888661560602e+01
-6.6666729087669419e+00
3.3333112708268628e+00
1.3333237389714757e+01
2.3332771014682088e+01
3.3328089232185924e+01
3.3328089232185881e+01
3.3328089232185917e+01
3.3328089232185924e+01
3.3328089232185889e+01
3.3328089232185889e+01
3.3328089232185903e+01
3.3328089232185938e+01
3.3328089232185981e+01
3.3328089232185981e+01
3.3328089232185917e+01
3.3328089232185924e+01
3.3328089232185931e+01
3.3328089232185924e+01
3.3328089232185910e+01
3.3328089232185889e+01
3.3328089232185881e+01
2.6667628438884631e+01
1.6666896954470769e+01
6.6666732803734607e+00
-3.3333100236678663e+00
-1.3333232249934632e+01
-2.3332742583957440e+01
-3.3327841911669168e+01
-3.3327841911669225e+01
-3.3327841911669289e+01
-3.3327841911669282e+01
-3.3327841911669303e+01
-3.3327841911669367e+01
-3.3327841911669381e+01
-3.3327841911669367e+01
-3.3327841911669360e+01
-3.3327841911669431e+01
-3.3327841911669395e+01
-3.3327841911669410e+01
-3.3327841911669424e+01
-3.3327841911669438e+01
-3.3327841911669495e+01
-3.3327841911669495e+01
-3.3327841911669516e+01
