0.0000000000000000e+00
0.0000000000000000e+00
0.0000000000000000e+00
0.0000000000000000e+00
0.0000000000000000e+00
0.0000000000000000e+00
0.0000000000000000e+00
3.3329081401357490e+00
1.3320167772470988e+01
2.3332749529780575e+01
3.3328137553160083e+01
3.3328137553160119e+01
3.3328137553160161e+01
3.3328137553160154e+01
3.3328137553160126e+01
3.3328137553160104e+01
3.3328137553160168e+01
3.3328137553160197e+01
3.3328137553160147e+01
3.3328137553160111e+01
3.3328137553160119e+01
3.3328137553160126e+01
3.3328137553160154e+01
3.3328137553160239e+01
3.3328137553160211e+01
3.3328137553160211e+01
3.3328137553160140e+01
2.6667628464865615e+01
1.6666896945374411e+01
6.6666732803896149e+00
-3.3333100236473290e+00
-1.3333232249914653e+01
-2.3332742583941720e+01
-3.3327841911656513e+01
-3.3327841911656492e+01
-3.3327841911656535e+01
-3.3327841911656563e+01
-3.3327841911656634e+01
-3.3327841911656670e+01
-3.3327841911656662e+01
-3.3327841911656606e+01
-3.3327841911656606e+01
-3.3327841911656613e+01
-3.3327841911656542e+01
-3.3327841911656506e+01
-3.3327841911656520e+01
-3.3327841911656577e+01
-3.3327841911656584e+01
-3.3327841911656570e+01
-3.3327841911656513e+01
-3.3327841911656556e+01
-3.3327841911656535e+01
-3.3327841911656527e+01
-2.6667597738697051e+01
-1.6666888661521337e+01
-6.6666729087279402e+00
3.3333112708684469e+00
1.3333237389751332e+01
2.3332771014712485e+01
3.3328089232205372e+01
3.3328089232205315e+01
3.3328089232205343e+01
3.3328089232205286e+01
3.3328089232205258e+01
3.3328089232205265e+01
3.3328089232205251e+01
3.3328089232205272e+01
3.3328089232205258e+01
3.3328089232205301e+01
3.3328089232205286e+01
3.3328089232205258e+01
3.3328089232205301e+01
3.3328089232205315e+01
3.3328089232205308e+01
3.3328089232205272e+01
3.3328089232205279e+01
2.6667628438908068e+01
1.6666896954498725e+01
6.6666732804038933e+00
-3.3333100236322206e+00
-1.3333232249902510e+01
-2.3332742583932355e+01
-3.3327841911654978e+01
-3.3327841911654971e+01
-3.3327841911654943e+01
-3.3327841911654914e+01
-3.3327841911654865e+01
-3.3327841911654836e+01
-3.3327841911654865e+01
-3.3327841911654801e+01
-3.3327841911654815e+01
-3.3327841911654808e+01
-3.3327841911654751e+01
-3.3327841911654758e+01
-3.3327841911654730e+01
-3.3327841911654808e+01
-3.3327841911654794e+01
-3.3327841911654865e+01
-3.3327841911654872e+01
-3.3327841911654872e+01
-3.3327841911654872e+01
-3.3327841911654872e+01
-2.6667597738704607e+01
-1.6666888661532610e+01
-6.6666729087384242e+00
3.3333112708590553e+00
1.3333237389737199e+01
2.3332771014698576e+01
3.3328089232195083e+01
3.3328089232195140e+01
3.3328089232195140e+01
3.3328089232195147e+01
3.3328089232195126e+01
3.3328089232195154e+01
3.3328089232195197e+01
3.3328089232195140e+01
3.3328089232195182e+01
3.3328089232195140e+01
3.3328089232195147e+01
3.3328089232195090e+01
3.3328089232195047e+01
3.3328089232195083e+01
3.3328089232195168e+01
3.3328089232195182e+01
3.3328089232195218e+01
2.6667628438888244e+01
1.6666896954464153e+01
6.6666732803654130e+00
-3.3333100236739961e+00
-1.3333232249938792e+01
-2.3332742583959330e+01
-3.3327841911667107e+01
-3.3327841911667093e+01
-3.3327841911667129e+01
-3.3327841911667122e+01
-3.3327841911667122e+01
-3.3327841911667150e+01
-3.3327841911667171e+01
-3.3327841911667157e+01
-3.3327841911667115e+01
-3.3327841911667164e+01
-3.3327841911667129e+01
-3.3327841911667107e+01
-3.3327841911667086e+01
-3.3327841911667086e+01
-3.3327841911667079e+01
-3.3327841911667136e+01
-3.3327841911667100e+01
-3.3327841911667129e+01
-3.3327841911667136e+01
-3.3327841911667143e+01
-2.6667597738730116e+01
-1.6666888661561789e+01
-6.6666729087697982e+00
3.3333112708339643e+00
1.3333237389715794e+01
2.3332771014682081e+01
3.3328089232191921e+01
3.3328089232191964e+01
3.3328089232191928e+01
3.3328089232191985e+01
3.3328089232191971e+01
3.3328089232192013e+01
3.3328089232192028e+01
3.3328089232191999e+01
3.3328089232191978e+01
3.3328089232191935e+01
3.3328089232191921e+01
3.3328089232191914e+01
3.3328089232191893e+01
3.3328089232191907e+01
3.3328089232191893e+01
3.3328089232191878e+01
3.3328089232191836e+01
2.6667628438907180e+01
1.6666896954498881e+01
6.6666732804089559e+00
-3.3333100236342332e+00
-1.3333232249905135e+01
-2.3332742583936675e+01
-3.3327841911654126e+01
-3.3327841911654126e+01
-3.3327841911654133e+01
-3.3327841911654097e+01
-3.3327841911654090e+01
-3.3327841911654161e+01
-3.3327841911654140e+01
-3.3327841911654140e+01
-3.3327841911654112e+01
-3.3327841911654097e+01
-3.3327841911654069e+01
-3.3327841911654069e+01
-3.3327841911654041e+01
-3.3327841911654048e+01
-3.3327841911654048e+01
-3.3327841911653991e+01
-3.3327841911653948e+01
-3.3327841911653920e+01
-3.3327841911653941e+01
-3.3327841911653991e+01
-2.6667597738718392e+01
-1.6666888661544657e+01
-6.6666729087450314e+00
3.3333112708489492e+00
1.3333237389731888e+01
2.3332771014694831e+01
3.3328089232193278e+01
3.3328089232193200e+01
3.3328089232193250e+01
3.3328089232193250e+01
3.3328089232193207e+01
3.3328089232193236e+01
3.3328089232193236e+01
3.3328089232193264e+01
3.3328089232193292e+01
3.3328089232193335e+01
3.3328089232193285e+01
3.3328089232193271e+01
3.3328089232193278e+01
3.3328089232193243e+01
3.3328089232193221e+01
3.3328089232193221e+01
3.3328089232193221e+01
2.6667628438891953e+01
1.6666896954477107e+01
6.6666732803861191e+00
-3.3333100236594904e+00
-1.3333232249929614e+01
-2.3332742583953166e+01
-3.3327841911664819e+01
-3.3327841911664869e+01
-3.3327841911664940e+01
-3.3327841911664919e+01
-3.3327841911664954e+01
-3.3327841911664976e+01
-3.3327841911664976e+01
-3.3327841911664976e+01
-3.3327841911664962e+01
-3.3327841911665047e+01
-3.3327841911664990e+01
-3.3327841911665018e+01
-3.3327841911665033e+01
-3.3327841911665026e+01
-3.3327841911665089e+01
-3.3327841911665075e+01
-3.3327841911665097e+01
