0.0000000000000000e+00
-1.4634146341497659e-04
-2.9270434578832378e-04
-4.3902439024689089e-04
-5.8536584739404839e-04
-7.3172872349713401e-04
-8.7811302482800209e-04
-1.3814789933366510e-03
-2.8890735389245576e-03
-4.9128883118639685e-03
-8.0568581853082688e-03
-8.0081382822977873e-03
-7.9594207528009154e-03
-7.8905278132530340e-03
-7.7928107838443504e-03
-7.6548387289252662e-03
-7.5085180658959723e-03
-7.3622188094714033e-03
-7.2158143386448804e-03
-7.0694312989505789e-03
-6.9231314118066148e-03
-6.7767899483916552e-03
-6.6304484849750173e-03
-6.5935041282487207e-03
-6.4471760745178222e-03
-6.3008212014212129e-03
-6.1544877449390255e-03
-5.5737750590053184e-03
-4.6773719265518036e-03
-3.6486550084997220e-03
-2.4308875142929993e-03
-9.2092506765080885e-04
1.1002765680781939e-03
4.2440927862831849e-03
4.2279078199505705e-03
4.2117225916614492e-03
4.1888327750982217e-03
4.1561319895747992e-03
4.1098842696289809e-03
4.0451006538934726e-03
3.9531192842803863e-03
3.8230235390917964e-03
3.6766455923553385e-03
3.5303550567730838e-03
3.3840431171392803e-03
3.2377097671892627e-03
3.0913550006558027e-03
2.9449788112697471e-03
2.7986477397058452e-03
2.7807533484349211e-03
2.6343998665439260e-03
2.4880704216026441e-03
2.3417195612219790e-03
1.7610406673710258e-03
8.6463964341332745e-04
-1.6407639387695577e-04
-1.3818440311471067e-03
-2.8918073064357042e-03
-4.9130161350425822e-03
-8.0569555596924722e-03
-8.0082362209151353e-03
-7.9595192555957164e-03
-7.8906271138209829e-03
-7.7929087224643248e-03
-7.6549366675448269e-03
-7.5086160045143907e-03
-7.3623167480883021e-03
-7.2159122772637299e-03
-7.0695292375715030e-03
-6.9232293504271260e-03
-6.7768878870124883e-03
-6.6305464235952407e-03
-6.5936020668686691e-03
-6.4472740131367862e-03
-6.3009191400406443e-03
-6.1545856835590841e-03
-5.5738761467775295e-03
-4.6774730175089419e-03
-3.6487560985354818e-03
-2.4309886043283463e-03
-9.2102615768602692e-04
1.1001754780420078e-03
4.2439916962486576e-03
4.2278067299160709e-03
4.2116215016264683e-03
4.1887316850631852e-03
4.1560308995396266e-03
4.1097831795956575e-03
4.0449995638591691e-03
3.9530181942460359e-03
3.8229224490577314e-03
3.6765445023209981e-03
3.5302539667393267e-03
3.3839420271057638e-03
3.2376086771552601e-03
3.0912539106217364e-03
2.9448777212352580e-03
2.7985466496716583e-03
2.7806522584002884e-03
2.6342987765071752e-03
2.4879693315691068e-03
2.3416184711906431e-03
1.7609395773388054e-03
8.6453855338100116e-04
-1.6417748390862923e-04
-1.3819451211779261e-03
-2.8919083964654966e-03
-4.9131172250718108e-03
-8.0570566497217121e-03
-8.0083373109428313e-03
-7.9596203456231088e-03
-7.8907282038478480e-03
-7.7930098124917224e-03
-7.6550377575719288e-03
-7.5087170945427415e-03
-7.3624178381180494e-03
-7.2160133672912255e-03
-7.0696303275964885e-03
-6.9233304404518791e-03
-6.7769889770370913e-03
-6.6306475136200466e-03
-6.5937031568932686e-03
-6.4473751031620674e-03
-6.3010202300663402e-03
-6.1546867735846299e-03
-5.5739772368030988e-03
-4.6775741075342986e-03
-3.6488571885613420e-03
-2.4310896943541757e-03
-9.2112724771177730e-04
1.1000743880166548e-03
4.2438906062224864e-03
4.2277056398895311e-03
4.2115204116001115e-03
4.1886305950359594e-03
4.1559298095126566e-03
4.1096820895695409e-03
4.0448984738323430e-03
3.9529171042187667e-03
3.8228213590304327e-03
3.6764434122938368e-03
3.5301528767118701e-03
3.3838409370783584e-03
3.2375075871293652e-03
3.0911528205965723e-03
2.9447766312103926e-03
2.7984455596445747e-03
2.7805511683733387e-03
2.6341976864826268e-03
2.4878682415425384e-03
2.3415173811615715e-03
1.7608384873120315e-03
8.6443746335420105e-04
-1.6427857393524190e-04
-1.3820462112052135e-03
-2.8920094864933539e-03
-4.9132183150995892e-03
-8.0571577397499528e-03
-8.0084384009718977e-03
-7.9597214356517104e-03
-7.8908292938761164e-03
-7.7931109025206214e-03
-7.6551388476012458e-03
-7.5088181845714766e-03
-7.3625189281460984e-03
-7.2161144573214854e-03
-7.0697314176279297e-03
-6.9234315304840099e-03
-6.7770900670687199e-03
-6.6307486036516552e-03
-6.5938042469251652e-03
-6.4474761931933256e-03
-6.3011213200983626e-03
-6.1547878636178588e-03
-5.5740783268349997e-03
-4.6776751975663219e-03
-3.6489582785930582e-03
-2.4311907843850579e-03
-9.2122833774241461e-04
1.0999732979852131e-03
4.2437895161914181e-03
4.2276045498590787e-03
4.2114193215686572e-03
4.1885295050054410e-03
4.1558287194810150e-03
4.1095809995362054e-03
4.0447973837994325e-03
3.9528160141860599e-03
3.8227202689981674e-03
3.6763423222613239e-03
3.5300517866794045e-03
3.3837398470457163e-03
3.2374064970955661e-03
3.0910517305625601e-03
2.9446755411752807e-03
2.7983444696115176e-03
2.7804500783404993e-03
2.6340965964498932e-03
2.4877671515102463e-03
2.3414162911304182e-03
1.7607373972803699e-03
8.6433637332238933e-04
-1.6437966396786401e-04
-1.3821473012365199e-03
-2.8921105765252748e-03
-4.9133194051323922e-03
-8.0572588297820637e-03
-8.0085394910042063e-03
-7.9598225256839322e-03
-7.8909303839086904e-03
-7.7932119925517747e-03
-7.6552399376318466e-03
-7.5089192746021815e-03
-7.3626200181771779e-03
-7.2162155473513793e-03
-7.0698325076573761e-03
-6.9235326205136028e-03
-6.7771911570988757e-03
-6.6308496936821433e-03
-6.5939053369558258e-03
-6.4475772832244278e-03
-6.3012224101278705e-03
-6.1548889536465617e-03
-5.5741794168651425e-03
-4.6777762875966113e-03
-3.6490593686233021e-03
-2.4312918744154419e-03
-9.2132942777236866e-04
1.0998722079556625e-03
4.2436884261614991e-03
4.2275034598295161e-03
4.2113182315392465e-03
4.1884284149765992e-03
4.1557276294514004e-03
4.1094799095063150e-03
4.0446962937709715e-03
3.9527149241584134e-03
3.8226191789700716e-03
3.6762412322332112e-03
3.5299506966530382e-03
3.3836387570204672e-03
3.2373054070716097e-03
3.0909506405393606e-03
2.9445744511540310e-03
2.7982433795851781e-03
2.7803489883138346e-03
