0.0000000000000000e+00
4.3902439024113607e-05
8.7802950709303909e-05
1.3170731707518754e-04
1.7560975593118927e-04
2.1951026744867558e-04
2.6340885179541770e-04
4.8586130541070863e-04
1.2103836022348950e-03
2.1930290620870594e-03
3.7357381849057727e-03
3.7211423120860239e-03
3.7065462262232405e-03
3.6859038799402517e-03
3.6565440607649897e-03
3.6151524443057020e-03
3.5712481328930672e-03
3.5273418938071917e-03
3.4834451272455534e-03
3.4395464336730483e-03
3.3956402491905650e-03
3.3517378101662791e-03
3.3078353711396588e-03
3.2967520641217687e-03
3.2528484180512837e-03
3.2089471860738518e-03
3.1650440266936079e-03
2.9039604539778706e-03
2.4850273575608203e-03
1.9999372580775440e-03
1.4203217963662739e-03
6.9460882186733665e-04
-2.8672410952310584e-04
-1.8293717898119389e-03
-1.8245230156685673e-03
-1.8196742650353575e-03
-1.8128171362637811e-03
-1.8029902665923083e-03
-1.7890931390770811e-03
-1.7696808659656998e-03
-1.7420864550104424e-03
-1.7030633646252014e-03
-1.6591642080878832e-03
-1.6152571867192320e-03
-1.5713520930917477e-03
-1.5274489270370407e-03
-1.4835476883848394e-03
-1.4396483769667581e-03
-1.3957449915998523e-03
-1.3903766742188288e-03
-1.3464753167287129e-03
-1.3025717961699726e-03
-1.2586702030448471e-03
-9.9759374553509087e-04
-5.7866135252883475e-04
-9.3571561329034919e-05
4.8604395764215586e-04
1.2117572604838994e-03
2.1930929908084503e-03
3.7357867991663139e-03
3.7211912813888653e-03
3.7065955505800646e-03
3.6859537064368808e-03
3.6565930300679547e-03
3.6152014136086848e-03
3.5712971021961189e-03
3.5273908631101038e-03
3.4834940965488359e-03
3.4395954029768283e-03
3.3956892184931571e-03
3.3517867794685525e-03
3.3078843404424677e-03
3.2968010334247216e-03
3.2528973873556144e-03
3.2089961553767631e-03
3.1650929959948634e-03
2.9040109978622523e-03
2.4850779030286415e-03
1.9999878030864046e-03
1.4203723413761119e-03
6.9465936687707259e-04
-2.8667356451271054e-04
-1.8293212448014958e-03
-1.8244724706585013e-03
-1.8196237200247710e-03
-1.8127665912539353e-03
-1.8029397215818357e-03
-1.7890425940651768e-03
-1.7696303209550866e-03
-1.7420359100002957e-03
-1.7030128196144341e-03
-1.6591136630780784e-03
-1.6152066417081492e-03
-1.5713015480804879e-03
-1.5273983820255567e-03
-1.4834971433740319e-03
-1.4395978319561426e-03
-1.3956944465894957e-03
-1.3903261292091519e-03
-1.3464247717209213e-03
-1.3025212511599887e-03
-1.2586196580334954e-03
-9.9754320052454514e-04
-5.7861080751823784e-04
-9.3521016318442841e-05
4.8609450265238365e-04
1.2118078054950334e-03
2.1931435358199477e-03
3.7358373441767436e-03
3.7212418264007704e-03
3.7066460955929030e-03
3.6860042514505454e-03
3.6566435750814271e-03
3.6152519586245950e-03
3.5713476472120842e-03
3.5274414081270752e-03
3.4835446415641081e-03
3.4396459479926716e-03
3.3957397635106684e-03
3.3518373244862676e-03
3.3079348854596034e-03
3.2968515784420095e-03
3.2529479323715246e-03
3.2090467003944292e-03
3.1651435410144737e-03
2.9040615428804328e-03
2.4851284480461575e-03
2.0000383481048449e-03
1.4204228863941080e-03
6.9470991189479519e-04
-2.8662301949588034e-04
-1.8292706997847083e-03
-1.8244219256415917e-03
-1.8195731750080266e-03
-1.8127160462369674e-03
-1.8028891765652362e-03
-1.7889920490500488e-03
-1.7695797759377336e-03
-1.7419853649823485e-03
-1.7029622745979222e-03
-1.6590631180616491e-03
-1.6151560966913923e-03
-1.5712510030629644e-03
-1.5273478370058052e-03
-1.4834465983531407e-03
-1.4395472869351287e-03
-1.3956439015738119e-03
-1.3902755841936293e-03
-1.3463742267056903e-03
-1.3024707061426713e-03
-1.2585691130147746e-03
-9.9749265550775810e-04
-5.7856026250126236e-04
-9.3470471300483230e-05
4.8614504766950425e-04
1.2118583505117062e-03
2.1931940808359164e-03
3.7358878891929296e-03
3.7212923714170267e-03
3.7066966406086666e-03
3.6860547964644537e-03
3.6566941200957409e-03
3.6153025036372785e-03
3.5713981922242200e-03
3.5274919531387765e-03
3.4835951865767102e-03
3.4396964930041565e-03
3.3957903085214706e-03
3.3518878694971002e-03
3.3079854304709651e-03
3.2969021234529844e-03
3.2529984773842242e-03
3.2090972454052644e-03
3.1651940860242278e-03
2.9041120878913326e-03
2.4851789930572508e-03
2.0000888931148994e-03
1.4204734314046249e-03
6.9476045690592596e-04
-2.8657247448385186e-04
-1.8292201547729942e-03
-1.8243713806296484e-03
-1.8195226299973352e-03
-1.8126655012268838e-03
-1.8028386315553807e-03
-1.7889415040384118e-03
-1.7695292309286232e-03
-1.7419348199737522e-03
-1.7029117295880643e-03
-1.6590125730514215e-03
-1.6151055516821584e-03
-1.5712004580544817e-03
-1.5272972920000981e-03
-1.4833960533483740e-03
-1.4394967419309290e-03
-1.3955933565636374e-03
-1.3902250391828045e-03
-1.3463236816952007e-03
-1.3024201611329628e-03
-1.2585185680052196e-03
-9.9744211049779957e-04
-5.7850971749147579e-04
-9.3419926291733117e-05
4.8619559267886386e-04
1.2119088955217900e-03
2.1932446258464753e-03
3.7359384342035020e-03
3.7213429164262785e-03
3.7067471856166651e-03
3.6861053414730810e-03
3.6567446651053835e-03
3.6153530486469324e-03
3.5714487372357053e-03
3.5275424981509353e-03
3.4836457315877904e-03
3.4397470380139825e-03
3.3958408535326901e-03
3.3519384145084307e-03
3.3080359754826473e-03
3.2969526684649749e-03
3.2530490223942870e-03
3.2091477904178066e-03
3.1652446310378311e-03
2.9041626329039750e-03
2.4852295380693198e-03
2.0001394381271289e-03
1.4205239764175067e-03
6.9481100191857742e-04
-2.8652192947252063e-04
-1.8291696097610436e-03
-1.8243208356173669e-03
-1.8194720849850066e-03
-1.8126149562137724e-03
-1.8027880865420134e-03
-1.7888909590255879e-03
-1.7694786859143636e-03
-1.7418842749589870e-03
-1.7028611845735684e-03
-1.6589620280377077e-03
-1.6150550066680743e-03
-1.5711499130400036e-03
-1.5272467469856046e-03
-1.4833455083341277e-03
-1.4394461969170177e-03
-1.3955428115504940e-03
-1.3901744941700268e-03
