0.0000000000000000e+00
4.3902439023827479e-05
8.7802950709171148e-05
1.3170731707541747e-04
1.7560975593188170e-04
2.1951026744898978e-04
2.6340885179599146e-04
4.8586130541139678e-04
1.2103836022358126e-03
2.1930290620880838e-03
3.7357381849076115e-03
3.7211423120876749e-03
3.7065462262241516e-03
3.6859038799409586e-03
3.6565440607667955e-03
3.6151524443074909e-03
3.5712481328949186e-03
3.5273418938096147e-03
3.4834451272481338e-03
3.4395464336759857e-03
3.3956402491937729e-03
3.3517378101686536e-03
3.3078353711428954e-03
3.2967520641245906e-03
3.2528484180546092e-03
3.2089471860769752e-03
3.1650440266966285e-03
2.9039604539800364e-03
2.4850273575635577e-03
1.9999372580795337e-03
1.4203217963695209e-03
6.9460882187038857e-04
-2.8672410952000800e-04
-1.8293717898087837e-03
-1.8245230156658039e-03
-1.8196742650325346e-03
-1.8128171362614420e-03
-1.8029902665888369e-03
-1.7890931390722288e-03
-1.7696808659617288e-03
-1.7420864550062895e-03
-1.7030633646211882e-03
-1.6591642080845826e-03
-1.6152571867147796e-03
-1.5713520930857286e-03
-1.5274489270300918e-03
-1.4835476883777105e-03
-1.4396483769596121e-03
-1.3957449915961617e-03
-1.3903766742158713e-03
-1.3464753167263814e-03
-1.3025717961664194e-03
-1.2586702030408375e-03
-9.9759374553048626e-04
-5.7866135252345624e-04
-9.3571561323784575e-05
4.8604395764644502e-04
1.2117572604894253e-03
2.1930929908143340e-03
3.7357867991717128e-03
3.7211912813949789e-03
3.7065955505872191e-03
3.6859537064435118e-03
3.6565930300751629e-03
3.6152014136167452e-03
3.5712971022039118e-03
3.5273908631174855e-03
3.4834940965565654e-03
3.4395954029849611e-03
3.3956892185011620e-03
3.3517867794767529e-03
3.3078843404497813e-03
3.2968010334319345e-03
3.2528973873640161e-03
3.2089961553848261e-03
3.1650929960032560e-03
2.9040109978708283e-03
2.4850779030372140e-03
1.9999878030956299e-03
1.4203723413859009e-03
6.9465936688732784e-04
-2.8667356450302065e-04
-1.8293212447920652e-03
-1.8244724706489033e-03
-1.8196237200154785e-03
-1.8127665912442560e-03
-1.8029397215727373e-03
-1.7890425940556181e-03
-1.7696303209454188e-03
-1.7420359099904197e-03
-1.7030128196044076e-03
-1.6591136630677889e-03
-1.6152066416988220e-03
-1.5713015480723943e-03
-1.5273983820176724e-03
-1.4834971433670585e-03
-1.4395978319501378e-03
-1.3956944465795635e-03
-1.3903261291991159e-03
-1.3464247717098108e-03
-1.3025212511493973e-03
-1.2586196580234778e-03
-9.9754320051340844e-04
-5.7861080750651534e-04
-9.3521016306324185e-05
4.8609450266442328e-04
1.2118078055074174e-03
2.1931435358320843e-03
3.7358373441883307e-03
3.7212418264128714e-03
3.7066460956039268e-03
3.6860042514601050e-03
3.6566435750916581e-03
3.6152519586334260e-03
3.5713476472213502e-03
3.5274414081357206e-03
3.4835446415732775e-03
3.4396459480004167e-03
3.3957397635187123e-03
3.3518373244948592e-03
3.3079348854684800e-03
3.2968515784503605e-03
3.2529479323806926e-03
3.2090467004025867e-03
3.1651435410220497e-03
2.9040615428885352e-03
2.4851284480542249e-03
2.0000383481121420e-03
1.4204228864024614e-03
6.9470991190335909e-04
-2.8662301948716347e-04
-1.8292706997754984e-03
-1.8244219256321418e-03
-1.8195731749997991e-03
-1.8127160462292537e-03
-1.8028891765565851e-03
-1.7889920490383815e-03
-1.7695797759293005e-03
-1.7419853649729071e-03
-1.7029622745881746e-03
-1.6590631180507522e-03
-1.6151560966830539e-03
-1.5712510030557781e-03
-1.5273478370018230e-03
-1.4834465983510870e-03
-1.4395472869348663e-03
-1.3956439015650078e-03
-1.3902755841851831e-03
-1.3463742266987232e-03
-1.3024707061356606e-03
-1.2585691130071904e-03
-9.9749265550010645e-04
-5.7856026249358025e-04
-9.3470471293345670e-05
4.8614504767769025e-04
1.2118583505198453e-03
2.1931940808443298e-03
3.7358878892021332e-03
3.7212923714261504e-03
3.7066966406176130e-03
3.6860547964741191e-03
3.6566941201064181e-03
3.6153025036469244e-03
3.5713981922346201e-03
3.5274919531483023e-03
3.4835951865872365e-03
3.4396964930159613e-03
3.3957903085324241e-03
3.3518878695080819e-03
3.3079854304817022e-03
3.2969021234638672e-03
3.2529984773950059e-03
3.2090972454169937e-03
3.1651940860356201e-03
2.9041120879028199e-03
2.4851789930692434e-03
2.0000888931279667e-03
1.4204734314180027e-03
6.9476045691933472e-04
-2.8657247447126075e-04
-1.8292201547597453e-03
-1.8243713806173813e-03
-1.8195226299841348e-03
-1.8126655012129823e-03
-1.8028386315410692e-03
-1.7889415040244969e-03
-1.7695292309147048e-03
-1.7419348199596996e-03
-1.7029117295737067e-03
-1.6590125730368008e-03
-1.6151055516681037e-03
-1.5712004580403771e-03
-1.5272972919860672e-03
-1.4833960533344509e-03
-1.4394967419174528e-03
-1.3955933565491839e-03
-1.3902250391690961e-03
-1.3463236816797974e-03
-1.3024201611197303e-03
-1.2585185679941009e-03
-9.9744211048432597e-04
-5.7850971747738040e-04
-9.3419926276675853e-05
4.8619559269396311e-04
1.2119088955365879e-03
2.1932446258610952e-03
3.7359384342179752e-03
3.7213429164417396e-03
3.7067471856331450e-03
3.6861053414899798e-03
3.6567446651209210e-03
3.6153530486622344e-03
3.5714487372494339e-03
3.5275424981639019e-03
3.4836457316027741e-03
3.4397470380312140e-03
3.3958408535477973e-03
3.3519384145236052e-03
3.3080359754968768e-03
3.2969526684790227e-03
3.2530490224110071e-03
3.2091477904315630e-03
3.1652446310489121e-03
2.9041626329173072e-03
2.4852295380828693e-03
2.0001394381416390e-03
1.4205239764310124e-03
6.9481100193215348e-04
-2.8652192945872578e-04
-1.8291696097471430e-03
-1.8243208356040713e-03
-1.8194720849708918e-03
-1.8126149561996786e-03
-1.8027880865267715e-03
-1.7888909590083168e-03
-1.7694786858995070e-03
-1.7418842749439894e-03
-1.7028611845584217e-03
-1.6589620280215828e-03
-1.6150550066526799e-03
-1.5711499130256232e-03
-1.5272467469710823e-03
-1.4833455083197336e-03
-1.4394461969027348e-03
-1.3955428115346460e-03
-1.3901744941548213e-03
