0.0000000000000000e+00
0.0000000000000000e+00
0.0000000000000000e+00
0.0000000000000000e+00
0.0000000000000000e+00
0.0000000000000000e+00
0.0000000000000000e+00
3.5709404714377778e-04
1.7185042589434134e-03
3.5958222390045000e-03
6.5935041282495456e-03
6.5935041282495456e-03
6.5935041282495456e-03
6.5935041282495456e-03
6.5935041282495456e-03
6.5935041282495456e-03
6.5935041282495456e-03
6.5935041282495456e-03
6.5935041282495456e-03
6.5935041282495456e-03
6.5935041282495456e-03
6.5935041282495456e-03
6.5935041282495456e-03
6.5935041282495456e-03
6.5935041282495456e-03
6.5935041282495456e-03
6.5935041282495456e-03
7.0278797064213024e-03
7.7779319795673934e-03
8.6603045529053558e-03
9.7317308003110944e-03
1.1095352799177786e-02
1.2970219452695640e-02
1.5967761604933461e-02
1.5967761604933461e-02
1.5967761604933461e-02
1.5967761604933461e-02
1.5967761604933461e-02
1.5967761604933461e-02
1.5967761604933461e-02
1.5967761604933461e-02
1.5967761604933461e-02
1.5967761604933461e-02
1.5967761604933461e-02
1.5967761604933461e-02
1.5967761604933461e-02
1.5967761604933461e-02
1.5967761604933461e-02
1.5967761604933461e-02
1.5967761604933461e-02
1.5967761604933461e-02
1.5967761604933461e-02
1.5967761604933461e-02
1.6402120080312783e-02
1.7152170763489499e-02
1.8034542644480012e-02
1.9105969014330215e-02
2.0469591735153669e-02
2.2344464754482620e-02
2.5342117020233125e-02
2.5342117020233125e-02
2.5342117020233125e-02
2.5342117020233125e-02
2.5342117020233125e-02
2.5342117020233125e-02
2.5342117020233125e-02
2.5342117020233125e-02
2.5342117020233125e-02
2.5342117020233125e-02
2.5342117020233125e-02
2.5342117020233125e-02
2.5342117020233125e-02
2.5342117020233125e-02
2.5342117020233125e-02
2.5342117020233125e-02
2.5342117020233125e-02
2.5776489448917861e-02
2.6526541719330131e-02
2.7408914293472329e-02
2.8480340540877912e-02
2.9843962539744470e-02
3.1718829193261702e-02
3.4716371345500728e-02
3.4716371345500728e-02
3.4716371345500728e-02
3.4716371345500728e-02
3.4716371345500728e-02
3.4716371345500728e-02
3.4716371345500728e-02
3.4716371345500728e-02
3.4716371345500728e-02
3.4716371345500728e-02
3.4716371345500728e-02
3.4716371345500728e-02
3.4716371345500728e-02
3.4716371345500728e-02
3.4716371345500728e-02
3.4716371345500728e-02
3.4716371345500728e-02
3.4716371345500728e-02
3.4716371345500728e-02
3.4716371345500728e-02
3.5150729820879453e-02
3.5900780504055915e-02
3.6783152385046126e-02
3.7854578754895798e-02
3.9218201475718847e-02
4.1093074495047267e-02
4.4090726760797103e-02
4.4090726760797103e-02
4.4090726760797103e-02
4.4090726760797103e-02
4.4090726760797103e-02
4.4090726760797103e-02
4.4090726760797103e-02
4.4090726760797103e-02
4.4090726760797103e-02
4.4090726760797103e-02
4.4090726760797103e-02
4.4090726760797103e-02
4.4090726760797103e-02
4.4090726760797103e-02
4.4090726760797103e-02
4.4090726760797103e-02
4.4090726760797103e-02
4.4525099189481540e-02
4.5275151459894331e-02
4.6157524034036022e-02
4.7228950281441959e-02
4.8592572280308763e-02
5.0467438933826478e-02
5.3464981086064775e-02
5.3464981086064775e-02
5.3464981086064775e-02
5.3464981086064775e-02
5.3464981086064775e-02
5.3464981086064775e-02
5.3464981086064775e-02
5.3464981086064775e-02
5.3464981086064775e-02
5.3464981086064775e-02
5.3464981086064775e-02
5.3464981086064775e-02
5.3464981086064775e-02
5.3464981086064775e-02
5.3464981086064775e-02
5.3464981086064775e-02
5.3464981086064775e-02
5.3464981086064775e-02
5.3464981086064775e-02
5.3464981086064775e-02
5.3899339561442966e-02
5.4649390244619470e-02
5.5531762125609868e-02
5.6603188495459908e-02
5.7966811216282887e-02
5.9841684235611092e-02
6.2839336501361615e-02
6.2839336501361615e-02
6.2839336501361615e-02
6.2839336501361615e-02
6.2839336501361615e-02
6.2839336501361615e-02
6.2839336501361615e-02
6.2839336501361615e-02
6.2839336501361615e-02
6.2839336501361615e-02
6.2839336501361615e-02
6.2839336501361615e-02
6.2839336501361615e-02
6.2839336501361615e-02
6.2839336501361615e-02
6.2839336501361615e-02
6.2839336501361615e-02
6.3273708930045539e-02
6.4023761200457885e-02
6.4906133774599653e-02
6.5977560022005902e-02
6.7341182020872761e-02
6.9216048674389796e-02
7.2213590826628440e-02
7.2213590826628440e-02
7.2213590826628440e-02
7.2213590826628440e-02
7.2213590826628440e-02
7.2213590826628440e-02
7.2213590826628440e-02
7.2213590826628440e-02
7.2213590826628440e-02
7.2213590826628440e-02
7.2213590826628440e-02
7.2213590826628440e-02
7.2213590826628440e-02
7.2213590826628440e-02
7.2213590826628440e-02
7.2213590826628440e-02
7.2213590826628440e-02
7.2213590826628440e-02
7.2213590826628440e-02
7.2213590826628440e-02
7.2647949302006368e-02
7.3397999985183038e-02
7.4280371866173714e-02
7.5351798236022921e-02
7.6715420956846775e-02
7.8590293976175660e-02
8.1587946241925502e-02
8.1587946241925502e-02
8.1587946241925502e-02
8.1587946241925502e-02
8.1587946241925502e-02
8.1587946241925502e-02
8.1587946241925502e-02
8.1587946241925502e-02
8.1587946241925502e-02
8.1587946241925502e-02
8.1587946241925502e-02
8.1587946241925502e-02
8.1587946241925502e-02
8.1587946241925502e-02
8.1587946241925502e-02
8.1587946241925502e-02
8.1587946241925502e-02
8.2022318670610300e-02
8.2772370941023021e-02
8.3654743515164942e-02
8.4726169762571232e-02
8.6089791761438300e-02
8.7964658414956015e-02
9.0962200567194312e-02
9.0962200567194312e-02
9.0962200567194312e-02
9.0962200567194312e-02
9.0962200567194312e-02
9.0962200567194312e-02
9.0962200567194312e-02
9.0962200567194312e-02
9.0962200567194312e-02
9.0962200567194312e-02
9.0962200567194312e-02
9.0962200567194312e-02
9.0962200567194312e-02
9.0962200567194312e-02
9.0962200567194312e-02
9.0962200567194312e-02
9.0962200567194312e-02
