0.0000000000000000e+00
2.9999999999987818e+01
6.0003073678470926e+01
9.0000000000806153e+01
1.1999999898594511e+02
1.5000307164916887e+02
1.8000921900603146e+02
2.0999872442040234e+02
2.3996050331739906e+02
2.6999824858932658e+02
2.9998441265946315e+02
2.9000000185545650e+02
2.8001593174098912e+02
2.6589690589842991e+02
2.4585786439107545e+02
2.1757359313525563e+02
1.8757657793481911e+02
1.5758263441203570e+02
1.2757359313165263e+02
9.7567627501129152e+01
6.7573593129305053e+01
3.7573593129204156e+01
7.5735931285694633e+00
1.8214375401528975e-10
2.9998075738168346e+01
5.9999999999887862e+01
8.9998850962820470e+01
1.1999711460542541e+02
1.4999930916390582e+02
1.7999998015885305e+02
2.0999993007097277e+02
2.3999969674977558e+02
2.6999822775185231e+02
2.9998352573498971e+02
2.9666666665994677e+02
2.9334976998373634e+02
2.8865890552709789e+02
2.8195262143857883e+02
2.7246824164650945e+02
2.5919119763613605e+02
2.4033501685421470e+02
2.1366627739838765e+02
1.8366104188217506e+02
1.5366835020908303e+02
1.2367258727162545e+02
9.3673752055406780e+01
6.3671843545356637e+01
3.3666860726234908e+01
3.6683502105402135e+00
1.1420909960932339e-10
3.0001724671470456e+01
6.0000000000406217e+01
9.0001348437883706e+01
1.1999720678387874e+02
1.4999933401538934e+02
1.7999998127376713e+02
2.0999993381256556e+02
2.3999971216920454e+02
2.6999831304409116e+02
2.9998426769658909e+02
2.9000000185530570e+02
2.8001607669668920e+02
2.6589725584038433e+02
2.4585786439141344e+02
2.1757359313557356e+02
1.8757657793492243e+02
1.5758263441186168e+02
1.2757359313185340e+02
9.7567627501748149e+01
6.7573593129624115e+01
3.7573593129634197e+01
7.5735931289171194e+00
2.2506889403213666e-10
2.9998075737773480e+01
5.9999999999654243e+01
8.9998850962705703e+01
1.1999711468331267e+02
1.4999930913654387e+02
1.7999998015883850e+02
2.0999993007095748e+02
2.3999969674976143e+02
2.6999822775183452e+02
2.9998352573498596e+02
2.9666666665995979e+02
2.9334976998363737e+02
2.8865890552704491e+02
2.8195262143854194e+02
2.7246824164666947e+02
2.5919119763625190e+02
2.4033501685438316e+02
2.1366627739841738e+02
1.8366104188225722e+02
1.5366835020917685e+02
1.2367258727191428e+02
9.3673752055697520e+01
6.3671843545848517e+01
3.3666860726738328e+01
3.6683502105065591e+00
-1.0419395784453006e-12
3.0001724671706903e+01
6.0000000000332456e+01
9.0001348437593705e+01
1.1999720678385583e+02
1.4999933401536100e+02
1.7999998127373431e+02
2.0999993381252628e+02
2.3999971216916637e+02
2.6999831304405757e+02
2.9998426769656402e+02
2.9000000185527233e+02
2.8001607669660262e+02
2.6589725584024751e+02
2.4585786439130015e+02
2.1757359313563023e+02
1.8757657793523066e+02
1.5758263441253251e+02
1.2757359313191716e+02
9.7567627501363319e+01
6.7573593129509305e+01
3.7573593129516325e+01
7.5735931288208915e+00
4.7890696316163956e-10
2.9998075737978734e+01
5.9999999999563627e+01
8.9998850962420178e+01
1.1999711468332302e+02
1.4999930913657084e+02
1.7999998015884631e+02
2.0999993007097225e+02
2.3999969674977663e+02
2.6999822775185135e+02
2.9998352573499187e+02
2.9666666665993159e+02
2.9334976998367455e+02
2.8865890552696828e+02
2.8195262143848129e+02
2.7246824164673473e+02
2.5919119763607904e+02
2.4033501685401592e+02
2.1366627739832009e+02
1.8366104188212310e+02
1.5366835020909178e+02
1.2367258727167851e+02
9.3673752055551006e+01
6.3671843545680453e+01
3.3666860726719932e+01
3.6683502106039905e+00
1.9615829555366133e-10
3.0001724670931701e+01
6.0000000000269182e+01
9.0001348438206804e+01
1.1999720678382903e+02
1.4999933401533914e+02
1.7999998127372129e+02
2.0999993381252344e+02
2.3999971216916293e+02
2.6999831304405262e+02
2.9998426769656504e+02
2.9000000185535737e+02
2.8001607669659859e+02
2.6589725584008852e+02
2.4585786439135919e+02
2.1757359313550870e+02
1.8757657793496080e+02
1.5758263441202206e+02
1.2757359313189751e+02
9.7567627501555549e+01
6.7573593129609804e+01
3.7573593129531986e+01
7.5735931288744727e+00
7.1860798197844949e-11
2.9998075737809451e+01
5.9999999999401084e+01
8.9998850962197309e+01
1.1999711468329872e+02
1.4999930913653375e+02
1.7999998015881738e+02
2.0999993007095463e+02
2.3999969674976444e+02
2.6999822775183441e+02
2.9998352573498391e+02
2.9666666666007637e+02
2.9334976998371519e+02
2.8865890552715138e+02
2.8195262143854876e+02
2.7246824164652054e+02
2.5919119763610013e+02
2.4033501685415166e+02
2.1366627739828616e+02
1.8366104188208953e+02
1.5366835020906137e+02
1.2367258727167273e+02
9.3673752055595969e+01
6.3671843545710885e+01
3.3666860726562199e+01
3.6683502104784367e+00
7.0739107775672309e-11
3.0001724671328805e+01
6.0000000000288786e+01
9.0001348437815324e+01
1.1999720678382475e+02
1.4999933401534187e+02
1.7999998127373206e+02
2.0999993381251372e+02
2.3999971216916984e+02
2.6999831304406541e+02
2.9998426769656908e+02
2.9000000185529575e+02
2.8001607669643948e+02
2.6589725584001360e+02
2.4585786439103452e+02
2.1757359313520482e+02
1.8757657793474939e+02
1.5758263441198338e+02
1.2757359313159758e+02
9.7567627501083280e+01
6.7573593129261269e+01
3.7573593129319853e+01
7.5735931286897777e+00
2.0723273336300475e-11
2.9998075738014599e+01
5.9999999999795534e+01
8.9998850962717952e+01
1.1999711468333530e+02
1.4999930913657840e+02
1.7999998015886075e+02
2.0999993007099121e+02
2.3999969674979658e+02
2.6999822775186601e+02
2.9998352573500097e+02
2.9666666666000350e+02
2.9334976998364795e+02
2.8865890552712909e+02
2.8195262143830968e+02
2.7246824164619295e+02
2.5919119763597882e+02
2.4033501685408609e+02
2.1366627739818423e+02
1.8366104188199424e+02
1.5366835020916830e+02
1.2367258727195576e+02
9.3673752056041650e+01
6.3671843546310342e+01
3.3666860727454932e+01
3.6683502106184900e+00
1.7277887537378725e-10
