0.0000000000000000e+00
-1.8340564644258472e-10
-3.2930203535822336e-03
4.5392811636290846e-10
6.7533783615857425e-07
-3.2916693905807436e-03
-9.8777093169620592e-03
-4.7387288452404626e-04
-1.5497696846275409e-02
-7.4086717414091532e-04
-7.9225939487248959e-03
6.8884686890764308e-07
7.5592698565420842e-03
1.7626181715177637e-02
-1.4828863608536146e-08
-8.3187318921015920e-09
-3.1982068907543057e-03
-9.6880962302889548e-03
1.3780063368254610e-09
6.3937683648795096e-03
-2.5674589334072103e-11
-3.0727469353521529e-11
-6.4182958212950270e-10
-6.1422234810392585e-10
-2.0618080996240365e-03
-4.0581805368762597e-10
-1.2309606259689274e-03
8.7766087805217789e-04
2.0665977794946520e-04
5.8384583531699031e-06
2.0043610447767091e-05
8.2831580693648149e-05
4.3370950463457637e-04
2.6475597937472822e-03
1.8979866515440473e-09
-2.6878057388634016e-03
-6.5576528899272939e-03
-1.2430750549077682e-08
8.9929953563806907e-03
-4.2997694507408285e-08
-1.4857342194747087e-08
-2.2207843189443566e-03
-7.8296962131930194e-03
6.1191620939172980e-10
4.5382818949542339e-03
5.7844729082694446e-03
3.7378996406283544e-03
-1.6021129051414971e-03
2.7101842880600056e-10
1.2036715844069546e-10
-1.8477899897743726e-03
-7.7203388161641089e-11
-1.4448514877823807e-03
-1.0134530187164343e-03
-2.4502476026351175e-04
-6.9824267652117132e-06
-2.5188098663075926e-05
-1.1345992924801629e-04
-7.1352763320346063e-04
-7.9958322667336105e-03
6.8791229623359002e-07
7.6325174709214738e-03
1.7803036161108073e-02
-1.6004232685306323e-08
-9.3608382948078733e-09
-3.1982078080422882e-03
-9.6880970407275686e-03
5.0148515012171197e-10
6.3937674231035824e-03
-1.3361319503375741e-09
-1.3456248562794910e-09
-1.8476639872004136e-09
-1.8336476696466503e-09
-2.0618087102719724e-03
-1.5330308830319154e-09
-1.2309623304543717e-03
8.7763581080419091e-04
2.0666661514356552e-04
5.8369214093876709e-06
2.0042376059922205e-05
8.2830487608350620e-05
4.3370845320957777e-04
2.6475589944363899e-03
1.0948360757478965e-09
-2.6878064137404803e-03
-6.5576537176016128e-03
-1.3291755104964930e-08
8.9929952136468903e-03
-4.3666256838739400e-08
-1.5706201101839257e-08
-2.2207849477127216e-03
-7.8296971218112018e-03
-4.0573970988473413e-11
4.5382809998016993e-03
5.7844719165872855e-03
3.7378982685524740e-03
-1.6021145579444421e-03
-6.1664835644013556e-10
-1.0111226576101995e-09
-1.8477919361348254e-03
-1.0644324335159092e-09
-1.4448517232992218e-03
-1.0134536235578771e-03
-2.4502532867348324e-04
-6.9828557452567640e-06
-2.5188399378047143e-05
-1.1345986248914964e-04
-7.1352751819969121e-04
-7.9958325662006606e-03
6.8834779149002473e-07
7.6325181094287686e-03
1.7803037149000566e-02
-1.5249818896020998e-08
-7.9704960356266827e-09
-3.1982065033567724e-03
-9.6880955049428764e-03
1.6680257111673818e-09
6.3937689022228357e-03
8.0670853329670451e-10
9.3871884907743376e-10
3.7309802498895199e-10
4.8527070979878147e-10
-2.0618069801485719e-03
6.9923395543170051e-10
-1.2309594799878598e-03
8.7763790426028548e-04
2.0666842515763351e-04
5.8387814597152851e-06
2.0044001390487219e-05
8.2831993719851963e-05
4.3370979438168609e-04
2.6475602946062289e-03
2.3686248741304491e-09
-2.6878053410595462e-03
-6.5576527527465341e-03
-1.2199916125243752e-08
8.9929960483693706e-03
-4.2445194002141269e-08
-1.4215571075381401e-08
-2.2207839265218892e-03
-7.8296960416631804e-03
9.5585344563263859e-10
4.5382823606597046e-03
5.7844739552632401e-03
3.7379006831953876e-03
-1.6021121209078505e-03
4.7629317954183476e-12
-5.3851959761911756e-10
-1.8477915791069183e-03
2.3972420940882730e-12
-1.4448503525498607e-03
-1.0134528500495919e-03
-2.4502461213809395e-04
-6.9819313332325292e-06
-2.5187684025920176e-05
-1.1345949445822870e-04
-7.1352726189387870e-04
-7.9958321233512663e-03
6.8865825355853367e-07
7.6325183495903927e-03
1.7803037021775141e-02
-1.5170778376608778e-08
-8.5994347615709236e-09
-3.1982071451702914e-03
-9.6880964053616975e-03
8.2523162429594269e-10
6.3937678099997494e-03
-6.9440841592594934e-10
-5.9215070907659660e-10
-9.5350293658748141e-10
-9.0976198836386543e-10
-2.0618077905009244e-03
-5.5675000050332572e-10
-1.2309613252469446e-03
8.7763666881265088e-04
2.0666749134545337e-04
5.8379223309772693e-06
2.0043465736773587e-05
8.2831546160269442e-05
4.3370943728901024e-04
2.6475598993494533e-03
1.9883291365385690e-09
-2.6878060239615654e-03
-6.5576534129052665e-03
-1.3151852282678676e-08
8.9929952270552966e-03
-4.3782826009465421e-08
-1.5891291983715382e-08
-2.2207850738929563e-03
-7.8296971194744304e-03
-2.7068600634644077e-10
4.5382809482231706e-03
5.7844717054251100e-03
3.7378982927169968e-03
-1.6021147277772794e-03
-9.0262939326680165e-10
-1.2003876900798127e-09
-1.8477920267603303e-03
-9.9848862522630411e-10
-1.4448515198647047e-03
-1.0134536095325912e-03
-2.4502534547917793e-04
-6.9829118494324863e-06
-2.5188439995017485e-05
-1.1346006618718623e-04
-7.1352790652814090e-04
-7.9958327804165365e-03
6.8762057528937576e-07
7.6325170088922586e-03
1.7803035745110024e-02
-1.6176851945936784e-08
-9.2725058649899208e-09
-3.1982076201495526e-03
-9.6880966443533643e-03
3.8696331351536234e-10
6.3937671532654358e-03
-1.0908183386982975e-09
-9.8579951822171386e-10
-1.4439758313243987e-09
-1.3762712778687170e-09
-2.0618088639038847e-03
-1.0557315331038154e-09
-1.2309614964591861e-03
8.7763629791407286e-04
2.0666679716735569e-04
5.8371876252696353e-06
2.0042732722432007e-05
8.2830932878490065e-05
4.3370855832465944e-04
2.6475590942822503e-03
1.3422516392737764e-09
-2.6878066530541876e-03
-6.5576537980444900e-03
-1.3447463659891308e-08
8.9929949281280577e-03
-4.3669117633775356e-08
-1.5490516793462257e-08
-2.2207848810849038e-03
-7.8296971927023975e-03
4.0847572907014076e-12
4.5382813213112414e-03
5.7844722841271512e-03
3.7378988216645284e-03
-1.6021140084208785e-03
-1.0527960185546692e-09
-1.4903909032369858e-09
