0.0000000000000000e+00
-2.2853361040538813e-10
-3.2930203671517775e-03
5.1754209116590214e-10
6.7546297874344600e-07
-3.2916693156409319e-03
-9.8777092231865128e-03
-4.7387281119118239e-04
-1.5497696795989951e-02
-7.4086714445718415e-04
-7.9225939175108992e-03
6.8890989495968005e-07
7.5592698349419406e-03
1.7626181714437084e-02
-1.4695349832588349e-08
-8.1987581764716004e-09
-3.1982067953696854e-03
-9.6880961185822640e-03
1.5199174271741763e-09
6.3937685277969808e-03
2.1150981043577613e-10
5.9011149747297696e-11
-4.1671793008387804e-10
-4.2164426344468986e-10
-2.0618079020627476e-03
-1.7674399036739327e-10
-1.2309604020088014e-03
8.7766096094881493e-04
2.0665986805641021e-04
5.8384592163671671e-06
2.0043699132046388e-05
8.2831635430120719e-05
4.3370954083984785e-04
2.6475598200115373e-03
1.8865617692680940e-09
-2.6878057253056590e-03
-6.5576529267966158e-03
-1.2331958490219973e-08
8.9929956379120428e-03
-4.2843374709850279e-08
-1.4669049848699243e-08
-2.2207841370862611e-03
-7.8296961426431305e-03
8.6203953689369286e-10
4.5382823894670214e-03
5.7844735381909910e-03
3.7379003403862033e-03
-1.6021122194944555e-03
4.0651877245166760e-10
1.2255731721909968e-10
-1.8477901111179553e-03
-1.4407664297381373e-11
-1.4448513589311561e-03
-1.0134528570327501e-03
-2.4502457974547238e-04
-6.9823317305548106e-06
-2.5188068804130613e-05
-1.1345981437726681e-04
-7.1352756105639865e-04
-7.9958322410387511e-03
6.8797331997041273e-07
7.6325176808938718e-03
1.7803036391999899e-02
-1.5753829424904554e-08
-9.0162031753969831e-09
-3.1982074869342254e-03
-9.6880968322137911e-03
6.7834873705523269e-10
6.3937676808937067e-03
-1.0752418391638931e-09
-1.0817230680215576e-09
-1.6346029702649345e-09
-1.5873599784882771e-09
-2.0618083771085159e-03
-1.2662151374300833e-09
-1.2309621248890277e-03
8.7763597619615959e-04
2.0666670146971203e-04
5.8370571476555350e-06
2.0042523303590526e-05
8.2830556035065408e-05
4.3370848249838347e-04
2.6475590135255490e-03
1.1092438909129100e-09
-2.6878064606991226e-03
-6.5576537046741603e-03
-1.3336255403987397e-08
8.9929952012525790e-03
-4.3653399926925828e-08
-1.5661623753661687e-08
-2.2207848529263402e-03
-7.8296969660434524e-03
6.6004477039865761e-12
4.5382808255110246e-03
5.7844717003351321e-03
3.7378978857691095e-03
-1.6021150964140871e-03
-5.8549521445925526e-10
-9.8053241900363443e-10
-1.8477917237357628e-03
-8.9556979775695995e-10
-1.4448516849923491e-03
-1.0134534760537319e-03
-2.4502519281248793e-04
-6.9827231513699898e-06
-2.5188312104670257e-05
-1.1345980345942489e-04
-7.1352746771373150e-04
-7.9958325477855873e-03
6.8834919068011078e-07
7.6325179204423839e-03
1.7803036797481880e-02
-1.5497032313907780e-08
-8.3370725632088200e-09
-3.1982068532098963e-03
-9.6880959847210207e-03
1.2185454130022160e-09
6.3937683049544638e-03
2.7974201371045468e-10
4.6054946693399141e-10
-3.4097895901307799e-11
-3.6776711589208217e-12
-2.0618073223800000e-03
2.2207462187971624e-10
-1.2309601078455570e-03
8.7763752230491374e-04
2.0666821326125923e-04
5.8385775964034189e-06
2.0043949185677368e-05
8.2831957372151872e-05
4.3370977451755578e-04
2.6475602966937479e-03
2.3939665312534220e-09
-2.6878055143375449e-03
-6.5576529924176123e-03
-1.2277558009283472e-08
8.9929964303424505e-03
-4.2566747660934484e-08
-1.4156287854913439e-08
-2.2207838245364275e-03
-7.8296957735937266e-03
8.6914348095675561e-10
4.5382820245984555e-03
5.7844731785379579e-03
3.7378995760195249e-03
-1.6021135189807658e-03
-4.8227893985477749e-11
-6.0469300578873280e-10
-1.8477919052495644e-03
-2.9005551541901688e-10
-1.4448505478092150e-03
-1.0134529825714038e-03
-2.4502468559047777e-04
-6.9820149253677437e-06
-2.5187681434073544e-05
-1.1345950273645017e-04
-7.1352725355883792e-04
-7.9958320891195343e-03
6.8863615890743036e-07
7.6325182559816200e-03
1.7803037047716925e-02
-1.5005161068800257e-08
-8.5057694762215248e-09
-3.1982070867191820e-03
-9.6880964385032513e-03
9.7766080122160779e-10
6.3937681519609189e-03
-5.3647665508916809e-10
-4.3942295302792413e-10
-8.8779659935141681e-10
-8.4037152915640911e-10
-2.0618077088349618e-03
-4.3787815430337542e-10
-1.2309611535669903e-03
8.7763680853721504e-04
2.0666760381957201e-04
5.8380683817599228e-06
2.0043583310309516e-05
8.2831621044948195e-05
4.3370942662591223e-04
2.6475599324725014e-03
1.9388849000051225e-09
-2.6878059950933295e-03
-6.5576532763875510e-03
-1.2949794163549265e-08
8.9929953562796414e-03
-4.3658306240181477e-08
-1.5748126718182845e-08
-2.2207848740187722e-03
-7.8296968900298716e-03
-1.2417818449703098e-10
4.5382810720019304e-03
5.7844718294615969e-03
3.7378983721009350e-03
-1.6021147013615192e-03
-6.9604183750808711e-10
-1.1142479261956030e-09
-1.8477916646548918e-03
-9.5070443778813886e-10
-1.4448518589566949e-03
-1.0134535907369892e-03
-2.4502528016438443e-04
-6.9828103471884799e-06
-2.5188382962586014e-05
-1.1346004566107189e-04
-7.1352788784910255e-04
-7.9958327703046964e-03
6.8773953617553821e-07
7.6325172779897667e-03
1.7803036095288622e-02
-1.6015470568494516e-08
-9.1243842048854275e-09
-3.1982076487721942e-03
-9.6880967983114068e-03
5.8798544586552346e-10
6.3937676149184042e-03
-9.1175949758560125e-10
-7.6810790530703013e-10
-1.3239121480043954e-09
-1.2504711384328565e-09
-2.0618082940132365e-03
-9.5961598590445380e-10
-1.2309618265884605e-03
8.7763631596399314e-04
2.0666680405506267e-04
5.8372682892244981e-06
2.0042727576501538e-05
8.2830930103059084e-05
4.3370856679931082e-04
2.6475591054402137e-03
1.3044155974210626e-09
-2.6878065706192784e-03
-6.5576537083679365e-03
-1.3163665301435736e-08
8.9929955628262649e-03
-4.3384436090669695e-08
-1.5190520010261284e-08
-2.2207845407605587e-03
-7.8296966909312486e-03
4.1893226172244383e-10
4.5382815937227150e-03
5.7844725655135853e-03
3.7378991082226542e-03
-1.6021137782742507e-03
-5.7645505666555193e-10
-1.0804970450826911e-09
