0.0000000000000000e+00
-3.0000000000193779e+01
-6.0006366698831265e+01
-9.0000000000320398e+01
-1.1999999831054478e+02
-1.5000636331852201e+02
-1.8001909671530154e+02
-2.0999919829325012e+02
-2.3997600101422029e+02
-2.6999898945648573e+02
-2.9999233525339616e+02
-2.9000000116657787e+02
-2.8000837247114316e+02
-2.6587927971671519e+02
-2.4585786440583749e+02
-2.1757359314351430e+02
-1.8757977614166219e+02
-1.5759232250821012e+02
-1.2757359313020368e+02
-9.7561233732682837e+01
-6.7573593129212099e+01
-3.7573593129190030e+01
-7.5735931290987342e+00
-1.9320481040022458e-10
2.9996013930167511e+01
5.9999999999596596e+01
8.9997620002306505e+01
1.1999799226634488e+02
1.4999951582372873e+02
1.7999998599731191e+02
2.0999995011462758e+02
2.3999977958138362e+02
2.6999866146137504e+02
2.9998617329479669e+02
2.9666666666183909e+02
2.9334708217800409e+02
2.8865234787418922e+02
2.8195262142619748e+02
2.7247723464200669e+02
2.5919119759321558e+02
2.4033501683945150e+02
2.1366405661415962e+02
1.8365321218599712e+02
1.5366835020981995e+02
1.2367712555376767e+02
9.3679536528630024e+01
6.3675581445347163e+01
3.3665258613672584e+01
3.6683502108789821e+00
2.4663449273531589e-10
-3.0003572461520914e+01
-6.0000000000452040e+01
-9.0002793289307050e+01
-1.1999822023681662e+02
-1.4999957904005936e+02
-1.7999998825614637e+02
-2.0999995900064926e+02
-2.3999982562907627e+02
-2.6999902657168815e+02
-2.9999226352884307e+02
-2.9000000116736283e+02
-2.8000844417911344e+02
-2.6587945280410787e+02
-2.4585786440729245e+02
-2.1757359314476207e+02
-1.8757977614256993e+02
-1.5759232250879825e+02
-1.2757359313126349e+02
-9.7561233734196122e+01
-6.7573593130829821e+01
-3.7573593130847897e+01
-7.5735931306582538e+00
-1.6706440578413734e-09
2.9996013929229804e+01
5.9999999998254616e+01
8.9997620000478037e+01
1.1999799231920619e+02
1.4999951580320217e+02
1.7999998599582793e+02
2.0999995011340724e+02
2.3999977958028336e+02
2.6999866146030234e+02
2.9998617329399008e+02
2.9666666666106192e+02
2.9334708217720009e+02
2.8865234787333389e+02
2.8195262142522790e+02
2.7247723464187692e+02
2.5919119759259206e+02
2.4033501683869915e+02
2.1366405661351703e+02
1.8365321218521328e+02
1.5366835020915980e+02
1.2367712555282701e+02
9.3679536527506002e+01
6.3675581443925687e+01
3.3665258611911142e+01
3.6683502099054857e+00
-9.5769496162410895e-10
-3.0003572463536820e+01
-6.0000000001312458e+01
-9.0002793289297912e+01
-1.1999822023740560e+02
-1.4999957904062177e+02
-1.7999998825652386e+02
-2.0999995900088203e+02
-2.3999982562899945e+02
-2.6999902657155053e+02
-2.9999226352912098e+02
-2.9000000116692377e+02
-2.8000844417858775e+02
-2.6587945280327432e+02
-2.4585786440667368e+02
-2.1757359314378405e+02
-1.8757977614190878e+02
-1.5759232250827731e+02
-1.2757359313047385e+02
-9.7561233732759774e+01
-6.7573593128966110e+01
-3.7573593128816690e+01
-7.5735931286513889e+00
3.8114504382527834e-10
2.9996013930827466e+01
6.0000000000024286e+01
8.9997620002626292e+01
1.1999799232103625e+02
1.4999951580489005e+02
1.7999998599752581e+02
2.0999995011494755e+02
2.3999977958175225e+02
2.6999866146163578e+02
2.9998617329528747e+02
2.9666666666231282e+02
2.9334708217824675e+02
2.8865234787409565e+02
2.8195262142624250e+02
2.7247723464297405e+02
2.5919119759357284e+02
2.4033501683982999e+02
2.1366405661444477e+02
1.8365321218621543e+02
1.5366835021000426e+02
1.2367712555387112e+02
9.3679536529117939e+01
6.3675581445810089e+01
3.3665258613899994e+01
3.6683502105822559e+00
-3.3569042024873312e-10
-3.0003572462673869e+01
-6.0000000000412996e+01
-9.0002793288656974e+01
-1.1999822023674533e+02
-1.4999957903998799e+02
-1.7999998825569443e+02
-2.0999995900020616e+02
-2.3999982562866148e+02
-2.6999902657131031e+02
-2.9999226352867157e+02
-2.9000000116671004e+02
-2.8000844417829569e+02
-2.6587945280305382e+02
-2.4585786440644705e+02
-2.1757359314406136e+02
-1.8757977614207670e+02
-1.5759232250844391e+02
-1.2757359313099606e+02
-9.7561233733574539e+01
-6.7573593130225220e+01
-3.7573593130047783e+01
-7.5735931297951202e+00
-8.4019071056331861e-10
2.9996013930059789e+01
5.9999999998903753e+01
8.9997620000957824e+01
1.1999799232003743e+02
1.4999951580408126e+02
1.7999998599681268e+02
2.0999995011447919e+02
2.3999977958134795e+02
2.6999866146126647e+02
2.9998617329489986e+02
2.9666666666204003e+02
2.9334708217770549e+02
2.8865234787380683e+02
2.8195262142549785e+02
2.7247723464181206e+02
2.5919119759237952e+02
2.4033501683833197e+02
2.1366405661331223e+02
1.8365321218508490e+02
1.5366835020886401e+02
1.2367712555268282e+02
9.3679536527363396e+01
6.3675581444043296e+01
3.3665258611847612e+01
3.6683502096791010e+00
-1.1362068056265842e-09
-3.0003572463174500e+01
-6.0000000001263402e+01
-9.0002793289504723e+01
-1.1999822023742493e+02
-1.4999957904065468e+02
-1.7999998825659324e+02
-2.0999995900092500e+02
-2.3999982562922585e+02
-2.6999902657196242e+02
-2.9999226352934448e+02
-2.9000000116761555e+02
-2.8000844417929613e+02
-2.6587945280409326e+02
-2.4585786440713065e+02
-2.1757359314440319e+02
-1.8757977614238376e+02
-1.5759232250870465e+02
-1.2757359313111014e+02
-9.7561233733699140e+01
-6.7573593130262537e+01
-3.7573593130196826e+01
-7.5735931300737223e+00
-1.1243233786944512e-09
2.9996013929435634e+01
5.9999999998787857e+01
8.9997620001056390e+01
1.1999799231964217e+02
1.4999951580337890e+02
1.7999998599608864e+02
2.0999995011372147e+02
2.3999977958072810e+02
2.6999866146042859e+02
2.9998617329410069e+02
2.9666666666132676e+02
2.9334708217703610e+02
2.8865234787337562e+02
2.8195262142500400e+02
2.7247723464143854e+02
2.5919119759245217e+02
2.4033501683874573e+02
2.1366405661347335e+02
1.8365321218505247e+02
1.5366835020937987e+02
1.2367712555341333e+02
9.3679536528466457e+01
6.3675581445275284e+01
3.3665258613561591e+01
3.6683502098038638e+00
-1.0674650820684117e-09
