0.0000000000000000e+00
0.0000000000000000e+00
0.0000000000000000e+00
0.0000000000000000e+00
0.0000000000000000e+00
0.0000000000000000e+00
0.0000000000000000e+00
9.1470186307684926e+03
4.7416331867454035e+04
1.0722113526377727e+05
2.1395077013994908e+05
2.1395077013994908e+05
2.1395077013994908e+05
2.1395077013994908e+05
2.1395077013994908e+05
2.1395077013994908e+05
2.1395077013994908e+05
2.1395077013994908e+05
2.1395077013994908e+05
2.1395077013994908e+05
2.1395077013994908e+05
2.1395077013994908e+05
2.1395077013994908e+05
2.1395077013994908e+05
2.1395077013994908e+05
2.1395077013994908e+05
2.1395077013994908e+05
2.1992501889770516e+05
2.3258535900529861e+05
2.5079016268370478e+05
2.7691616899726575e+05
3.1528492187815288e+05
3.7507589838804246e+05
4.8191948156421666e+05
4.8191948156421666e+05
4.8191948156421666e+05
4.8191948156421666e+05
4.8191948156421666e+05
4.8191948156421666e+05
4.8191948156421666e+05
4.8191948156421666e+05
4.8191948156421666e+05
4.8191948156421666e+05
4.8191948156421666e+05
4.8191948156421666e+05
4.8191948156421666e+05
4.8191948156421666e+05
4.8191948156421666e+05
4.8191948156421666e+05
4.8191948156421666e+05
4.8191948156421666e+05
4.8191948156421666e+05
4.8191948156421666e+05
4.8789104253357358e+05
5.0054461091458832e+05
5.1873758658847993e+05
5.4484360496901558e+05
5.8317855532893189e+05
6.4291007105927193e+05
7.4963863613849063e+05
7.4963863613849063e+05
7.4963863613849063e+05
7.4963863613849063e+05
7.4963863613849063e+05
7.4963863613849063e+05
7.4963863613849063e+05
7.4963863613849063e+05
7.4963863613849063e+05
7.4963863613849063e+05
7.4963863613849063e+05
7.4963863613849063e+05
7.4963863613849063e+05
7.4963863613849063e+05
7.4963863613849063e+05
7.4963863613849063e+05
7.4963863613849063e+05
7.5561284551761975e+05
7.6827318558145058e+05
7.8647798927491740e+05
8.1260399558848352e+05
8.5097274846936972e+05
9.1076372497925558e+05
1.0176073081554410e+06
1.0176073081554410e+06
1.0176073081554410e+06
1.0176073081554410e+06
1.0176073081554410e+06
1.0176073081554410e+06
1.0176073081554410e+06
1.0176073081554410e+06
1.0176073081554410e+06
1.0176073081554410e+06
1.0176073081554410e+06
1.0176073081554410e+06
1.0176073081554410e+06
1.0176073081554410e+06
1.0176073081554410e+06
1.0176073081554410e+06
1.0176073081554410e+06
1.0176073081554410e+06
1.0176073081554410e+06
1.0176073081554410e+06
1.0235788691247965e+06
1.0362324375058108e+06
1.0544254131797035e+06
1.0805314315602430e+06
1.1188663819201537e+06
1.1785978976504938e+06
1.2853264627297153e+06
1.2853264627297153e+06
1.2853264627297153e+06
1.2853264627297153e+06
1.2853264627297153e+06
1.2853264627297153e+06
1.2853264627297153e+06
1.2853264627297153e+06
1.2853264627297153e+06
1.2853264627297153e+06
1.2853264627297153e+06
1.2853264627297153e+06
1.2853264627297153e+06
1.2853264627297153e+06
1.2853264627297153e+06
1.2853264627297153e+06
1.2853264627297153e+06
1.2913006721088444e+06
1.3039610121726752e+06
1.3221658158661448e+06
1.3482918221797110e+06
1.3866605750605934e+06
1.4464515515704812e+06
1.5532951347466600e+06
1.5532951347466600e+06
1.5532951347466600e+06
1.5532951347466600e+06
1.5532951347466600e+06
1.5532951347466600e+06
1.5532951347466600e+06
1.5532951347466600e+06
1.5532951347466600e+06
1.5532951347466600e+06
1.5532951347466600e+06
1.5532951347466600e+06
1.5532951347466600e+06
1.5532951347466600e+06
1.5532951347466600e+06
1.5532951347466600e+06
1.5532951347466600e+06
1.5532951347466600e+06
1.5532951347466600e+06
1.5532951347466600e+06
1.5592666957160165e+06
1.5719202640970298e+06
1.5901132397709233e+06
1.6162192581514572e+06
1.6545542085113735e+06
1.7142857242417079e+06
1.8210142893209332e+06
1.8210142893209332e+06
1.8210142893209332e+06
1.8210142893209332e+06
1.8210142893209332e+06
1.8210142893209332e+06
1.8210142893209332e+06
1.8210142893209332e+06
1.8210142893209332e+06
1.8210142893209332e+06
1.8210142893209332e+06
1.8210142893209332e+06
1.8210142893209332e+06
1.8210142893209332e+06
1.8210142893209332e+06
1.8210142893209332e+06
1.8210142893209332e+06
1.8269884987000604e+06
1.8396488387638913e+06
1.8578536424573590e+06
1.8839796487709251e+06
1.9223484016518113e+06
1.9821393781616953e+06
2.0889829613378798e+06
2.0889829613378798e+06
2.0889829613378798e+06
2.0889829613378798e+06
2.0889829613378798e+06
2.0889829613378798e+06
2.0889829613378798e+06
2.0889829613378798e+06
2.0889829613378798e+06
2.0889829613378798e+06
2.0889829613378798e+06
2.0889829613378798e+06
2.0889829613378798e+06
2.0889829613378798e+06
2.0889829613378798e+06
2.0889829613378798e+06
2.0889829613378798e+06
2.0889829613378798e+06
2.0889829613378798e+06
2.0889829613378798e+06
2.0949545223072381e+06
2.1076080906882533e+06
2.1258010663621449e+06
2.1519070847426825e+06
2.1902420351026007e+06
2.2499735508329445e+06
2.3567021159121492e+06
2.3567021159121492e+06
2.3567021159121492e+06
2.3567021159121492e+06
2.3567021159121492e+06
2.3567021159121492e+06
2.3567021159121492e+06
2.3567021159121492e+06
2.3567021159121492e+06
2.3567021159121492e+06
2.3567021159121492e+06
2.3567021159121492e+06
2.3567021159121492e+06
2.3567021159121492e+06
2.3567021159121492e+06
2.3567021159121492e+06
2.3567021159121492e+06
2.3626763252912783e+06
2.3753366653551110e+06
2.3935414690485806e+06
2.4196674753621430e+06
2.4580362282430367e+06
2.5178272047529244e+06
2.6246707879290902e+06
2.6246707879290902e+06
2.6246707879290902e+06
2.6246707879290902e+06
2.6246707879290902e+06
2.6246707879290902e+06
2.6246707879290902e+06
2.6246707879290902e+06
2.6246707879290902e+06
2.6246707879290902e+06
2.6246707879290902e+06
2.6246707879290902e+06
2.6246707879290902e+06
2.6246707879290902e+06
2.6246707879290902e+06
2.6246707879290902e+06
2.6246707879290902e+06
