0.0000000000000000e+00
1.0000000000000001e-01
2.0000000000000001e-01
3.0000000000000004e-01
4.0000000000000002e-01
5.0000000000000000e-01
5.9999999999999998e-01
6.9999999999999996e-01
7.9999999999999993e-01
8.9999999999999991e-01
1.0000000000000000e+00
1.0333333333333334e+00
1.0666666666666669e+00
1.1138071187457701e+00
1.1804737854124367e+00
1.2747546895706430e+00
1.3747546895706431e+00
1.4747546895706432e+00
1.5747546895706432e+00
1.6747546895706433e+00
1.7747546895706434e+00
1.8747546895706435e+00
1.9747546895706436e+00
2.0000000000000000e+00
2.1000000000000001e+00
2.2000000000000002e+00
2.3000000000000003e+00
2.4000000000000004e+00
2.5000000000000004e+00
2.6000000000000005e+00
2.7000000000000006e+00
2.8000000000000007e+00
2.9000000000000008e+00
3.0000000000000000e+00
3.0111111111111111e+00
3.0222222222222221e+00
3.0379357062485899e+00
3.0601579284708120e+00
3.0915848965235475e+00
3.1360293409679918e+00
3.1988832770734628e+00
3.2877721659623518e+00
3.3877721659623519e+00
3.4877721659623520e+00
3.5877721659623520e+00
3.6877721659623521e+00
3.7877721659623522e+00
3.8877721659623523e+00
3.9877721659623524e+00
4.0000000000000000e+00
4.0999999999999996e+00
4.1999999999999993e+00
4.2999999999999989e+00
4.3999999999999986e+00
4.4999999999999982e+00
4.5999999999999979e+00
4.6999999999999975e+00
4.7999999999999972e+00
4.8999999999999968e+00
5.0000000000000000e+00
5.0333333333333332e+00
5.0666666666666664e+00
5.1138071187457692e+00
5.1804737854124356e+00
5.2747546895706421e+00
5.3747546895706417e+00
5.4747546895706414e+00
5.5747546895706410e+00
5.6747546895706407e+00
5.7747546895706403e+00
5.8747546895706400e+00
5.9747546895706396e+00
6.0000000000000000e+00
6.0999999999999996e+00
6.1999999999999993e+00
6.2999999999999989e+00
6.3999999999999986e+00
6.4999999999999982e+00
6.5999999999999979e+00
6.6999999999999975e+00
6.7999999999999972e+00
6.8999999999999968e+00
7.0000000000000000e+00
7.0111111111111111e+00
7.0222222222222221e+00
7.0379357062485894e+00
7.0601579284708116e+00
7.0915848965235471e+00
7.1360293409679914e+00
7.1988832770734623e+00
7.2877721659623509e+00
7.3877721659623505e+00
7.4877721659623502e+00
7.5877721659623498e+00
7.6877721659623495e+00
7.7877721659623491e+00
7.8877721659623488e+00
7.9877721659623484e+00
8.0000000000000000e+00
8.0999999999999996e+00
8.1999999999999993e+00
8.2999999999999989e+00
8.3999999999999986e+00
8.4999999999999982e+00
8.5999999999999979e+00
8.6999999999999975e+00
8.7999999999999972e+00
8.8999999999999968e+00
9.0000000000000000e+00
9.0333333333333332e+00
9.0666666666666664e+00
9.1138071187457701e+00
9.1804737854124365e+00
9.2747546895706421e+00
9.3747546895706417e+00
9.4747546895706414e+00
9.5747546895706410e+00
9.6747546895706407e+00
9.7747546895706403e+00
9.8747546895706400e+00
9.9747546895706396e+00
1.0000000000000000e+01
1.0100000000000000e+01
1.0199999999999999e+01
1.0299999999999999e+01
1.0399999999999999e+01
1.0499999999999998e+01
1.0599999999999998e+01
1.0699999999999998e+01
1.0799999999999997e+01
1.0899999999999997e+01
1.1000000000000000e+01
1.1011111111111111e+01
1.1022222222222222e+01
1.1037935706248589e+01
1.1060157928470812e+01
1.1091584896523546e+01
1.1136029340967990e+01
1.1198883277073461e+01
1.1287772165962350e+01
1.1387772165962350e+01
1.1487772165962349e+01
1.1587772165962349e+01
1.1687772165962349e+01
1.1787772165962348e+01
1.1887772165962348e+01
1.1987772165962348e+01
1.2000000000000000e+01
1.2100000000000000e+01
1.2199999999999999e+01
1.2299999999999999e+01
1.2399999999999999e+01
1.2499999999999998e+01
1.2599999999999998e+01
1.2699999999999998e+01
1.2799999999999997e+01
1.2899999999999997e+01
1.3000000000000000e+01
1.3033333333333333e+01
1.3066666666666666e+01
1.3113807118745770e+01
1.3180473785412437e+01
1.3274754689570642e+01
1.3374754689570642e+01
1.3474754689570641e+01
1.3574754689570641e+01
1.3674754689570641e+01
1.3774754689570640e+01
1.3874754689570640e+01
1.3974754689570640e+01
1.4000000000000000e+01
1.4100000000000000e+01
1.4199999999999999e+01
1.4299999999999999e+01
1.4399999999999999e+01
1.4499999999999998e+01
1.4599999999999998e+01
1.4699999999999998e+01
1.4799999999999997e+01
1.4899999999999997e+01
1.5000000000000000e+01
1.5011111111111111e+01
1.5022222222222222e+01
1.5037935706248589e+01
1.5060157928470812e+01
1.5091584896523546e+01
1.5136029340967990e+01
1.5198883277073461e+01
1.5287772165962350e+01
1.5387772165962350e+01
1.5487772165962349e+01
1.5587772165962349e+01
1.5687772165962349e+01
1.5787772165962348e+01
1.5887772165962348e+01
1.5987772165962348e+01
1.6000000000000000e+01
1.6100000000000001e+01
1.6200000000000003e+01
1.6300000000000004e+01
1.6400000000000006e+01
1.6500000000000007e+01
1.6600000000000009e+01
1.6700000000000010e+01
1.6800000000000011e+01
1.6900000000000013e+01
1.7000000000000000e+01
1.7033333333333335e+01
1.7066666666666670e+01
1.7113807118745772e+01
1.7180473785412438e+01
1.7274754689570646e+01
1.7374754689570647e+01
1.7474754689570648e+01
1.7574754689570650e+01
1.7674754689570651e+01
1.7774754689570653e+01
1.7874754689570654e+01
1.7974754689570656e+01
1.8000000000000000e+01
1.8100000000000001e+01
1.8200000000000003e+01
1.8300000000000004e+01
1.8400000000000006e+01
1.8500000000000007e+01
1.8600000000000009e+01
1.8700000000000010e+01
1.8800000000000011e+01
1.8900000000000013e+01
1.9000000000000000e+01
1.9011111111111113e+01
1.9022222222222226e+01
1.9037935706248593e+01
1.9060157928470815e+01
1.9091584896523550e+01
1.9136029340967994e+01
1.9198883277073463e+01
1.9287772165962352e+01
1.9387772165962353e+01
1.9487772165962355e+01
1.9587772165962356e+01
1.9687772165962357e+01
1.9787772165962359e+01
1.9887772165962360e+01
1.9987772165962362e+01
2.0000000000000000e+01
