0.0000000000000000e+00
0.0000000000000000e+00
0.0000000000000000e+00
0.0000000000000000e+00
0.0000000000000000e+00
0.0000000000000000e+00
0.0000000000000000e+00
0.0000000000000000e+00
1.0967213330349376e-04
1.3098132474032070e+01
2.5933518927224995e+01
2.5933518927224998e+01
2.5933518927224998e+01
2.5933518927224998e+01
2.5933518927224998e+01
2.5933518927224998e+01
2.5933518927225006e+01
2.5933518927225006e+01
2.5933518927225006e+01
2.5933518927225006e+01
2.5933518927225002e+01
2.5933518927225009e+01
2.5933518927225009e+01
2.5933518927225009e+01
2.5933518927225009e+01
2.5933518927224995e+01
2.5933518927224995e+01
2.4403077048761773e+01
1.0891510437945101e+01
-2.3999475566011403e+00
-1.5453751340675943e+01
-1.5453751340675943e+01
-1.5453751340675943e+01
-1.5453751340675943e+01
-1.5453751340675943e+01
-1.5453751340675943e+01
-1.5453751340675943e+01
-1.5453751340675943e+01
-1.5453751340675943e+01
-1.5453751340675943e+01
-1.5453751340675943e+01
-1.5453751340675943e+01
-1.5453751340675943e+01
-1.5453751340675943e+01
-1.5453751340675943e+01
-1.5453751340675943e+01
-1.5453751340675943e+01
-1.5453751340675943e+01
-1.5453751340675943e+01
-4.0033920600190287e+00
9.1479313076698237e+00
9.1479313076698254e+00
9.1479313076698183e+00
9.1479313076698219e+00
9.1479313076698219e+00
9.1479313076698201e+00
9.1479313076698219e+00
9.1479313076698219e+00
9.1479313076698219e+00
9.1479313076698183e+00
9.1479313076698219e+00
9.1479313076698219e+00
9.1479313076698254e+00
9.1479313076698254e+00
9.1479313076698219e+00
9.1479313076698219e+00
9.1479313076698165e+00
9.1479313076698165e+00
9.1479313076698165e+00
7.8147020750092882e+00
-5.4304043236406709e+00
-5.4304043236406709e+00
-5.4304043236406709e+00
-5.4304043236406709e+00
-5.4304043236406709e+00
-5.4304043236406709e+00
-5.4304043236406709e+00
-5.4304043236406709e+00
-5.4304043236406709e+00
-5.4304043236406709e+00
-5.4304043236406709e+00
-5.4304043236406709e+00
-5.4304043236406709e+00
-5.4304043236406709e+00
-5.4304043236406709e+00
-5.4304043236406709e+00
-5.4304043236406709e+00
-5.4304043236406709e+00
-5.4304043236406709e+00
-5.4304043236406709e+00
3.2232995172155334e+00
3.2232995172155325e+00
3.2232995172155325e+00
3.2232995172155325e+00
3.2232995172155325e+00
3.2232995172155325e+00
3.2232995172155325e+00
3.2232995172155325e+00
3.2232995172155325e+00
3.2232995172155343e+00
3.2232995172155339e+00
3.2232995172155330e+00
3.2232995172155317e+00
3.2232995172155317e+00
3.2232995172155299e+00
3.2232995172155308e+00
3.2232995172155308e+00
3.2232995172155308e+00
3.2232995172155308e+00
3.2232995172155308e+00
-1.9217168478332249e+00
-1.9217168478332249e+00
-1.9217168478332249e+00
-1.9217168478332249e+00
-1.9217168478332249e+00
-1.9217168478332249e+00
-1.9217168478332249e+00
-1.9217168478332249e+00
-1.9217168478332249e+00
-1.9217168478332249e+00
-1.9217168478332249e+00
-1.9217168478332249e+00
-1.9217168478332249e+00
-1.9217168478332249e+00
-1.9217168478332249e+00
-1.9217168478332249e+00
-1.9217168478332249e+00
-1.9217168478332249e+00
-1.9217168478332249e+00
-1.9217168478332249e+00
1.1486194090947344e+00
1.1486194090947333e+00
1.1486194090947333e+00
1.1486194090947339e+00
1.1486194090947335e+00
1.1486194090947335e+00
1.1486194090947337e+00
1.1486194090947330e+00
1.1486194090947324e+00
1.1486194090947324e+00
1.1486194090947328e+00
1.1486194090947328e+00
1.1486194090947328e+00
1.1486194090947328e+00
1.1486194090947326e+00
1.1486194090947324e+00
1.1486194090947321e+00
1.1486194090947321e+00
1.1486194090947321e+00
1.1486194090947328e+00
-6.7611043309422691e-01
-6.7611043309422691e-01
-6.7611043309422691e-01
-6.7611043309422691e-01
-6.7611043309422691e-01
-6.7611043309422691e-01
-6.7611043309422691e-01
-6.7611043309422691e-01
-6.7611043309422691e-01
-6.7611043309422691e-01
-6.7611043309422691e-01
-6.7611043309422691e-01
-6.7611043309422691e-01
-6.7611043309422691e-01
-6.7611043309422691e-01
-6.7611043309422691e-01
-6.7611043309422691e-01
-6.7611043309422691e-01
-6.7611043309422691e-01
-6.7611043309422691e-01
4.1244008537692156e-01
4.1244008537692151e-01
4.1244008537692134e-01
4.1244008537692134e-01
4.1244008537692134e-01
4.1244008537692145e-01
4.1244008537692139e-01
4.1244008537692134e-01
4.1244008537692134e-01
4.1244008537692139e-01
4.1244008537692139e-01
4.1244008537692117e-01
4.1244008537692101e-01
4.1244008537692101e-01
4.1244008537692078e-01
4.1244008537692084e-01
4.1244008537692067e-01
4.1244008537692067e-01
4.1244008537692067e-01
4.1244008537692078e-01
-2.4991731439032450e-01
-2.4991731439032450e-01
-2.4991731439032450e-01
-2.4991731439032450e-01
-2.4991731439032450e-01
-2.4991731439032450e-01
-2.4991731439032450e-01
-2.4991731439032450e-01
-2.4991731439032450e-01
-2.4991731439032450e-01
-2.4991731439032450e-01
