0.0000000000000000e+00
0.0000000000000000e+00
0.0000000000000000e+00
0.0000000000000000e+00
0.0000000000000000e+00
0.0000000000000000e+00
0.0000000000000000e+00
0.0000000000000000e+00
1.7142560467969850e-01
2.3693450616332168e+04
5.2128646822294453e+04
5.2128646822294453e+04
5.2128646822294453e+04
5.2128646822294453e+04
5.2128646822294453e+04
5.2128646822294453e+04
5.2128646822294453e+04
5.2128646822294453e+04
5.2128646822294453e+04
5.2128646822294453e+04
5.2128646822294453e+04
5.2128646822294453e+04
5.2128646822294453e+04
5.2128646822294453e+04
5.2128646822294453e+04
5.2128646822294453e+04
5.2128646822294453e+04
5.3928956183970557e+04
7.2452361913800240e+04
9.4844686092566582e+04
1.2164218088963837e+05
1.2164218088963837e+05
1.2164218088963837e+05
1.2164218088963837e+05
1.2164218088963837e+05
1.2164218088963837e+05
1.2164218088963837e+05
1.2164218088963837e+05
1.2164218088963837e+05
1.2164218088963837e+05
1.2164218088963837e+05
1.2164218088963837e+05
1.2164218088963837e+05
1.2164218088963837e+05
1.2164218088963837e+05
1.2164218088963837e+05
1.2164218088963837e+05
1.2164218088963837e+05
1.2164218088963837e+05
1.4035383714026870e+05
1.6624506237357465e+05
1.6624506237357465e+05
1.6624506237357465e+05
1.6624506237357465e+05
1.6624506237357465e+05
1.6624506237357465e+05
1.6624506237357465e+05
1.6624506237357465e+05
1.6624506237357465e+05
1.6624506237357465e+05
1.6624506237357465e+05
1.6624506237357465e+05
1.6624506237357465e+05
1.6624506237357465e+05
1.6624506237357465e+05
1.6624506237357465e+05
1.6624506237357465e+05
1.6624506237357465e+05
1.6624506237357465e+05
1.6846616979651089e+05
1.9389297139648470e+05
1.9389297139648470e+05
1.9389297139648470e+05
1.9389297139648470e+05
1.9389297139648470e+05
1.9389297139648470e+05
1.9389297139648470e+05
1.9389297139648470e+05
1.9389297139648470e+05
1.9389297139648470e+05
1.9389297139648470e+05
1.9389297139648470e+05
1.9389297139648470e+05
1.9389297139648470e+05
1.9389297139648470e+05
1.9389297139648470e+05
1.9389297139648470e+05
1.9389297139648470e+05
1.9389297139648470e+05
1.9389297139648470e+05
2.1058788255009247e+05
2.1058788255009247e+05
2.1058788255009247e+05
2.1058788255009247e+05
2.1058788255009247e+05
2.1058788255009247e+05
2.1058788255009247e+05
2.1058788255009247e+05
2.1058788255009247e+05
2.1058788255009247e+05
2.1058788255009247e+05
2.1058788255009247e+05
2.1058788255009247e+05
2.1058788255009247e+05
2.1058788255009247e+05
2.1058788255009247e+05
2.1058788255009247e+05
2.1058788255009247e+05
2.1058788255009247e+05
2.1058788255009247e+05
2.2055756099570153e+05
2.2055756099570153e+05
2.2055756099570153e+05
2.2055756099570153e+05
2.2055756099570153e+05
2.2055756099570153e+05
2.2055756099570153e+05
2.2055756099570153e+05
2.2055756099570153e+05
2.2055756099570153e+05
2.2055756099570153e+05
2.2055756099570153e+05
2.2055756099570153e+05
2.2055756099570153e+05
2.2055756099570153e+05
2.2055756099570153e+05
2.2055756099570153e+05
2.2055756099570153e+05
2.2055756099570153e+05
2.2055756099570153e+05
2.2653079689377017e+05
2.2653079689377017e+05
2.2653079689377017e+05
2.2653079689377017e+05
2.2653079689377017e+05
2.2653079689377017e+05
2.2653079689377017e+05
2.2653079689377017e+05
2.2653079689377017e+05
2.2653079689377017e+05
2.2653079689377017e+05
2.2653079689377017e+05
2.2653079689377017e+05
2.2653079689377017e+05
2.2653079689377017e+05
2.2653079689377017e+05
2.2653079689377017e+05
2.2653079689377017e+05
2.2653079689377017e+05
2.2653079689377017e+05
2.3008337872348266e+05
2.3008337872348266e+05
2.3008337872348266e+05
2.3008337872348266e+05
2.3008337872348266e+05
2.3008337872348266e+05
2.3008337872348266e+05
2.3008337872348266e+05
2.3008337872348266e+05
2.3008337872348266e+05
2.3008337872348266e+05
2.3008337872348266e+05
2.3008337872348266e+05
2.3008337872348266e+05
2.3008337872348266e+05
2.3008337872348266e+05
2.3008337872348266e+05
2.3008337872348266e+05
2.3008337872348266e+05
2.3008337872348266e+05
2.3220716033442045e+05
2.3220716033442045e+05
2.3220716033442045e+05
2.3220716033442045e+05
2.3220716033442045e+05
2.3220716033442045e+05
2.3220716033442045e+05
2.3220716033442045e+05
2.3220716033442045e+05
2.3220716033442045e+05
2.3220716033442045e+05
2.3220716033442045e+05
2.3220716033442045e+05
2.3220716033442045e+05
2.3220716033442045e+05
2.3220716033442045e+05
2.3220716033442045e+05
2.3220716033442045e+05
2.3220716033442045e+05
2.3220716033442045e+05
2.3349901808136777e+05
2.3349901808136777e+05
2.3349901808136777e+05
2.3349901808136777e+05
2.3349901808136777e+05
2.3349901808136777e+05
2.3349901808136777e+05
2.3349901808136777e+05
2.3349901808136777e+05
2.3349901808136777e+05
2.3349901808136777e+05
