0.0000000000000000e+00
0.0000000000000000e+00
0.0000000000000000e+00
0.0000000000000000e+00
0.0000000000000000e+00
0.0000000000000000e+00
0.0000000000000000e+00
0.0000000000000000e+00
0.0000000000000000e+00
-1.5587308022939148e+00
-1.5990304048740007e+00
-1.5990304048740007e+00
-1.5990304048740007e+00
-1.5990304048740007e+00
-1.5990304048740007e+00
-1.5990304048740007e+00
-1.5990304048740007e+00
-1.5990304048740007e+00
-1.5990304048740007e+00
-1.5990304048740007e+00
-1.5990304048740007e+00
-1.5990304048740007e+00
-1.5990304048740007e+00
-1.5990304048740007e+00
-1.5990304048740007e+00
-1.5990304048740007e+00
-1.5990304048740007e+00
-1.5990304048740007e+00
-1.5990304048740007e+00
-1.5990304048740007e+00
-1.5990304048740007e+00
-1.5990304048740007e+00
6.4920113632499032e-01
6.4920113632498988e-01
6.4920113632498988e-01
6.4920113632498988e-01
6.4920113632498988e-01
6.4920113632498988e-01
6.4920113632498988e-01
6.4920113632498988e-01
6.4920113632498988e-01
6.4920113632498988e-01
6.4920113632499010e-01
6.4920113632498988e-01
6.4920113632498988e-01
6.4920113632498988e-01
6.4920113632498966e-01
6.4920113632498966e-01
6.4920113632498966e-01
6.4920113632498966e-01
6.4920113632498966e-01
6.4920113632498966e-01
6.4920113632498966e-01
6.4920113632498966e-01
6.4920113632498966e-01
-3.2749138325580157e-01
-3.2749138325580157e-01
-3.2749138325580157e-01
-3.2749138325580157e-01
-3.2749138325580157e-01
-3.2749138325580157e-01
-3.2749138325580157e-01
-3.2749138325580157e-01
-3.2749138325580157e-01
-3.2749138325580157e-01
-3.2749138325580157e-01
-3.2749138325580157e-01
-3.2749138325580157e-01
-3.2749138325580157e-01
-3.2749138325580157e-01
-3.2749138325580157e-01
-3.2749138325580157e-01
-3.2749138325580157e-01
-3.2749138325580157e-01
-3.2749138325580157e-01
-3.2749138325580157e-01
-3.2749138325580157e-01
1.9559276448737292e-01
1.9559276448737298e-01
1.9559276448737298e-01
1.9559276448737303e-01
1.9559276448737303e-01
1.9559276448737309e-01
1.9559276448737309e-01
1.9559276448737301e-01
1.9559276448737301e-01
1.9559276448737287e-01
1.9559276448737276e-01
1.9559276448737278e-01
1.9559276448737276e-01
1.9559276448737276e-01
1.9559276448737281e-01
1.9559276448737281e-01
1.9559276448737287e-01
1.9559276448737287e-01
1.9559276448737270e-01
1.9559276448737270e-01
1.9559276448737270e-01
1.9559276448737270e-01
1.9559276448737270e-01
-8.7986629181329656e-02
-8.7986629181329656e-02
-8.7986629181329656e-02
-8.7986629181329656e-02
-8.7986629181329656e-02
-8.7986629181329656e-02
-8.7986629181329656e-02
-8.7986629181329656e-02
-8.7986629181329656e-02
-8.7986629181329656e-02
-8.7986629181329656e-02
-8.7986629181329656e-02
-8.7986629181329656e-02
-8.7986629181329656e-02
-8.7986629181329656e-02
-8.7986629181329656e-02
-8.7986629181329656e-02
-8.7986629181329656e-02
-8.7986629181329656e-02
-8.7986629181329656e-02
-8.7986629181329656e-02
-8.7986629181329656e-02
-8.7986629181329656e-02
7.0685887149988413e-02
7.0685887149988413e-02
7.0685887149988413e-02
7.0685887149988413e-02
7.0685887149988413e-02
7.0685887149988372e-02
7.0685887149988372e-02
7.0685887149988372e-02
7.0685887149988372e-02
7.0685887149988344e-02
7.0685887149988386e-02
7.0685887149988386e-02
7.0685887149988372e-02
7.0685887149988386e-02
7.0685887149988386e-02
7.0685887149988427e-02
7.0685887149988386e-02
7.0685887149988386e-02
7.0685887149988386e-02
7.0685887149988386e-02
7.0685887149988386e-02
-4.5684991009008254e-02
-4.5684991009008254e-02
-4.5684991009008254e-02
-4.5684991009008254e-02
-4.5684991009008254e-02
-4.5684991009008254e-02
-4.5684991009008254e-02
-4.5684991009008254e-02
-4.5684991009008254e-02
-4.5684991009008254e-02
-4.5684991009008254e-02
-4.5684991009008254e-02
-4.5684991009008254e-02
-4.5684991009008254e-02
-4.5684991009008254e-02
-4.5684991009008254e-02
-4.5684991009008254e-02
-4.5684991009008254e-02
-4.5684991009008254e-02
-4.5684991009008254e-02
-4.5684991009008254e-02
-4.5684991009008254e-02
-4.5684991009008254e-02
3.0028968455028972e-02
3.0028968455028979e-02
3.0028968455028979e-02
3.0028968455028979e-02
3.0028968455028979e-02
3.0028968455028979e-02
3.0028968455028959e-02
3.0028968455028952e-02
3.0028968455028938e-02
3.0028968455028938e-02
3.0028968455028913e-02
3.0028968455028920e-02
3.0028968455028920e-02
3.0028968455028920e-02
3.0028968455028920e-02
3.0028968455028920e-02
3.0028968455028927e-02
3.0028968455028927e-02
3.0028968455028927e-02
3.0028968455028917e-02
3.0028968455028907e-02
3.0028968455028893e-02
3.0028968455028893e-02
-1.8987460201774792e-02
-1.8987460201774792e-02
-1.8987460201774792e-02
-1.8987460201774792e-02
-1.8987460201774792e-02
-1.8987460201774792e-02
-1.8987460201774792e-02
-1.8987460201774792e-02
-1.8987460201774792e-02
-1.8987460201774792e-02
-1.8987460201774792e-02
-1.8987460201774792e-02
-1.8987460201774792e-02
-1.8987460201774792e-02
-1.8987460201774792e-02
-1.8987460201774792e-02
-1.8987460201774792e-02
-1.8987460201774792e-02
-1.8987460201774792e-02
-1.8987460201774792e-02
-1.8987460201774792e-02
-1.8987460201774792e-02
-1.8987460201774792e-02
1.1906312854855999e-02
1.1906312854855999e-02
1.1906312854855999e-02
1.1906312854855987e-02
1.1906312854855987e-02
1.1906312854855985e-02
1.1906312854855982e-02
1.1906312854855976e-02
1.1906312854855978e-02
1.1906312854855978e-02
1.1906312854855980e-02
1.1906312854855973e-02
1.1906312854855973e-02
1.1906312854855973e-02
