0.0000000000000000e+00
-1.2196758116783931e-04
-2.4390243902662042e-04
-3.6585216680751350e-04
-4.8781676813899639e-04
-6.0979624664784962e-04
-7.3170731707552280e-04
-8.5363325162501815e-04
-9.7557405392004225e-04
-4.8745445033658470e-03
-9.1528571607995806e-03
-9.0308775527463223e-03
-8.9810838630591076e-03
-8.9106691841328023e-03
-8.8111098507092610e-03
-8.6891586312000096e-03
-8.5672222819762854e-03
-8.4453007994138764e-03
-8.3233049726723872e-03
-8.2013240270979448e-03
-8.0794025336436755e-03
-7.9574513141317284e-03
-7.9333165751755870e-03
-7.8113742625400924e-03
-7.6894141361517326e-03
-7.5674688822223403e-03
-7.4455384971238636e-03
-7.3236229772326092e-03
-7.2016092581124718e-03
-7.0796104245233072e-03
-6.9576264728338048e-03
-6.8356573994137575e-03
-6.4773793642602245e-03
-6.5179976746452895e-03
-6.5586176349447089e-03
-6.6160657505427139e-03
-6.6973152891076568e-03
-6.8124139619318022e-03
-6.9345090192457120e-03
-7.0563164010238938e-03
-7.1782676204484482e-03
-7.3002337137876658e-03
-7.4221700594559216e-03
-7.5441212754090272e-03
-7.6660724984791559e-03
-7.6968594624171561e-03
-7.8188199960859250e-03
-7.9407619014420852e-03
-8.0627186784404323e-03
-8.1846903307074923e-03
-8.3066768618744284e-03
-8.4285667794983359e-03
-8.5504715560853969e-03
-8.6723911952598376e-03
-8.7943257006435262e-03
-8.9929999532618286e-03
-8.8711737596633145e-03
-8.8214426904134474e-03
-8.7511165595219945e-03
-8.6514060508785188e-03
-8.5292996601996820e-03
-8.4075036118756614e-03
-8.2855523922956142e-03
-8.1636160430021976e-03
-8.0416499532390637e-03
-7.9196987373886599e-03
-7.7977475142133167e-03
-7.7736127752593602e-03
-7.6516704626305478e-03
-7.5297103362358076e-03
-7.4077650822985397e-03
-7.2858346971939021e-03
-7.1639191772958719e-03
-7.0419054581946292e-03
-6.9199066246245413e-03
-6.7979226729545502e-03
-6.6759535995542657e-03
-6.5168714872525591e-03
-6.5575050843608446e-03
-6.5981403326250401e-03
-6.6556100707907198e-03
-6.7368901925274980e-03
-6.8518489221384912e-03
-6.9738725918857174e-03
-7.0959111532265607e-03
-7.2177750309470740e-03
-7.3397262504243960e-03
-7.4616923438152894e-03
-7.5836286894464186e-03
-7.7055799053621556e-03
-7.7363668728946513e-03
-7.8583274208067350e-03
-7.9802693119202465e-03
-8.1022260746725985e-03
-8.2241977126908863e-03
-8.3461842296041130e-03
-8.4680741899785840e-03
-8.5899790093259439e-03
-8.7118986912703752e-03
-8.8338332394360865e-03
-8.9744108058799725e-03
-8.9339837466171964e-03
-8.8935583216354901e-03
-8.8358449842098896e-03
-8.7545441709701802e-03
-8.6395787407574070e-03
-8.5176539300614602e-03
-8.3956650194504968e-03
-8.2736909883189304e-03
-8.1517318330367114e-03
-8.0297875499763059e-03
-7.9078581355107348e-03
-7.7859089218866289e-03
-7.7551219579475852e-03
-7.6331800508821490e-03
-7.5112195189245426e-03
-7.3892738595247049e-03
-7.2673430690549639e-03
-7.1454271438900771e-03
-7.0234146408826945e-03
-6.9014170231111909e-03
-6.7794342869419372e-03
-6.6574664287455147e-03
-6.5253043579467226e-03
-6.6471855761344300e-03
-6.7016973215028751e-03
-6.7787936441853517e-03
-6.8878344571038606e-03
-7.0098802514267124e-03
-7.1318314709383915e-03
-7.2537975643637495e-03
-7.3757339099509859e-03
-7.4976851258249985e-03
-7.6196363489746668e-03
-7.7447465540317097e-03
-7.8666977735438095e-03
-7.9886638669696974e-03
-8.1106002125694819e-03
-8.2325514284544848e-03
-8.3545175182529654e-03
-8.4764984855930786e-03
-8.5984943341047438e-03
-8.7203563101454339e-03
-8.8422331383376275e-03
-8.9717071199793639e-03
-8.9310952985225175e-03
-8.8904851263187003e-03
-8.8330564852085926e-03
-8.7518457517915781e-03
-8.6366790105078389e-03
-8.5147277909126424e-03
-8.3927914416037433e-03
-8.2708699589550960e-03
-8.1488741323417178e-03
-8.0268931868941566e-03
-7.9049716933125066e-03
-7.7830204737999800e-03
-7.7522335098606293e-03
-7.6302916027946067e-03
-7.5083310708368095e-03
-7.3863854114367333e-03
-7.2644546209667720e-03
-7.1425386958019737e-03
-7.0205261927962816e-03
-6.8985285750248109e-03
-6.7765458388573665e-03
-6.6545779806629147e-03
-6.5279142386322686e-03
-6.5685490871115150e-03
-6.6091855868486218e-03
-6.6666570950383239e-03
-6.7479397203130276e-03
-6.8629019911572008e-03
-6.9849165946781408e-03
-7.1069460875784560e-03
-7.2288190337337771e-03
-7.3507702532166321e-03
-7.4727363466131277e-03
-7.5946726922389981e-03
-7.7166239081495631e-03
-7.7474108756881172e-03
-7.8693714236188015e-03
-7.9913133147129604e-03
-8.1132700774458437e-03
-8.2352417154443660e-03
-8.3572282323384293e-03
-8.4791181927705555e-03
-8.6010230121754891e-03
-8.7229426941775826e-03
-8.8448772424006214e-03
-8.9700164631176492e-03
-8.9293729831223436e-03
-8.8887311549522216e-03
-8.8312577499350120e-03
-8.7499837195723334e-03
-8.6350561586353604e-03
-8.5130054755037394e-03
-8.3909696869233462e-03
-8.2691030364770921e-03
-8.1471518169492774e-03
-8.0252154677082736e-03
-7.9032493779152366e-03
-7.7812981620361561e-03
-7.7505111944633498e-03
-7.6285692730070744e-03
-7.5066087554405483e-03
-7.3846631104274325e-03
-7.2627323343412318e-03
-7.1408164235567942e-03
-7.0188038773994852e-03
-6.8968062164877462e-03
-6.7748234371906510e-03
-6.6528555358756755e-03
-6.5290561521829842e-03
-6.5697040689497374e-03
-6.6103536380363575e-03
-6.6678436308912330e-03
-6.7491524010594786e-03
-6.8641516536238900e-03
-6.9860715765188101e-03
-7.1080063656939387e-03
-7.2299560247756564e-03
-7.3519252350523201e-03
-7.4738764545653402e-03
-7.5958425479914944e-03
-7.7177788935915027e-03
-7.7485658575281273e-03
