0.0000000000000000e+00
3.6587373701128602e-05
7.3170731707008425e-05
1.0975275142056136e-04
1.4633343293911770e-04
1.8291277636071907e-04
2.1951219512595722e-04
2.5611027442255720e-04
2.9270701435045947e-04
2.2177600506814951e-03
4.3324736950155875e-03
4.2959265815941186e-03
4.2810059010551394e-03
4.2599044922221104e-03
4.2299962702478985e-03
4.1934109043937186e-03
4.1568242000029031e-03
4.1202361569754459e-03
4.0836548068351524e-03
4.0470721184503013e-03
4.0104840751242193e-03
3.9738987092706604e-03
3.9666582875834272e-03
3.9300721200111934e-03
3.8934875558766708e-03
3.8569016532637593e-03
3.8203144120737657e-03
3.7837258322074951e-03
3.7471460924686679e-03
3.7105650146031211e-03
3.6739825985141203e-03
3.6373988441029547e-03
3.4825918928646882e-03
3.4947711950603019e-03
3.5069503489226252e-03
3.5241740202782978e-03
3.5485314634928541e-03
3.5830960810418009e-03
3.6197560886575995e-03
3.6562668127527224e-03
3.6928521786067136e-03
3.7294362060197568e-03
3.7660229103166575e-03
3.8026082760754315e-03
3.8391936420235796e-03
3.8484297312045119e-03
3.8850142588836025e-03
3.9216004629127220e-03
3.9581853284399171e-03
3.9947688555639783e-03
4.0313510443821306e-03
4.0679419263329629e-03
4.1045314694409391e-03
4.1411196738028334e-03
4.1777065395174826e-03
4.2525973501310963e-03
4.2160746856973038e-03
4.2011639869295571e-03
4.1800766949611195e-03
4.1501443702915376e-03
4.1134836885111277e-03
4.0769736385786615e-03
4.0403882727296546e-03
4.0038015683426737e-03
3.9672175410226298e-03
3.9306321752629490e-03
3.8940468093138893e-03
3.8868063876285304e-03
3.8502202200608854e-03
3.8136356559213885e-03
3.7770497533021730e-03
3.7404625121064774e-03
3.7038739322347853e-03
3.6672941925122104e-03
3.6307131146637904e-03
3.5941306985907296e-03
3.5575469441956262e-03
3.5023381658188060e-03
3.5145248999046276e-03
3.5267114854752907e-03
3.5439456665463031e-03
3.5683179721249423e-03
3.6027846032144618e-03
3.6394351521404789e-03
3.6760843578521386e-03
3.7126058838445929e-03
3.7491912497024890e-03
3.7857752771197298e-03
3.8223619814113791e-03
3.8589473471662560e-03
3.8681834364462748e-03
3.9047679645139860e-03
3.9413541681541384e-03
3.9779390332921414e-03
4.0145225600272845e-03
4.0511047484567938e-03
4.0876956315728831e-03
4.1242851758453982e-03
4.1608733813717300e-03
4.1974602482514212e-03
4.2433028248648622e-03
4.2312195155850101e-03
4.2191360602962906e-03
4.2017778867399092e-03
4.1773876428410957e-03
4.1428936135678588e-03
4.1063058702155084e-03
4.0697238974231574e-03
4.0331405863406229e-03
3.9965559368716659e-03
3.9599699489157765e-03
3.9233826223773437e-03
3.8867970681498625e-03
3.8775609789678221e-03
3.8409747748906525e-03
3.8043902472613706e-03
3.7678043811550229e-03
3.7312171764745548e-03
3.6946286331219500e-03
3.6580487838520402e-03
3.6214675964478154e-03
3.5848850708119820e-03
3.5483012068456042e-03
3.5065545758354564e-03
3.5431049845329561e-03
3.5594503919164030e-03
3.5825658326387377e-03
3.6152550902879997e-03
3.6519133862211741e-03
3.6884987520777734e-03
3.7250827794942289e-03
3.7616694837873835e-03
3.7982548495414667e-03
3.8348402154933844e-03
3.8723732770100886e-03
3.9089586428642728e-03
3.9455426702783084e-03
3.9821293745717105e-03
4.0187147403285880e-03
4.0552987676447088e-03
4.0918814566191413e-03
4.1284628073487966e-03
4.1650562038506606e-03
4.2016482613251955e-03
4.2419510982029595e-03
4.2297752915318124e-03
4.2175993366101545e-03
4.2003796829346513e-03
4.1760269089718095e-03
4.1414504050854813e-03
4.1048650392270219e-03
4.0682783348305971e-03
4.0316902917984883e-03
3.9951089416707013e-03
3.9585262532983410e-03
3.9219382099600188e-03
3.8853528441069500e-03
3.8761167549241820e-03
3.8395305508473376e-03
3.8029460232174963e-03
3.7663601571115463e-03
3.7297729524309237e-03
3.6931844090778692e-03
3.6566045598084413e-03
3.6200233724048257e-03
3.5834408467680769e-03
3.5468569828027113e-03
3.5078595492890924e-03
3.5200469012744212e-03
3.5322341047300454e-03
3.5494691595961427e-03
3.5738427008547577e-03
3.6083110793577186e-03
3.6449571535325464e-03
3.6816018848218812e-03
3.7181278852382268e-03
3.7547132510951488e-03
3.7912972785124482e-03
3.8278839828047063e-03
3.8644693485593586e-03
3.8737054378384134e-03
3.9102899659060122e-03
3.9468761695461100e-03
3.9834610346843168e-03
4.0200445614191034e-03
4.0566267498484835e-03
4.0932176329668193e-03
4.1298071772414274e-03
4.1663953827707203e-03
4.2029822496524559e-03
4.2411057885481870e-03
4.2289141338351733e-03
4.2167223304828364e-03
4.1994802630843141e-03
4.1750957900124567e-03
4.1406099223996289e-03
4.1040038815390841e-03
4.0673965006270676e-03
4.0308331498290018e-03
3.9942477839743171e-03
3.9576610795815882e-03
3.9210770522657857e-03
3.8844916865100514e-03
3.8752555972296882e-03
3.8386693927650074e-03
3.8020848655239466e-03
3.7654989998059428e-03
3.7289117955138311e-03
3.6923232525489778e-03
3.6557434021155552e-03
3.6191622135476878e-03
3.5825796867481234e-03
3.5459958216177497e-03
3.5084305136952620e-03
3.5206243921989135e-03
3.5328181220151077e-03
3.5500624062757280e-03
3.5744489993261787e-03
3.6089358347647280e-03
3.6455346444652713e-03
3.6821321147411296e-03
3.7187282456918442e-03
3.7552907420232320e-03
3.7918761078779015e-03
3.8284601352930915e-03
3.8650468395853292e-03
3.8742829287662516e-03
