0.0000000000000000e+00
0.0000000000000000e+00
0.0000000000000000e+00
0.0000000000000000e+00
0.0000000000000000e+00
0.0000000000000000e+00
0.0000000000000000e+00
0.0000000000000000e+00
0.0000000000000000e+00
3.7769835347779917e-03
7.9333165751758333e-03
7.9333165751758333e-03
7.9333165751758333e-03
7.9333165751758333e-03
7.9333165751758333e-03
7.9333165751758333e-03
7.9333165751758333e-03
7.9333165751758333e-03
7.9333165751758333e-03
7.9333165751758333e-03
7.9333165751758333e-03
7.9333165751758333e-03
7.9333165751758333e-03
7.9333165751758333e-03
7.9333165751758333e-03
7.9333165751758333e-03
7.9333165751758333e-03
7.9333165751758333e-03
7.9333165751758333e-03
7.9333165751758333e-03
7.9333165751758333e-03
7.9333165751758333e-03
8.1697736879356390e-03
8.1697736879356390e-03
8.1697736879356390e-03
8.1697736879356390e-03
8.1697736879356390e-03
8.1697736879356390e-03
8.1697736879356390e-03
8.1697736879356390e-03
8.1697736879356390e-03
8.1697736879356390e-03
8.1697736879356390e-03
8.1697736879356390e-03
8.1697736879356390e-03
8.1697736879356390e-03
8.1697736879356390e-03
8.1697736879356390e-03
8.1697736879356390e-03
8.1697736879356390e-03
8.1697736879356390e-03
8.1697736879356390e-03
8.1697736879356390e-03
8.1697736879356390e-03
8.1697736879356390e-03
8.2465270007799716e-03
8.2465270007799716e-03
8.2465270007799716e-03
8.2465270007799716e-03
8.2465270007799716e-03
8.2465270007799716e-03
8.2465270007799716e-03
8.2465270007799716e-03
8.2465270007799716e-03
8.2465270007799716e-03
8.2465270007799716e-03
8.2465270007799716e-03
8.2465270007799716e-03
8.2465270007799716e-03
8.2465270007799716e-03
8.2465270007799716e-03
8.2465270007799716e-03
8.2465270007799716e-03
8.2465270007799716e-03
8.2465270007799716e-03
8.2465270007799716e-03
8.2465270007799716e-03
8.2837729031447708e-03
8.2837729031447708e-03
8.2837729031447708e-03
8.2837729031447708e-03
8.2837729031447708e-03
8.2837729031447708e-03
8.2837729031447708e-03
8.2837729031447708e-03
8.2837729031447708e-03
8.2837729031447708e-03
8.2837729031447708e-03
8.2837729031447708e-03
8.2837729031447708e-03
8.2837729031447708e-03
8.2837729031447708e-03
8.2837729031447708e-03
8.2837729031447708e-03
8.2837729031447708e-03
8.2837729031447708e-03
8.2837729031447708e-03
8.2837729031447708e-03
8.2837729031447708e-03
8.2837729031447708e-03
8.3025279881950541e-03
8.3025279881950541e-03
8.3025279881950541e-03
8.3025279881950541e-03
8.3025279881950541e-03
8.3025279881950541e-03
8.3025279881950541e-03
8.3025279881950541e-03
8.3025279881950541e-03
8.3025279881950541e-03
8.3025279881950541e-03
8.3025279881950541e-03
8.3025279881950541e-03
8.3025279881950541e-03
8.3025279881950541e-03
8.3025279881950541e-03
8.3025279881950541e-03
8.3025279881950541e-03
8.3025279881950541e-03
8.3025279881950541e-03
8.3025279881950541e-03
8.3025279881950541e-03
8.3025279881950541e-03
8.3129033921096607e-03
8.3129033921096607e-03
8.3129033921096607e-03
8.3129033921096607e-03
8.3129033921096607e-03
8.3129033921096607e-03
8.3129033921096607e-03
8.3129033921096607e-03
8.3129033921096607e-03
8.3129033921096607e-03
8.3129033921096607e-03
8.3129033921096607e-03
8.3129033921096607e-03
8.3129033921096607e-03
8.3129033921096607e-03
8.3129033921096607e-03
8.3129033921096607e-03
8.3129033921096607e-03
8.3129033921096607e-03
8.3129033921096607e-03
8.3129033921096607e-03
8.3203903479381718e-03
8.3203903479381718e-03
8.3203903479381718e-03
8.3203903479381718e-03
8.3203903479381718e-03
8.3203903479381718e-03
8.3203903479381718e-03
8.3203903479381718e-03
8.3203903479381718e-03
8.3203903479381718e-03
8.3203903479381718e-03
8.3203903479381718e-03
8.3203903479381718e-03
8.3203903479381718e-03
8.3203903479381718e-03
8.3203903479381718e-03
8.3203903479381718e-03
8.3203903479381718e-03
8.3203903479381718e-03
8.3203903479381718e-03
8.3203903479381718e-03
8.3203903479381718e-03
8.3203903479381718e-03
8.3252129821105667e-03
8.3252129821105667e-03
8.3252129821105667e-03
8.3252129821105667e-03
8.3252129821105667e-03
8.3252129821105667e-03
8.3252129821105667e-03
8.3252129821105667e-03
8.3252129821105667e-03
8.3252129821105667e-03
8.3252129821105667e-03
8.3252129821105667e-03
8.3252129821105667e-03
8.3252129821105667e-03
8.3252129821105667e-03
8.3252129821105667e-03
8.3252129821105667e-03
8.3252129821105667e-03
8.3252129821105667e-03
8.3252129821105667e-03
8.3252129821105667e-03
8.3252129821105667e-03
8.3252129821105667e-03
8.3283133008887570e-03
8.3283133008887570e-03
8.3283133008887570e-03
8.3283133008887570e-03
8.3283133008887570e-03
8.3283133008887570e-03
8.3283133008887570e-03
8.3283133008887570e-03
8.3283133008887570e-03
8.3283133008887570e-03
8.3283133008887570e-03
8.3283133008887570e-03
8.3283133008887570e-03
8.3283133008887570e-03
8.3283133008887570e-03
8.3283133008887570e-03
8.3283133008887570e-03
8.3283133008887570e-03
8.3283133008887570e-03
8.3283133008887570e-03
8.3283133008887570e-03
8.3283133008887570e-03
8.3283133008887570e-03
8.3302586378236412e-03
8.3302586378236412e-03
8.3302586378236412e-03
8.3302586378236412e-03
8.3302586378236412e-03
8.3302586378236412e-03
8.3302586378236412e-03
8.3302586378236412e-03
8.3302586378236412e-03
8.3302586378236412e-03
8.3302586378236412e-03
8.3302586378236412e-03
8.3302586378236412e-03
8.3302586378236412e-03
