0.0000000000000000e+00
2.5002896729354219e+01
5.0000000000370058e+01
7.4999237105251126e+01
1.0000060863161639e+02
1.2500411516678693e+02
1.5000000000108355e+02
1.7499801756918384e+02
1.9999816845812080e+02
2.2499999741210922e+02
2.4999844505836623e+02
2.2500000051814050e+02
2.1479504213629556e+02
2.0036365906660015e+02
1.7994762148470289e+02
1.5494762148516935e+02
1.2994975533827483e+02
1.0495402245676908e+02
7.9947621486949316e+01
5.4943356131829844e+01
2.9947621485775869e+01
4.9476214857784644e+00
2.8976480568199815e-10
2.4998721879143332e+01
5.0000000000071267e+01
7.4999143916445121e+01
9.9996154215848719e+01
1.2499103148530772e+02
1.4999999999763182e+02
1.7500683218843241e+02
2.0001152864579365e+02
2.2501408995756387e+02
2.4999244383210146e+02
2.4166666646362228e+02
2.3334065230740254e+02
2.2156548590321250e+02
2.0491207723800278e+02
1.8131132760217164e+02
1.5627687505554388e+02
1.3131132759097250e+02
1.0631132760467646e+02
8.1309193178315098e+01
5.6311327606969414e+01
3.1311328183221594e+01
6.3113276072658877e+00
-7.5771844416609689e-12
2.5001336597127928e+01
5.0000000000231466e+01
7.5000797475449943e+01
1.0000372961024377e+02
1.2500879699253817e+02
1.5000000000228579e+02
1.7499333503098842e+02
1.9998880266532319e+02
2.2498640349223064e+02
2.4997039907956383e+02
2.2500000223602729e+02
2.1480649266399342e+02
2.0039129905921425e+02
1.7994762149821761e+02
1.5491127545664730e+02
1.2994762150074257e+02
1.0494762149073699e+02
7.9949755333407126e+01
5.4947621485789071e+01
2.9947622078103393e+01
4.9476214854187051e+00
2.5673506305704908e-10
2.4998721877173192e+01
4.9999999999893525e+01
7.4999143918317017e+01
9.9996154219493292e+01
1.2499103149085906e+02
1.4999999999779433e+02
1.7500683218316837e+02
2.0001152863502585e+02
2.2501408994132262e+02
2.4999602656559995e+02
2.4166666664650964e+02
2.3333706977250111e+02
2.2155683635445013e+02
2.0489626127782492e+02
1.8133303132127554e+02
1.5631132760740880e+02
1.3128748741830586e+02
1.0631132760202321e+02
8.1311327606908492e+01
5.6309193171773153e+01
3.1311327606978914e+01
6.3113281896545086e+00
1.0778668482620160e-10
2.5001338904340411e+01
5.0000000000201076e+01
7.5000795167670475e+01
1.0000372499426996e+02
1.2500879006761866e+02
1.5000000000242554e+02
1.7499334195761136e+02
1.9998881652012619e+02
2.2498642427707020e+02
2.4994714787294311e+02
2.4166666667960286e+02
2.3338642017538496e+02
2.2154822036673207e+02
2.0488155366409558e+02
1.8131294659127445e+02
1.5631673614523888e+02
1.3131132760863144e+02
1.0630805441346578e+02
8.1306915971944846e+01
5.6307911696378305e+01
3.1311040999642380e+01
6.3113276076140394e+00
3.4580168067081222e-10
2.4998663680172456e+01
4.9999999999669882e+01
7.4999202098665478e+01
9.9996270564641591e+01
1.2499120598472444e+02
1.4999999999766865e+02
1.7500665773688925e+02
2.0001117979081454e+02
2.2501356674725972e+02
2.4998344918338307e+02
2.2500000032840472e+02
2.1382637239439217e+02
1.9802374816514691e+02
1.7567400626790956e+02
1.5064759203534658e+02
1.2564759203493142e+02
1.0064545759449311e+02
7.5647592036427525e+01
5.0647592625674676e+01
2.5647592036724632e+01
3.2174349157972715e-10
2.4999999999948962e+01
5.0002134440094537e+01
7.5000000000232944e+01
9.9999999412886183e+01
1.2500213326559131e+02
1.5000640214596322e+02
1.7501280664180527e+02
2.0000000000421869e+02
2.2498932428235744e+02
2.4999086957414272e+02
2.4166666667709654e+02
2.3334270047655903e+02
2.2157123860656569e+02
2.0492468551971137e+02
1.8131132762750997e+02
1.5631132761364526e+02
1.3131346145235645e+02
1.0631772855650271e+02
8.1311327608916599e+01
5.6307062275882380e+01
3.1311327607628748e+01
6.3113276076699787e+00
4.3260650700481445e-10
2.4998663680265718e+01
4.9999999999789978e+01
7.4999202098820888e+01
9.9996270564883460e+01
1.2499120598495718e+02
1.4999999999760738e+02
1.7500665773685290e+02
2.0001117979052566e+02
2.2501356674663128e+02
2.4999632134534625e+02
2.4166666665674848e+02
2.3333677499942945e+02
2.2155612467150098e+02
2.0489495994893343e+02
1.8133089601356008e+02
1.5631132760749963e+02
1.3128962302352141e+02
1.0631132760282833e+02
8.1311327606864225e+01
5.6309193170878743e+01
3.1311327606807449e+01
6.3113281903669751e+00
6.5995588202833880e-10
2.5001338907638392e+01
5.0000000000306770e+01
7.5000795164651819e+01
1.0000372498804997e+02
1.2500879005826948e+02
1.5000000000264413e+02
1.7499334196729720e+02
1.9998881653935808e+02
2.2498642430562938e+02
2.4999836099563541e+02
2.4166666667617812e+02
2.3333520939765947e+02
2.2155315413208308e+02
2.0489162089807149e+02
1.8133027254975258e+02
1.5631132761273471e+02
1.3129452011611960e+02
1.0631132761189147e+02
8.1311327609268815e+01
5.6313461459293961e+01
3.1311327607542619e+01
6.3113281959503142e+00
2.5079271514803216e-10
2.4998666010979939e+01
4.9999999999772648e+01
7.4999199768731287e+01
9.9996265905201597e+01
1.2499119899632436e+02
1.4999999999754851e+02
1.7500666472364134e+02
2.0001119376247610e+02
2.2501358770236990e+02
2.4999941129622442e+02
2.4166666665742872e+02
2.3333368490738007e+02
2.2154866428539276e+02
2.0488131854699932e+02
1.8130851236205990e+02
1.5631132760646727e+02
1.3131200976975097e+02
1.0631055826450445e+02
8.1311327607422328e+01
5.6311327607176509e+01
3.1309193166835186e+01
6.3113276068695061e+00
-2.9817277757141167e-11
