0.0000000000000000e+00
-1.1435251150976292e-03
-1.3928898656282293e-10
-1.1427256811894057e-03
-4.5720921221352670e-03
-1.0288490004282107e-02
1.6567686330585617e-09
8.0024653238992983e-03
1.3718511418469885e-02
-2.8709318167406555e-06
-1.8437486212630666e-02
2.9050582294281216e-07
6.8703006155145189e-03
1.5935576190013061e-02
9.9620999021274628e-10
6.7690087200977701e-10
-2.2863894421028923e-03
-6.8587799884210938e-03
5.2152824375539179e-10
4.5712195293210233e-03
-1.5727162057372060e-10
-2.7100375946054284e-10
-2.7564304134925254e-10
-1.3694718713877809e-03
-2.0168152198307439e-10
-9.1715230583795031e-04
-4.1205378976907564e-03
-9.6097672655353020e-03
1.1095539490019280e-09
7.3217386061329949e-03
1.2355836178130844e-02
1.5102684608400942e-02
2.4407248039833738e-03
7.3640164638332502e-08
-2.6941892560320164e-03
-6.9374227565843233e-03
-1.3804274271699309e-02
-7.0990584970459817e-09
1.2414486173071514e-02
-1.3831341696483094e-08
-3.1206769121101693e-09
-2.2867734723583748e-03
-1.6296634185329541e-10
3.8320144482174715e-07
-2.9594615742847751e-10
-2.8685875456041845e-10
-1.4320128149382708e-03
-5.7689764122459220e-11
-8.5452360951141675e-04
-3.9959734112865793e-03
-9.4247406607926437e-03
1.3162075961788414e-09
7.1395719910416168e-03
1.1993580866087174e-02
1.4561638763373198e-02
-9.9310266196645635e-03
1.0837775595479656e-06
3.4001442447723841e-03
7.5582141512256793e-03
-8.6290110000434031e-09
-1.1339889664175380e-02
-1.3299602142674361e-08
-3.5719211372601457e-09
-2.2863841126883745e-03
5.0555938926026751e-10
-3.9538141102147506e-07
1.7801354159286760e-10
3.1873718876061608e-10
-1.3694701783312057e-03
2.9879332779396835e-10
-9.1715285100104455e-04
-4.1205395891393427e-03
-9.6097702546665640e-03
1.7715753533405620e-09
7.3217428800647225e-03
1.2355844049021507e-02
1.5102695851271960e-02
1.3187281116748232e-03
7.9070776075174232e-09
-1.5725424659976917e-03
-4.2298072176117684e-03
-8.8545058328989793e-03
-1.7128540179641626e-02
-9.7612889184947104e-10
1.4837784681097215e-02
-6.3345598022034243e-09
-6.8837946162559098e-10
-2.2867757195724060e-03
3.5417976203587303e-10
3.8691137088836620e-07
4.3384992367512821e-10
-1.4335436436509088e-03
4.5916067935026325e-10
-8.5299128480873085e-04
-3.9929090828319689e-03
-9.4201436642362916e-03
1.1928869755939991e-09
7.1349733066066595e-03
1.1984382977102647e-02
1.4547840147249927e-02
-1.7664883816678134e-02
5.0336601458331478e-09
1.7414047522918034e-02
-4.3571438395410320e-08
-1.4782435319105173e-08
-1.7347127913069267e-03
-5.7953461553056180e-03
5.1760816986946981e-10
3.5079676522740098e-03
4.7289459639984583e-03
3.6633255574692967e-03
3.1149733047175406e-04
-4.2645815118525570e-10
-5.5025351466101320e-10
-1.4318300739980803e-03
-5.3005002982765937e-10
-8.5480564821865685e-04
-3.9958548949283320e-03
-9.4227581186629179e-03
8.5510048528240056e-10
7.1347607034595792e-03
1.1981912542831454e-02
1.4541847087498113e-02
5.5025349551523235e-03
3.5121224434404103e-07
-3.1993150027014349e-03
-8.5041166792127355e-03
-1.7565994327613566e-02
-3.4224624820347010e-09
-2.1174716931579374e-09
-2.2867815068491008e-03
2.2936937405441982e-10
3.9178498124673625e-07
-1.0434258640129815e-10
-1.5058293675550464e-10
-6.7057592669702851e-11
-2.2867805260895933e-03
-1.4343821331717399e-11
3.9048170294776932e-07
-2.2859994526474867e-03
-6.8595603151178032e-03
-1.3720682841509175e-02
2.2906027968871039e-09
1.1436248971903292e-02
-3.0512506726941098e-03
3.4159497456682813e-09
2.7977564641840863e-03
6.3216504072461871e-03
1.0439809518113248e-02
-1.3092508881908499e-08
-5.2870851819861862e-09
-2.2863877523656654e-03
-6.8587700299326537e-03
4.2731466864763571e-10
4.5712097443871072e-03
-4.9110475922374393e-10
-2.1450117652381984e-10
-3.9131518811349139e-10
-1.4318298816932576e-03
-1.8204179729690112e-10
-8.5480521960494625e-04
-3.9958544665652639e-03
-9.4227577432820595e-03
9.8422130612395488e-10
7.1347607591022147e-03
1.1981912318248788e-02
1.4541846749989221e-02
1.2231275369424530e-03
3.3932233075126390e-09
-1.4769685764908331e-03
-3.9990960370057428e-03
-8.4327429473623240e-03
-1.6436712202365679e-02
-1.4128303246086626e-09
1.4146347312924525e-02
-5.8128491680916018e-09
-7.6574259118477797e-10
-2.2867765227258707e-03
4.2778631429820244e-10
3.8738664414605053e-07
1.7133961133561482e-10
-1.4335456217207455e-03
3.2177671864623338e-10
-8.5298936895395730e-04
-3.9929051041442927e-03
-9.4201377249257968e-03
1.5981472761574749e-09
7.1349680344606429e-03
1.1984371874239175e-02
1.4547823112222850e-02
-5.4769500795764361e-04
3.9360277138610790e-09
2.9374481289211806e-04
2.7565217418878626e-04
-6.1687216382195500e-04
-3.6127628157320776e-03
-2.0026644081786029e-10
1.3229059999650124e-03
-1.1303819085770190e-09
2.7925972709458333e-10
-2.2863886621919899e-03
9.3253680827885306e-10
-3.9004230258050922e-07
7.0601305847169811e-10
-1.4302801518475611e-03
8.0298203511929880e-10
-8.5635222455153210e-04
-3.9989491702508142e-03
-9.4273998552736708e-03
2.3168418464822666e-09
7.1394038969680596e-03
1.1991196137462599e-02
1.4555769901975241e-02
1.9574985467307043e-04
3.8722939819492913e-09
-4.4977791685879863e-04
-1.5195611225567438e-03
-3.8999263682875781e-03
-9.0014033591437337e-03
2.1322357879853840e-09
6.7151417907097928e-03
1.1143625679683512e-02
1.3204551146791179e-09
1.4624539529897939e-09
-2.2867785866309753e-03
1.3556225252940564e-09
1.2050359137383607e-09
