0.0000000000000000e+00
-1.1435251490559345e-03
-2.8432682771993189e-10
-1.1427257784964796e-03
-4.5720922838406010e-03
-1.0288490104847770e-02
1.4267533232796497e-09
8.0024650404145591e-03
1.3718511226194413e-02
-2.8710053815701727e-06
-1.8437486250930807e-02
2.9045156120093788e-07
6.8703005394259520e-03
1.5935576045624972e-02
7.4461061549049642e-10
3.7797887660352594e-10
-2.2863897405384676e-03
-6.8587802902528427e-03
2.2684474633595848e-10
4.5712193119759837e-03
-5.3289764608157106e-10
-6.4379082994267140e-10
-7.2211574486302670e-10
-1.3694723615160743e-03
-6.0858112598477344e-10
-9.1715265614416143e-04
-4.1205382008169715e-03
-9.6097675610529731e-03
7.3884527954744582e-10
7.3217380527037411e-03
1.2355835469516099e-02
1.5102683790715141e-02
2.4407244114254419e-03
7.3280106842295736e-08
-2.6941895359823510e-03
-6.9374230066317905e-03
-1.3804274508668985e-02
-7.4127142630624655e-09
1.2414485742861343e-02
-1.4099993176800156e-08
-3.4827539402147377e-09
-2.2867739888343544e-03
-5.3077563205632641e-10
3.8292027752453917e-07
-6.0278565813385618e-10
-6.9912675085595889e-10
-1.4320130657864028e-03
-4.1481511255053377e-10
-8.5452403331944384e-04
-3.9959739767587137e-03
-9.4247412831566877e-03
9.3299519684438548e-10
7.1395719669936535e-03
1.1993581137094731e-02
1.4561639341593234e-02
-9.9310269401047899e-03
1.0834421682976831e-06
3.4001439083764951e-03
7.5582137368903537e-03
-8.8980678963367825e-09
-1.1339890012370887e-02
-1.3663321112548197e-08
-3.9240054352087725e-09
-2.2863844223118112e-03
5.1424716253630414e-11
-3.9593953293744978e-07
-2.6903307980715000e-10
-9.4784013187372427e-11
-1.3694706173318523e-03
-1.3467159743991380e-10
-9.1715340378938494e-04
-4.1205402572533495e-03
-9.6097710029852765e-03
1.1738988714440354e-09
7.3217425298287304e-03
1.2355843791318512e-02
1.5102695758175574e-02
1.3187274964749072e-03
7.1970813084304033e-09
-1.5725431815194948e-03
-4.2298078939384184e-03
-8.8545064125319494e-03
-1.7128540587131539e-02
-1.3794534512085283e-09
1.4837784158425885e-02
-6.8774629562341191e-09
-1.1709371200396828e-09
-2.2867761759315071e-03
-2.5941893552962424e-10
3.8624666097099893e-07
-1.0816030973360553e-10
-1.4335439801515114e-03
-1.1654595405166105e-10
-8.5299211723125997e-04
-3.9929101434297808e-03
-9.4201448139265235e-03
4.6941062978415534e-10
7.1349731472967913e-03
1.1984383136600860e-02
1.4547840783883685e-02
-1.7664884453427131e-02
4.5194879225034012e-09
1.7414047131909922e-02
-4.3944004139744674e-08
-1.5158763037602781e-08
-1.7347131798804687e-03
-5.7953465485617271e-03
-1.9827411321413030e-12
3.5079668944687317e-03
4.7289452017816340e-03
3.6633247632964746e-03
3.1149647133914916e-04
-1.1986435058279033e-09
-1.3315608201912169e-09
-1.4318308520291940e-03
-1.3327053411256182e-09
-8.5480644604626129e-04
-3.9958557044394620e-03
-9.4227588753162377e-03
2.5154394223154358e-11
7.1347598289100292e-03
1.1981911784568139e-02
1.4541846391434981e-02
5.5025341364513961e-03
3.5037013469292498e-07
-3.1993159818257009e-03
-8.5041176518151455e-03
-1.7565995280939474e-02
-4.2081251998109757e-09
-2.9337273874164636e-09
-2.2867823520619991e-03
-6.9094077262362315e-10
3.9061010980108729e-07
-1.0275975433586317e-09
-1.1841286691028037e-09
-1.0319579037846960e-09
-2.2867814339069736e-03
-1.0108206674688351e-09
3.8960677916826756e-07
-2.2860003260972515e-03
-6.8595612024714616e-03
-1.3720683904556330e-02
1.3616466484975998e-09
1.1436248265024190e-02
-3.0512515579630573e-03
2.4334181904480304e-09
2.7977555097825064e-03
6.3216494129585757e-03
1.0439808496592812e-02
-1.4047397041014860e-08
-6.1473739565462690e-09
-2.2863885576524180e-03
-6.8587707668794125e-03
-4.8612400625242840e-10
4.5712086687046795e-03
-1.2670923991700626e-09
-1.0032671891418279e-09
-1.2657506988703280e-09
-1.4318305509574299e-03
-1.0160029339746548e-09
-8.5480603930931996e-04
-3.9958553707855103e-03
-9.4227586455535237e-03
2.3663657436535076e-10
7.1347601174468764e-03
1.1981911652647946e-02
1.4541846201939910e-02
1.2231266376900298e-03
2.5613199650397619e-09
-1.4769694199237298e-03
-3.9990967593089314e-03
-8.4327436468847865e-03
-1.6436712635574814e-02
-2.2174006778431815e-09
1.4146346069916865e-02
-6.5638479540022327e-09
-1.6460644850935287e-09
-2.2867773600687420e-03
-5.3235436555395214e-10
3.8644687824716022e-07
-8.6328628556064164e-10
-1.4335466357763538e-03
-7.0723154190168862e-10
-8.5299047984601240e-04
-3.9929062440569509e-03
-9.4201389241417542e-03
6.1922829896333622e-10
7.1349674205146560e-03
1.1984371776295801e-02
1.4547823375034099e-02
-5.4769585269959329e-04
3.1565310811271447e-09
2.9374402981970055e-04
2.7565145983277279e-04
-6.1687262416598243e-04
-3.6127631621112677e-03
-9.6499830464826241e-10
1.3229046964011244e-03
-1.8521730274195773e-09
-4.4598642400237440e-10
-2.2863893240102767e-03
1.7464817250373052e-10
-3.9080610683095769e-07
4.0255967310313527e-11
-1.4302805225993541e-03
2.0783089911684655e-10
-8.5635316288059792e-04
-3.9989502456230386e-03
-9.4274011776806204e-03
1.7566045503610733e-09
7.1394042653389993e-03
1.1991197367718032e-02
1.4555772043497804e-02
1.9574955059142204e-04
3.5316479033892353e-09
-4.4977821892859982e-04
-1.5195612713894873e-03
-3.8999265682348057e-03
-9.0014033026877306e-03
1.9054856963069406e-09
6.7151411702978123e-03
1.1143624772986362e-02
1.0411345498145822e-09
1.3538345328155954e-09
-2.2867786748762922e-03
1.2321234567534546e-09
1.1153798498921841e-09
