0.0000000000000000e+00
0.0000000000000000e+00
0.0000000000000000e+00
0.0000000000000000e+00
0.0000000000000000e+00
0.0000000000000000e+00
0.0000000000000000e+00
0.0000000000000000e+00
0.0000000000000000e+00
-1.6666663102304859e+01
-3.3333326342351455e+01
-3.3333326342351455e+01
-3.3333326342351455e+01
-3.3333326342351455e+01
-3.3333326342351455e+01
-3.3333326342351455e+01
-3.3333326342351455e+01
-3.3333326342351455e+01
-3.3333326342351455e+01
-3.3333326342351455e+01
-3.3333326342351455e+01
-3.3333326342351455e+01
-3.3333326342351455e+01
-3.3333326342351455e+01
-3.3333326342351455e+01
-3.3333326342351455e+01
-3.3333326342351455e+01
-1.6666672356729794e+01
-9.6177271592237050e-06
1.6666656644749295e+01
3.3333323026251350e+01
3.3333323026251350e+01
3.3333323026251350e+01
3.3333323026251350e+01
3.3333323026251350e+01
3.3333323026251350e+01
3.3333323026251350e+01
3.3333323026251350e+01
3.3333323026251335e+01
3.3333323026251328e+01
3.3333323026251307e+01
3.3333323026251314e+01
3.3333323026251328e+01
3.3333323026251328e+01
3.3333323026251321e+01
3.3333323026251307e+01
3.3332836719647787e+01
1.6666670009311499e+01
6.5177097453592821e-06
-1.6666659951537969e+01
-3.3333326419679977e+01
-3.3333326419679977e+01
-3.3333326419679977e+01
-3.3333326419679977e+01
-3.3333326419679977e+01
-3.3333326419679977e+01
-3.3333326419679977e+01
-3.3333326419679977e+01
-3.3333326419679977e+01
-3.3333326419679977e+01
-3.3333326419679977e+01
-3.3333326419679977e+01
-3.3333326419679977e+01
-3.3333326419679977e+01
-3.3333326419679977e+01
-3.3333326419679977e+01
-3.3333326419679977e+01
-1.6666672356668826e+01
-9.6176471397845677e-06
1.6666656644809336e+01
3.3333323026308705e+01
3.3333323026308705e+01
3.3333323026308705e+01
3.3333323026308705e+01
3.3333323026308705e+01
3.3333323026308726e+01
3.3333323026308726e+01
3.3333323026308726e+01
3.3333323026308705e+01
3.3333323026308690e+01
3.3333323026308669e+01
3.3333323026308676e+01
3.3333323026308683e+01
3.3333323026308683e+01
3.3333323026308683e+01
3.3333323026308683e+01
3.3332836719675328e+01
1.6666670009359784e+01
6.5177414492131848e-06
-1.6666659951504997e+01
-3.3333326419641480e+01
-3.3333326419641480e+01
-3.3333326419641480e+01
-3.3333326419641480e+01
-3.3333326419641480e+01
-3.3333326419641480e+01
-3.3333326419641480e+01
-3.3333326419641480e+01
-3.3333326419641480e+01
-3.3333326419641480e+01
-3.3333326419641480e+01
-3.3333326419641480e+01
-3.3333326419641480e+01
-3.3333326419641480e+01
-3.3333326419641480e+01
-3.3333326419641480e+01
-3.3333326419641480e+01
-1.6666672356641424e+01
-9.6176402227912817e-06
1.6666656644828262e+01
3.3333323026331762e+01
3.3333323026331762e+01
3.3333323026331762e+01
3.3333323026331762e+01
3.3333323026331755e+01
3.3333323026331762e+01
3.3333323026331762e+01
3.3333323026331762e+01
3.3333323026331776e+01
3.3333323026331769e+01
3.3333323026331769e+01
3.3333323026331755e+01
3.3333323026331740e+01
3.3333323026331740e+01
3.3333323026331712e+01
3.3333323026331705e+01
3.3332836719669039e+01
1.6666670009343338e+01
6.5177343158603385e-06
-1.6666659951527730e+01
-3.3333326419656899e+01
-3.3333326419656899e+01
-3.3333326419656899e+01
-3.3333326419656899e+01
-3.3333326419656899e+01
-3.3333326419656899e+01
-3.3333326419656899e+01
-3.3333326419656899e+01
-3.3333326419656899e+01
-3.3333326419656899e+01
-3.3333326419656899e+01
-3.3333326419656899e+01
-3.3333326419656899e+01
-3.3333326419656899e+01
-3.3333326419656899e+01
-3.3333326419656899e+01
-3.3333326419656899e+01
-1.6666672356670322e+01
-9.6176671033557962e-06
1.6666656644793733e+01
3.3333323026295524e+01
3.3333323026295524e+01
3.3333323026295524e+01
3.3333323026295524e+01
3.3333323026295510e+01
3.3333323026295496e+01
3.3333323026295496e+01
3.3333323026295496e+01
3.3333323026295488e+01
3.3333323026295474e+01
3.3333323026295481e+01
3.3333323026295467e+01
3.3333323026295439e+01
3.3333323026295439e+01
3.3333323026295439e+01
3.3333323026295453e+01
3.3332836719611429e+01
1.6666670009294847e+01
6.5176851500269221e-06
-1.6666659951568043e+01
-3.3333326419692710e+01
-3.3333326419692710e+01
-3.3333326419692710e+01
-3.3333326419692710e+01
-3.3333326419692710e+01
-3.3333326419692710e+01
-3.3333326419692710e+01
-3.3333326419692710e+01
-3.3333326419692710e+01
-3.3333326419692710e+01
-3.3333326419692710e+01
-3.3333326419692710e+01
-3.3333326419692710e+01
-3.3333326419692710e+01
-3.3333326419692710e+01
-3.3333326419692710e+01
-3.3333326419692710e+01
-1.6666672356686796e+01
-9.6176769609496786e-06
1.6666656644791932e+01
3.3333323026280745e+01
3.3333323026280745e+01
3.3333323026280745e+01
3.3333323026280745e+01
3.3333323026280745e+01
3.3333323026280752e+01
3.3333323026280752e+01
3.3333323026280752e+01
3.3333323026280766e+01
3.3333323026280766e+01
3.3333323026280738e+01
