0.0000000000000000e+00
0.0000000000000000e+00
0.0000000000000000e+00
0.0000000000000000e+00
0.0000000000000000e+00
0.0000000000000000e+00
0.0000000000000000e+00
0.0000000000000000e+00
0.0000000000000000e+00
8.3333315511622832e+00
1.6666663171189978e+01
1.6666663171190010e+01
1.6666663171190041e+01
1.6666663171190041e+01
1.6666663171190066e+01
1.6666663171190045e+01
1.6666663171190041e+01
1.6666663171190024e+01
1.6666663171190024e+01
1.6666663171190031e+01
1.6666663171190017e+01
1.6666663171190049e+01
1.6666663171190056e+01
1.6666663171190020e+01
1.6666663171190010e+01
1.6666663171190006e+01
1.6666663171189992e+01
8.3333361783856663e+00
4.8088875867539511e-06
-8.3333283223453289e+00
-1.6666661513097949e+01
-1.6666661513097953e+01
-1.6666661513097949e+01
-1.6666661513097928e+01
-1.6666661513097921e+01
-1.6666661513097896e+01
-1.6666661513097893e+01
-1.6666661513097871e+01
-1.6666661513097875e+01
-1.6666661513097889e+01
-1.6666661513097910e+01
-1.6666661513097907e+01
-1.6666661513097896e+01
-1.6666661513097885e+01
-1.6666661513097871e+01
-1.6666661513097893e+01
-1.6666418359796101e+01
-8.3333350046276884e+00
-3.2588276982722118e-06
8.3333299757931787e+00
1.6666663209866648e+01
1.6666663209866652e+01
1.6666663209866655e+01
1.6666663209866662e+01
1.6666663209866652e+01
1.6666663209866666e+01
1.6666663209866659e+01
1.6666663209866652e+01
1.6666663209866648e+01
1.6666663209866648e+01
1.6666663209866648e+01
1.6666663209866648e+01
1.6666663209866659e+01
1.6666663209866645e+01
1.6666663209866638e+01
1.6666663209866631e+01
1.6666663209866634e+01
8.3333361783631581e+00
4.8088530012610055e-06
-8.3333283223781400e+00
-1.6666661513130624e+01
-1.6666661513130624e+01
-1.6666661513130613e+01
-1.6666661513130585e+01
-1.6666661513130553e+01
-1.6666661513130563e+01
-1.6666661513130570e+01
-1.6666661513130570e+01
-1.6666661513130588e+01
-1.6666661513130585e+01
-1.6666661513130588e+01
-1.6666661513130588e+01
-1.6666661513130578e+01
-1.6666661513130581e+01
-1.6666661513130570e+01
-1.6666661513130563e+01
-1.6666418359813871e+01
-8.3333350046605226e+00
-3.2588545321007076e-06
8.3333299757687680e+00
1.6666663209839079e+01
1.6666663209839083e+01
1.6666663209839086e+01
1.6666663209839083e+01
1.6666663209839097e+01
1.6666663209839097e+01
1.6666663209839069e+01
1.6666663209839090e+01
1.6666663209839079e+01
1.6666663209839101e+01
1.6666663209839129e+01
1.6666663209839164e+01
1.6666663209839182e+01
1.6666663209839161e+01
1.6666663209839161e+01
1.6666663209839182e+01
1.6666663209839168e+01
8.3333361783449451e+00
4.8088480901012714e-06
-8.3333283223856824e+00
-1.6666661513134510e+01
-1.6666661513134507e+01
-1.6666661513134503e+01
-1.6666661513134486e+01
-1.6666661513134489e+01
-1.6666661513134489e+01
-1.6666661513134482e+01
-1.6666661513134507e+01
-1.6666661513134496e+01
-1.6666661513134478e+01
-1.6666661513134486e+01
-1.6666661513134482e+01
-1.6666661513134503e+01
-1.6666661513134489e+01
-1.6666661513134471e+01
-1.6666661513134464e+01
-1.6666418359803117e+01
-8.3333350046455763e+00
-3.2588430021865869e-06
8.3333299757907255e+00
1.6666663209853844e+01
1.6666663209853851e+01
1.6666663209853859e+01
1.6666663209853866e+01
1.6666663209853862e+01
1.6666663209853834e+01
1.6666663209853837e+01
1.6666663209853841e+01
1.6666663209853827e+01
1.6666663209853819e+01
1.6666663209853827e+01
1.6666663209853837e+01
1.6666663209853862e+01
1.6666663209853859e+01
1.6666663209853862e+01
1.6666663209853887e+01
1.6666663209853887e+01
8.3333361783529920e+00
4.8088516776278257e-06
-8.3333283223777208e+00
-1.6666661513127391e+01
-1.6666661513127387e+01
-1.6666661513127387e+01
-1.6666661513127384e+01
-1.6666661513127380e+01
-1.6666661513127373e+01
-1.6666661513127334e+01
-1.6666661513127323e+01
-1.6666661513127320e+01
-1.6666661513127313e+01
-1.6666661513127323e+01
-1.6666661513127323e+01
-1.6666661513127337e+01
-1.6666661513127337e+01
-1.6666661513127337e+01
-1.6666661513127345e+01
-1.6666418359785336e+01
-8.3333350046286014e+00
-3.2588282974672671e-06
8.3333299757944985e+00
1.6666663209854320e+01
1.6666663209854303e+01
1.6666663209854285e+01
1.6666663209854327e+01
1.6666663209854352e+01
1.6666663209854377e+01
1.6666663209854388e+01
1.6666663209854391e+01
1.6666663209854413e+01
1.6666663209854413e+01
1.6666663209854434e+01
1.6666663209854434e+01
1.6666663209854420e+01
1.6666663209854388e+01
1.6666663209854402e+01
1.6666663209854441e+01
1.6666663209854413e+01
8.3333361783496969e+00
4.8088389725097113e-06
-8.3333283223996464e+00
-1.6666661513148064e+01
-1.6666661513148060e+01
-1.6666661513148064e+01
-1.6666661513148064e+01
-1.6666661513148075e+01
-1.6666661513148114e+01
-1.6666661513148114e+01
-1.6666661513148089e+01
-1.6666661513148096e+01
-1.6666661513148085e+01
-1.6666661513148071e+01
