0.0000000000000000e+00
3.6587373701128602e-05
7.3170731707008425e-05
1.0975275142056136e-04
1.4633343293911770e-04
1.8291277636071907e-04
2.1951219512595722e-04
2.5611027442255720e-04
2.9270701435045947e-04
7.4943625136334206e-04
1.2097503265079506e-03
1.1731649945495109e-03
1.1365783240551248e-03
1.0999903149276802e-03
1.0634088966744366e-03
1.0268261401724598e-03
9.9024204532272833e-04
9.5365279911079211e-04
9.1706743325760225e-04
8.8048206740252478e-04
8.4389670154860546e-04
8.0731133569432922e-04
7.7072463130268241e-04
7.3414060398754736e-04
6.9755523823278255e-04
6.6096853393927751e-04
6.2438049101073674e-04
1.7457632464421669e-04
-2.7867560025611449e-04
-7.3542902029424188e-04
-1.1957431898198744e-03
-1.1591578412017758e-03
-1.1225738310225205e-03
-1.0859911591835577e-03
-1.0494017439690009e-03
-1.0128136674903078e-03
-9.7622692964949352e-04
-9.3964564641039723e-04
-9.0306028055624167e-04
-8.6647491470379274e-04
-8.2988954885018795e-04
-7.9330418299732790e-04
-7.5672015558333604e-04
-7.2013345128886985e-04
-6.8354808553266328e-04
-6.4696405821570166e-04
-6.1038136924156561e-04
-1.6056930207382098e-04
2.9268263495339417e-04
7.4943606076285885e-04
1.2097502326308771e-03
1.1731649004924996e-03
1.1365782298192902e-03
1.0999902205132610e-03
1.0634088026179589e-03
1.0268260464733096e-03
9.9024195198140451e-04
9.5365270505381702e-04
9.1706733919986528e-04
8.8048197334466324e-04
8.4389660749142187e-04
8.0731124163748748e-04
7.7072453724634472e-04
7.3414050993157276e-04
6.9755514417710817e-04
6.6096843988431740e-04
6.2438039695555286e-04
1.7457622867039397e-04
-2.7867569623016817e-04
-7.3542911626716474e-04
-1.1957432857933267e-03
-1.1591579371747166e-03
-1.1225739269956332e-03
-1.0859912551560524e-03
-1.0494018399407703e-03
-1.0128137634618523e-03
-9.7622702562145469e-04
-9.3964574238258435e-04
-9.0306037652882788e-04
-8.6647501067647979e-04
-8.2988964482304641e-04
-7.9330427896951209e-04
-7.5672025155589548e-04
-7.2013354726157902e-04
-6.8354818150456796e-04
-6.4696415418801488e-04
-6.1038146521329010e-04
-1.6056939804507693e-04
2.9268253898252842e-04
7.4943596479190491e-04
1.2097501366598164e-03
1.1731648045229747e-03
1.1365781338493754e-03
1.0999901245430776e-03
1.0634087066476729e-03
1.0268259505047624e-03
9.9024185601383078e-04
9.5365260908431666e-04
9.1706724323139621e-04
8.8048187737587314e-04
8.4389651152137800e-04
8.0731114566745163e-04
7.7072444127598903e-04
7.3414041396080800e-04
6.9755504820611389e-04
6.6096834391343414e-04
6.2438030098488264e-04
1.7457613269947827e-04
-2.7867579220074525e-04
-7.3542921223849469e-04
-1.1957433817652279e-03
-1.1591580331467921e-03
-1.1225740229668852e-03
-1.0859913511274783e-03
-1.0494019359123695e-03
-1.0128138594341757e-03
-9.7622712159345728e-04
-9.3964583835392905e-04
-9.0306047249947717e-04
-8.6647510664760331e-04
-8.2988974079399288e-04
-7.9330437494054952e-04
-7.5672034752679923e-04
-7.2013364323185794e-04
-6.8354827747472350e-04
-6.4696425015742969e-04
-6.1038156118256625e-04
-1.6056949401539803e-04
2.9268244301275306e-04
7.4943586882155236e-04
1.2097500406895569e-03
1.1731647085523348e-03
1.1365780378795318e-03
1.0999900285732108e-03
1.0634086106784770e-03
1.0268258545340723e-03
9.9024176004229385e-04
9.5365251311505168e-04
9.1706714726226914e-04
8.8048178140641550e-04
8.4389641555352411e-04
8.0731104969911625e-04
7.7072434530763901e-04
7.3414031799330897e-04
6.9755495223923448e-04
6.6096824794721685e-04
6.2438020501897728e-04
1.7457603673268869e-04
-2.7867588816791013e-04
-7.3542930820527045e-04
-1.1957434777320431e-03
-1.1591581291135165e-03
-1.1225741189336920e-03
-1.0859914470952696e-03
-1.0494020318800752e-03
-1.0128139554016187e-03
-9.7622721756116470e-04
-9.3964593432302240e-04
-9.0306056846864598e-04
-8.6647520261654595e-04
-8.2988983676293118e-04
-7.9330447090919596e-04
-7.5672044349538278e-04
-7.2013373920098880e-04
-6.8354837344498595e-04
-6.4696434612855158e-04
-6.1038165715406728e-04
-1.6056958998519812e-04
2.9268234704297758e-04
7.4943577285286017e-04
1.2097499447204399e-03
1.1731646125827120e-03
1.1365779419102370e-03
1.0999899326036254e-03
1.0634085147072981e-03
1.0268257585623660e-03
9.9024166407008559e-04
9.5365241714390301e-04
9.1706705129060233e-04
8.8048168543529805e-04
8.4389631958157346e-04
8.0731095372783954e-04
7.7072424933591897e-04
7.3414022202147389e-04
6.9755485626702134e-04
6.6096815197445814e-04
6.2438010904599772e-04
1.7457594075978564e-04
-2.7867598413969594e-04
-7.3542940417732302e-04
-1.1957435737034795e-03
-1.1591582250850109e-03
-1.1225742149054540e-03
-1.0859915430669477e-03
-1.0494021278526576e-03
-1.0128140513733300e-03
-9.7622731353188153e-04
-9.3964603029351242e-04
-9.0306066443920821e-04
-8.6647529858680569e-04
-8.2988993273295641e-04
