0.0000000000000000e+00
-2.5004040254486299e+01
-5.0000000000581849e+01
-7.5000379830981032e+01
-1.0000518072381935e+02
-1.2501440365684152e+02
-1.4999999999954173e+02
-1.7499001510400183e+02
-1.9998444994679846e+02
-2.2499999983388466e+02
-2.4999999885686262e+02
-2.2500000009112961e+02
-2.0000442156536428e+02
-1.7501326230216870e+02
-1.5000000000049724e+02
-1.2499116088021697e+02
-9.9986743962865475e+01
-7.5000000000097941e+01
-5.0000000000280082e+01
-2.5000000000018499e+01
-7.5403124169593791e-11
2.4999999999675921e+01
4.9995579756907098e+01
7.4999999999378062e+01
9.9999999021563923e+01
1.2499557780091359e+02
1.4998673731534595e+02
1.7499998967370811e+02
1.9999998316882852e+02
2.2499998248196283e+02
2.4999998194675752e+02
2.2499999990275003e+02
1.9999559664361391e+02
1.7498677119157580e+02
1.4999999999899589e+02
1.2500881050874104e+02
1.0001320174362291e+02
7.4999999999958348e+01
4.9999999999638817e+01
2.5000000000030564e+01
-9.0763216805659118e-11
-2.5000000000271683e+01
-5.0004421220842538e+01
-7.5000000000477542e+01
-9.9999999022509570e+01
-1.2500441926490639e+02
-1.5000949022265405e+02
-1.7499999981570022e+02
-1.9999999904492694e+02
-2.2499999897343122e+02
-2.4999999896885197e+02
-2.2500000009227008e+02
-2.0000442145547277e+02
-1.7501326208092428e+02
-1.5000000000131612e+02
-1.2499116110313997e+02
-9.9986744408031370e+01
-7.5000000000854058e+01
-5.0000000001279105e+01
-2.5000000000906560e+01
-8.0436817877079197e-10
2.4999999998936254e+01
4.9995579756397689e+01
7.4999999999181981e+01
9.9999999021825715e+01
1.2499557780163363e+02
1.4998673731620002e+02
1.7499998967387393e+02
1.9999998316916395e+02
2.2499998248221644e+02
2.4999998194676922e+02
2.2499999990281839e+02
1.9999559664383162e+02
1.7498677119189250e+02
1.4999999999950182e+02
1.2500881050906517e+02
1.0001320174399831e+02
7.5000000000267107e+01
4.9999999999916362e+01
2.5000000000327802e+01
3.9852736646440040e-10
-2.4999999999649528e+01
-5.0004421220299179e+01
-7.4999999999913697e+01
-9.9999999021728854e+01
-1.2500441926454022e+02
-1.5000949022189698e+02
-1.7499999981497470e+02
-1.9999999904435293e+02
-2.2499999897277198e+02
-2.4999999896821026e+02
-2.2500000009105412e+02
-2.0000442145419933e+02
-1.7501326207967833e+02
-1.5000000000032156e+02
-1.2499116110203596e+02
-9.9986744406805258e+01
-7.4999999999581846e+01
-4.9999999999712401e+01
-2.4999999999378609e+01
4.5860158463847588e-10
2.5000000000294595e+01
4.9995579757196417e+01
7.5000000000014253e+01
9.9999999022588156e+01
1.2499557780241318e+02
1.4998673731710133e+02
1.7499998967415596e+02
1.9999998316933824e+02
2.2499998248230335e+02
2.4999998194688396e+02
2.2499999990302416e+02
1.9999559664426238e+02
1.7498677119233042e+02
1.4999999999969819e+02
1.2500881050874641e+02
1.0001320174329220e+02
7.5000000000087852e+01
4.9999999999886114e+01
2.5000000000065462e+01
1.1690901202006597e-10
-2.5000000000031029e+01
-5.0004421221023257e+01
-7.5000000000248576e+01
-9.9999999022272505e+01
-1.2500441926454457e+02
-1.5000949022166441e+02
-1.7499999981490208e+02
-1.9999999904377938e+02
-2.2499999897250834e+02
-2.4999999896789342e+02
-2.2500000009091633e+02
-2.0000442145374888e+02
-1.7501326207942407e+02
-1.4999999999984803e+02
-1.2499116110178640e+02
-9.9986744406713754e+01
-7.4999999999138481e+01
-4.9999999999380158e+01
-2.4999999999337032e+01
7.9847479293956071e-10
2.5000000000523354e+01
4.9995579757635724e+01
7.5000000000384574e+01
9.9999999022840171e+01
1.2499557780286999e+02
1.4998673731751111e+02
1.7499998967495867e+02
1.9999998317012216e+02
2.2499998248326767e+02
2.4999998194769819e+02
2.2499999990354883e+02
1.9999559664457050e+02
1.7498677119225380e+02
1.4999999999982674e+02
1.2500881050957793e+02
1.0001320174422266e+02
7.4999999999838494e+01
4.9999999999414896e+01
2.4999999999709630e+01
-3.9639145135225151e-10
-2.5000000000159559e+01
-5.0004421220958356e+01
-7.5000000000464482e+01
-9.9999999022618425e+01
-1.2500441926522470e+02
-1.5000949022238234e+02
-1.7499999981531917e+02
-1.9999999904428813e+02
-2.2499999897263578e+02
-2.4999999896815879e+02
-2.2500000009119046e+02
-2.0000442145397614e+02
-1.7501326207964334e+02
-1.5000000000038725e+02
-1.2499116110249049e+02
-9.9986744407337568e+01
-7.4999999999645340e+01
-4.9999999999879464e+01
-2.4999999999509591e+01
5.5310622089797867e-10
2.5000000000558313e+01
4.9995579757623076e+01
7.5000000000439144e+01
9.9999999022873823e+01
1.2499557780233539e+02
1.4998673731673438e+02
1.7499998967433743e+02
1.9999998316966477e+02
2.2499998248257873e+02
2.4999998194704386e+02
2.2499999990326620e+02
1.9999559664436043e+02
1.7498677119209287e+02
1.4999999999949216e+02
1.2500881050932963e+02
1.0001320174407999e+02
7.5000000000657437e+01
5.0000000000368210e+01
2.5000000000797421e+01
7.4665293276413561e-10
