0.0000000000000000e+00
1.2486089731869897e-04
2.4975609755835523e-04
3.7463570093467099e-04
4.9949971134296319e-04
6.2434813267618172e-04
7.4926829267894411e-04
8.7417284958439187e-04
9.9950295433027430e-04
1.1274104714731467e-03
1.2578612779415542e-03
1.3908477589596737e-03
1.5263623304100711e-03
1.5369497887263127e-03
1.4200913509251039e-03
1.3006752944403426e-03
1.1786729338751749e-03
1.0541096293937265e-03
9.2923158785452513e-04
8.0433794984225088e-04
6.7942871146074583e-04
5.5459744161015317e-04
4.2975058696860107e-04
3.0484134405363896e-04
1.7996329527354823e-04
5.5085246493676855e-05
-6.9792802286267991e-05
-1.9468644754091745e-04
-3.1954889984864515e-04
-4.4442694473500902e-04
-5.6932058609519148e-04
-6.9422982782523608e-04
-8.1915467382336028e-04
-9.4425294661905790e-04
-1.0719962105630754e-03
-1.2022832391482300e-03
-1.3351064328449742e-03
-1.4704582053698865e-03
-1.4809178563912528e-03
-1.3638996725274615e-03
-1.2442869038320370e-03
-1.1221236797316627e-03
-9.9739999286471226e-04
-8.7269186005548580e-04
-7.4764388793384384e-04
-6.2276583903667863e-04
-4.9790338271880940e-04
-3.7300974144937341e-04
-2.4813169665431498e-04
-1.2325364388747213e-04
1.6244048925375832e-06
1.2650245367254624e-04
2.5136490987291222e-04
3.7625855123262078e-04
5.0113659611765861e-04
6.2599904842438757e-04
7.5084591204566304e-04
8.7567719087272057e-04
1.0008026950711418e-03
1.1283865196023109e-03
1.2585146003623478e-03
1.3911793216429622e-03
1.5263730957486388e-03
1.5366407164922893e-03
1.4194633975299373e-03
1.2997294133704194e-03
1.1774100763287301e-03
1.0525307434552278e-03
9.2763581378746125e-04
8.0272528342748689e-04
6.7789788868884908e-04
5.5305491012750589e-04
4.2814179113348039e-04
3.0326374235325158e-04
1.7838569357494773e-04
5.3507644794136380e-05
-7.1370403986474132e-05
-1.9626404924089964e-04
-3.2112650154852231e-04
-4.4600454643505102e-04
-5.7089818779472098e-04
-6.9580742952416775e-04
-8.2073227552226279e-04
-9.4551546133520828e-04
-1.0729458610338610e-03
-1.2029196808401340e-03
-1.3354306025959767e-03
-1.4704710371854955e-03
-1.4806202811975351e-03
-1.3632926190635353e-03
-1.2433712980105792e-03
-1.1209004441776163e-03
-9.9602239471760457e-04
-8.7115993783784323e-04
-7.4631306964497964e-04
-6.2138824161398214e-04
-4.9647901784662801e-04
-3.7163214404750900e-04
-2.4675409526711778e-04
-1.2187604648546696e-04
3.0020022949543176e-06
1.2788005107558040e-04
2.5274250727710148e-04
3.7763614863506247e-04
5.0251419352032283e-04
6.2737664582643055e-04
7.5222350944670390e-04
8.7705478827294252e-04
1.0020263925219776e-03
1.1293044302253998e-03
1.2591276371903778e-03
1.3914883973884975e-03
1.5263791195672611e-03
1.5363445950651157e-03
1.4188660343670500e-03
1.2988317092109322e-03
1.1762129297544605e-03
1.0513348826456197e-03
9.2644123906194783e-04
8.0153199510789265e-04
6.7670074210941355e-04
5.5185390432423934e-04
4.2694464455316725e-04
3.0206659577295140e-04
1.7718854699395664e-04
5.2310498213082903e-05
-7.2567550567104519e-05
-1.9746119582236666e-04
-3.2232364812975035e-04
-4.4720169301591412e-04
-5.7209533437536703e-04
-6.9700457610543819e-04
-8.2192942210343066e-04
-9.4671389204805615e-04
-1.0738444591218018e-03
-1.2035206268203760e-03
-1.3357347850458071e-03
-1.4704793437407104e-03
-1.4803335965498077e-03
-1.3627118258280556e-03
-1.2424972761174355e-03
-1.1197340704302788e-03
-9.9485601944002589e-04
-8.6999356103076590e-04
-7.4514669130898621e-04
-6.2022186787261569e-04
-4.9531264869794533e-04
-3.7046577030759576e-04
-2.4558772152753939e-04
-1.2070967274616909e-04
4.1683760347315831e-06
