0.0000000000000000e+00
-3.7461309495952866e-05
-7.4926829267280869e-05
-1.1239375275685219e-04
-1.4986208006915311e-04
-1.8733181130975018e-04
-2.2478048780000427e-04
-2.6223056674654533e-04
-2.9994659924750100e-04
-3.3892475189406946e-04
-3.7917454532427253e-04
-4.2069217605514108e-04
-4.6347385200225179e-04
-4.6877399114185616e-04
-4.3532071590340719e-04
-4.0058155357631842e-04
-3.6455598310889813e-04
-3.2724994055860431e-04
-2.8978652569190553e-04
-2.5232451427984202e-04
-2.1486390621691995e-04
-1.7739628178084431e-04
-1.3993006111448142e-04
-1.0246945251545044e-04
-6.5006037881077094e-05
-2.7542623248581154e-05
9.9207913850576697e-06
4.7382802564189444e-05
8.4847620653829094e-05
1.2231103518414426e-04
1.5977304625952094e-04
1.9723365398490299e-04
2.3469285846580010e-04
2.7232159523878487e-04
3.1121761342343599e-04
3.5138551815726331e-04
3.9282150527434505e-04
4.3552178180423828e-04
4.4074519786608407e-04
4.0721137814049585e-04
3.7238735030108372e-04
3.3628134811384809e-04
2.9889511441812084e-04
2.6150748293969769e-04
2.2396828535958710e-04
1.8650487072071210e-04
1.4904005252138969e-04
1.1157804145376411e-04
7.4114626930423742e-05
3.6651212184142800e-05
-8.1220244975308145e-07
-3.8275617084210460e-05
-7.5740435278992554e-05
-1.1320244635163281e-04
-1.5066586087911894e-04
-1.8813067896664531e-04
-2.2559690071956556e-04
-2.6306452624176547e-04
-3.0059646951852229e-04
-3.3941277576391956e-04
-3.7950120654044021e-04
-4.2085795740174009e-04
-4.6347923467626365e-04
-4.6861945490546712e-04
-4.3500673908109541e-04
-4.0010861303994426e-04
-3.6392455433429939e-04
-3.2646049758872585e-04
-2.8899784434557792e-04
-2.5153659450044259e-04
-2.1407089556497213e-04
-1.7660660025534461e-04
-1.3914406629982051e-04
-1.0168065166580853e-04
-6.4217237032989020e-05
-2.6753822398764370e-05
1.0709592235053047e-05
4.8171603415529495e-05
8.5636421505282939e-05
1.2309983603477453e-04
1.6056184711042240e-04
1.9802245483622837e-04
2.3548165931692566e-04
2.7295285262161906e-04
3.1169243865275049e-04
3.5170373900509364e-04
3.9298359014659675e-04
4.3552819770978400e-04
4.4059641039381346e-04
4.0690785153262374e-04
3.7192954739349621e-04
3.3566973033896869e-04
2.9820631577182326e-04
2.6074149764529004e-04
2.2327527585193059e-04
1.8581607202632289e-04
1.4835546495574616e-04
1.1088924275492769e-04
7.3425828121248017e-05
3.5962413486040145e-05
-1.5010011486924107e-06
-3.8964415782675977e-05
-7.6429233976412568e-05
-1.1389124504943822e-04
-1.5135465957626874e-04
-1.8881947766396446e-04
-2.2628569941686774e-04
-2.6375332493946935e-04
-3.0120831820850384e-04
-3.3987173062880615e-04
-3.7980772495220446e-04
-4.2101249527256375e-04
-4.6348224658347915e-04
-4.6847139407349691e-04
-4.3470805737460367e-04
-3.9965976095321138e-04
-3.6332598103956475e-04
-3.2586256633836504e-04
-2.8840055509290276e-04
-2.5093994719683962e-04
-2.1347232227134964e-04
-1.7600610111632124e-04
-1.3854549300559670e-04
-1.0108207837120992e-04
-6.3618663737712171e-05
-2.6155249102904000e-05
1.1308165531570661e-05
4.8770176711292499e-05
8.6234994801229756e-05
1.2369840933162539e-04
1.6116042040782157e-04
1.9862102813294609e-04
2.3608023261399510e-04
2.7355206798314763e-04
3.1214173858831203e-04
3.5200421199347220e-04
3.9313568137427435e-04
4.3553235099066657e-04
4.4045306819369032e-04
4.0661745503866578e-04
3.7149253645567232e-04
3.3508654347474124e-04
2.9762312894411131e-04
2.6015831085354768e-04
2.2269208909674507e-04
1.8523288516147145e-04
1.4777227798129088e-04
1.1030605588925588e-04
7.2842641254424105e-05
3.5379226619574744e-05
-2.0841880146613322e-06
