0.0000000000000000e+00
-3.7461309496178868e-05
-7.4926829267813117e-05
-1.1239375275749789e-04
-1.4986208007002443e-04
-1.8733181131124797e-04
-2.2478048780142572e-04
-2.6223056674774239e-04
-2.9994659924838506e-04
-3.3892475189531060e-04
-3.7917454532529596e-04
-4.2069217605661630e-04
-4.6347385200340354e-04
-4.6877399114278082e-04
-4.3532071590424089e-04
-4.0058155357686529e-04
-3.6455598310951721e-04
-3.2724994055966081e-04
-2.8978652569183711e-04
-2.5232451427956490e-04
-2.1486390621620066e-04
-1.7739628177998408e-04
-1.3993006111407593e-04
-1.0246945251533576e-04
-6.5006037881430991e-05
-2.7542623248605199e-05
9.9207913858437604e-06
4.7382802565369469e-05
8.4847620655079369e-05
1.2231103518533634e-04
1.5977304626045366e-04
1.9723365398549735e-04
2.3469285846622459e-04
2.7232159523939928e-04
3.1121761342402547e-04
3.5138551815850608e-04
3.9282150527510866e-04
4.3552178180632440e-04
4.4074519786744268e-04
4.0721137814227491e-04
3.7238735030261093e-04
3.3628134811570067e-04
2.9889511441946054e-04
2.6150748294106172e-04
2.2396828536186219e-04
1.8650487072348755e-04
1.4904005252504865e-04
1.1157804145727209e-04
7.4114626934033390e-05
3.6651212187853556e-05
-8.1220244641123557e-07
-3.8275617080378219e-05
-7.5740435275215316e-05
-1.1320244634825940e-04
-1.5066586087595803e-04
-1.8813067896384359e-04
-2.2559690071640999e-04
-2.6306452623974457e-04
-3.0059646951500070e-04
-3.3941277576061063e-04
-3.7950120653672449e-04
-4.2085795739910462e-04
-4.6347923467288582e-04
-4.6861945490251733e-04
-4.3500673907851816e-04
-4.0010861303726970e-04
-3.6392455433209179e-04
-3.2646049758610555e-04
-2.8899784434297985e-04
-2.5153659449785916e-04
-2.1407089556301688e-04
-1.7660660025376206e-04
-1.3914406629700254e-04
-1.0168065166352921e-04
-6.4217237030661495e-05
-2.6753822397088779e-05
1.0709592237166714e-05
4.8171603416721073e-05
8.5636421505767862e-05
1.2309983603550428e-04
1.6056184711041213e-04
1.9802245483563051e-04
2.3548165931593323e-04
2.7295285262272115e-04
3.1169243865313825e-04
3.5170373900526267e-04
3.9298359014755915e-04
4.3552819771072683e-04
4.4059641039361771e-04
4.0690785153333248e-04
3.7192954739427055e-04
3.3566973034086507e-04
2.9820631577334256e-04
2.6074149764639977e-04
2.2327527585374799e-04
1.8581607202752500e-04
1.4835546495740043e-04
1.1088924275648676e-04
7.3425828122034362e-05
3.5962413486901008e-05
-1.5010011472269309e-06
-3.8964415781175590e-05
-7.6429233974566321e-05
-1.1389124504849629e-04
-1.5135465957666271e-04
-1.8881947766494786e-04
-2.2628569941900116e-04
-2.6375332494286150e-04
-3.0120831820763501e-04
-3.3987173062784756e-04
-3.7980772495127167e-04
-4.2101249527211587e-04
-4.6348224658358588e-04
-4.6847139407376492e-04
-4.3470805737542029e-04
-3.9965976095301757e-04
-3.6332598103976202e-04
-3.2586256633853705e-04
-2.8840055509225934e-04
-2.5093994719620785e-04
-2.1347232227033789e-04
-1.7600610111519804e-04
-1.3854549300468477e-04
-1.0108207837001949e-04
-6.3618663736554189e-05
-2.6155249102340154e-05
1.1308165532683907e-05
4.8770176711412873e-05
8.6234994801898262e-05
1.2369840933239550e-04
1.6116042040769570e-04
1.9862102813299529e-04
2.3608023261417291e-04
2.7355206798331173e-04
3.1214173858763343e-04
3.5200421199383709e-04
3.9313568137460991e-04
4.3553235099026678e-04
4.4045306819403619e-04
4.0661745503932497e-04
3.7149253645546795e-04
3.3508654347499413e-04
2.9762312894474643e-04
2.6015831085445966e-04
2.2269208909844737e-04
1.8523288516251511e-04
1.4777227798291694e-04
1.1030605589128479e-04
7.2842641257026285e-05
3.5379226621858365e-05
-2.0841880122173965e-06
