0.0000000000000000e+00
0.0000000000000000e+00
0.0000000000000000e+00
0.0000000000000000e+00
0.0000000000000000e+00
0.0000000000000000e+00
0.0000000000000000e+00
0.0000000000000000e+00
4.7856430400672572e-07
3.5080400661133258e-06
9.0807975595843067e-06
1.7189229757063663e-05
2.7825752387242067e-05
3.8430161908146859e-05
4.6450498520642035e-05
5.1894813967087351e-05
5.4770502345475051e-05
5.5085246493951659e-05
5.5085246493951659e-05
5.5085246493951659e-05
5.5085246493951659e-05
5.5085246493951659e-05
5.5085246493951659e-05
5.5085246493951659e-05
5.5085246493951659e-05
5.5085246493951659e-05
5.5085246493951659e-05
5.5085246493951659e-05
5.5085246493951659e-05
5.5085246493951659e-05
5.5085246493951659e-05
5.5085246493951659e-05
5.5085246493951659e-05
5.5399049345968395e-05
5.8264256697151772e-05
6.3673237096195811e-05
7.1618382059621995e-05
8.2092105850946551e-05
9.2534801541890009e-05
1.0039393189415594e-04
1.0567690130859393e-04
1.0839172624387390e-04
1.0854608809479109e-04
1.0854608809479109e-04
1.0854608809479109e-04
1.0854608809479109e-04
1.0854608809479109e-04
1.0854608809479109e-04
1.0854608809479109e-04
1.0854608809479109e-04
1.0854608809479109e-04
1.0854608809479109e-04
1.0854608809479109e-04
1.0854608809479109e-04
1.0854608809479109e-04
1.0854608809479109e-04
1.0854608809479109e-04
1.0854608809479109e-04
1.0869998812853377e-04
1.1140577071182565e-04
1.1665580318833579e-04
1.2444247564806935e-04
1.3475820093255435e-04
1.4504277262534192e-04
1.5274422805373314e-04
1.5787061609388831e-04
1.6042932799541947e-04
1.6042932799541947e-04
1.6042932799541947e-04
1.6042932799541947e-04
1.6042932799541947e-04
1.6042932799541947e-04
1.6042932799541947e-04
1.6042932799541947e-04
1.6042932799541947e-04
1.6042932799541947e-04
1.6042932799541947e-04
1.6042932799541947e-04
1.6042932799541947e-04
1.6042932799541947e-04
1.6042932799541947e-04
1.6042932799541947e-04
1.6042932799541947e-04
1.6042932799541947e-04
1.6298038695605031e-04
1.6807615859061131e-04
1.7570903160550992e-04
1.8587141746210216e-04
1.9600370643361312e-04
2.0355335850162572e-04
2.0852777529402759e-04
2.1093497049646783e-04
2.1093497049646783e-04
2.1093497049646783e-04
2.1093497049646783e-04
2.1093497049646783e-04
2.1093497049646783e-04
2.1093497049646783e-04
2.1093497049646783e-04
2.1093497049646783e-04
2.1093497049646783e-04
2.1093497049646783e-04
2.1093497049646783e-04
2.1093497049646783e-04
2.1093497049646783e-04
2.1093497049646783e-04
2.1093497049646783e-04
2.1093497049646783e-04
2.1093497049646783e-04
2.1333496550794543e-04
2.1828012501892686e-04
2.2576283639637470e-04
2.3577550975435388e-04
2.4575793596094518e-04
2.5315814962890282e-04
2.5798419692669582e-04
2.6024346641311192e-04
2.6024346641311192e-04
2.6024346641311192e-04
2.6024346641311192e-04
2.6024346641311192e-04
2.6024346641311192e-04
2.6024346641311192e-04
2.6024346641311192e-04
2.6024346641311192e-04
2.6024346641311192e-04
2.6024346641311192e-04
2.6024346641311192e-04
2.6024346641311192e-04
2.6024346641311192e-04
2.6024346641311192e-04
2.6024346641311192e-04
2.6024346641311192e-04
2.6024346641311192e-04
2.6249597857282110e-04
2.6729409639416821e-04
2.7463020588630366e-04
2.8449671584782949e-04
2.9433401389244209e-04
3.0158955735966211e-04
3.0627074524214407e-04
3.0838558859024186e-04
3.0838558859024186e-04
3.0838558859024186e-04
3.0838558859024186e-04
3.0838558859024186e-04
3.0838558859024186e-04
3.0838558859024186e-04
3.0838558859024186e-04
3.0838558859024186e-04
3.0838558859024186e-04
