0.0000000000000000e+00
-1.1985800053489577e-03
-8.7038001502813452e-11
-1.1994380343768574e-03
-4.7964744919198731e-03
-1.0790690704224629e-02
9.9484595880262993e-10
8.3924349976904032e-03
-3.4838830962064340e-08
-9.6190444116917172e-07
-9.5828402615834759e-07
-9.5286315090380847e-07
-9.4726571681304687e-07
-1.1914218638418919e-03
-1.2658444535639047e-03
-9.6640180148711260e-07
-9.7684467015187868e-07
-9.6291808205895569e-07
-1.4576527717173539e-08
-2.3969342695203889e-03
-7.1921410172493816e-03
5.1550619104918885e-10
4.7955314758085701e-03
-3.0729672829016533e-10
-3.4216583308900053e-10
-8.3931961241878300e-10
-7.4194227212196116e-10
-2.3978688180718681e-03
-6.0751935552541055e-10
4.1892237594872368e-07
-2.3970295880829536e-03
-7.1927655838699084e-03
-1.4387208537022581e-02
-7.3423270133845033e-09
-9.8065486110934183e-07
-9.4954592113045239e-07
-9.4358688426681222e-07
-9.3770969903351208e-07
-1.1908772676503638e-03
-1.2660320511955396e-03
-9.9034448661891181e-07
-9.6832679987281687e-07
-9.7066873276286239e-07
9.7792499356306010e-03
-1.6039718410633525e-08
-3.9762711205550808e-09
-2.3974409054549036e-03
-1.6139733582963119e-10
-4.2784389408923496e-07
-5.5373269598537324e-10
-6.5411073625011785e-10
-6.9623748071355775e-10
-2.3974499590147455e-03
-6.0415654472397492e-10
-4.1934545528728995e-07
-2.3982868962521995e-03
-7.1931841931541923e-03
-1.4384692595599215e-02
-3.9934585176701722e-09
-9.3813348429396605e-07
-9.5904238894858994e-07
-9.5346980001222585e-07
-9.4775441240518061e-07
-1.1913936872711378e-03
-1.2658161143760563e-03
-9.6557367775501979e-07
-9.7618651421005979e-07
1.0029530189944181e-04
-2.1963580513212023e-03
-6.8913558690933026e-03
3.8778005085486613e-10
4.4949174533071047e-03
-8.0540761607047088e-12
-1.9005191532433876e-10
-4.4917974357065826e-10
-6.5997164638164023e-10
-7.1081824114087681e-10
-2.3978685835622173e-03
-5.2718140023589130e-10
4.1883485585542988e-07
-2.3970297074397203e-03
-7.1927656084992322e-03
-1.4387208660053949e-02
-1.0124664340675203e-04
-9.8230759870636611e-07
-9.4948233355153359e-07
-9.4454205891296124e-07
-9.3857348840222193e-07
-1.1908510931644969e-03
-1.2660049132472275e-03
-9.9001121771827396e-07
-9.6812674369234061e-07
-8.6141533922795009e-07
-2.3982035453207688e-03
-7.1925759977795184e-03
6.7197826023202167e-11
4.7938698740319155e-03
-3.8397120679328353e-10
-3.8921535457412876e-10
-6.2401025463982964e-10
-7.0421393682421185e-10
-6.1505991996564998e-10
-2.3974492178675481e-03
-3.7487136816101498e-10
-4.1911490787101924e-07
-2.3982869182502821e-03
-7.1931847462345898e-03
-1.4384693418545088e-02
2.3002470258185602e-09
-8.2833056486408763e-07
-9.5912741038339227e-07
-9.5349948774747778e-07
-9.4804716244871173e-07
-1.1913670720658139e-03
-1.2657888550266848e-03
-9.6455150696380968e-07
-9.7493440446622435e-07
-7.5079818343292103e-07
-2.3983949326802168e-03
-7.1943266277698491e-03
9.9648336803252070e-10
4.7977182391064762e-03
4.2229316967001770e-10
5.5647467100511664e-10
4.4646244115591520e-10
5.1664873786961261e-10
7.2467370882876615e-10
-2.3978674790341601e-03
1.0150544427322142e-09
4.2072806582482100e-07
-2.3970276193461156e-03
-7.1927636539990160e-03
-1.4387206396001849e-02
3.3275412833594160e-09
-7.6525598021347823e-07
-9.4974267246696438e-07
-9.4394270529968945e-07
-9.3796790265832373e-07
-1.1908241989261068e-03
-1.2659771108150747e-03
-9.8793520966526267e-07
-9.6583070757432734e-07
-6.6367066468314318e-07
-2.3978105093818551e-03
-7.1919876490818425e-03
1.8024963311809597e-09
4.7932852254165565e-03
9.4420125621579442e-10
7.5857861051015360e-10
4.8188513278710949e-10
5.7695924929081227e-10
