0.0000000000000000e+00
2.5595764802340767e+01
5.1199999999438461e+01
7.6799599028801225e+01
1.0239456294061178e+02
1.2798489278420109e+02
1.5359999999979109e+02
1.7921046962578095e+02
2.0479999993443391e+02
2.3039999786124926e+02
2.5599999790329684e+02
2.8159999791477537e+02
3.0719999792624742e+02
3.0719580864452843e+02
2.8159561523618760e+02
2.5599999791711244e+02
2.3039999787745225e+02
2.0479999791673694e+02
1.7919999997013215e+02
1.5359536602580985e+02
1.2798609503349866e+02
1.0239999999906370e+02
7.6809272116207239e+01
5.1199999999556653e+01
2.5599999999621165e+01
-5.8678023923524490e-10
-2.5600000000467304e+01
-5.1204635998527500e+01
-7.6800000000701758e+01
-1.0239999895069104e+02
-1.2800463389859922e+02
-1.5361390589486209e+02
-1.7922781599024489e+02
-2.0480000000796912e+02
-2.3040000219348707e+02
-2.5600000205300506e+02
-2.8160000203973345e+02
-3.0720000202665568e+02
-3.0720419183309480e+02
-2.8160438751168795e+02
-2.5600000217413697e+02
-2.3040000210861706e+02
-2.0480000212282820e+02
-1.7922896676455306e+02
-1.5360000003925177e+02
-1.2800000000811002e+02
-1.0240463492510764e+02
-7.6800000000423182e+01
-5.1200001074063088e+01
-2.5600000000463893e+01
-6.5334851500476024e-10
2.5599999999206876e+01
5.1195365050721833e+01
7.6799999999090957e+01
1.0239999894930939e+02
1.2799536295167943e+02
1.5358609305562496e+02
1.7917219031017561e+02
2.0479999997704559e+02
2.3039999801591279e+02
2.5599999790145864e+02
2.8159999791313311e+02
3.0719999792484055e+02
3.0719580871275218e+02
2.8159561530923833e+02
2.5599999791861646e+02
2.3039999787883869e+02
2.0479979540264645e+02
1.7919495682869194e+02
1.5358548110625139e+02
1.2799999999857677e+02
1.0240988634372121e+02
7.6799999999371579e+01
5.1199999999345621e+01
2.5599999999637461e+01
-5.2492333409644906e-10
-2.5600000000614052e+01
-5.1204635998446918e+01
-7.6800000000654251e+01
-1.0239999895080470e+02
-1.2800463389863813e+02
-1.5361390589469448e+02
-1.7922781599011645e+02
-2.0479979750466461e+02
-2.3040000219733253e+02
-2.5600000205282072e+02
-2.8160000204178709e+02
-3.0720000202844938e+02
-3.0720419175919250e+02
-2.8160438744012413e+02
-2.5600000217285566e+02
-2.3040000210750702e+02
-2.0480000190417741e+02
-1.7920463664909516e+02
-1.5361390529305578e+02
-1.2800000000104771e+02
-1.0239073280685589e+02
-7.6800000000191517e+01
-5.1200000000196333e+01
-2.5600000000112068e+01
-2.3481321044814848e-10
2.5599999999859449e+01
5.1195365051979820e+01
7.6799999999712256e+01
1.0239999895003633e+02
1.2799536295214540e+02
1.5358609305564408e+02
1.7917219030985819e+02
2.0479999999814714e+02
2.3039999825159066e+02
2.5599999790116163e+02
2.8159999791280302e+02
3.0719999792435726e+02
3.0719580877766839e+02
2.8159561537963185e+02
2.5599999792113758e+02
2.3039999788160932e+02
2.0479999835879627e+02
1.7919536283763290e+02
1.5358609026805169e+02
1.2799999999990371e+02
1.0240927688421262e+02
7.6800000000474171e+01
5.1200000000535127e+01
2.5600000000779040e+01
8.3542355609027235e-10
-2.5599999999010599e+01
-5.1204635997209714e+01
-7.6799999999170339e+01
-1.0239999894900498e+02
-1.2800463389668190e+02
-1.5361390589299751e+02
-1.7922781598823363e+02
-2.0480000000105542e+02
-2.3040000171954742e+02
-2.5600000205511896e+02
-2.8160000204196001e+02
-3.0720000202869142e+02
-3.0720419168717711e+02
-2.8160438737018546e+02
-2.5600000217003787e+02
-2.3040000210456930e+02
-2.0480000147028130e+02
-1.7920463578448692e+02
-1.5361390399785768e+02
-1.2799999999970038e+02
-1.0239073409885918e+02
-7.6799999999413004e+01
-5.1199999999625952e+01
-2.5599999999619488e+01
5.4939852690572201e-10
