0.0000000000000000e+00
2.5596963382328298e+01
5.1199999999481363e+01
7.6800798466774083e+01
1.0239935941502472e+02
1.2799568347477759e+02
1.5359999999866704e+02
1.7920207719067474e+02
2.0479999996918781e+02
2.3039999882304954e+02
2.5599999886149749e+02
2.8159999886750552e+02
3.0719999887340151e+02
3.0719700006629245e+02
2.8159688108057145e+02
2.5599999888346559e+02
2.3039999885424135e+02
2.0479999887958485e+02
1.7919999998471769e+02
1.5359776296010662e+02
1.2799328717457304e+02
1.0239999999861719e+02
7.6804476584761005e+01
5.1199999999867970e+01
2.5599999999928905e+01
1.5509520219431273e-10
2.5599999999646062e+01
5.1202238129621790e+01
7.6799999999981623e+01
1.0239999936949715e+02
1.2800223686893963e+02
1.5360671312920556e+02
1.7921342878163230e+02
2.0480000000054645e+02
2.3040000121274869e+02
2.5600000110332650e+02
2.8160000109605033e+02
3.0720000108877406e+02
3.0720300095569166e+02
2.8160312147948378e+02
2.5600000118363835e+02
2.3040000114011627e+02
2.0480000115201622e+02
1.7923874601436353e+02
1.5360000002302061e+02
1.2800000000391017e+02
1.0240223748393814e+02
7.6800000000007898e+01
5.1200000645933656e+01
2.5599999999646059e+01
2.4500400252591896e-11
2.5600000000177364e+01
5.1197762500952791e+01
7.6799999999931245e+01
1.0239999936886943e+02
1.2799776123876111e+02
1.5359328624003052e+02
1.7918657500289225e+02
2.0479999998128343e+02
2.3039999895427360e+02
2.5599999886074966e+02
2.8159999886677781e+02
3.0719999887282694e+02
3.0719700010663666e+02
2.8159688112552385e+02
2.5599999888436889e+02
2.3039999885517415e+02
2.0479969510751403e+02
1.7919715318691678e+02
1.5359237246228511e+02
1.2799999999832323e+02
1.0240539142634742e+02
7.6799999999576642e+01
5.1199999999694157e+01
2.5600000000251757e+01
7.0223651395996005e-11
2.5599999999735530e+01
5.1202238129769313e+01
7.6800000000079876e+01
1.0239999936956616e+02
1.2800223686891883e+02
1.5360671312912899e+02
1.7921342878152458e+02
2.0479969625794445e+02
2.3040000121499003e+02
2.5600000110332729e+02
2.8160000109715224e+02
3.0720000108978638e+02
3.0720300090811719e+02
2.8160312143517615e+02
2.5600000118283697e+02
2.3040000113929651e+02
2.0480000104268004e+02
1.7920223844548491e+02
1.5360671271695205e+02
1.2800000000103000e+02
1.0239552667662673e+02
7.6799999999702038e+01
5.1199999999736391e+01
2.5599999999399053e+01
2.4806527418741959e-10
2.5600000000610542e+01
5.1197762501361495e+01
7.6800000000177988e+01
1.0239999936914566e+02
1.2799776123899764e+02
1.5359328624023391e+02
1.7918657500302672e+02
2.0479999999593326e+02
2.3039999908001397e+02
2.5599999886038137e+02
2.8159999886637007e+02
3.0719999887242273e+02
3.0719700014474029e+02
2.8159688116844438e+02
2.5599999888573061e+02
2.3039999885655448e+02
2.0479999910960521e+02
1.7919776123263196e+02
1.5359328459474619e+02
1.2799999999901223e+02
1.0240447916609273e+02
7.6800000000154881e+01
5.1200000000104410e+01
2.5600000000451050e+01
2.6049293877894856e-10
2.5599999999608162e+01
5.1202238129670782e+01
7.6800000000081411e+01
1.0239999936960650e+02
1.2800223686901998e+02
1.5360671312927477e+02
1.7921342878176506e+02
2.0480000000429686e+02
2.3040000095427757e+02
2.5600000110529533e+02
2.8160000109794413e+02
3.0720000109069429e+02
3.0720300086289905e+02
2.8160312139299054e+02
2.5600000118208430e+02
2.3040000113868359e+02
2.0480000080652610e+02
1.7920223797388491e+02
1.5360671201004845e+02
1.2800000000138408e+02
1.0239552738391599e+02
7.6800000000183502e+01
5.1200000000182655e+01
2.5599999999897090e+01
2.7848505414074611e-10
