0.0000000000000000e+00
-1.1985799697103762e-03
1.2975097863532604e-12
-1.1994379113225001e-03
-4.7964743339116607e-03
-1.0790690448866271e-02
1.2530582794832373e-09
8.3924352148247016e-03
-3.4669078138696208e-08
-9.6169619731454623e-07
-9.5811744009593658e-07
-9.5259731809837124e-07
-9.4704263582472873e-07
-1.1914216640583112e-03
-1.2658443142972290e-03
-9.6630492524162074e-07
-9.7673362521001103e-07
-9.6277794553541276e-07
-1.4594696745836470e-08
-2.3969343239433616e-03
-7.1921411314028998e-03
3.7743682392428626e-10
4.7955314166283885e-03
-3.1531833671611794e-10
-2.7333627343684455e-10
-8.4555288583527310e-10
-9.0053924747686715e-10
-2.3978689932814086e-03
-8.3268436917833926e-10
4.1868977018930282e-07
-2.3970297311635166e-03
-7.1927657291026839e-03
-1.4387208688282742e-02
-7.5030667918582011e-09
-9.8082150343510470e-07
-9.4981110097007245e-07
-9.4377906093217546e-07
-9.3805372078534503e-07
-1.1908775386220709e-03
-1.2660323571620986e-03
-9.9065262495544319e-07
-9.6867512189720228e-07
-9.7095545756383954e-07
9.7792496851174127e-03
-1.6422718106744912e-08
-4.4234903566649765e-09
-2.3974414336435774e-03
-6.6903495333758944e-10
-4.2841492734339397e-07
-1.0819305783671084e-09
-1.1235769618459967e-09
-1.2447631857280060e-09
-2.3974505028473538e-03
-1.0763982977170818e-09
-4.1977471070743476e-07
-2.3982872670373148e-03
-7.1931846180723642e-03
-1.4384692837675746e-02
-4.4822012214357491e-09
-9.3858827021112785e-07
-9.5953933368838488e-07
-9.5381988726432459e-07
-9.4821808556760635e-07
-1.1913940816710006e-03
-1.2658164569371946e-03
-9.6593075367790694e-07
-9.7648432252400611e-07
1.0029496295287351e-04
-2.1963583981640922e-03
-6.8913561981907966e-03
1.1913972480898268e-10
4.4949172941755556e-03
-4.0207715598614055e-10
-5.0702099299925975e-10
-7.7944309719157655e-10
-8.8920724750722053e-10
-1.0462285598458297e-09
-2.3978687716112381e-03
-6.2148371445159581e-10
4.1868808195408343e-07
-2.3970297314452600e-03
-7.1927655227358228e-03
-1.4387208523828771e-02
-1.0124679724053222e-04
-9.8237705376974647e-07
-9.4950437303449897e-07
-9.4472771620667666e-07
-9.3875244847506647e-07
-1.1908510574370232e-03
-1.2660049829773500e-03
-9.9002622178130635e-07
-9.6829429528348844e-07
-8.6157921946625092e-07
-2.3982036753850550e-03
-7.1925762096244263e-03
-1.0233390377144995e-10
4.7938696676262825e-03
-5.9489518027208629e-10
-5.3058109605974085e-10
-8.0203058053384507e-10
-9.5225864033369285e-10
-8.8713497577157655e-10
-2.3974495454959785e-03
-5.5659417618855672e-10
-4.1910382948921723e-07
-2.3982867862324337e-03
-7.1931844334615410e-03
-1.4384692918488960e-02
2.1272374385361227e-09
-8.2851600125227067e-07
-9.5931214096737268e-07
-9.5363483727390189e-07
-9.4808411488235893e-07
-1.1913670716497719e-03
-1.2657887703955582e-03
-9.6463446382047022e-07
-9.7495576461347402e-07
-7.5081975078640375e-07
-2.3983950655718164e-03
-7.1943267611246729e-03
7.8657431823837880e-10
4.7977180005919183e-03
2.1617993898144246e-10
3.0494458022808969e-10
2.0955181093992994e-10
3.7582235654030201e-10
4.7046815152902595e-10
-2.3978675987839657e-03
8.0716890379014485e-10
4.2047497998261414e-07
-2.3970277046658221e-03
-7.1927637914634716e-03
-1.4387206541150157e-02
3.1555167796019160e-09
-7.6528355427758123e-07
-9.4990473251339621e-07
-9.4408901901574387e-07
-9.3802619845325973e-07
-1.1908243572878951e-03
-1.2659772785496616e-03
-9.8797202309127326e-07
-9.6594077527852363e-07
-6.6383951427096846e-07
-2.3978106947856255e-03
-7.1919879694367162e-03
1.5647924746131474e-09
4.7932848881201253e-03
5.9674935889199247e-10
3.5484487819008313e-10
7.3318815134820959e-11
1.2593197255154348e-10
