2.0000000000000020e+02
2.0000000000000020e+02
2.0000000000000020e+02
2.0000000000000020e+02
2.0000000000000020e+02
2.0000000000000020e+02
2.0000000000000020e+02
2.0000000000000020e+02
2.0479999996918764e+02
2.3039999882304957e+02
2.5599999886149752e+02
2.8159999886750569e+02
3.0719999887340157e+02
3.0719700006629267e+02
2.8159688108057145e+02
2.5599999888346576e+02
2.3039999885424149e+02
2.0479999887958488e+02
2.0165255739481864e+02
2.0165255739481864e+02
2.0165255739481864e+02
2.0165255739481864e+02
2.0165255739481864e+02
2.0165255739481864e+02
2.0165255739481864e+02
2.0165255739481864e+02
2.0165255739481864e+02
2.0165255739481864e+02
2.0165255739481864e+02
2.0165255739481864e+02
2.0165255739481864e+02
2.0165255739481864e+02
2.0165255739481864e+02
2.0480000000054639e+02
2.3040000121274869e+02
2.5600000110332633e+02
2.8160000109605056e+02
3.0720000108877406e+02
3.0720300095569178e+02
2.8160312147948383e+02
2.5600000118363835e+02
2.3040000114011630e+02
2.0480000115201605e+02
2.0325638264284390e+02
2.0325638264284390e+02
2.0325638264284390e+02
2.0325638264284390e+02
2.0325638264284390e+02
2.0325638264284390e+02
2.0325638264284390e+02
2.0325638264284390e+02
2.0325638264284390e+02
2.0325638264284390e+02
2.0325638264284390e+02
2.0325638264284390e+02
2.0325638264284390e+02
2.0325638264284390e+02
2.0325638264284390e+02
2.0479999998128346e+02
2.3039999895427363e+02
2.5599999886074983e+02
2.8159999886677798e+02
3.0719999887282682e+02
3.0719700010663661e+02
2.8159688112552402e+02
2.5599999888436878e+02
2.3039999885517392e+02
2.0481287983986283e+02
2.0481287983986283e+02
2.0481287983986283e+02
2.0481287983986283e+02
2.0481287983986283e+02
2.0481287983986283e+02
2.0481287983986283e+02
2.0481287983986283e+02
2.0481287983986283e+02
2.0481287983986283e+02
2.0481287983986283e+02
2.0481287983986283e+02
2.0481287983986283e+02
2.0481287983986283e+02
2.0481287983986283e+02
2.0481287983986283e+02
2.0481287983986283e+02
2.3040000121499025e+02
2.5600000110332741e+02
2.8160000109715224e+02
3.0720000108978650e+02
3.0720300090811730e+02
2.8160312143517609e+02
2.5600000118283702e+02
2.3040000113929656e+02
2.0632804911489430e+02
2.0632804911489430e+02
2.0632804911489430e+02
2.0632804911489430e+02
2.0632804911489430e+02
2.0632804911489430e+02
2.0632804911489430e+02
2.0632804911489430e+02
2.0632804911489430e+02
2.0632804911489430e+02
2.0632804911489430e+02
2.0632804911489430e+02
2.0632804911489430e+02
2.0632804911489430e+02
2.0632804911489430e+02
2.0632804911489430e+02
2.0632804911489430e+02
2.3039999908001397e+02
2.5599999886038134e+02
2.8159999886637019e+02
3.0719999887242295e+02
3.0719700014474051e+02
2.8159688116844461e+02
2.5599999888573061e+02
2.3039999885655433e+02
2.0780730399239343e+02
2.0780730399239343e+02
2.0780730399239343e+02
2.0780730399239343e+02
2.0780730399239343e+02
2.0780730399239343e+02
2.0780730399239343e+02
2.0780730399239343e+02
2.0780730399239343e+02
2.0780730399239343e+02
2.0780730399239343e+02
2.0780730399239343e+02
2.0780730399239343e+02
2.0780730399239343e+02
2.0780730399239343e+02
2.0780730399239343e+02
2.0780730399239343e+02
2.3040000095427763e+02
2.5600000110529533e+02
2.8160000109794419e+02
3.0720000109069434e+02
3.0720300086289905e+02
2.8160312139299077e+02
2.5600000118208430e+02
2.3040000113868362e+02
2.0925156765770743e+02
2.0925156765770743e+02
2.0925156765770743e+02
2.0925156765770743e+02
2.0925156765770743e+02
2.0925156765770743e+02
2.0925156765770743e+02
2.0925156765770743e+02
2.0925156765770743e+02
