0.0000000000000000e+00
-4.6829268292777468e-05
-9.3660729668162122e-05
-1.4048780487527156e-04
-1.8731707296059177e-04
-2.3414853412873223e-04
-2.8098218858524853e-04
-7.2780487683399200e-04
-1.3079582756892446e-03
-1.8881300709822830e-03
-2.4682926751253375e-03
-2.4214634074915470e-03
-2.3746363327349523e-03
-2.3278114506507228e-03
-2.2809756033598809e-03
-2.2341419495623101e-03
-2.1873170667817679e-03
-2.1404877984893336e-03
-2.0936607230747891e-03
-2.0468292619044890e-03
-1.9999999936153798e-03
-1.9531707253227773e-03
-1.9063436499074777e-03
-1.8595121887350682e-03
-1.8126829206453656e-03
-1.7658558454334578e-03
-1.7190309628937112e-03
-1.6721951155567588e-03
-1.6253614617121480e-03
-1.5785300011573876e-03
-1.5317007336856853e-03
-1.5785365782512474e-03
-1.6253746165161504e-03
-1.6721951155428620e-03
-1.7190178068318611e-03
-1.7658536521441756e-03
-1.8126829204398909e-03
-1.8595143818182598e-03
-1.9063414570271793e-03
-1.9531707251138866e-03
-1.9999999936147201e-03
-2.0468292619082399e-03
-2.0936607232843805e-03
-2.1404877984915554e-03
-2.1873170665761984e-03
-2.2341485277447837e-03
-2.2809821822007779e-03
-2.3278048716550781e-03
-2.3746297535757258e-03
-2.4214568281690370e-03
-2.4682860956391078e-03
-2.4214830640121063e-03
-2.3746822228051302e-03
-2.3278245281538822e-03
-2.2809690290428539e-03
-2.2341659915817861e-03
-2.1873367232891207e-03
-2.1405096478734715e-03
-2.0936781867038267e-03
-2.0468489186172049e-03
-2.0000196501218561e-03
-1.9531903818285714e-03
-1.9063633064135221e-03
-1.8595318452412715e-03
-1.8127025771519846e-03
-1.7658755019409609e-03
-1.7190506194013041e-03
-1.6722147720622227e-03
-1.6253811182175026e-03
-1.5785496576610142e-03
-1.5317203901880443e-03
-1.5785562347587557e-03
-1.6253942730282368e-03
-1.6722147720502176e-03
-1.7190374633342111e-03
-1.7658733086518231e-03
-1.8127025769474015e-03
-1.8595340383254181e-03
-1.9063611135334867e-03
-1.9531903816202385e-03
-2.0000196501217919e-03
-2.0468489184144816e-03
-2.0936803797894179e-03
-2.1405074549972211e-03
-2.1873367230822818e-03
-2.2341681842504334e-03
-2.2810018387073297e-03
-2.3278245281596281e-03
-2.3746494100797561e-03
-2.4214764846710525e-03
-2.4683057521401926e-03
-2.4215005080953085e-03
-2.3746974546788547e-03
-2.3278419722370927e-03
-2.2809886851295784e-03
-2.2341834356651401e-03
-2.1873541673727084e-03
-2.1405270919581977e-03
-2.0936956307879484e-03
-2.0468663627002358e-03
-2.0000370942047803e-03
-1.9532078259124849e-03
-1.9063807504971855e-03
-1.8595492893252732e-03
-1.8127200212355965e-03
-1.7658929460243392e-03
-1.7190680634849662e-03
-1.6722322161464148e-03
-1.6253985623022372e-03
-1.5785671017458707e-03
-1.5317378342721223e-03
-1.5785736788413143e-03
-1.6254117171095278e-03
-1.6722322161331971e-03
-1.7190549074178607e-03
-1.7658907527340062e-03
-1.8127200210300795e-03
-1.8595514824085179e-03
-1.9063785576172100e-03
-1.9532078257036524e-03
-2.0000370942052851e-03
-2.0468663624973473e-03
-2.0936978238731471e-03
-2.1405248990809898e-03
-2.1873541671661016e-03
-2.2341856283346457e-03
-2.2810192827914001e-03
-2.3278419722434947e-03
-2.3746668541619505e-03
-2.4214939287537525e-03
-2.4683231962228320e-03
-2.4215159887756863e-03
-2.3747109721410460e-03
-2.3278574529163104e-03
-2.2810061288411039e-03
-2.2341989163448027e-03
-2.1873696480528542e-03
-2.1405425726379688e-03
-2.0937111114678014e-03
-2.0468818433815004e-03
-2.0000525748855458e-03
-1.9532233065926705e-03
-1.9063962311776110e-03
-1.8595647700051061e-03
-1.8127355019159292e-03
-1.7659084267037948e-03
-1.7190835441641841e-03
-1.6722476968273484e-03
-1.6254140429834249e-03
-1.5785825824290033e-03
-1.5317533149566578e-03
-1.5785891595215581e-03
-1.6254271977862251e-03
-1.6722476968140368e-03
-1.7190703881037803e-03
-1.7659062334151323e-03
-1.8127355017100964e-03
-1.8595669630884783e-03
-1.9063940382977624e-03
-1.9532233063845571e-03
-2.0000525748857670e-03
-2.0468818431786926e-03
-2.0937133045545301e-03
-2.1405403797608636e-03
-2.1873696478450482e-03
-2.2342011090120458e-03
-2.2810347634685505e-03
-2.3278574529243053e-03
-2.3746823348473004e-03
-2.4215094094424214e-03
-2.4683386769151815e-03
-2.4215297270426669e-03
-2.3747229681451896e-03
-2.3278711911827350e-03
-2.2810216092071026e-03
-2.2342126546112070e-03
-2.1873833863193036e-03
-2.1405563109051016e-03
-2.0937248497351832e-03
-2.0468955816481164e-03
-2.0000663131524089e-03
-1.9532370448601794e-03
-1.9064099694449518e-03
-1.8595785082713349e-03
-1.8127492401810025e-03
-1.7659221649686525e-03
-1.7190972824281915e-03
-1.6722614350927008e-03
-1.6254277812520635e-03
-1.5785963206989004e-03
-1.5317670532291735e-03
-1.5786028977879522e-03
-1.6254409360455327e-03
-1.6722614350797543e-03
-1.7190841263751118e-03
-1.7659199716811168e-03
-1.8127492399771204e-03
-1.8595807013558736e-03
-1.9064077765647671e-03
-1.9532370446511196e-03
-2.0000663131527342e-03
