2.0000000000000020e+02
2.0000000000000020e+02
2.0000000000000020e+02
2.0000000000000020e+02
2.0000000000000020e+02
2.0000000000000020e+02
2.0000000000000020e+02
2.0000000000000020e+02
2.0000000000000020e+02
2.0503349991170077e+02
2.1010089414744908e+02
2.1010089414744908e+02
2.1010089414744908e+02
2.1010089414744908e+02
2.1010089414744908e+02
2.1010089414744908e+02
2.1010089414744908e+02
2.1010089414744908e+02
2.1010089414744908e+02
2.1010089414744908e+02
2.1010089414744908e+02
2.1010089414744908e+02
2.1010089414744908e+02
2.1010089414744908e+02
2.1010089414744908e+02
2.1010089414744908e+02
2.1010089414744908e+02
2.1104820395675816e+02
2.1602258302700577e+02
2.2102920856947190e+02
2.2606941344762586e+02
2.2606941344762586e+02
2.2606941344762586e+02
2.2606941344762586e+02
2.2606941344762586e+02
2.2606941344762586e+02
2.2606941344762586e+02
2.2606941344762586e+02
2.2606941344762586e+02
2.2606941344762586e+02
2.2606941344762586e+02
2.2606941344762586e+02
2.2606941344762586e+02
2.2606941344762586e+02
2.2606941344762586e+02
2.2606941344762586e+02
2.2606941344762586e+02
2.2606941344762586e+02
2.2606941344762586e+02
2.3063307678799339e+02
2.3565692179351012e+02
2.3565692179351012e+02
2.3565692179351012e+02
2.3565692179351012e+02
2.3565692179351012e+02
2.3565692179351012e+02
2.3565692179351012e+02
2.3565692179351012e+02
2.3565692179351012e+02
2.3565692179351012e+02
2.3565692179351012e+02
2.3565692179351012e+02
2.3565692179351012e+02
2.3565692179351012e+02
2.3565692179351012e+02
2.3565692179351012e+02
2.3565692179351012e+02
2.3565692179351012e+02
2.3565692179351012e+02
2.3639063139680118e+02
2.4140555982287700e+02
2.4140555982287700e+02
2.4140555982287700e+02
2.4140555982287700e+02
2.4140555982287700e+02
2.4140555982287700e+02
2.4140555982287700e+02
2.4140555982287700e+02
2.4140555982287700e+02
2.4140555982287700e+02
2.4140555982287700e+02
2.4140555982287700e+02
2.4140555982287700e+02
2.4140555982287700e+02
2.4140555982287700e+02
2.4140555982287700e+02
2.4140555982287700e+02
2.4140555982287700e+02
2.4140555982287700e+02
2.4140555982287700e+02
2.4484924775986627e+02
2.4484924775986627e+02
2.4484924775986627e+02
2.4484924775986627e+02
2.4484924775986627e+02
2.4484924775986627e+02
2.4484924775986627e+02
2.4484924775986627e+02
2.4484924775986627e+02
2.4484924775986627e+02
2.4484924775986627e+02
2.4484924775986627e+02
2.4484924775986627e+02
2.4484924775986627e+02
2.4484924775986627e+02
2.4484924775986627e+02
2.4484924775986627e+02
2.4484924775986627e+02
2.4484924775986627e+02
2.4484924775986627e+02
2.4690725234108774e+02
2.4690725234108774e+02
2.4690725234108774e+02
2.4690725234108774e+02
2.4690725234108774e+02
2.4690725234108774e+02
2.4690725234108774e+02
2.4690725234108774e+02
2.4690725234108774e+02
2.4690725234108774e+02
2.4690725234108774e+02
2.4690725234108774e+02
2.4690725234108774e+02
2.4690725234108774e+02
2.4690725234108774e+02
2.4690725234108774e+02
2.4690725234108774e+02
2.4690725234108774e+02
2.4690725234108774e+02
2.4690725234108774e+02
2.4813946642798027e+02
2.4813946642798027e+02
2.4813946642798027e+02
2.4813946642798027e+02
2.4813946642798027e+02
2.4813946642798027e+02
2.4813946642798027e+02
2.4813946642798027e+02
2.4813946642798027e+02
2.4813946642798027e+02
2.4813946642798027e+02
2.4813946642798027e+02
2.4813946642798027e+02
2.4813946642798027e+02
2.4813946642798027e+02
2.4813946642798027e+02
2.4813946642798027e+02
2.4813946642798027e+02
2.4813946642798027e+02
2.4813946642798027e+02
2.4888213896690644e+02
2.4888213896690644e+02
2.4888213896690644e+02
2.4888213896690644e+02
2.4888213896690644e+02
2.4888213896690644e+02
2.4888213896690644e+02
2.4888213896690644e+02
2.4888213896690644e+02
2.4888213896690644e+02
2.4888213896690644e+02
2.4888213896690644e+02
2.4888213896690644e+02
2.4888213896690644e+02
2.4888213896690644e+02
2.4888213896690644e+02
2.4888213896690644e+02
2.4888213896690644e+02
2.4888213896690644e+02
2.4888213896690644e+02
2.4932864680147114e+02
2.4932864680147114e+02
2.4932864680147114e+02
2.4932864680147114e+02
2.4932864680147114e+02
2.4932864680147114e+02
2.4932864680147114e+02
2.4932864680147114e+02
2.4932864680147114e+02
2.4932864680147114e+02
2.4932864680147114e+02
2.4932864680147114e+02
2.4932864680147114e+02
2.4932864680147114e+02
2.4932864680147114e+02
2.4932864680147114e+02
2.4932864680147114e+02
2.4932864680147114e+02
2.4932864680147114e+02
2.4932864680147114e+02
2.4959698629347787e+02
2.4959698629347787e+02
2.4959698629347787e+02
2.4959698629347787e+02
2.4959698629347787e+02
2.4959698629347787e+02
2.4959698629347787e+02
2.4959698629347787e+02
2.4959698629347787e+02
2.4959698629347787e+02
2.4959698629347787e+02
