0.0000000000000000e+00
-1.1435251490559345e-03
-2.8432682771993189e-10
-1.1427257784964796e-03
-4.5720922838406010e-03
-1.0288490104847770e-02
1.4267533232796497e-09
8.0024650404145591e-03
1.3718511226194413e-02
-2.9376643710160600e-06
-5.3592085723810035e-06
5.2202028402485376e-08
-2.2809254110317595e-03
-6.8479019438140035e-03
6.9903669214000583e-10
4.5603405616902008e-03
6.8335075936476683e-03
4.8942786257610607e-10
5.9437544855124782e-10
1.1008206607670059e-10
-1.6121666834339447e-10
6.9218443980679925e-13
-2.2863903397170983e-03
3.3111333251754103e-11
-3.9038908656638034e-07
-2.2871702895527393e-03
-6.8599503498396582e-03
-1.8409434897020797e-03
-6.4167625005928380e-07
-1.7886935954049555e-06
-1.9703700499691661e-06
5.2355885565191445e-08
-2.2847039868974434e-03
-6.8566297363979057e-03
5.9453680561922858e-10
4.5710187356333377e-03
6.8560343476908253e-03
1.2285650128131285e-12
6.7027783493106707e-11
-4.2728447594717585e-10
-7.4749262741288210e-10
-3.9497334179992461e-10
-2.2867806732250356e-03
2.1182449525790167e-11
3.9070361783307307e-07
-2.2859990627737922e-03
-6.8595599969848587e-03
-1.3720682468210132e-02
2.3556572298132164e-09
-1.9945232758371027e-06
-1.0851676932407230e-03
4.9876185638847865e-08
-1.2009642924786425e-03
-4.6878204838660918e-03
-1.0460127852790400e-02
8.8336700755262510e-10
-9.8514836142726865e-11
-2.2863914041578851e-03
7.9067370546239521e-11
-3.8879722160164143e-07
-3.2559476407352363e-10
-4.6813558693973899e-11
-2.2863900515888527e-03
3.6532581817077063e-10
-3.8999917244829604e-07
-2.2871702119859048e-03
-6.8599501705801256e-03
-1.3718340309387818e-02
2.4084812815847257e-09
-1.1104225638118737e-03
-8.2452939464443581e-07
5.1382671691562593e-08
-2.2858528761775612e-03
-6.8589280490120490e-03
7.3862507943873703e-10
4.5733192882318188e-03
6.8606378131586066e-03
-3.8574433860599873e-10
-6.9529824546865407e-11
-6.9513293586407670e-10
-4.8994867069302714e-10
-3.3645102275330578e-10
-2.2867808939504683e-03
-1.2072274190129284e-11
3.9026900921641789e-07
-2.2859993903036760e-03
-6.8595603061789058e-03
-1.3720683075294907e-02
1.8420343477152418e-09
1.1436248507331905e-02
-6.4872509520927432e-07
4.7917319358276961e-08
-2.2856454548826348e-03
-6.8573384736074217e-03
4.8431849810867022e-10
4.5697779577305447e-03
6.8523844439066749e-03
1.0522831155471220e-10
4.6722177522308701e-10
2.7284525173384339e-10
3.4560590293331723e-10
3.2662246630640767e-10
-2.2863897609310098e-03
6.9793478034117373e-10
-3.8961665047250133e-07
-2.2871700683990671e-03
-6.8599502397913735e-03
-1.3718340395070753e-02
2.6846959966385613e-09
1.1429612852749661e-02
-8.7659099113222110e-03
4.8314419453707881e-08
6.4832516410935738e-03
-5.2820179642221519e-10
4.3403017093043393e-10
-2.2867791384980438e-03
-6.8607298481363106e-03
1.2432514750878161e-09
5.6092069615253448e-10
6.4314280127026754e-10
5.1026343753140393e-10
6.3877418108727915e-10
-2.2867804386985254e-03
4.8223366129367663e-10
3.9135449629398727e-07
-2.2859982774426990e-03
-6.8595590205408705e-03
-1.3720681054696097e-02
2.7000890764181847e-09
1.1436248020873925e-02
-7.8543459682965163e-03
4.7116973929038276e-08
5.5691878641887776e-03
8.8534659325174882e-03
9.8532712175696067e-03
-4.6904934396859109e-09
-2.0405627236428814e-09
-2.2863894945879632e-03
7.3537385765310688e-10
-3.8959654488395655e-07
6.3071420329902022e-10
5.8215798992915345e-10
-2.2863895436443758e-03
9.3569892730346335e-10
-3.8909026642129466e-07
-2.2871692846302082e-03
-6.8599492949460907e-03
-1.3718339102903640e-02
3.2910436986082258e-09
1.1429612729457840e-02
-1.1408929157813669e-03
4.8150494005900183e-08
-1.1452674065867692e-03
-4.5772299304496344e-03
-1.0296229618668225e-02
2.2775689379407515e-09
8.0102237641063133e-03
1.6872640402824677e-09
1.3401858658096762e-09
8.1530576802700066e-10
9.9898342912262666e-10
7.4101949308683083e-10
-2.2867799633736513e-03
9.6087582800975912e-10
3.9176127245030910e-07
-2.2859980675447003e-03
-6.8595589371301668e-03
-1.3720681636612305e-02
2.7610095015757224e-09
1.1436248583414386e-02
-1.0325478124023509e-03
4.6842624814807384e-08
-1.2535995633369717e-03
-4.7930964201104665e-03
-1.0618053949274621e-02
1.9450804712898871e-09
6.0235546268367864e-10
-2.2863910022271399e-03
4.8993759162518841e-10
-3.8861174127930498e-07
1.3911496461365378e-10
3.2163812350693213e-10
-2.2863896517285988e-03
6.3718903986908741e-10
-3.8931812129879194e-07
-2.2871693341647505e-03
-6.8599494195953955e-03
-1.3718339251007523e-02
2.8781559903597632e-09
1.1429612379099114e-02
-1.4893186448254896e-04
4.7367332563830767e-08
-2.1376859654700553e-03
-6.5625223668783527e-03
8.8978460060527661e-10
4.2767790885527160e-03
6.2674215588316160e-03
5.9715387140925934e-03
3.3887393711824801e-03
-8.0925618038749601e-11
1.6734616359578434e-10
