0.0000000000000000e+00
0.0000000000000000e+00
0.0000000000000000e+00
0.0000000000000000e+00
0.0000000000000000e+00
0.0000000000000000e+00
0.0000000000000000e+00
0.0000000000000000e+00
-6.8545126069748054e-05
-8.3333333077008849e+00
-1.6666666609650004e+01
-1.6666666609650004e+01
-1.6666666609650022e+01
-1.6666666609650001e+01
-1.6666666609649994e+01
-1.6666666609649990e+01
-1.6666666609649980e+01
-1.6666666609649965e+01
-1.6666666609649962e+01
-1.6666666609649941e+01
-1.6666666609649923e+01
-1.6666666609649916e+01
-1.6666666609649933e+01
-1.6666666609649923e+01
-1.6666666609649923e+01
-1.6666666609649948e+01
-1.6666426420091490e+01
-8.3333333076091005e+00
4.7958984689811285e-08
8.3333333863602626e+00
1.6666666719696686e+01
1.6666666719696682e+01
1.6666666719696664e+01
1.6666666719696689e+01
1.6666666719696707e+01
1.6666666719696696e+01
1.6666666719696739e+01
1.6666666719696696e+01
1.6666666719696682e+01
1.6666666719696686e+01
1.6666666719696718e+01
1.6666666719696718e+01
1.6666666719696732e+01
1.6666666719696700e+01
1.6666666719696686e+01
1.6666666719696689e+01
1.6666666719696693e+01
8.3333333590848593e+00
4.7823071619427661e-08
-8.3333332804774116e+00
-1.6666666613809966e+01
-1.6666666613809952e+01
-1.6666666613809920e+01
-1.6666666613809941e+01
-1.6666666613809937e+01
-1.6666666613809934e+01
-1.6666666613809937e+01
-1.6666666613809987e+01
-1.6666666613809959e+01
-1.6666666613809955e+01
-1.6666666613809952e+01
-1.6666666613809952e+01
-1.6666666613809962e+01
-1.6666666613809959e+01
-1.6666666613809941e+01
-1.6666666613809898e+01
-1.6666426423805479e+01
-8.3333333075863436e+00
4.7991391216440792e-08
8.3333333863892598e+00
1.6666666719723356e+01
1.6666666719723345e+01
1.6666666719723338e+01
1.6666666719723324e+01
1.6666666719723324e+01
1.6666666719723324e+01
1.6666666719723331e+01
1.6666666719723334e+01
1.6666666719723320e+01
1.6666666719723356e+01
1.6666666719723356e+01
1.6666666719723363e+01
1.6666666719723345e+01
1.6666666719723363e+01
1.6666666719723363e+01
1.6666666719723345e+01
1.6666666719723377e+01
8.3333333590775585e+00
4.7806437421527080e-08
-8.3333332804942764e+00
-1.6666666613831538e+01
-1.6666666613831570e+01
-1.6666666613831545e+01
-1.6666666613831588e+01
-1.6666666613831612e+01
-1.6666666613831605e+01
-1.6666666613831627e+01
-1.6666666613831605e+01
-1.6666666613831630e+01
-1.6666666613831637e+01
-1.6666666613831630e+01
-1.6666666613831616e+01
-1.6666666613831598e+01
-1.6666666613831588e+01
-1.6666666613831588e+01
-1.6666666613831584e+01
-1.6666426423816390e+01
-8.3333333076362397e+00
4.7923310817098013e-08
8.3333333863093841e+00
1.6666666719642222e+01
1.6666666719642233e+01
1.6666666719642219e+01
1.6666666719642230e+01
1.6666666719642226e+01
1.6666666719642240e+01
1.6666666719642240e+01
1.6666666719642244e+01
1.6666666719642233e+01
1.6666666719642226e+01
1.6666666719642247e+01
1.6666666719642251e+01
1.6666666719642269e+01
1.6666666719642262e+01
1.6666666719642294e+01
1.6666666719642294e+01
1.6666666719642315e+01
8.3333333590256125e+00
4.7768333043825562e-08
-8.3333332805237177e+00
-1.6666666613851596e+01
-1.6666666613851632e+01
-1.6666666613851646e+01
-1.6666666613851618e+01
-1.6666666613851646e+01
-1.6666666613851636e+01
-1.6666666613851628e+01
-1.6666666613851632e+01
-1.6666666613851636e+01
-1.6666666613851636e+01
-1.6666666613851646e+01
-1.6666666613851628e+01
-1.6666666613851625e+01
-1.6666666613851621e+01
-1.6666666613851614e+01
-1.6666666613851621e+01
-1.6666426423850989e+01
-8.3333333076245317e+00
4.7959340050870822e-08
8.3333333863582535e+00
1.6666666719698139e+01
1.6666666719698132e+01
1.6666666719698149e+01
1.6666666719698181e+01
1.6666666719698185e+01
1.6666666719698167e+01
1.6666666719698171e+01
1.6666666719698192e+01
1.6666666719698185e+01
1.6666666719698199e+01
1.6666666719698213e+01
1.6666666719698224e+01
1.6666666719698263e+01
1.6666666719698256e+01
1.6666666719698245e+01
1.6666666719698235e+01
1.6666666719698235e+01
8.3333333590561729e+00
4.7788055172361727e-08
-8.3333332805084872e+00
-1.6666666613839638e+01
-1.6666666613839610e+01
-1.6666666613839599e+01
-1.6666666613839606e+01
-1.6666666613839578e+01
-1.6666666613839599e+01
-1.6666666613839599e+01
-1.6666666613839599e+01
-1.6666666613839595e+01
-1.6666666613839602e+01
-1.6666666613839595e+01
-1.6666666613839613e+01
-1.6666666613839624e+01
-1.6666666613839606e+01
-1.6666666613839599e+01
-1.6666666613839613e+01
-1.6666426423828923e+01
-8.3333333076070666e+00
4.7969740854199046e-08
8.3333333863658456e+00
1.6666666719702974e+01
1.6666666719703009e+01
1.6666666719703016e+01
1.6666666719703009e+01
1.6666666719703031e+01
1.6666666719703045e+01
1.6666666719703052e+01
1.6666666719703080e+01
1.6666666719703080e+01
1.6666666719703080e+01
1.6666666719703091e+01
