0.0000000000000000e+00
-1.1430604719258268e-03
-2.5454161377608815e-10
-1.1438599321742981e-03
-4.5742488397168355e-03
-1.0290777124827379e-02
1.1998426938415488e-09
8.0036359509488390e-03
1.4260970001648283e-02
1.4834391503487029e-08
1.9434422805938875e-07
4.6629100892247936e-08
-2.2868815028922705e-03
-6.8609810558495823e-03
7.8069326088776742e-10
4.5753731514602226e-03
6.8647464775945374e-03
8.6647867790154738e-11
-2.1419398706538033e-11
-2.1026229857540969e-10
-1.7537514257046782e-10
-2.2224105488042657e-10
-2.2867809103058164e-03
-1.2953483148650676e-10
3.9091979485734685e-07
-2.2859987759586290e-03
-8.7533618110463805e-03
1.4907344688838169e-08
1.5857837374648745e-07
1.7175016143567911e-07
1.7180896018981419e-07
4.5182715849326190e-08
-2.2864718478231498e-03
-6.8589887783626225e-03
4.3069413626281797e-10
4.5714283645550561e-03
6.8556861259073589e-03
1.9551721088718486e-11
3.6578011996250961e-10
3.8394821182995956e-10
1.5219887813926399e-10
1.3663578696401825e-12
-2.2863900542584308e-03
3.1922307971560965e-10
-3.8984300547919311e-07
-2.2871702891460346e-03
-6.8599504411956018e-03
1.4936918446798174e-08
1.5836327165994370e-07
1.7159481596377027e-07
1.7130978945755726e-07
4.6401886984443990e-08
-2.2868593217934847e-03
-6.8609361506022162e-03
3.0007876192880214e-12
4.5753268408868690e-03
6.8646548638673453e-03
-5.9587555909793854e-10
-2.8066324647789136e-10
-5.4572976305013194e-10
-6.8668260170790106e-10
-9.4759778692839300e-10
-2.2867814792101346e-03
-6.3201280616709948e-10
3.8992103970157743e-07
-2.2860000178637598e-03
-8.7533671663283432e-03
1.3832368711880689e-08
1.5762808443171620e-07
1.7088306250533435e-07
1.7092779073032310e-07
4.4318698778192268e-08
-2.2864725357481081e-03
-6.8589892923534958e-03
-2.1674917778742893e-10
4.5714274253957007e-03
6.8556847471006096e-03
-1.3243521554776669e-09
-1.1428939197273615e-09
-1.5427559441482064e-09
-1.6240346929686282e-09
-1.6023400409659022e-09
-2.2863918222458522e-03
-1.5193039135563116e-09
-3.9147909306481946e-07
-2.2871713442642562e-03
-6.8599513772365462e-03
1.3448836131938008e-08
1.5753265659659295e-07
1.7091410404756857e-07
1.7063867971598866e-07
4.5840266971862321e-08
-2.2868600811093869e-03
-6.8609367413611979e-03
-8.2582998515728195e-10
4.5753262823172835e-03
6.8646542776342441e-03
-1.1791460736785068e-09
-1.0502355099004477e-09
-1.6913284213953230e-09
-1.7440531173196489e-09
-1.7607202447096932e-09
-2.2867823106553029e-03
-1.3701580745941159e-09
3.8940816826774777e-07
-2.2860007274323863e-03
-8.7533673868072717e-03
1.3422508267466852e-08
1.5742338998793857e-07
1.7108351235909118e-07
1.7118357918778264e-07
4.4527545975405652e-08
-2.2864723118978321e-03
-6.8589891229843278e-03
8.1835610964054819e-12
4.5714280255594996e-03
6.8556856417816186e-03
-2.4727987308089978e-10
6.6645108680535181e-11
-1.7161327304237260e-10
-3.5812420008727918e-10
-2.9357385560092858e-10
-2.2863907214308609e-03
-3.1264190682936403e-10
-3.9032030304543845e-07
-2.2871705025266612e-03
-6.8599507075784889e-03
1.4487896848705740e-08
1.5831653104939080e-07
1.7186916697703144e-07
1.7180885273680095e-07
4.6532858024096028e-08
-2.2868591087095332e-03
-6.8609356977845717e-03
7.7643826296818952e-10
4.5753278208366605e-03
6.8646558274803185e-03
7.6191562231666155e-11
4.7863735612221248e-10
3.8019790068671898e-11
2.9855165055372192e-10
3.0517231002786063e-10
-2.2867802468316697e-03
6.4981523363001003e-10
3.9117912588587003e-07
-2.2859985554343066e-03
-8.7533649330974999e-03
1.5614160913943360e-08
1.5924634836349973e-07
1.7266991706008670e-07
1.7251695462628862e-07
4.5892000488582691e-08
-2.2864706777376764e-03
-6.8589874771444988e-03
1.4086714656579945e-09
4.5714290071170120e-03
6.8556861438514140e-03
5.7300041021078842e-10
8.5108610861328459e-10
4.1148937414508464e-10
4.5258003530778104e-10
3.7404140747825590e-10
-2.2863899061408466e-03
6.2140197819573780e-10
-3.8943505795019557e-07
-2.2871696486273987e-03
-6.8599496250459245e-03
1.4984104513331361e-08
1.5847842723480498e-07
1.7172293234949906e-07
1.7188551335625702e-07
4.6907124781215335e-08
-2.2868585134316224e-03
-6.8609350133905060e-03
1.0016903426968288e-09
4.5753278078463078e-03
6.8646555097423238e-03
7.1395541989241715e-10
9.6039385248607377e-10
9.7201104931418617e-10
8.3930721083062184e-10
8.9310815718427585e-10
-2.2867798914973946e-03
1.0512467583763083e-09
3.9154502924048076e-07
-2.2859982578607710e-03
-8.7533649226823294e-03
1.5999178031979246e-08
1.5966397751871574e-07
1.7310506502000058e-07
1.7285177623048044e-07
4.6343669663279974e-08
-2.2864705258017377e-03
-6.8589873001320967e-03
1.5166434844759552e-09
4.5714293614720148e-03
6.8556870222324399e-03
9.0796423032975747e-10
1.2157637407648470e-09
9.7554643239260299e-10
7.1482614925233276e-10
