0.0000000000000000e+00
-1.1430605077773462e-03
-1.7887796612756617e-10
-1.1438598471878246e-03
-4.5742487921292645e-03
-1.0290776962875272e-02
1.2984721693604565e-09
8.0036360043401200e-03
1.4260970067773106e-02
1.4917118903551934e-08
1.9433617009301773e-07
4.6755548867109924e-08
-2.2868812456349678e-03
-6.8609808369463586e-03
8.5152907042956208e-10
4.5753731671557205e-03
6.8647463899651285e-03
-2.2393814147338917e-11
1.6163309381278906e-11
-2.3852796630256848e-10
-1.9187841169296348e-10
-2.5724591098831741e-10
-2.2867807968829919e-03
5.8543076614413452e-11
3.9106676976259864e-07
-2.2859985060504056e-03
-8.7533615981078196e-03
1.4993382933630327e-08
1.5867679894640544e-07
1.7177996300587462e-07
1.7181181893176888e-07
4.5116800914979682e-08
-2.2864719111209135e-03
-6.8589888789768929e-03
4.0236442415809258e-10
4.5714284389678089e-03
6.8556861739938199e-03
-8.4106027462434037e-11
1.2620912165073363e-10
1.3702381433334678e-10
-1.2165454507488546e-10
-2.1758272974705189e-10
-2.2863902779050116e-03
4.4609357275959045e-11
-3.8994073867395562e-07
-2.2871703385689067e-03
-6.8599503948405119e-03
1.4734669692189178e-08
1.5828815514091383e-07
1.7160549772787805e-07
1.7133116674010629e-07
4.6385443022540996e-08
-2.2868593065115505e-03
-6.8609363100069088e-03
-1.7658845843094909e-10
4.5753266942052083e-03
6.8646546424767259e-03
-6.6574758806762256e-10
-3.8299235168251268e-10
-6.6669624712926826e-10
-7.6463932530147006e-10
-1.0654353840981366e-09
-2.2867815879819863e-03
-8.2304198149729732e-10
3.8981540524337124e-07
-2.2860000467998212e-03
-8.7533668813752855e-03
1.3855582285010765e-08
1.5765595505720626e-07
1.7088258529619573e-07
1.7092489335076485e-07
4.4385026418357214e-08
-2.2864724986849348e-03
-6.8589892500878482e-03
-1.6905288754749737e-10
4.5714276226164040e-03
6.8556850216595373e-03
-1.0060326490076106e-09
-8.7681664776907356e-10
-1.2907911693420644e-09
-1.3506477590572408e-09
-1.2858327437826172e-09
-2.2863914877543218e-03
-1.1899704368092873e-09
-3.9112518906558952e-07
-2.2871711613664815e-03
-6.8599512254748484e-03
1.3590170544667405e-08
1.5758282153158205e-07
1.7100413850501662e-07
1.7075353496426678e-07
4.5845763081532387e-08
-2.2868600700135977e-03
-6.8609368701173217e-03
-5.5538320535109144e-10
4.5753268010995281e-03
6.8646551122435321e-03
-1.1241176716776840e-09
-9.0941290351695272e-10
-1.4944978343281003e-09
-1.5056961961945024e-09
-1.5001618219422868e-09
-2.2867820444564648e-03
-1.1171089068303448e-09
3.8978681750439091e-07
-2.2860002068454972e-03
-8.7533669267772889e-03
1.3775961100797436e-08
1.5775051394041457e-07
1.7132526489462276e-07
1.7133959756786054e-07
4.4688222926802349e-08
-2.2864721996804292e-03
-6.8589891309559850e-03
-2.9191711487801465e-11
4.5714279201116009e-03
6.8556855931462390e-03
-5.1859311721681394e-10
-1.1866796264678704e-10
-2.2924059756470636e-10
-4.5324230816554489e-10
-5.7156807084213274e-10
-2.2863911082805482e-03
-5.3900944857354121e-10
-3.9051844293595536e-07
-2.2871706098556198e-03
-6.8599505875125829e-03
1.4351973397772037e-08
1.5828606952328010e-07
1.7181444652125665e-07
1.7181798318625662e-07
4.6645825041375700e-08
-2.2868590964820711e-03
-6.8609357261445510e-03
6.6900916682509436e-10
4.5753277879393064e-03
6.8646558752573543e-03
2.5966693395951979e-10
4.6045085347263492e-10
1.3115286486182509e-11
1.9565887070950430e-10
1.6766755482794790e-10
-2.2867802144361776e-03
5.4763625404579169e-10
3.9100221404924139e-07
-2.2859988176971843e-03
-8.7533651828823455e-03
1.5628334147051451e-08
1.5922657657930081e-07
1.7266377767039227e-07
1.7251842798034111e-07
4.5762133633215192e-08
-2.2864708187594106e-03
-6.8589876484358245e-03
1.4539214221918657e-09
4.5714293876220162e-03
6.8556869122735255e-03
7.1651624685522182e-10
9.6920857339545859e-10
6.1416083011884492e-10
5.0157461478779006e-10
4.2967085706777101e-10
-2.2863897949172117e-03
6.2549140826888288e-10
-3.8950328101453776e-07
-2.2871696834935360e-03
-6.8599496509792190e-03
1.5022301631561309e-08
1.5852443547997422e-07
1.7171008876538678e-07
1.7190831841340282e-07
4.7013943383701470e-08
-2.2868584327744362e-03
-6.8609350040801133e-03
1.0739720993924873e-09
4.5753279040368876e-03
6.8646555609793315e-03
6.6707117463647492e-10
8.8805393163790589e-10
9.1128024334145710e-10
8.7089101816144486e-10
7.4284509679370212e-10
-2.2867799320269127e-03
9.3796260038651145e-10
3.9144823684863276e-07
-2.2859982971157587e-03
-8.7533649690940338e-03
1.5971275808948119e-08
1.5966106278768871e-07
1.7308508186699388e-07
1.7283246189972520e-07
4.6333631802747095e-08
-2.2864704926567380e-03
-6.8589872635542838e-03
1.4357790960520306e-09
4.5714292248929126e-03
6.8556868340885081e-03
9.3057857956305630e-10
1.1093596879198447e-09
8.9792916680643354e-10
5.4366501049524931e-10
