0.0000000000000000e+00
0.0000000000000000e+00
0.0000000000000000e+00
0.0000000000000000e+00
0.0000000000000000e+00
0.0000000000000000e+00
0.0000000000000000e+00
0.0000000000000000e+00
2.4771667922422251e+00
1.5770231169519562e+01
2.9411933983133185e+01
4.3064900869479494e+01
5.6718222514692613e+01
5.7158652232166702e+01
5.7158652232166702e+01
5.7158652232166702e+01
5.7158652232166716e+01
5.7158652232166716e+01
5.7158652232166716e+01
5.7158652232166716e+01
5.7158652232166730e+01
5.7158652232166737e+01
5.7158652232166737e+01
5.7158652232166737e+01
5.7158652232166737e+01
5.7158652232166709e+01
5.7158652232166716e+01
5.7158652232166745e+01
5.7158652232166745e+01
5.7158652232166745e+01
5.7158652232166745e+01
4.7918144475236261e+01
3.4406429181827001e+01
2.0758396182576284e+01
7.1052329701647041e+00
-6.5480949349161417e+00
-2.0201428095014315e+01
-3.3854761422821277e+01
-3.4295191549253843e+01
-3.4295191549253843e+01
-3.4295191549253843e+01
-3.4295191549253843e+01
-3.4295191549253843e+01
-3.4295191549253843e+01
-3.4295191549253843e+01
-3.4295191549253843e+01
-3.4295191549253843e+01
-3.4295191549253843e+01
-3.4295191549253843e+01
-3.4295191549253843e+01
-3.4295191549253843e+01
-3.4295191549253843e+01
-3.4295191549253843e+01
-3.4295191549253843e+01
-3.4295191549253843e+01
-3.4295191549253843e+01
-3.4295191549253843e+01
-3.4295191549253843e+01
-3.4030368392549846e+01
-2.0808919189339896e+01
-7.1695295097497089e+00
6.4833657161523490e+00
2.0136685077438944e+01
2.0577114722033748e+01
2.0577114722033748e+01
2.0577114722033748e+01
2.0577114722033752e+01
2.0577114722033752e+01
2.0577114722033752e+01
2.0577114722033752e+01
2.0577114722033748e+01
2.0577114722033755e+01
2.0577114722033741e+01
2.0577114722033741e+01
2.0577114722033741e+01
2.0577114722033738e+01
2.0577114722033738e+01
2.0577114722033734e+01
2.0577114722033734e+01
2.0577114722033730e+01
2.0577114722033730e+01
2.0577114722033730e+01
2.0577114722033738e+01
2.0577114722033738e+01
2.0577114722033738e+01
1.5126135645856451e+01
1.7386334688607081e+00
-1.1906124762356331e+01
-1.2346278261391937e+01
-1.2346278261391937e+01
-1.2346278261391937e+01
-1.2346278261391937e+01
-1.2346278261391937e+01
-1.2346278261391937e+01
-1.2346278261391937e+01
-1.2346278261391937e+01
-1.2346278261391937e+01
-1.2346278261391937e+01
-1.2346278261391937e+01
-1.2346278261391937e+01
-1.2346278261391937e+01
-1.2346278261391937e+01
-1.2346278261391937e+01
-1.2346278261391937e+01
-1.2346278261391937e+01
-1.2346278261391937e+01
-1.2346278261391937e+01
-1.2346278261391937e+01
-1.2346278261391937e+01
-1.2346278261391937e+01
-1.2346278261391937e+01
-6.4296217894393468e+00
6.9732397960450623e+00
7.4079482418209137e+00
7.4079482418209137e+00
7.4079482418209075e+00
7.4079482418209031e+00
7.4079482418209031e+00
7.4079482418209031e+00
7.4079482418209031e+00
7.4079482418209031e+00
7.4079482418208986e+00
7.4079482418208951e+00
7.4079482418208951e+00
7.4079482418208951e+00
7.4079482418208942e+00
7.4079482418208933e+00
7.4079482418208977e+00
7.4079482418208977e+00
7.4079482418208951e+00
7.4079482418208951e+00
7.4079482418208951e+00
7.4079482418208960e+00
7.4079482418208960e+00
7.4079482418208906e+00
7.4079482418208906e+00
7.4079482418208906e+00
-4.0764462050758201e+00
-4.4469105838608929e+00
-4.4469105838608929e+00
-4.4469105838608929e+00
-4.4469105838608929e+00
-4.4469105838608929e+00
-4.4469105838608929e+00
-4.4469105838608929e+00
-4.4469105838608929e+00
-4.4469105838608929e+00
-4.4469105838608929e+00
-4.4469105838608929e+00
-4.4469105838608929e+00
-4.4469105838608929e+00
