0.0000000000000000e+00
0.0000000000000000e+00
0.0000000000000000e+00
0.0000000000000000e+00
0.0000000000000000e+00
0.0000000000000000e+00
0.0000000000000000e+00
0.0000000000000000e+00
-1.2385833961194344e+00
-7.8851155847541694e+00
-1.4705966991558629e+01
-2.1532450434728887e+01
-2.8359111257334920e+01
-2.8579326116072046e+01
-2.8579326116072096e+01
-2.8579326116072060e+01
-2.8579326116072050e+01
-2.8579326116072028e+01
-2.8579326116072043e+01
-2.8579326116072007e+01
-2.8579326116072039e+01
-2.8579326116072039e+01
-2.8579326116072021e+01
-2.8579326116071982e+01
-2.8579326116071986e+01
-2.8579326116071979e+01
-2.8579326116071957e+01
-2.8579326116072018e+01
-2.8579326116072004e+01
-2.8579326116071993e+01
-2.8579326116072039e+01
-2.3959072237602367e+01
-1.7203214590891960e+01
-1.0379198091260243e+01
-3.5526164850515318e+00
3.2740474674931468e+00
1.0100714047545440e+01
1.6927380711453804e+01
1.7147595774670137e+01
1.7147595774670126e+01
1.7147595774670123e+01
1.7147595774670108e+01
1.7147595774670108e+01
1.7147595774670108e+01
1.7147595774670084e+01
1.7147595774670108e+01
1.7147595774670087e+01
1.7147595774670130e+01
1.7147595774670119e+01
1.7147595774670169e+01
1.7147595774670144e+01
1.7147595774670140e+01
1.7147595774670137e+01
1.7147595774670130e+01
1.7147595774670133e+01
1.7147595774670140e+01
1.7147595774670162e+01
1.7147595774670165e+01
1.7015184196317730e+01
1.0404459594700405e+01
3.5847647548964772e+00
-3.2416828580569521e+00
-1.0068342538703508e+01
-1.0288557361001040e+01
-1.0288557361001036e+01
-1.0288557361001052e+01
-1.0288557361001050e+01
-1.0288557361001038e+01
-1.0288557361001043e+01
-1.0288557361001025e+01
-1.0288557361001025e+01
-1.0288557361001024e+01
-1.0288557361001034e+01
-1.0288557361001024e+01
-1.0288557361001020e+01
-1.0288557361001022e+01
-1.0288557361001020e+01
-1.0288557361001043e+01
-1.0288557361001045e+01
-1.0288557361001045e+01
-1.0288557361001065e+01
-1.0288557361001081e+01
-1.0288557361001091e+01
-1.0288557361001086e+01
-1.0288557361001093e+01
-7.5630678229119486e+00
-8.6931673441153845e-01
5.9530623811986256e+00
6.1731391307166223e+00
6.1731391307166179e+00
6.1731391307166339e+00
6.1731391307166295e+00
6.1731391307166454e+00
6.1731391307166525e+00
6.1731391307166552e+00
6.1731391307166659e+00
6.1731391307166668e+00
6.1731391307166623e+00
6.1731391307166641e+00
6.1731391307166676e+00
6.1731391307166739e+00
6.1731391307166810e+00
6.1731391307166827e+00
6.1731391307166801e+00
6.1731391307166836e+00
6.1731391307166845e+00
6.1731391307166996e+00
6.1731391307166952e+00
6.1731391307167058e+00
6.1731391307167094e+00
6.1731391307167023e+00
3.2148108947422891e+00
-3.4866198979958938e+00
-3.7039741208837205e+00
-3.7039741208837249e+00
-3.7039741208837214e+00
-3.7039741208837191e+00
-3.7039741208837111e+00
-3.7039741208837089e+00
-3.7039741208837085e+00
-3.7039741208837054e+00
-3.7039741208837063e+00
-3.7039741208837080e+00
-3.7039741208837067e+00
-3.7039741208837031e+00
-3.7039741208837049e+00
-3.7039741208837027e+00
-3.7039741208837071e+00
-3.7039741208837054e+00
-3.7039741208837027e+00
-3.7039741208837111e+00
-3.7039741208837125e+00
-3.7039741208837085e+00
-3.7039741208837080e+00
-3.7039741208837134e+00
-3.7039741208837156e+00
-3.7039741208837098e+00
2.0382231025605630e+00
2.2234552919529724e+00
2.2234552919529689e+00
2.2234552919529689e+00
2.2234552919529729e+00
2.2234552919529755e+00
2.2234552919529755e+00
2.2234552919529760e+00
2.2234552919529711e+00
2.2234552919529667e+00
2.2234552919529649e+00
2.2234552919529671e+00
2.2234552919529662e+00
2.2234552919529689e+00
