0.0000000000000000e+00
0.0000000000000000e+00
0.0000000000000000e+00
0.0000000000000000e+00
0.0000000000000000e+00
0.0000000000000000e+00
0.0000000000000000e+00
0.0000000000000000e+00
-1.2385833961227866e+00
-7.8851155847653835e+00
-1.4705966991574529e+01
-2.1532450434750508e+01
-2.8359111257357579e+01
-2.8579326116094641e+01
-2.8579326116094684e+01
-2.8579326116094663e+01
-2.8579326116094645e+01
-2.8579326116094627e+01
-2.8579326116094634e+01
-2.8579326116094620e+01
-2.8579326116094638e+01
-2.8579326116094634e+01
-2.8579326116094624e+01
-2.8579326116094581e+01
-2.8579326116094574e+01
-2.8579326116094581e+01
-2.8579326116094553e+01
-2.8579326116094613e+01
-2.8579326116094592e+01
-2.8579326116094606e+01
-2.8579326116094652e+01
-2.3959072237633897e+01
-1.7203214590935030e+01
-1.0379198091316045e+01
-3.5526164851131461e+00
3.2740474674230242e+00
1.0100714047468875e+01
1.6927380711367441e+01
1.7147595774583795e+01
1.7147595774583785e+01
1.7147595774583792e+01
1.7147595774583777e+01
1.7147595774583777e+01
1.7147595774583777e+01
1.7147595774583767e+01
1.7147595774583781e+01
1.7147595774583774e+01
1.7147595774583777e+01
1.7147595774583774e+01
1.7147595774583795e+01
1.7147595774583760e+01
1.7147595774583760e+01
1.7147595774583756e+01
1.7147595774583753e+01
1.7147595774583760e+01
1.7147595774583763e+01
1.7147595774583781e+01
1.7147595774583792e+01
1.7015184196232184e+01
1.0404459594639569e+01
3.5847647548533126e+00
-3.2416828580953125e+00
-1.0068342538735388e+01
-1.0288557361032661e+01
-1.0288557361032654e+01
-1.0288557361032675e+01
-1.0288557361032666e+01
-1.0288557361032654e+01
-1.0288557361032671e+01
-1.0288557361032657e+01
-1.0288557361032657e+01
-1.0288557361032657e+01
-1.0288557361032664e+01
-1.0288557361032652e+01
-1.0288557361032646e+01
-1.0288557361032646e+01
-1.0288557361032646e+01
-1.0288557361032669e+01
-1.0288557361032671e+01
-1.0288557361032675e+01
-1.0288557361032696e+01
-1.0288557361032687e+01
-1.0288557361032694e+01
-1.0288557361032694e+01
-1.0288557361032707e+01
-7.5630678229445554e+00
-8.6931673444922031e-01
5.9530623811576442e+00
6.1731391306752510e+00
6.1731391306752510e+00
6.1731391306752581e+00
6.1731391306752625e+00
6.1731391306752785e+00
6.1731391306752803e+00
6.1731391306752865e+00
6.1731391306752972e+00
6.1731391306752998e+00
6.1731391306752972e+00
6.1731391306752972e+00
6.1731391306752954e+00
6.1731391306752990e+00
6.1731391306753096e+00
6.1731391306753007e+00
6.1731391306752954e+00
6.1731391306753025e+00
6.1731391306753034e+00
6.1731391306753096e+00
6.1731391306753034e+00
6.1731391306753096e+00
6.1731391306753114e+00
6.1731391306753052e+00
3.2148108946971448e+00
-3.4866198980490761e+00
-3.7039741209370969e+00
-3.7039741209371040e+00
-3.7039741209370991e+00
-3.7039741209370951e+00
-3.7039741209370884e+00
-3.7039741209370862e+00
-3.7039741209370844e+00
-3.7039741209370809e+00
-3.7039741209370818e+00
-3.7039741209370822e+00
-3.7039741209370800e+00
-3.7039741209370796e+00
-3.7039741209370813e+00
-3.7039741209370796e+00
-3.7039741209370831e+00
-3.7039741209370804e+00
-3.7039741209370791e+00
-3.7039741209370858e+00
-3.7039741209370844e+00
-3.7039741209370818e+00
-3.7039741209370836e+00
-3.7039741209370907e+00
-3.7039741209370933e+00
-3.7039741209370858e+00
2.0382231025153708e+00
2.2234552919080262e+00
2.2234552919080235e+00
2.2234552919080213e+00
2.2234552919080253e+00
2.2234552919080284e+00
2.2234552919080279e+00
2.2234552919080302e+00
2.2234552919080270e+00
2.2234552919080217e+00
2.2234552919080199e+00
2.2234552919080204e+00
2.2234552919080208e+00
2.2234552919080208e+00
