0.0000000000000000e+00
1.2486089731869897e-04
2.4975609755835523e-04
3.7463570093467099e-04
4.9949971134296319e-04
6.2434813267618172e-04
7.4926829267894411e-04
8.7417284958439187e-04
1.1538388267941606e-03
2.1095418869676663e-03
3.0870261559570551e-03
4.0652148390062743e-03
5.0434254920130369e-03
5.0709523487777013e-03
4.9460743005893641e-03
4.8211806559253587e-03
4.6962714108914538e-03
4.5713465615888670e-03
4.4465621059542049e-03
4.3217620772156165e-03
4.1968060083964875e-03
4.0719279596231357e-03
3.9470343143754366e-03
3.8221718620667557e-03
3.6972938171796182e-03
3.5724157645083128e-03
3.4475377157282515e-03
3.3226440704725749e-03
3.1977816181656456e-03
3.0729035732791335e-03
2.9480099319201614e-03
2.2456157369388371e-03
1.2762304431599872e-03
2.9837536108539295e-04
-6.7982537833809024e-04
-1.6580364217025846e-03
-2.6362477930073373e-03
-3.6144591747765665e-03
-3.6419860583256766e-03
-3.5171080089152033e-03
-3.3922455520853500e-03
-3.2673986839418085e-03
-3.1425674005920458e-03
-3.0175958133101381e-03
-2.8926398419750988e-03
-2.7678397157466055e-03
-2.6429616669580150e-03
-2.5180992107492577e-03
-2.3932055693923504e-03
-2.2683275245087599e-03
-2.1434494718296925e-03
-2.0185714230493684e-03
-1.8937089668490217e-03
-1.7688153254900086e-03
-1.6439372806040852e-03
-1.5190748282982031e-03
-1.3942279646776124e-03
-1.2693966858507487e-03
-1.1278737357783421e-03
-1.7665501062024804e-04
8.0068460656441878e-04
1.7788688915925891e-03
2.7570794021749643e-03
2.7846062543926981e-03
2.6597282062040236e-03
2.5348345615412442e-03
2.4099253165077001e-03
2.2850004672060687e-03
2.1602160115714785e-03
2.0354159828339163e-03
1.9104599140146981e-03
1.7855818652424559e-03
1.6606882199955467e-03
1.5358257676860321e-03
1.4109477227981356e-03
1.2860696701265922e-03
1.1611916213460488e-03
1.0362979760904399e-03
9.1143552378278531e-04
7.8655747889689448e-04
6.6166383753683963e-04
5.3675459580727251e-04
4.1182974981026396e-04
2.8704527986456559e-04
1.6224523681202170e-04
-3.0343826024685299e-04
-1.2649939448250488e-03
-2.2426694488478847e-03
-2.2701789778315031e-03
-2.1453009284230769e-03
-2.0204384715954665e-03
-1.8955916034528735e-03
-1.7707603201063127e-03
-1.6457887328195676e-03
-1.5208327614794244e-03
-1.3960326352554491e-03
-1.2711545864675616e-03
-1.1462921302596201e-03
-1.0213984889020360e-03
-8.9652044401884691e-04
-7.7164239134027270e-04
-6.4676434256015253e-04
-5.2190188635931316e-04
-3.9700824500073581e-04
-2.7213020011442794e-04
-1.4726774780844592e-04
-2.2420884187990632e-05
1.0241039463871360e-04
2.2738199888717927e-04
3.5233798718452210e-04
4.7713809645186483e-04
9.7175860736675029e-04
1.9342860846095350e-03
1.9615333494432167e-03
1.8366553011924499e-03
1.7117616564665018e-03
1.5868524113690323e-03
1.4619275620033152e-03
1.3371431065579606e-03
1.2123430780084392e-03
1.0873870090008740e-03
9.6250896022886197e-04
8.3761531498138093e-04
7.1275286267251338e-04
5.8787481778450597e-04
4.6299676511278110e-04
3.3811871633248637e-04
2.1322507107720233e-04
8.8362618769919667e-05
-3.6515426116081926e-05
-1.6140906747624231e-04
-2.8631830920608129e-04
-4.1124315520324570e-04
-5.3602762514883017e-04
-6.6082766820142259e-04
-7.8578372270626242e-04
-9.1075539317832894e-04
-1.7533144733743104e-03
-1.7764684975292116e-03
-1.6515904485778720e-03
-1.5267279922063896e-03
-1.4018811245208541e-03
-1.2770498416304627e-03
-1.1520782529728095e-03
-1.0271222802622838e-03
-9.0232215540829311e-04
-7.7744410661941454e-04
-6.5258165041065920e-04
-5.2768800905400950e-04
-4.0280996417110289e-04
-2.7793191149201016e-04
