0.0000000000000000e+00
-3.7461309495952866e-05
-7.4926829267280869e-05
-1.1239375275685219e-04
-1.4986208006915311e-04
-1.8733181130975018e-04
-2.2478048780000427e-04
-2.6223056674654533e-04
-3.7712416416356745e-04
-8.2999045569366776e-04
-1.2937571790468273e-03
-1.7578757122820136e-03
-2.2220054285598226e-03
-2.2357688576485220e-03
-2.1983054429669780e-03
-2.1608434317402863e-03
-2.1233828238628283e-03
-2.0859236192307608e-03
-2.0484517846828957e-03
-2.0109813542206934e-03
-1.9735249554162647e-03
-1.9360615407883709e-03
-1.8985995296148027e-03
-1.8611347115230616e-03
-1.8236712969917762e-03
-1.7862078822564146e-03
-1.7487444676215879e-03
-1.7112824564420584e-03
-1.6738176383525021e-03
-1.6363542238224515e-03
-1.5988922127475524e-03
-1.2726615270138035e-03
-8.1297306501095467e-04
-3.4899258389640487e-04
1.1513220179528386e-04
5.7926211367853163e-04
1.0433921895705543e-03
1.5075222706990481e-03
1.5212857117372451e-03
1.4838222971524061e-03
1.4463574790070297e-03
1.4088912571964044e-03
1.3714236316158511e-03
1.3339686383638243e-03
1.2965122421830446e-03
1.2590418090929587e-03
1.2215783944527028e-03
1.1841135762525863e-03
1.1466515651810626e-03
1.1091881506548322e-03
1.0717247359121097e-03
1.0342613212774255e-03
9.9679650308282940e-04
9.5933449201027752e-04
9.2187107748223720e-04
8.8440625939375595e-04
8.4694003764075100e-04
8.0947241211748943e-04
7.6374163462388357e-04
3.1310799308254509e-04
-1.5058648930510498e-04
-6.1470273872261299e-04
-1.0788323836473069e-03
-1.0925958104602983e-03
-1.0551323957781822e-03
-1.0176703845511416e-03
-9.8020977667350861e-04
-9.4275057204019040e-04
-9.0527873749390799e-04
-8.6780830703254205e-04
-8.3035190822694559e-04
-7.9288849359862362e-04
-7.5542648242525633e-04
-7.1796166433392688e-04
-6.8049824980267494e-04
-6.4303483506590023e-04
-6.0557142043231684e-04
-5.6810940925306418e-04
-5.3064459116381152e-04
-4.9318117663237906e-04
-4.5571916555763330e-04
-4.1825855783190146e-04
-3.8079935335114394e-04
-3.4332751798176359e-04
-3.0585708669759087e-04
-9.8083618734704344e-05
3.5776526508977404e-04
8.2162730984349224e-04
8.3538217148954237e-04
7.9791875690448895e-04
7.6045393875959016e-04
7.2298771694984945e-04
6.8552009136926178e-04
6.4806509811691268e-04
6.1060870193493846e-04
5.7313826884637133e-04
5.3567485420713480e-04
4.9821003600755828e-04
4.6074802493571801e-04
4.2328461040853411e-04
3.8582119566642664e-04
3.4835778103244920e-04
3.1089296283821059e-04
2.7343095176473426e-04
2.3596753723786822e-04
1.9850271914990697e-04
1.6103649739664788e-04
1.2356887187370052e-04
8.6113878605092198e-05
4.8657482407231042e-05
1.1187049333985402e-05
-2.1120255022680310e-04
-6.6752373335510196e-04
-6.8105935796655486e-04
-6.4359594327015107e-04
-6.0613393202873427e-04
-5.6867332413700013e-04
-5.3121411948948657e-04
-4.9374228498551428e-04
-4.5627185456762387e-04
-4.1881545571958957e-04
-3.8135204109008544e-04
-3.4389002991664074e-04
-3.0642521182549305e-04
-2.6896179729466341e-04
-2.3149838255819184e-04
-1.9403496792356190e-04
-1.5657295674434760e-04
-1.1910813865422215e-04
-8.1644724124722268e-05
-4.4182713049907468e-05
-6.7221053245420306e-06
3.0737099155882941e-05
6.8208934527000132e-05
1.0567936581086687e-04
1.4313576379252574e-04
1.8059075884451924e-04
5.7694991959489665e-04
5.8852693146447914e-04
5.5106351698195287e-04
5.1359869893899911e-04
4.7613247723179590e-04
4.3866485175375473e-04
4.0120985819500353e-04
3.6375346170691649e-04
3.2628302892430384e-04
2.8881961428490615e-04
2.5135479608471515e-04
2.1389278501324826e-04
1.7642937048610883e-04
1.3896595574392908e-04
