0.0000000000000000e+00
-3.7461309496178868e-05
-7.4926829267813117e-05
-1.1239375275749789e-04
-1.4986208007002443e-04
-1.8733181131124797e-04
-2.2478048780142572e-04
-2.6223056674774239e-04
-3.7712416416492303e-04
-8.2999045569482884e-04
-1.2937571790481912e-03
-1.7578757122838130e-03
-2.2220054285613001e-03
-2.2357688576500408e-03
-2.1983054429687184e-03
-2.1608434317422196e-03
-2.1233828238646957e-03
-2.0859236192324799e-03
-2.0484517846850242e-03
-2.0109813542229767e-03
-1.9735249554194804e-03
-1.9360615407908455e-03
-1.8985995296169397e-03
-1.8611347115250409e-03
-1.8236712969938711e-03
-1.7862078822577072e-03
-1.7487444676230069e-03
-1.7112824564439288e-03
-1.6738176383536197e-03
-1.6363542238231673e-03
-1.5988922127480199e-03
-1.2726615270159266e-03
-8.1297306501375820e-04
-3.4899258390031147e-04
1.1513220179125761e-04
5.7926211367362117e-04
1.0433921895653953e-03
1.5075222706930078e-03
1.5212857117315748e-03
1.4838222971469066e-03
1.4463574790019378e-03
1.4088912571921988e-03
1.3714236316119993e-03
1.3339686383603765e-03
1.2965122421788656e-03
1.2590418090897733e-03
1.2215783944505502e-03
1.1841135762512582e-03
1.1466515651793151e-03
1.1091881506524682e-03
1.0717247359096473e-03
1.0342613212750442e-03
9.9679650308204140e-04
9.5933449200861533e-04
9.2187107748041184e-04
8.8440625939188581e-04
8.4694003763841844e-04
8.0947241211471366e-04
7.6374163462341238e-04
3.1310799308281360e-04
-1.5058648930420390e-04
-6.1470273872248006e-04
-1.0788323836466085e-03
-1.0925958104594684e-03
-1.0551323957776275e-03
-1.0176703845514712e-03
-9.8020977667407543e-04
-9.4275057204100204e-04
-9.0527873749341045e-04
-8.6780830703189066e-04
-8.3035190822772448e-04
-7.9288849359901187e-04
-7.5542648242528539e-04
-7.1796166433398683e-04
-6.8049824980287617e-04
-6.4303483506679719e-04
-6.0557142043259808e-04
-5.6810940925341568e-04
-5.3064459116328741e-04
-4.9318117663340482e-04
-4.5571916555813593e-04
-4.1825855783142425e-04
-3.8079935334983916e-04
-3.4332751798123878e-04
-3.0585708669841324e-04
-9.8083618734879090e-05
3.5776526508909929e-04
8.2162730984273113e-04
8.3538217148813746e-04
7.9791875690399488e-04
7.6045393875924137e-04
7.2298771694970427e-04
6.8552009136981071e-04
6.4806509811640104e-04
6.1060870193355816e-04
5.7313826884579648e-04
5.3567485420594999e-04
4.9821003600636956e-04
4.6074802493454865e-04
4.2328461040766599e-04
3.8582119566536646e-04
3.4835778103146784e-04
3.1089296283666056e-04
2.7343095176367570e-04
2.3596753723698202e-04
1.9850271914909282e-04
1.6103649739612890e-04
1.2356887187338551e-04
8.6113878604998956e-05
4.8657482407538658e-05
1.1187049333701419e-05
-2.1120255022753098e-04
-6.6752373335631984e-04
-6.8105935796757152e-04
-6.4359594327114669e-04
-6.0613393202940257e-04
-5.6867332413781458e-04
-5.3121411949056405e-04
-4.9374228498695486e-04
-4.5627185456915747e-04
-4.1881545572059208e-04
-3.8135204109141131e-04
-3.4389002991774506e-04
-3.0642521182637424e-04
-2.6896179729462237e-04
-2.3149838255860311e-04
-1.9403496792466278e-04
-1.5657295674643826e-04
-1.1910813865538298e-04
-8.1644724124422391e-05
-4.4182713048751762e-05
-6.7221053224612806e-06
3.0737099159469739e-05
6.8208934527349950e-05
1.0567936580900395e-04
1.4313576379330323e-04
1.8059075884826816e-04
5.7694991959636184e-04
5.8852693146590161e-04
5.5106351698244011e-04
5.1359869893907435e-04
4.7613247723079377e-04
4.3866485175168282e-04
4.0120985819435903e-04
3.6375346170847253e-04
3.2628302892436699e-04
2.8881961428492675e-04
2.5135479608520272e-04
2.1389278501313691e-04
1.7642937048666354e-04
1.3896595574398356e-04
