0.0000000000000000e+00
0.0000000000000000e+00
0.0000000000000000e+00
0.0000000000000000e+00
0.0000000000000000e+00
0.0000000000000000e+00
0.0000000000000000e+00
0.0000000000000000e+00
1.5482292451513899e-04
9.8563944809497298e-04
1.8382458739458233e-03
2.6915563043424674e-03
3.5448889071682866e-03
3.5724157645104179e-03
3.5724157645104179e-03
3.5724157645104179e-03
3.5724157645104179e-03
3.5724157645104179e-03
3.5724157645104179e-03
3.5724157645104179e-03
3.5724157645104179e-03
3.5724157645104179e-03
3.5724157645104179e-03
3.5724157645104179e-03
3.5724157645104179e-03
3.5724157645104179e-03
3.5724157645104179e-03
3.5724157645104179e-03
3.5724157645104179e-03
3.5724157645104179e-03
3.5724157645104179e-03
4.1499474993185702e-03
4.9944297051566534e-03
5.8474317676098257e-03
6.7007544683855445e-03
7.5540874624530994e-03
8.4074207849592370e-03
9.2607541179471672e-03
9.2882810008491998e-03
9.2882810008491998e-03
9.2882810008491998e-03
9.2882810008491998e-03
9.2882810008491998e-03
9.2882810008491998e-03
9.2882810008491998e-03
9.2882810008491998e-03
9.2882810008491998e-03
9.2882810008491998e-03
9.2882810008491998e-03
9.2882810008491998e-03
9.2882810008491998e-03
9.2882810008491998e-03
9.2882810008491998e-03
9.2882810008491998e-03
9.2882810008491998e-03
9.2882810008491998e-03
9.2882810008491998e-03
9.2882810008491998e-03
9.3048324481432021e-03
1.0131173023343827e-02
1.0983634878318212e-02
1.1836940829937092e-02
1.2690273290017510e-02
1.2717800142804679e-02
1.2717800142804679e-02
1.2717800142804679e-02
1.2717800142804679e-02
1.2717800142804679e-02
1.2717800142804679e-02
1.2717800142804679e-02
1.2717800142804679e-02
1.2717800142804679e-02
1.2717800142804679e-02
1.2717800142804679e-02
1.2717800142804679e-02
1.2717800142804679e-02
1.2717800142804679e-02
1.2717800142804679e-02
1.2717800142804679e-02
1.2717800142804679e-02
1.2717800142804679e-02
1.2717800142804679e-02
1.2717800142804679e-02
1.2717800142804679e-02
1.2717800142804679e-02
1.3058486335065763e-02
1.3895205221127995e-02
1.4748002610579059e-02
1.4775512204268789e-02
1.4775512204268789e-02
1.4775512204268789e-02
1.4775512204268789e-02
1.4775512204268789e-02
1.4775512204268789e-02
1.4775512204268789e-02
1.4775512204268789e-02
1.4775512204268789e-02
1.4775512204268789e-02
1.4775512204268789e-02
1.4775512204268789e-02
1.4775512204268789e-02
1.4775512204268789e-02
1.4775512204268789e-02
1.4775512204268789e-02
1.4775512204268789e-02
1.4775512204268789e-02
1.4775512204268789e-02
1.4775512204268789e-02
1.4775512204268789e-02
1.4775512204268789e-02
1.4775512204268789e-02
1.5145303233765825e-02
1.5982982082858595e-02
1.6010151360719597e-02
1.6010151360719597e-02
1.6010151360719597e-02
1.6010151360719597e-02
1.6010151360719597e-02
1.6010151360719597e-02
1.6010151360719597e-02
1.6010151360719597e-02
1.6010151360719597e-02
1.6010151360719597e-02
1.6010151360719597e-02
1.6010151360719597e-02
1.6010151360719597e-02
1.6010151360719597e-02
1.6010151360719597e-02
1.6010151360719597e-02
1.6010151360719597e-02
1.6010151360719597e-02
1.6010151360719597e-02
1.6010151360719597e-02
1.6010151360719597e-02
1.6010151360719597e-02
1.6010151360719597e-02
1.6010151360719597e-02
1.6727926013650644e-02
1.6751080037324697e-02
1.6751080037324697e-02
1.6751080037324697e-02
1.6751080037324697e-02
1.6751080037324697e-02
1.6751080037324697e-02
1.6751080037324697e-02
1.6751080037324697e-02
1.6751080037324697e-02
1.6751080037324697e-02
1.6751080037324697e-02
1.6751080037324697e-02
1.6751080037324697e-02
