0.0000000000000000e+00
-1.1985800053489577e-03
-8.7038001502813452e-11
-1.1994380343768574e-03
-4.7964744919198731e-03
-1.0790690704224629e-02
9.9484595880262993e-10
8.3924349976904032e-03
-3.1267322799104552e-03
5.8361718939244580e-09
-6.2080082006541953e-05
1.1321306210052998e-07
1.8791996332173769e-07
-4.4994500749319875e-08
4.3616828143450473e-08
-2.3977359634543473e-03
-7.1938026604858995e-03
-1.4388576690643702e-02
1.5823077932330958e-09
1.1993227176261292e-02
9.9697862515157876e-10
-4.3992350085389963e-10
-2.3978698640882696e-03
-9.5232970152285467e-10
4.1893170886233349e-07
-1.1580497902473986e-09
-9.0379674394974397e-10
-2.3978691125454963e-03
-6.6907828172407055e-10
4.1894272967131990e-07
-2.3970294904164320e-03
2.6204029549139474e-09
-9.2909517210894455e-03
-9.1820698852847806e-06
1.6494748569551732e-07
1.8852627375506395e-07
1.8828408684905504e-07
1.8816844846029846e-07
-5.0938987641466643e-08
4.3038698800711404e-08
-2.3973121255686600e-03
-7.1916972112487472e-03
-1.4382693318991746e-02
1.3528828313672576e-09
1.1982732033111888e-02
7.1417232104347079e-10
-4.7990759808216656e-10
-2.3974506129468311e-03
-1.1856456354084285e-09
-4.1970846300503278e-07
-1.3921372508086144e-09
-1.5339972978816184e-09
-2.3974502999086810e-03
-1.1925888875179035e-09
-4.2002700451349718e-07
-2.3982879128920552e-03
-7.1931854971488988e-03
-1.4384694162327596e-02
-3.5881409578517943e-05
1.1871345557526445e-08
-8.9177778216235421e-05
8.1732374975618862e-08
1.8673162888786188e-07
-4.5919149645011282e-08
4.2913865752452212e-08
-2.3977366183543891e-03
-7.1938033795520091e-03
-1.4388576917773985e-02
1.2446475871311061e-09
1.1993226677753663e-02
8.3812240271221029e-10
-4.0140918781168141e-10
-2.3978697866575490e-03
-1.1986187032762967e-09
4.1857593408005049e-07
-1.3688441982680330e-09
-1.4367013064280892e-09
-2.3978696912057671e-03
-1.4107591916681839e-09
4.1828743733151391e-07
-2.3970302543945819e-03
-7.1927657513222686e-03
-1.4387208321043930e-02
1.1686998508887432e-09
1.1991857542960931e-02
-1.5138948885540003e-02
8.0920520413036122e-10
-3.3249922155085602e-05
-5.0758940402176232e-08
4.3101968546583294e-08
-2.3973121896391733e-03
-7.1916971776451490e-03
-1.4382693614810264e-02
1.1526370951811900e-09
1.1982731880195651e-02
6.0396448684029165e-10
-6.6204072329474540e-10
-2.3974509252153039e-03
-1.4317765557501627e-09
-4.2015632385370569e-07
-1.7357378757825931e-09
-1.7765227195666195e-09
-2.3974509361622421e-03
-1.7656564367109720e-09
-4.2006018524166623e-07
-2.3982877003276355e-03
-7.1931852254596990e-03
-1.4384693589687662e-02
1.1528849750848863e-09
1.1984731576573959e-02
6.0416997283027970e-10
-1.7835152071024034e-02
-2.8546456159140650e-02
-4.4166361926106959e-08
4.3054429753193983e-08
-2.3977379068194195e-03
-7.1938065348558823e-03
-1.4388582033174441e-02
1.3837130361703685e-09
1.1993231865608262e-02
1.0230603325599364e-09
5.9487763104889217e-11
-2.3978694045707475e-03
-7.3148472050673495e-10
4.1911038964055959e-07
-9.0803914706709779e-10
-9.1496709983424676e-10
-2.3978693667278434e-03
-7.2470471128256761e-10
4.1900899877112149e-07
-2.3970294371854087e-03
-7.1927651340570539e-03
-1.4387207611165430e-02
1.8627716018032093e-09
1.1991857904317652e-02
1.3227255570466911e-09
-1.4391821617822639e-02
7.6642172925922930e-09
-3.6351005793004174e-08
4.3410874665824009e-08
-2.3973257545066976e-03
-7.1917247898191355e-03
-1.4382735108331353e-02
1.6460316694795803e-09
1.1982774634610815e-02
1.3465373501557992e-09
2.1552023851978088e-10
-2.3974500063452730e-03
-5.8091199447048189e-10
-4.1924286684900389e-07
-8.3166221027122789e-10
