0.0000000000000000e+00
2.5596963382328298e+01
5.1199999999481363e+01
7.6800798466774083e+01
1.0239935941502472e+02
1.2799568347477759e+02
1.5359999999866704e+02
1.7920207719067474e+02
2.0479951065996949e+02
2.3039999996642925e+02
2.5599998264422584e+02
2.8159999956067111e+02
3.0719999981787447e+02
3.0719999979265503e+02
2.8159999987858862e+02
2.5599776183431106e+02
2.3039328502906250e+02
2.0478656883166323e+02
1.7919999999521798e+02
1.5361119681359068e+02
1.2799999999607743e+02
1.0239999999811663e+02
7.6797761870148946e+01
5.1199999999290114e+01
2.5600000629431726e+01
8.9370654107722439e-11
2.5600000000194989e+01
5.1202238130312551e+01
7.6800000000611107e+01
1.0239999937017313e+02
1.2800223686941894e+02
1.5360000001786523e+02
1.7920141666403777e+02
2.0479999839424778e+02
2.3040000005584233e+02
2.5600000017116065e+02
2.8160000017478330e+02
3.0720000017490315e+02
3.0720000021187820e+02
2.8160000012032089e+02
2.5600223752812673e+02
2.3040671180464602e+02
2.0481342231951896e+02
1.7920000000456221e+02
1.5358881897318261e+02
1.2800000000379652e+02
1.0240000000165065e+02
7.6802237498785786e+01
5.1200000000402696e+01
2.5600000631856737e+01
-6.0020786476415932e-12
2.5600000000059140e+01
5.1197762500674642e+01
7.6799999999599919e+01
1.0239999936873480e+02
1.2799776123859372e+02
1.5359328623984121e+02
1.7918657500280025e+02
2.0479999354732863e+02
2.3039999993125394e+02
2.5599997686025918e+02
2.8159999950547035e+02
3.0719999981634385e+02
3.0719999979266595e+02
2.8159999987851211e+02
2.5599776183437416e+02
2.3039328502918869e+02
2.0478656883171925e+02
1.7919999999537040e+02
1.5361119681400356e+02
1.2799999999632367e+02
1.0239999999854624e+02
7.6797761870701081e+01
5.1199999999776011e+01
2.5600000629868909e+01
5.3446815065532903e-11
2.5599999999790743e+01
5.1202238129921128e+01
7.6800000000236338e+01
1.0239999936975057e+02
1.2800223686915649e+02
1.5360671312951104e+02
1.7921342878185027e+02
2.0480000000452625e+02
2.3038880557293459e+02
2.5600240073387090e+02
2.8160000000953943e+02
3.0720000019646000e+02
3.0720000021139032e+02
2.8160000012018776e+02
2.5600223752839162e+02
2.3040671180516887e+02
2.0481342232054695e+02
1.7920000000467917e+02
1.5358881897227732e+02
1.2800000000382846e+02
1.0240000000181635e+02
7.6802237499067246e+01
5.1200000000569787e+01
2.5600000632011838e+01
2.3497347279407545e-10
2.5599999999636214e+01
5.1197762500460499e+01
7.6799999999308525e+01
1.0239999936834144e+02
1.2799776123814468e+02
1.5359328623933320e+02
1.7918657500217660e+02
2.0479999999521470e+02
2.3041118370403271e+02
2.5599999999621951e+02
2.8159717774793307e+02
3.0719543104031214e+02
3.0719999980490996e+02
2.8159999987865308e+02
2.5599776182224065e+02
2.3039328500475375e+02
2.0478656879502751e+02
1.7919999999531555e+02
1.5361119685046879e+02
1.2799999999629900e+02
1.0239999999837354e+02
7.6797761870436759e+01
5.1199999999643261e+01
2.5600000629671435e+01
2.8897580002977785e-10
2.5599999999996708e+01
5.1202238130015381e+01
7.6800000000466184e+01
1.0239999936993804e+02
1.2800223686936647e+02
1.5360671312967162e+02
1.7921342878205388e+02
2.0480000000478316e+02
2.3038880557306385e+02
2.5600000000383949e+02
2.8161343572132949e+02
3.0720000004244895e+02
3.0720000012341359e+02
2.8160000012032259e+02
2.5600223761651068e+02
2.3040671198141240e+02
2.0481342258476883e+02
1.7920000000460132e+02
1.5358881870807249e+02
1.2800000000372836e+02
1.0240000000156910e+02
7.6802237498661199e+01
5.1200000000334853e+01
2.5600000631867736e+01
-3.2288667699698191e-11
