0.0000000000000000e+00
2.5595764802340767e+01
5.1199999999438461e+01
7.6799599028801225e+01
1.0239456294061178e+02
1.2798489278420109e+02
1.5359999999979109e+02
1.7921046962578095e+02
2.0479638392778185e+02
2.3039999997231178e+02
2.5599992056417582e+02
2.8159999967392531e+02
3.0720000000581155e+02
3.0719999974765977e+02
2.8159999992224635e+02
2.5599536409839226e+02
2.3038609122643908e+02
2.0477218025500167e+02
1.7919999999686837e+02
1.5362319004084844e+02
1.2799999999722803e+02
1.0239999999778564e+02
7.6795364000366334e+01
5.1199999998410291e+01
2.5600001048439132e+01
-1.2924651288978435e-09
-2.5600000001073937e+01
-5.1204635999351012e+01
-7.6800000001260500e+01
-1.0239999895124039e+02
-1.2800463389892630e+02
-1.5360000001515684e+02
-1.7921070761567159e+02
-2.0480000757621633e+02
-2.3039999989082972e+02
-2.5599999998254791e+02
-2.8159999998642144e+02
-3.0719999998663013e+02
-3.0720000026277239e+02
-2.8160000007724148e+02
-2.5600463484025136e+02
-2.3041390350189079e+02
-2.0482780501290199e+02
-1.7920000000329892e+02
-1.5357683624119340e+02
-1.2800000000316675e+02
-1.0240000000226263e+02
-7.6804634949585193e+01
-5.1200000001739632e+01
-2.5600001051676450e+01
-1.4711475365258390e-09
2.5599999998397770e+01
5.1195365050167766e+01
7.6799999998260006e+01
1.0239999894860395e+02
1.2799536295055297e+02
1.5358609305425267e+02
1.7917219030856992e+02
2.0479995766570002e+02
2.3039999994299288e+02
2.5599988768238717e+02
2.8159999958718987e+02
3.0720000000304788e+02
3.0719999974670753e+02
2.8159999992141030e+02
2.5599536409779819e+02
2.3038609122587019e+02
2.0477218025488031e+02
1.7919999999659899e+02
1.5362319004064906e+02
1.2799999999724808e+02
1.0239999999819844e+02
7.6795364000945156e+01
5.1199999998609528e+01
2.5600001048488629e+01
-1.1094302833102783e-09
-2.5600000001164553e+01
-5.1204635999552231e+01
-7.6800000001653913e+01
-1.0239999895134258e+02
-1.2800463389933441e+02
-1.5361390589528034e+02
-1.7922781599024827e+02
-2.0480000000338310e+02
-2.3037681371530775e+02
-2.5601753968272328e+02
-2.8160000000867558e+02
-3.0720003344633830e+02
-3.0720000026204377e+02
-2.8160000007702934e+02
-2.5600463484055939e+02
-2.3041390350231865e+02
-2.0482780501417608e+02
-1.7920000000347429e+02
-1.5357683624026606e+02
-1.2800000000314375e+02
-1.0240000000236503e+02
-7.6804634949885681e+01
-5.1200000001896704e+01
-2.5600001052074916e+01
-1.9075971765705660e-09
2.5599999997987595e+01
5.1195365049698260e+01
7.6799999997688559e+01
1.0239999894839781e+02
1.2799536295053434e+02
1.5358609305420322e+02
1.7917219030868830e+02
2.0479999999643749e+02
2.3042316843564697e+02
2.5599999999688671e+02
2.8157934259594640e+02
3.0716688458423897e+02
3.0719999976081431e+02
2.8159999992178496e+02
2.5599536408439204e+02
2.3038609119828337e+02
2.0477218021308525e+02
1.7919999999681301e+02
1.5362319008244683e+02
1.2799999999740379e+02
1.0239999999853799e+02
7.6795364001115900e+01
5.1199999998976502e+01
2.5600001048778402e+01
-8.8930061813616624e-10
-2.5600000000809942e+01
-5.1204635999208918e+01
-7.6800000001087170e+01
-1.0239999895094054e+02
-1.2800463389886266e+02
-1.5361390589492697e+02
-1.7922781598992685e+02
-2.0480000000292060e+02
-2.3037681371497339e+02
-2.5600000000255011e+02
-2.8162782754322660e+02
-3.0720000003483364e+02
-3.0720000015980850e+02
-2.8160000007690445e+02
-2.5600463494223334e+02
-2.3041390370607780e+02
-2.0482780531965034e+02
-1.7920000000286450e+02
-1.5357683593351112e+02
-1.2800000000233996e+02
-1.0240000000130614e+02
-7.6804634948661118e+01
-5.1200000000885915e+01
-2.5600001051108194e+01
-8.1496751645942838e-10
