0.0000000000000000e+00
-1.1985799697103762e-03
1.2975097863532604e-12
-1.1994379113225001e-03
-4.7964743339116607e-03
-1.0790690448866271e-02
1.2530582794832373e-09
8.3924352148247016e-03
-3.1267320952030786e-03
5.9289400856357841e-09
-6.2080017702251749e-05
1.1329540945346564e-07
1.8795416934314786e-07
-4.4995534225266856e-08
4.3698587052039551e-08
-2.3977358738491118e-03
-7.1938025862522143e-03
-1.4388576632368750e-02
1.7185426028508765e-09
1.1993227339007640e-02
1.3042862272706107e-09
-2.2210408743264116e-10
-2.3978697012068096e-03
-8.0732982625893838e-10
4.1908307756506029e-07
-1.1203788738953465e-09
-8.5408373032648589e-10
-2.3978689644344035e-03
-6.2977181805835732e-10
4.1892279023816778e-07
-2.3970295243164446e-03
2.7963283458873840e-09
-9.2909515468382557e-03
-9.1818670012162790e-06
1.6507752584823300e-07
1.8869867376511014e-07
1.8843984694074778e-07
1.8837735194087054e-07
-5.0849391682557462e-08
4.3119646124219266e-08
-2.3973121232526871e-03
-7.1916972776961685e-03
-1.4382693447256321e-02
1.1736451692972858e-09
1.1982731945423764e-02
5.4527666163670538e-10
-7.4397101615305497e-10
-2.3974509859929611e-03
-1.4882366049676207e-09
-4.1993100068172563e-07
-1.6371064112281792e-09
-1.7887385733019042e-09
-2.3974507139134528e-03
-1.4873339466850008e-09
-4.2023476708621555e-07
-2.3982881686397789e-03
-7.1931856799286892e-03
-1.4384694298366313e-02
-3.5881847484968586e-05
1.1606320721816228e-08
-8.9177965520170343e-05
8.1706876908325845e-08
1.8667606822830890e-07
-4.5997536713914219e-08
4.2882428055405269e-08
-2.3977365334128483e-03
-7.1938032577949472e-03
-1.4388576760336589e-02
1.2125968395753227e-09
1.1993226613160983e-02
1.0106019854129462e-09
-2.9400682688329568e-10
-2.3978697252554412e-03
-1.1343110451496078e-09
4.1866350926107291e-07
-1.1565308352494967e-09
-1.3109568188070516e-09
-2.3978695710340434e-03
-1.4244272109569849e-09
4.1852850934300982e-07
-2.3970301014558529e-03
-7.1927657873444156e-03
-1.4387208475127505e-02
1.1177787885683886e-09
1.1991857710812917e-02
-1.5138948819046790e-02
9.1877615247820439e-10
-3.3249834504403872e-05
-5.0547826886417373e-08
4.3215180332818427e-08
-2.3973121460361107e-03
-7.1916971219530505e-03
-1.4382693643421292e-02
1.2572224713949904e-09
1.1982732142658097e-02
7.6535962146907804e-10
-4.3538307554542020e-10
-2.3974507115017696e-03
-1.2220881685360915e-09
-4.1996980455290737e-07
-1.5018193856471619e-09
-1.5206707910372939e-09
-2.3974505883377663e-03
-1.4742916381189821e-09
-4.1982712109596741e-07
-2.3982875203844463e-03
-7.1931850343891247e-03
-1.4384693387197249e-02
1.2926609268801822e-09
1.1984731652064175e-02
7.3038680093158509e-10
-1.7835151902887446e-02
-2.8546455987345135e-02
-4.4024457836246559e-08
4.3209475168760928e-08
-2.3977377904555695e-03
-7.1938064060712674e-03
-1.4388581851577728e-02
1.6113367375590821e-09
1.1993232090316438e-02
1.1865105647925350e-09
2.6940658715680602e-10
-2.3978692371753340e-03
-6.0202175744302181e-10
4.1910351994376368e-07
-8.4450417260862014e-10
-7.1149184013456152e-10
-2.3978690203471493e-03
-5.1724834713169833e-10
4.1898609100697222e-07
-2.3970295552412199e-03
-7.1927653766592024e-03
-1.4387208134606991e-02
1.8622582574976269e-09
1.1991858276134320e-02
1.2560412232871913e-09
-1.4391822176532202e-02
7.5663884733854203e-09
-3.6438523265626352e-08
4.3425692855904230e-08
-2.3973256907562734e-03
-7.1917245410794634e-03
-1.4382734654933990e-02
1.8277095016431129e-09
1.1982774488088588e-02
1.4304036952706288e-09
3.1052909619669508e-10
-2.3974499935009259e-03
-5.2120233818793565e-10
-4.1923806195564480e-07
-7.4595735147913176e-10
