2.0000000000000020e+02
2.0000000000000020e+02
2.0000000000000020e+02
2.0000000000000020e+02
2.0000000000000020e+02
2.0000000000000020e+02
2.0000000000000020e+02
2.0000000000000020e+02
2.0108376047160615e+02
2.0674465321214990e+02
2.1188208166952595e+02
2.1700264825645161e+02
2.2212266604583573e+02
2.2146202144440485e+02
2.2143449458706266e+02
2.2143449458706266e+02
2.2143449458706266e+02
2.2143449458706266e+02
2.2143449458706266e+02
2.2143449458706266e+02
2.2143449458706266e+02
2.2143449458706266e+02
2.2143449458706266e+02
2.2143449458706266e+02
2.2143449458706266e+02
2.2143449458706266e+02
2.2143449458706266e+02
2.2143449458706266e+02
2.2143449458706266e+02
2.2143449458706266e+02
2.2143449458706266e+02
2.2547721673071976e+02
2.3081106043677818e+02
2.3593759266811222e+02
2.4105784951108907e+02
2.4617785776878634e+02
2.5129785803226179e+02
2.5641785804067121e+02
2.5575721288799741e+02
2.5572968600509546e+02
2.5572968600509546e+02
2.5572968600509546e+02
2.5572968600509546e+02
2.5572968600509546e+02
2.5572968600509546e+02
2.5572968600509546e+02
2.5572968600509546e+02
2.5572968600509546e+02
2.5572968600509546e+02
2.5572968600509546e+02
2.5572968600509546e+02
2.5572968600509546e+02
2.5572968600509546e+02
2.5572968600509546e+02
2.5572968600509546e+02
2.5572968600509546e+02
2.5572968600509546e+02
2.5572968600509546e+02
2.5584554613615342e+02
2.6161337871526371e+02
2.6675427112488376e+02
2.7187495093124147e+02
2.7699497220018571e+02
2.7633432770961548e+02
2.7630680085682826e+02
2.7630680085682826e+02
2.7630680085682826e+02
2.7630680085682826e+02
2.7630680085682826e+02
2.7630680085682826e+02
2.7630680085682826e+02
2.7630680085682826e+02
2.7630680085682826e+02
2.7630680085682826e+02
2.7630680085682826e+02
2.7630680085682826e+02
2.7630680085682826e+02
2.7630680085682826e+02
2.7630680085682826e+02
2.7630680085682826e+02
2.7630680085682826e+02
2.7630680085682826e+02
2.7630680085682826e+02
2.7630680085682826e+02
2.7630680085682826e+02
2.7869160420265558e+02
2.8420795021283044e+02
2.8934081305292585e+02
2.8868058281930246e+02
2.8865307322561290e+02
2.8865307322561290e+02
2.8865307322561290e+02
2.8865307322561290e+02
2.8865307322561290e+02
2.8865307322561290e+02
2.8865307322561290e+02
2.8865307322561290e+02
2.8865307322561290e+02
2.8865307322561290e+02
2.8865307322561290e+02
2.8865307322561290e+02
2.8865307322561290e+02
2.8865307322561290e+02
2.8865307322561290e+02
2.8865307322561290e+02
2.8865307322561290e+02
2.8865307322561290e+02
2.8865307322561290e+02
2.8865307322561290e+02
2.8865307322561290e+02
2.8865307322561290e+02
2.9124161043209199e+02
2.9673557134624468e+02
2.9608807744217864e+02
2.9606090816431777e+02
2.9606090816431777e+02
2.9606090816431777e+02
2.9606090816431777e+02
2.9606090816431777e+02
2.9606090816431777e+02
2.9606090816431777e+02
2.9606090816431777e+02
2.9606090816431777e+02
2.9606090816431777e+02
2.9606090816431777e+02
2.9606090816431777e+02
2.9606090816431777e+02
2.9606090816431777e+02
2.9606090816431777e+02
2.9606090816431777e+02
2.9606090816431777e+02
2.9606090816431777e+02
2.9606090816431777e+02
2.9606090816431777e+02
2.9606090816431777e+02
2.9606090816431777e+02
2.9606090816431777e+02
3.0108533073483511e+02
3.0052963424762243e+02
3.0050648022394836e+02
3.0050648022394836e+02
3.0050648022394836e+02
3.0050648022394836e+02
3.0050648022394836e+02
3.0050648022394836e+02
3.0050648022394836e+02
3.0050648022394836e+02
3.0050648022394836e+02
3.0050648022394836e+02
3.0050648022394836e+02
3.0050648022394836e+02
