0.0000000000000000e+00
-1.7197777709440238e-16
4.4408920984994488e-16
5.6454135705509433e-16
2.8289534228083048e-17
2.9641544564174867e-16
7.2164496600637552e-16
1.3025192932641373e-15
1.2930894485211637e-15
1.5612153599347417e-15
1.4447487340714351e-15
1.5666596833352171e-15
9.1394123464492719e-16
9.9920072216284323e-16
8.0690445352448443e-16
8.1779310032572013e-16
3.7914821387621265e-16
1.1320003182277559e-15
1.0616149988531984e-15
1.8293412713481440e-15
2.1732968255369064e-15
1.7589559519734630e-15
1.6072966664229673e-15
1.4556373808725900e-15
1.1780816247163125e-15
9.8578535607798556e-16
5.5112599097071482e-16
1.0873778133767113e-15
1.3039780953205930e-15
1.4407632127287395e-15
1.8347855947483853e-15
1.8496597628917178e-15
1.6980004773411898e-15
1.8347855947483257e-15
2.0325261867872869e-15
1.4110148764417010e-15
6.7303694023342971e-16
6.7303694023350504e-16
-4.5351905459355174e-16
-3.7224508841786370e-16
-4.8326739088042886e-16
-4.0199342470469877e-16
-2.0425283266571934e-16
5.3372510354248579e-16
6.7051022094981307e-16
8.1672518310015437e-16
1.1200437541981813e-15
8.0185101494969456e-16
6.3873078746479539e-17
1.9521387275946302e-16
-2.9495664358111684e-16
-3.3014930326825209e-16
-2.6374950523547689e-16
-1.3240871122951839e-16
-8.7038664743824663e-16
-3.8021613109866344e-16
-4.9123843356027181e-16
-6.0770505942407106e-16
-5.4276406344997808e-16
-9.7742342855744200e-16
-1.4675939448955066e-15
-1.3565716424324940e-15
-2.0078312890638835e-15
-1.2901718443981272e-15
-1.7248312095042509e-15
-1.8928234652519121e-15
-2.1163268741510725e-15
-1.9998602464155277e-15
-1.8833936205190478e-15
-1.8982677886678226e-15
-2.2422233428540488e-15
-2.5455419139550094e-15
-1.9389047717532066e-15
-1.7466085031150325e-15
-1.7059715200271628e-15
-1.9889715995845442e-15
-2.0092900911287163e-15
-2.0499270742171276e-15
-1.9686531080412110e-15
-2.0593569189594216e-15
-1.6395717219963881e-15
-1.6192532304531221e-15
-1.5528534324213050e-15
-1.7803423607470971e-15
-1.1385125588200816e-15
-9.5166061360624909e-16
-1.5989347389136516e-15
-2.1758235448352035e-15
-1.7614826712061730e-15
-1.1196528693635676e-15
-1.1954825121418830e-15
-7.6082314703457466e-16
-1.1899334514569793e-16
-4.1288207150403775e-16
-2.4634861780971567e-16
-1.2988199194551972e-16
-8.3800685457652700e-17
2.9176041188799257e-18
-6.1859370622559519e-16
-1.1845938653394937e-15
-1.0681272394769063e-15
-1.0274902563874052e-15
-1.3456829956312789e-15
-1.2292163697625165e-15
-5.8738656787314224e-16
-4.1540879077221121e-16
-3.7078628636639873e-16
-3.1527513512414655e-16
-5.2788989531702762e-16
-4.7237874407794627e-16
-3.1527513512782121e-16
-4.9668275696498173e-16
-5.4820838685435608e-16
-8.6640112609888672e-16
-8.5152695795529295e-16
-7.9601580672327348e-16
-1.3823344573801755e-15
-1.3823344573796187e-15
-9.4368957092907821e-16
-2.8154127749564460e-16
-5.8485984860196476e-16
-3.7768941182122053e-16
-1.2266896505027922e-15
-1.1563043311309075e-15
-7.0132647442831935e-16
-6.9588215106056806e-16
-7.0677079786292236e-16
8.6718289574401019e-17
6.3239995714937104e-16
1.1632074565755541e-15
1.1428889650296102e-15
4.8074067159623921e-16
5.7688880591500559e-16
5.9720729745959552e-16
1.1225704734866089e-15
1.1984001162610366e-15
1.1022519819416067e-15
1.2539112674931062e-15
6.6759261683544019e-16
1.2539112674931344e-15
1.3743634147028940e-15
1.2023856376125888e-15
1.1211116714978588e-15
1.2727709569529409e-15
1.3282821082088363e-15
1.2578967888443120e-15
1.5314670236648367e-15
1.5869781748987587e-15
1.4353188893241373e-15
1.4759558724135314e-15
1.3649335699516752e-15
1.9661263887520707e-15
2.3155262663406019e-15
2.3561632494264589e-15
2.2505852703626116e-15
2.2952077747966365e-15
2.9573560682328485e-15
3.6546970213465822e-15
3.8157861516369530e-15
3.6234898829944332e-15
3.5476602402120400e-15
3.4609419506459894e-15
3.5570900850473959e-15
3.0262825855773332e-15
3.6438083745668426e-15
3.3201713119127801e-15
3.2145933328436134e-15
2.6783415100063182e-15
2.1936153170871607e-15
2.1232299976921050e-15
2.4319928922117938e-15
3.0183115428697534e-15
3.1199040005898385e-15
3.6507115000167099e-15
4.3128597934499069e-15
4.2424744740761875e-15
3.7319854661937960e-15
3.7171112980534572e-15
3.8890890751511162e-15
4.3792595914959597e-15
4.3792595915043484e-15
4.9452597508299017e-15
5.0210893933417408e-15
5.0508377296348586e-15
4.4848375705207943e-15
3.9540300710902918e-15
4.1111336800385204e-15
4.0001113775721946e-15
4.3426081297265131e-15
4.4645190789903594e-15
4.9398154271875633e-15
5.1360972171675851e-15
5.2416751962292943e-15
5.3526974986915307e-15
4.7866973395772494e-15
4.1800601973742847e-15
4.0730234162523998e-15
4.1746158739694107e-15
3.9877639287268511e-15
3.9268084540912037e-15
3.7345121854399245e-15
