0.0000000000000000e+00
-4.6829268293035075e-05
-9.3660729668072919e-05
-1.4048780487506182e-04
-1.8731707295858730e-04
-2.3414853412661251e-04
-2.8098218858279103e-04
-7.2780487683301383e-04
-1.3079582756882293e-03
-1.8881300709803488e-03
-2.4682926751234575e-03
-2.4214634074894528e-03
-2.3746363327327418e-03
-2.3278114506491495e-03
-2.2809756033577446e-03
-2.2341419495599851e-03
-2.1873170667800869e-03
-2.1404877984872663e-03
-2.0936607230722768e-03
-2.0468292619022967e-03
-1.9999999936123718e-03
-1.9531707253197172e-03
-1.9063436499044092e-03
-1.8595121887318474e-03
-1.8126829206428696e-03
-1.7658558454312469e-03
-1.7190309628922476e-03
-1.6721951155542565e-03
-1.6253614617092560e-03
-1.5785300011532907e-03
-1.5317007336794436e-03
-1.5785365782498670e-03
-1.6253746165194448e-03
-1.6721951155425749e-03
-1.7190178068267224e-03
-1.7658536521442455e-03
-1.8126829204398859e-03
-1.8595143818182871e-03
-1.9063414570276438e-03
-1.9531707251145883e-03
-1.9999999936153941e-03
-2.0468292619079953e-03
-2.0936607232837070e-03
-2.1404877984908251e-03
-2.1873170665754216e-03
-2.2341485277434731e-03
-2.2809821822001182e-03
-2.3278048716532467e-03
-2.3746297535735396e-03
-2.4214568281663469e-03
-2.4682860956367191e-03
-2.4214830640101040e-03
-2.3746822228052308e-03
-2.3278245281524723e-03
-2.2809690290406209e-03
-2.2341659915796337e-03
-2.1873367232866799e-03
-2.1405096478719918e-03
-2.0936781867019298e-03
-2.0468489186152147e-03
-2.0000196501193928e-03
-1.9531903818270839e-03
-1.9063633064127785e-03
-1.8595318452394247e-03
-1.8127025771486587e-03
-1.7658755019357964e-03
-1.7190506193957352e-03
-1.6722147720615234e-03
-1.6253811182204358e-03
-1.5785496576687949e-03
-1.5317203901999393e-03
-1.5785562347578655e-03
-1.6253942730142324e-03
-1.6722147720495504e-03
-1.7190374633470680e-03
-1.7658733086512294e-03
-1.8127025769462983e-03
-1.8595340383247745e-03
-1.9063611135342496e-03
-1.9531903816215473e-03
-2.0000196501220604e-03
-2.0468489184147939e-03
-2.0936803797901708e-03
-2.1405074549982485e-03
-2.1873367230836722e-03
-2.2341681842528967e-03
-2.2810018387101334e-03
-2.3278245281617947e-03
-2.3746494100799786e-03
-2.4214764846704987e-03
-2.4683057521384102e-03
-2.4215005080969656e-03
-2.3746974546836894e-03
-2.3278419722389783e-03
-2.2809886851283163e-03
-2.2341834356675886e-03
-2.1873541673750009e-03
-2.1405270919606059e-03
-2.0936956307905869e-03
-2.0468663627028301e-03
-2.0000370942071990e-03
-1.9532078259144568e-03
-1.9063807504993502e-03
-1.8595492893271305e-03
-1.8127200212378677e-03
-1.7658929460262021e-03
-1.7190680634868191e-03
-1.6722322161480503e-03
-1.6253985623027123e-03
-1.5785671017457443e-03
-1.5317378342714341e-03
-1.5785736788427500e-03
-1.6254117171130430e-03
-1.6722322161346484e-03
-1.7190549074170510e-03
-1.7658907527370858e-03
-1.8127200210320269e-03
-1.8595514824107347e-03
-1.9063785576195291e-03
-1.9532078257063121e-03
-2.0000370942081570e-03
-2.0468663625003189e-03
-2.0936978238760636e-03
-2.1405248990838655e-03
-2.1873541671682218e-03
-2.2341856283366900e-03
-2.2810192827933192e-03
-2.3278419722470240e-03
-2.3746668541671659e-03
-2.4214939287608424e-03
-2.4683231962314769e-03
-2.4215159887795911e-03
-2.3747109721392670e-03
-2.3278574529202144e-03
-2.2810061288506944e-03
-2.2341989163487687e-03
-2.1873696480566511e-03
-2.1405425726419383e-03
-2.0937111114717214e-03
-2.0468818433843905e-03
-2.0000525748882629e-03
-1.9532233065956369e-03
-1.9063962311802840e-03
-1.8595647700067599e-03
-1.8127355019172846e-03
-1.7659084267050175e-03
-1.7190835441644071e-03
-1.6722476968284385e-03
-1.6254140429852720e-03
-1.5785825824315048e-03
-1.5317533149599165e-03
-1.5785891595232568e-03
-1.6254271977862618e-03
-1.6722476968155148e-03
-1.7190703881063017e-03
-1.7659062334171671e-03
-1.8127355017126718e-03
-1.8595669630908868e-03
-1.9063940383003200e-03
-1.9532233063865221e-03
-2.0000525748874957e-03
-2.0468818431803306e-03
-2.0937133045554478e-03
-2.1405403797627775e-03
-2.1873696478482089e-03
-2.2342011090170037e-03
-2.2810347634741471e-03
-2.3278574529257317e-03
-2.3746823348450010e-03
-2.4215094094354843e-03
-2.4683386769046183e-03
-2.4215297270419015e-03
-2.3747229681547505e-03
-2.3278711911826283e-03
-2.2810216091964084e-03
-2.2342126546108032e-03
-2.1873833863185850e-03
-2.1405563109039350e-03
-2.0937248497334593e-03
-2.0468955816460637e-03
-2.0000663131504808e-03
-1.9532370448574277e-03
-1.9064099694419757e-03
-1.8595785082696473e-03
-1.8127492401808414e-03
-1.7659221649689654e-03
-1.7190972824292130e-03
-1.6722614350910146e-03
-1.6254277812466750e-03
-1.5785963206904042e-03
-1.5317670532168386e-03
-1.5786028977858744e-03
-1.6254409360538719e-03
-1.6722614350782627e-03
-1.7190841263648254e-03
-1.7659199716804636e-03
-1.8127492399752478e-03
-1.8595807013530525e-03
-1.9064077765623562e-03
-1.9532370446493251e-03
-2.0000663131498064e-03
