2.0000000000000020e+02
2.0000000000000020e+02
2.0000000000000020e+02
2.0000000000000020e+02
2.0000000000000020e+02
2.0000000000000020e+02
2.0000000000000020e+02
2.2399999993434784e+02
2.5599849484756538e+02
2.8799999948559315e+02
3.1999999961678844e+02
3.1999999961678844e+02
3.1999999961678844e+02
3.1999999961678844e+02
3.1999999961678844e+02
3.1999999961678844e+02
3.1999999961678844e+02
3.1999999961678844e+02
3.1999999961678844e+02
3.1999999961678844e+02
3.1999999961678844e+02
3.1999999961678844e+02
3.1999999961678844e+02
3.1999999961678844e+02
3.1999999961678844e+02
3.1999999961678844e+02
3.1999999961678844e+02
3.1999999961678844e+02
3.1999999961678844e+02
3.1999999961678844e+02
3.1999999961678844e+02
3.1999999961678844e+02
3.1999999961678844e+02
3.1999999961678844e+02
3.1999999961678844e+02
3.1999999961678844e+02
3.1999999961678844e+02
3.1999999961678844e+02
3.1999999961678844e+02
3.1999999961678844e+02
3.1999999961678844e+02
3.1999999961678844e+02
3.1999999961678844e+02
3.1999999961678844e+02
3.1999999961678844e+02
3.1999999961678844e+02
3.1999999961678844e+02
3.1999999961678844e+02
3.1999999961678844e+02
3.1999999961678844e+02
3.2000117900705584e+02
3.2000117900705584e+02
3.2000117900705584e+02
3.2000117900705584e+02
3.2000117900705584e+02
3.2000117900705584e+02
3.2000117900705584e+02
3.2000117900705584e+02
3.2000117900705584e+02
3.2000117900705584e+02
3.2000117900705584e+02
3.2000117900705584e+02
3.2000117900705584e+02
3.2000117900705584e+02
3.2000117900705584e+02
3.2000117900705584e+02
3.2000117900705584e+02
3.2000117900705584e+02
3.2000117900705584e+02
3.2000117900705584e+02
3.2000117900705584e+02
3.2000117900705584e+02
3.2000117900705584e+02
3.2000117900705584e+02
3.2000117900705584e+02
3.2000117900705584e+02
3.2000117900705584e+02
3.2000117900705584e+02
3.2000117900705584e+02
3.2000117900705584e+02
3.2000117900705584e+02
3.2000117900705584e+02
3.2000117900705584e+02
3.2000117900705584e+02
3.2000117900705584e+02
3.2000117900705584e+02
3.2000117900705584e+02
3.2000117900705584e+02
3.2000117900705584e+02
3.2000117900705584e+02
3.2000222565201136e+02
3.2000222565201136e+02
3.2000222565201136e+02
3.2000222565201136e+02
3.2000222565201136e+02
3.2000222565201136e+02
3.2000222565201136e+02
3.2000222565201136e+02
3.2000222565201136e+02
3.2000222565201136e+02
3.2000222565201136e+02
3.2000222565201136e+02
3.2000222565201136e+02
3.2000222565201136e+02
3.2000222565201136e+02
3.2000222565201136e+02
3.2000222565201136e+02
3.2000222565201136e+02
3.2000222565201136e+02
3.2000222565201136e+02
3.2000222565201136e+02
3.2000222565201136e+02
3.2000222565201136e+02
3.2000222565201136e+02
3.2000222565201136e+02
3.2000222565201136e+02
3.2000222565201136e+02
3.2000222565201136e+02
3.2000222565201136e+02
3.2000222565201136e+02
3.2000222565201136e+02
3.2000222565201136e+02
3.2000222565201136e+02
3.2000222565201136e+02
3.2000222565201136e+02
3.2000222565201136e+02
3.2000222565201136e+02
3.2000222565201136e+02
3.2000222565201136e+02
3.2000222565201136e+02
3.2000315449309790e+02
3.2000315449309790e+02
3.2000315449309790e+02
3.2000315449309790e+02
3.2000315449309790e+02
3.2000315449309790e+02
3.2000315449309790e+02
3.2000315449309790e+02
3.2000315449309790e+02
3.2000315449309790e+02
3.2000315449309790e+02
3.2000315449309790e+02
3.2000315449309790e+02
3.2000315449309790e+02
3.2000315449309790e+02
3.2000315449309790e+02
3.2000315449309790e+02
3.2000315449309790e+02
3.2000315449309790e+02
3.2000315449309790e+02
3.2000315449309790e+02
3.2000315449309790e+02
3.2000315449309790e+02
3.2000315449309790e+02
3.2000315449309790e+02
3.2000315449309790e+02
3.2000315449309790e+02
3.2000315449309790e+02
3.2000315449309790e+02
3.2000315449309790e+02
3.2000315449309790e+02
3.2000315449309790e+02
3.2000315449309790e+02
3.2000315449309790e+02
3.2000315449309790e+02
3.2000315449309790e+02
3.2000315449309790e+02
3.2000315449309790e+02
3.2000315449309790e+02
3.2000315449309790e+02
3.2000397878905665e+02
3.2000397878905665e+02
3.2000397878905665e+02
3.2000397878905665e+02
3.2000397878905665e+02
3.2000397878905665e+02
3.2000397878905665e+02
3.2000397878905665e+02
3.2000397878905665e+02
3.2000397878905665e+02
3.2000397878905665e+02
3.2000397878905665e+02
3.2000397878905665e+02
3.2000397878905665e+02
3.2000397878905665e+02
3.2000397878905665e+02
3.2000397878905665e+02
3.2000397878905665e+02
3.2000397878905665e+02
3.2000397878905665e+02
3.2000397878905665e+02
3.2000397878905665e+02
3.2000397878905665e+02
3.2000397878905665e+02
3.2000397878905665e+02
3.2000397878905665e+02
3.2000397878905665e+02
3.2000397878905665e+02
3.2000397878905665e+02
3.2000397878905665e+02
3.2000397878905665e+02
