0.0000000000000000e+00
0.0000000000000000e+00
0.0000000000000000e+00
0.0000000000000000e+00
0.0000000000000000e+00
0.0000000000000000e+00
0.0000000000000000e+00
0.0000000000000000e+00
0.0000000000000000e+00
-1.6666666718286550e+01
-3.3333333447828160e+01
-3.3333333447828160e+01
-3.3333333447828160e+01
-3.3333333447828160e+01
-3.3333333447828160e+01
-3.3333333447828160e+01
-3.3333333447828160e+01
-3.3333333447828160e+01
-3.3333333447828160e+01
-3.3333333447828160e+01
-3.3333333447828160e+01
-3.3333333447828160e+01
-3.3333333447828160e+01
-3.3333333447828160e+01
-3.3333333447828160e+01
-3.3333333447828160e+01
-3.3333333447828160e+01
-1.6666666718132703e+01
-9.5592466173871680e-08
1.6666666561003652e+01
3.3333333227673201e+01
3.3333333227673201e+01
3.3333333227673201e+01
3.3333333227673201e+01
3.3333333227673208e+01
3.3333333227673187e+01
3.3333333227673187e+01
3.3333333227673187e+01
3.3333333227673172e+01
3.3333333227673158e+01
3.3333333227673158e+01
3.3333333227673151e+01
3.3333333227673151e+01
3.3333333227673151e+01
3.3333333227673144e+01
3.3333333227673116e+01
3.3332852847629042e+01
1.6666666615234956e+01
-9.5919923770921161e-08
-1.6666666772706627e+01
-3.3333333439370072e+01
-3.3333333439370072e+01
-3.3333333439370072e+01
-3.3333333439370072e+01
-3.3333333439370072e+01
-3.3333333439370072e+01
-3.3333333439370072e+01
-3.3333333439370072e+01
-3.3333333439370072e+01
-3.3333333439370072e+01
-3.3333333439370072e+01
-3.3333333439370072e+01
-3.3333333439370072e+01
-3.3333333439370072e+01
-3.3333333439370072e+01
-3.3333333439370072e+01
-3.3333333439370072e+01
-1.6666666718100320e+01
-9.5562364045833048e-08
1.6666666561031668e+01
3.3333333227700130e+01
3.3333333227700130e+01
3.3333333227700130e+01
3.3333333227700130e+01
3.3333333227700109e+01
3.3333333227700109e+01
3.3333333227700109e+01
3.3333333227700109e+01
3.3333333227700130e+01
3.3333333227700138e+01
3.3333333227700138e+01
3.3333333227700138e+01
3.3333333227700138e+01
3.3333333227700138e+01
3.3333333227700152e+01
3.3333333227700145e+01
3.3332852847689566e+01
1.6666666615238519e+01
-9.5902999635185697e-08
-1.6666666772691478e+01
-3.3333333439366562e+01
-3.3333333439366562e+01
-3.3333333439366562e+01
-3.3333333439366562e+01
-3.3333333439366562e+01
-3.3333333439366562e+01
-3.3333333439366562e+01
-3.3333333439366562e+01
-3.3333333439366562e+01
-3.3333333439366562e+01
-3.3333333439366562e+01
-3.3333333439366562e+01
-3.3333333439366562e+01
-3.3333333439366562e+01
-3.3333333439366562e+01
-3.3333333439366562e+01
-3.3333333439366562e+01
-1.6666666718112388e+01
-9.5581602834089768e-08
1.6666666561021302e+01
3.3333333227694631e+01
3.3333333227694645e+01
3.3333333227694645e+01
3.3333333227694645e+01
3.3333333227694631e+01
3.3333333227694624e+01
3.3333333227694624e+01
3.3333333227694624e+01
3.3333333227694624e+01
3.3333333227694617e+01
3.3333333227694595e+01
3.3333333227694595e+01
3.3333333227694609e+01
3.3333333227694609e+01
3.3333333227694602e+01
3.3333333227694602e+01
3.3332852847643586e+01
1.6666666615221146e+01
-9.5929999988692626e-08
-1.6666666772718784e+01
-3.3333333439388120e+01
-3.3333333439388120e+01
-3.3333333439388120e+01
-3.3333333439388120e+01
-3.3333333439388120e+01
-3.3333333439388120e+01
-3.3333333439388120e+01
-3.3333333439388120e+01
-3.3333333439388120e+01
-3.3333333439388120e+01
-3.3333333439388120e+01
-3.3333333439388120e+01
-3.3333333439388120e+01
-3.3333333439388120e+01
-3.3333333439388120e+01
-3.3333333439388120e+01
-3.3333333439388120e+01
-1.6666666718105382e+01
-9.5558028127506447e-08
1.6666666561040405e+01
3.3333333227710000e+01
3.3333333227710000e+01
3.3333333227710000e+01
3.3333333227710000e+01
3.3333333227709979e+01
3.3333333227709986e+01
3.3333333227709986e+01
3.3333333227709986e+01
3.3333333227709986e+01
3.3333333227709957e+01
3.3333333227709964e+01
3.3333333227709964e+01
3.3333333227709979e+01
3.3333333227709979e+01
3.3333333227709979e+01
3.3333333227709993e+01
3.3332852847699570e+01
1.6666666615261910e+01
-9.5885365178031293e-08
-1.6666666772667195e+01
-3.3333333439335398e+01
-3.3333333439335398e+01
-3.3333333439335398e+01
-3.3333333439335398e+01
-3.3333333439335398e+01
-3.3333333439335398e+01
-3.3333333439335398e+01
-3.3333333439335398e+01
-3.3333333439335398e+01
-3.3333333439335398e+01
-3.3333333439335398e+01
-3.3333333439335398e+01
-3.3333333439335398e+01
-3.3333333439335398e+01
-3.3333333439335398e+01
-3.3333333439335398e+01
-3.3333333439335398e+01
-1.6666666718091072e+01
-9.5551578764435203e-08
1.6666666561045414e+01
3.3333333227706156e+01
3.3333333227706149e+01
3.3333333227706149e+01
3.3333333227706149e+01
3.3333333227706149e+01
3.3333333227706170e+01
3.3333333227706170e+01
3.3333333227706170e+01
3.3333333227706170e+01
3.3333333227706177e+01
3.3333333227706177e+01
