0.0000000000000000e+00
0.0000000000000000e+00
0.0000000000000000e+00
0.0000000000000000e+00
0.0000000000000000e+00
0.0000000000000000e+00
0.0000000000000000e+00
0.0000000000000000e+00
0.0000000000000000e+00
8.3333333591555103e+00
1.6666666723932099e+01
1.6666666723932110e+01
1.6666666723932124e+01
1.6666666723932156e+01
1.6666666723932174e+01
1.6666666723932167e+01
1.6666666723932160e+01
1.6666666723932156e+01
1.6666666723932149e+01
1.6666666723932149e+01
1.6666666723932128e+01
1.6666666723932146e+01
1.6666666723932146e+01
1.6666666723932124e+01
1.6666666723932135e+01
1.6666666723932146e+01
1.6666666723932138e+01
8.3333333590844418e+00
4.7813554011223521e-08
-8.3333332804858617e+00
-1.6666666613819164e+01
-1.6666666613819196e+01
-1.6666666613819178e+01
-1.6666666613819196e+01
-1.6666666613819167e+01
-1.6666666613819153e+01
-1.6666666613819171e+01
-1.6666666613819167e+01
-1.6666666613819167e+01
-1.6666666613819167e+01
-1.6666666613819153e+01
-1.6666666613819160e+01
-1.6666666613819181e+01
-1.6666666613819181e+01
-1.6666666613819203e+01
-1.6666666613819196e+01
-1.6666426423797184e+01
-8.3333333075901699e+00
4.7991597522365633e-08
8.3333333863824617e+00
1.6666666719713618e+01
1.6666666719713625e+01
1.6666666719713632e+01
1.6666666719713625e+01
1.6666666719713618e+01
1.6666666719713621e+01
1.6666666719713614e+01
1.6666666719713593e+01
1.6666666719713628e+01
1.6666666719713607e+01
1.6666666719713593e+01
1.6666666719713593e+01
1.6666666719713575e+01
1.6666666719713572e+01
1.6666666719713561e+01
1.6666666719713568e+01
1.6666666719713593e+01
8.3333333590813563e+00
4.7810955672001780e-08
-8.3333332804839610e+00
-1.6666666613813629e+01
-1.6666666613813621e+01
-1.6666666613813625e+01
-1.6666666613813597e+01
-1.6666666613813579e+01
-1.6666666613813565e+01
-1.6666666613813565e+01
-1.6666666613813568e+01
-1.6666666613813554e+01
-1.6666666613813529e+01
-1.6666666613813533e+01
-1.6666666613813518e+01
-1.6666666613813494e+01
-1.6666666613813497e+01
-1.6666666613813476e+01
-1.6666666613813476e+01
-1.6666426423808200e+01
-8.3333333075907792e+00
4.7974806227695720e-08
8.3333333863685368e+00
1.6666666719708481e+01
1.6666666719708488e+01
1.6666666719708516e+01
1.6666666719708527e+01
1.6666666719708534e+01
1.6666666719708513e+01
1.6666666719708495e+01
1.6666666719708509e+01
1.6666666719708495e+01
1.6666666719708523e+01
1.6666666719708513e+01
1.6666666719708520e+01
1.6666666719708513e+01
1.6666666719708505e+01
1.6666666719708530e+01
1.6666666719708516e+01
1.6666666719708495e+01
8.3333333590940040e+00
4.7836371421099070e-08
-8.3333332804561380e+00
-1.6666666613789062e+01
-1.6666666613789065e+01
-1.6666666613789054e+01
-1.6666666613789069e+01
-1.6666666613789079e+01
-1.6666666613789065e+01
-1.6666666613789062e+01
-1.6666666613789040e+01
-1.6666666613789051e+01
-1.6666666613789026e+01
-1.6666666613789037e+01
-1.6666666613789044e+01
-1.6666666613789047e+01
-1.6666666613789051e+01
-1.6666666613789058e+01
-1.6666666613789065e+01
-1.6666426423763550e+01
-8.3333333075502640e+00
4.8026645328831081e-08
8.3333333864232806e+00
1.6666666719760201e+01
1.6666666719760215e+01
1.6666666719760219e+01
1.6666666719760205e+01
1.6666666719760240e+01
1.6666666719760222e+01
1.6666666719760197e+01
1.6666666719760190e+01
1.6666666719760208e+01
1.6666666719760187e+01
1.6666666719760208e+01
1.6666666719760205e+01
1.6666666719760233e+01
1.6666666719760205e+01
1.6666666719760229e+01
1.6666666719760219e+01
1.6666666719760190e+01
8.3333333591229319e+00
4.7853522408256738e-08
-8.3333332804437479e+00
-1.6666666613783224e+01
-1.6666666613783214e+01
-1.6666666613783242e+01
-1.6666666613783228e+01
-1.6666666613783253e+01
-1.6666666613783239e+01
-1.6666666613783221e+01
-1.6666666613783235e+01
-1.6666666613783228e+01
-1.6666666613783232e+01
-1.6666666613783228e+01
-1.6666666613783239e+01
-1.6666666613783210e+01
-1.6666666613783210e+01
-1.6666666613783196e+01
-1.6666666613783171e+01
-1.6666426423777942e+01
-8.3333333075471963e+00
4.8030099182674212e-08
8.3333333864234778e+00
1.6666666719757618e+01
1.6666666719757661e+01
1.6666666719757643e+01
1.6666666719757639e+01
1.6666666719757661e+01
1.6666666719757668e+01
1.6666666719757671e+01
1.6666666719757671e+01
1.6666666719757703e+01
1.6666666719757739e+01
1.6666666719757732e+01
1.6666666719757742e+01
1.6666666719757721e+01
1.6666666719757728e+01
1.6666666719757725e+01
1.6666666719757714e+01
1.6666666719757679e+01
8.3333333591336931e+00
4.7863111822829810e-08
-8.3333332804322939e+00
-1.6666666613763933e+01
-1.6666666613763926e+01
-1.6666666613763905e+01
-1.6666666613763937e+01
-1.6666666613763908e+01
-1.6666666613763894e+01
-1.6666666613763915e+01
-1.6666666613763887e+01
-1.6666666613763880e+01
-1.6666666613763887e+01
-1.6666666613763912e+01
