0.0000000000000000e+00
-1.2196758116783931e-04
-2.4390243902662042e-04
-3.6585216680751350e-04
-4.8781676813899639e-04
-6.0979624664784962e-04
-7.3170731707552280e-04
-8.5363325162501815e-04
-9.7557405392004225e-04
-1.9308943118722427e-03
-2.8861788679700293e-03
-2.7642276485113229e-03
-2.6422912993386821e-03
-2.5203698168268290e-03
-2.3983739894705806e-03
-2.2763930432807516e-03
-2.1544269746273147e-03
-2.0325203309299713e-03
-1.9105691114190207e-03
-1.7886178919047475e-03
-1.6666666723923896e-03
-1.5447154528801627e-03
-1.4227791036534342e-03
-1.3008130138561836e-03
-1.1788617979720840e-03
-1.0569254523730988e-03
-9.3500397343380189e-04
2.0325200332621890e-05
9.7560975092920662e-04
1.9308943032234512e-03
2.8861788560685278e-03
2.7642276364566042e-03
2.6422615429303859e-03
2.5202805718617946e-03
2.3983739784510689e-03
2.2764525220113621e-03
2.1545161989176623e-03
2.0325203199194068e-03
1.9105691004066517e-03
1.7886178808964432e-03
1.6666666613846476e-03
1.5447154418717750e-03
1.4227493484457827e-03
1.3008130028461238e-03
1.1788617869612720e-03
1.0568956971619720e-03
9.3491472982198736e-04
-2.0325206169710393e-05
-9.7560976128496628e-04
-1.9308943146845829e-03
-2.8861788675303163e-03
-2.7642276480887807e-03
-2.6422912989328192e-03
-2.5203698164372808e-03
-2.3983739890474374e-03
-2.2763930428235492e-03
-2.1544269741359092e-03
-2.0325203305064116e-03
-1.9105691109948533e-03
-1.7886178914805013e-03
-1.6666666719677135e-03
-1.5447154524552865e-03
-1.4227791032291170e-03
-1.3008130134315871e-03
-1.1788617975472800e-03
-1.0569254519484767e-03
-9.3500397300914559e-04
2.0325200335215935e-05
9.7560975093157376e-04
1.9308943032257113e-03
2.8861788560712574e-03
2.7642276364601513e-03
2.6422615429348697e-03
2.5202805718670842e-03
2.3983739784541537e-03
2.2764525220126185e-03
2.1545161989168647e-03
2.0325203199223255e-03
1.9105691004083737e-03
1.7886178808995440e-03
1.6666666613876088e-03
1.5447154418752411e-03
1.4227493484489486e-03
1.3008130028498723e-03
1.1788617869653141e-03
1.0568956971675582e-03
9.3491472982839012e-04
-2.0325206166513456e-05
-9.7560976128092751e-04
-1.9308943146804562e-03
-2.8861788675269584e-03
-2.7642276480854535e-03
-2.6422912989304379e-03
-2.5203698164360669e-03
-2.3983739890454112e-03
-2.2763930428212537e-03
-2.1544269741336358e-03
-2.0325203305053847e-03
-1.9105691109938152e-03
-1.7886178914793525e-03
-1.6666666719672241e-03
-1.5447154524553244e-03
-1.4227791032299566e-03
-1.3008130134327786e-03
-1.1788617975483425e-03
-1.0569254519496776e-03
-9.3500397301102636e-04
2.0325200333122540e-05
9.7560975092946586e-04
1.9308943032243951e-03
2.8861788560705249e-03
2.7642276364588159e-03
2.6422615429326688e-03
2.5202805718649627e-03
2.3983739784529902e-03
2.2764525220121154e-03
2.1545161989170994e-03
2.0325203199195803e-03
1.9105691004064121e-03
1.7886178808957684e-03
1.6666666613833676e-03
1.5447154418705760e-03
1.4227493484444617e-03
1.3008130028451348e-03
1.1788617869596995e-03
1.0568956971611970e-03
9.3491472982077609e-04
-2.0325206172131599e-05
-9.7560976128676356e-04
-1.9308943146861554e-03
-2.8861788675318264e-03
-2.7642276480905120e-03
-2.6422912989352235e-03
-2.5203698164404952e-03
-2.3983739890490372e-03
-2.2763930428243363e-03
-2.1544269741356750e-03
-2.0325203305088758e-03
-1.9105691109978147e-03
-1.7886178914829068e-03
-1.6666666719705424e-03
-1.5447154524592097e-03
-1.4227791032331207e-03
-1.3008130134352742e-03
-1.1788617975502587e-03
-1.0569254519512902e-03
-9.3500397301119170e-04
2.0325200332028309e-05
9.7560975092907912e-04
1.9308943032238875e-03
2.8861788560695782e-03
2.7642276364574854e-03
2.6422615429325534e-03
2.5202805718648955e-03
2.3983739784540943e-03
2.2764525220129173e-03
2.1545161989177195e-03
2.0325203199212834e-03
1.9105691004074016e-03
1.7886178808984917e-03
1.6666666613860208e-03
1.5447154418737632e-03
1.4227493484473192e-03
1.3008130028480517e-03
1.1788617869626765e-03
1.0568956971638609e-03
9.3491472982401645e-04
-2.0325206169414355e-05
-9.7560976128390430e-04
-1.9308943146833476e-03
-2.8861788675287750e-03
-2.7642276480870343e-03
-2.6422912989318894e-03
-2.5203698164364087e-03
-2.3983739890456428e-03
-2.2763930428206301e-03
-2.1544269741319163e-03
-2.0325203305054016e-03
-1.9105691109942602e-03
-1.7886178914795171e-03
-1.6666666719674769e-03
-1.5447154524560142e-03
-1.4227791032300650e-03
-1.3008130134330412e-03
-1.1788617975481482e-03
-1.0569254519492818e-03
-9.3500397300883800e-04
2.0325200333568744e-05
9.7560975092990008e-04
1.9308943032239631e-03
2.8861788560690139e-03
2.7642276364571489e-03
2.6422615429313842e-03
2.5202805718624994e-03
2.3983739784514493e-03
2.2764525220110650e-03
2.1545161989162311e-03
2.0325203199193470e-03
1.9105691004059171e-03
1.7886178808961912e-03
1.6666666613838715e-03
