0.0000000000000000e+00
0.0000000000000000e+00
0.0000000000000000e+00
0.0000000000000000e+00
0.0000000000000000e+00
0.0000000000000000e+00
0.0000000000000000e+00
0.0000000000000000e+00
0.0000000000000000e+00
8.3333333591432859e-04
1.6666666723914091e-03
1.6666666723914091e-03
1.6666666723914091e-03
1.6666666723914091e-03
1.6666666723914091e-03
1.6666666723914091e-03
1.6666666723914091e-03
1.6666666723914091e-03
1.6666666723914091e-03
1.6666666723914091e-03
1.6666666723914091e-03
1.6666666723914091e-03
1.6666666723914091e-03
1.6666666723914091e-03
1.6666666723914091e-03
1.6666666723914091e-03
1.6666666723914091e-03
2.5000000088761820e-03
3.3333333400031944e-03
4.1666666728329997e-03
5.0000000061664772e-03
5.0000000061664772e-03
5.0000000061664772e-03
5.0000000061664772e-03
5.0000000061664772e-03
5.0000000061664772e-03
5.0000000061664772e-03
5.0000000061664772e-03
5.0000000061664772e-03
5.0000000061664772e-03
5.0000000061664772e-03
5.0000000061664772e-03
5.0000000061664772e-03
5.0000000061664772e-03
5.0000000061664772e-03
5.0000000061664772e-03
5.0000240251686801e-03
5.8333333367883815e-03
6.6666666723461283e-03
7.5000000061854625e-03
8.3333333395186338e-03
8.3333333395186338e-03
8.3333333395186338e-03
8.3333333395186338e-03
8.3333333395186338e-03
8.3333333395186338e-03
8.3333333395186338e-03
8.3333333395186338e-03
8.3333333395186338e-03
8.3333333395186338e-03
8.3333333395186338e-03
8.3333333395186338e-03
8.3333333395186338e-03
8.3333333395186338e-03
8.3333333395186338e-03
8.3333333395186338e-03
8.3333333395186338e-03
9.1666666755821167e-03
1.0000000006709019e-02
1.0833333339538728e-02
1.1666666672872137e-02
1.1666666672872137e-02
1.1666666672872137e-02
1.1666666672872137e-02
1.1666666672872137e-02
1.1666666672872137e-02
1.1666666672872137e-02
1.1666666672872137e-02
1.1666666672872137e-02
1.1666666672872137e-02
1.1666666672872137e-02
1.1666666672872137e-02
1.1666666672872137e-02
1.1666666672872137e-02
1.1666666672872137e-02
1.1666666672872137e-02
1.1666690691872667e-02
1.2500000003495219e-02
1.3333333339052292e-02
1.4166666672891716e-02
1.5000000006225471e-02
1.5000000006225471e-02
1.5000000006225471e-02
1.5000000006225471e-02
1.5000000006225471e-02
1.5000000006225471e-02
1.5000000006225471e-02
1.5000000006225471e-02
1.5000000006225471e-02
1.5000000006225471e-02
1.5000000006225471e-02
1.5000000006225471e-02
1.5000000006225471e-02
1.5000000006225471e-02
1.5000000006225471e-02
1.5000000006225471e-02
1.5000000006225471e-02
1.5833333342288182e-02
1.6666666673414720e-02
1.7500000006244867e-02
1.8333333339578525e-02
1.8333333339578525e-02
1.8333333339578525e-02
1.8333333339578525e-02
1.8333333339578525e-02
1.8333333339578525e-02
1.8333333339578525e-02
1.8333333339578525e-02
1.8333333339578525e-02
1.8333333339578525e-02
1.8333333339578525e-02
1.8333333339578525e-02
1.8333333339578525e-02
1.8333333339578525e-02
1.8333333339578525e-02
1.8333333339578525e-02
1.8333357358581093e-02
1.9166666670202202e-02
2.0000000005759768e-02
2.0833333339599205e-02
2.1666666672932676e-02
2.1666666672932676e-02
2.1666666672932676e-02
2.1666666672932676e-02
2.1666666672932676e-02
2.1666666672932676e-02
2.1666666672932676e-02
2.1666666672932676e-02
2.1666666672932676e-02
2.1666666672932676e-02
2.1666666672932676e-02
2.1666666672932676e-02
2.1666666672932676e-02
2.1666666672932676e-02
2.1666666672932676e-02
2.1666666672932676e-02
2.1666666672932676e-02
2.2500000008996809e-02
2.3333333340124190e-02
2.4166666672954112e-02
2.5000000006287590e-02
2.5000000006287590e-02
2.5000000006287590e-02
2.5000000006287590e-02
2.5000000006287590e-02
2.5000000006287590e-02
2.5000000006287590e-02
2.5000000006287590e-02
2.5000000006287590e-02
2.5000000006287590e-02
2.5000000006287590e-02
2.5000000006287590e-02
2.5000000006287590e-02
2.5000000006287590e-02
2.5000000006287590e-02
2.5000000006287590e-02
2.5000024025288097e-02
2.5833333336909986e-02
2.6666666672467369e-02
2.7500000006306442e-02
2.8333333339639857e-02
2.8333333339639857e-02
2.8333333339639857e-02
2.8333333339639857e-02
2.8333333339639857e-02
2.8333333339639857e-02
2.8333333339639857e-02
2.8333333339639857e-02
2.8333333339639857e-02
2.8333333339639857e-02
2.8333333339639857e-02
2.8333333339639857e-02
2.8333333339639857e-02
2.8333333339639857e-02
2.8333333339639857e-02
2.8333333339639857e-02
2.8333333339639857e-02
2.9166666675702058e-02
3.0000000006829033e-02
3.0833333339658889e-02
3.1666666672991915e-02
3.1666666672991915e-02
3.1666666672991915e-02
3.1666666672991915e-02
3.1666666672991915e-02
3.1666666672991915e-02
3.1666666672991915e-02
3.1666666672991915e-02
3.1666666672991915e-02
3.1666666672991915e-02
3.1666666672991915e-02
