0.0000000000000000e+00
2.5002896729354219e+01
5.0000000000370058e+01
7.4999237105251126e+01
1.0000060863161639e+02
1.2500411516678693e+02
1.5000000000108355e+02
1.7499801756918384e+02
1.9999816845812080e+02
2.2500000007743014e+02
2.5000000017174233e+02
2.2500000012289402e+02
2.0000213392675519e+02
1.7500640099582549e+02
1.5000000000174941e+02
1.2499573462226685e+02
9.9993604269632655e+01
7.5000000000683073e+01
5.0000000001049116e+01
2.5000000000423320e+01
2.6852181265955567e-10
2.4999999999669644e+01
4.9997866147148351e+01
7.4999999999390752e+01
9.9999999411731721e+01
1.2499786497161223e+02
1.4999359726610737e+02
1.7499999992280118e+02
1.9999999985661142e+02
2.2499999984150531e+02
2.4999999984150992e+02
2.2499999987109115e+02
1.9999786546049410e+02
1.7499359602221233e+02
1.4999999999846492e+02
1.2500427129742766e+02
1.0000640933189936e+02
7.4999999999618183e+01
4.9999999999390965e+01
2.5000000000027850e+01
5.8636252957915538e-11
2.4999999999962455e+01
5.0002134440037139e+01
7.5000000000285041e+01
9.9999999413073596e+01
1.2500213326600081e+02
1.5000072072855650e+02
1.7500000007714772e+02
2.0000000014388007e+02
2.2500000015905985e+02
2.5000000015905533e+02
2.2500000012282263e+02
2.0000213393917710e+02
1.7500640102090946e+02
1.5000000000151604e+02
1.2499573459681436e+02
9.9993604218831109e+01
7.5000000000453525e+01
5.0000000000595840e+01
2.5000000000081823e+01
1.3803165113247074e-10
2.5000000000024670e+01
4.9997866147381771e+01
7.4999999999674444e+01
9.9999999411967835e+01
1.2499786497168698e+02
1.4999359726625764e+02
1.7499999992284984e+02
1.9999999985665670e+02
2.2499999984154780e+02
2.4999999984155048e+02
2.2499999987122521e+02
1.9999786546071181e+02
1.7499359602247154e+02
1.4999999999855140e+02
1.2500427129725166e+02
1.0000640933159363e+02
7.4999999999717289e+01
4.9999999999285272e+01
2.5000000000010608e+01
1.4407451344731923e-10
2.4999999999977739e+01
5.0002134440055592e+01
7.5000000000311616e+01
9.9999999412932937e+01
1.2500213326558926e+02
1.5000072072846589e+02
1.7500000007714220e+02
2.0000000014385452e+02
2.2500000015903743e+02
2.5000000015905019e+02
2.2500000012280887e+02
2.0000213393933868e+02
1.7500640102122517e+02
1.5000000000174123e+02
1.2499573459688347e+02
9.9993604218898696e+01
7.5000000000688274e+01
5.0000000000854669e+01
2.5000000000133518e+01
3.1084468908398711e-10
2.4999999999660201e+01
4.9997866147084707e+01
7.4999999999323535e+01
9.9999999411702490e+01
1.2499786497142901e+02
1.4999359726595389e+02
1.7499999992283153e+02
1.9999999985662774e+02
2.2499999984153212e+02
2.4999999984154201e+02
2.2499999987107145e+02
1.9999786546047829e+02
1.7499359602221426e+02
1.4999999999843149e+02
1.2500427129723450e+02
1.0000640933164905e+02
7.4999999999576573e+01
4.9999999999336509e+01
2.4999999999915104e+01
-6.5197853207193130e-12
2.5000000000102990e+01
5.0002134440280344e+01
7.5000000000450299e+01
9.9999999413235713e+01
1.2500213326601958e+02
1.5000072072853499e+02
1.7500000007716858e+02
2.0000000014389531e+02
2.2500000015907821e+02
2.5000000015908236e+02
2.2500000012295502e+02
2.0000213393935604e+02
1.7500640102109193e+02
1.5000000000151181e+02
1.2499573459672629e+02
9.9993604218588743e+01
7.5000000000550841e+01
5.0000000000799119e+01
2.5000000000128274e+01
8.6069537294967234e-11
2.4999999999839289e+01
4.9997866147203588e+01
7.4999999999599481e+01
9.9999999412095264e+01
1.2499786497199239e+02
1.4999359726676838e+02
1.7499999992284202e+02
1.9999999985666301e+02
2.2499999984156111e+02
2.4999999984156511e+02
2.2499999987113594e+02
1.9999786546068634e+02
1.7499359602246324e+02
1.4999999999871989e+02
1.2500427129744457e+02
1.0000640933183078e+02
7.4999999999753840e+01
4.9999999999434699e+01
2.5000000000172008e+01
2.6261510923782374e-10
2.4999999999864190e+01
5.0002134439969808e+01
7.5000000000107349e+01
9.9999999412898660e+01
1.2500213326558477e+02
1.5000072072845103e+02
1.7500000007710753e+02
2.0000000014382843e+02
2.2500000015900139e+02
2.5000000015900349e+02
2.2500000012279065e+02
2.0000213393921734e+02
1.7500640102092720e+02
1.5000000000137965e+02
1.2499573459644282e+02
9.9993604218283309e+01
7.5000000000372268e+01
5.0000000000636796e+01
2.5000000000015095e+01
1.3178125240912842e-10
2.4999999999885539e+01
4.9997866147227697e+01
7.4999999999458311e+01
9.9999999411941474e+01
1.2499786497170383e+02
1.4999359726637189e+02
1.7499999992286325e+02
1.9999999985667276e+02
2.2499999984156784e+02
2.4999999984155903e+02
2.2499999987115629e+02
1.9999786546056708e+02
1.7499359602224317e+02
1.4999999999841265e+02
1.2500427129725500e+02
1.0000640933164041e+02
7.4999999999487756e+01
4.9999999999259643e+01
2.4999999999935660e+01
9.5805123798414488e-11
