0.0000000000000000e+00
-1.1435251150976292e-03
-1.3928898656282293e-10
-1.1427256811894057e-03
-4.5720921221352670e-03
-1.0288490004282107e-02
1.6567686330585617e-09
8.0024653238992983e-03
1.3718511418469885e-02
1.5330702813914612e-08
1.9542936812793557e-07
4.5839115623388765e-08
-2.2864936326203399e-03
-6.8590336249185245e-03
1.2422148986195233e-09
4.5714748520821434e-03
6.8557781771339619e-03
6.4394868368960826e-10
8.6626812352768279e-10
3.9964951356266876e-10
4.8247324784062463e-10
2.5790161012728784e-10
-2.2863897054885016e-03
6.7019997935765469e-10
-3.8957950185174421e-07
-2.2871698302831178e-03
-6.8599496767247645e-03
1.5434772707377658e-08
1.5903890874972351e-07
1.7232776817577711e-07
1.7207315208734580e-07
4.7048601123723457e-08
-2.2868586056748077e-03
-6.8609356030475480e-03
7.9462309527417349e-10
4.5753280198818080e-03
6.8646561519575509e-03
3.0533350655103341e-10
4.8960433905101088e-10
1.9943835415950797e-11
3.9426741018588899e-11
-7.8662729096528612e-11
-2.2867805697351180e-03
2.5642656168735745e-10
3.9122221908432809e-07
-2.2859985620920027e-03
-8.7533651534260071e-03
1.5447121543253254e-08
1.5903302162305845e-07
1.7224806749237705e-07
1.7212287957205357e-07
4.5326765702554035e-08
-2.2864713788635070e-03
-6.8589880845454296e-03
7.0836487630596798e-10
4.5714287350156054e-03
6.8556862370290359e-03
2.9028340494604215e-10
3.3359991732437830e-10
5.7868790794540300e-11
1.8266710714650645e-10
1.7308386202161426e-10
-2.2863897837859478e-03
6.1277730408075730e-10
-3.8947927385179923e-07
-2.2871694555551083e-03
-6.8599495192684882e-03
1.5582382262174418e-08
1.5911261783998962e-07
1.7244559616152113e-07
1.7246859857656421e-07
4.7464126162940831e-08
-2.2868580368934116e-03
-6.8609347590830125e-03
1.0478760513397469e-09
4.5753278796884615e-03
6.8646554676859428e-03
5.5536323912292653e-10
8.5600935923362840e-10
6.5486253604017132e-10
5.7814474367114176e-10
4.7509494890969818e-10
-2.2867801918512601e-03
7.3140199800892849e-10
3.9154943740517583e-07
-2.2859981925933705e-03
-8.7533647386425894e-03
1.6204708663263149e-08
1.5988577957675844e-07
1.7328838319916984e-07
1.7311836612575856e-07
4.6250111923586646e-08
-2.2864704095809409e-03
-6.8589872543565024e-03
1.6959991259324504e-09
4.5714294139580069e-03
6.8556868183412148e-03
8.3681436131888894e-10
9.6459534635110916e-10
3.0868737763222017e-10
5.7453153515532838e-10
5.1789538344306655e-10
-2.2863900547782073e-03
3.8104436867891459e-10
-3.8981927092414045e-07
-2.2871699006306906e-03
-6.8599501319741235e-03
1.4413569304074200e-08
1.5814816852931975e-07
1.7161301078012735e-07
1.7172982105321940e-07
4.6978280739371707e-08
-2.2868587719595628e-03
-6.8609354815665239e-03
4.5057894850599506e-10
4.5753275637058196e-03
6.8646553878277325e-03
-5.1008356535942892e-10
-2.4767875598992028e-10
-8.1770289660225076e-10
-7.8361216742317843e-10
-9.7546008138742860e-10
-2.2867812705342737e-03
-6.1963865438934451e-10
3.9003405987523466e-07
-2.2859997030068627e-03
-8.7533665504922614e-03
1.4460970848776545e-08
1.5829576418374757e-07
1.7175505386358228e-07
1.7182307560771477e-07
4.5171856632480239e-08
-2.2864718030237074e-03
-6.8589888755216915e-03
2.4601679687359359e-10
4.5714283806127546e-03
6.8556860030340857e-03
-3.0883630365527344e-10
-2.6299255122297565e-10
-6.3832831759144586e-10
-5.2872335796970906e-10
-9.2139173405200742e-10
-2.2863910370231433e-03
-5.9817457597602124e-10
-3.9069813328729169e-07
-2.2871709328089328e-03
-6.8599511074100891e-03
1.3968343993042673e-08
1.5761415139293344e-07
1.7111238251233623e-07
1.7109217553083100e-07
4.6072385718755549e-08
-2.2868593576000325e-03
-6.8609360083603261e-03
1.7648803540576529e-10
4.5753272298520789e-03
6.8646548561019823e-03
-4.4259818061749902e-10
-4.5748719342353634e-10
-4.6657718059570984e-10
-4.5643479089684771e-10
-4.2213442321658902e-10
-2.2867811388958877e-03
-5.7500944977422683e-10
3.9026137605313085e-07
-2.2859997740286618e-03
-8.7533664766175460e-03
1.4694165769552238e-08
1.5842721261809492e-07
1.7163757353849530e-07
1.7177239437073307e-07
4.5104273545888735e-08
-2.2864717777752101e-03
-6.8589885809990838e-03
3.2728492193579467e-10
4.5714283061913993e-03
6.8556859244562887e-03
-3.3403393717527226e-10
-2.0225084257081946e-10
-4.4752010158516803e-10
-4.8912546819100638e-10
-7.2286750002275009e-10
-2.2863909120234105e-03
-4.8819836546942571e-10
-3.9068421394623452e-07
-2.2871707653960363e-03
-6.8599504593914000e-03
1.4354916669910874e-08
1.5786517041319284e-07
1.7107660877356268e-07
1.7101198255421819e-07
4.6035684609553795e-08
-2.2868596336716200e-03
-6.8609365721828226e-03
-1.0666725254443651e-10
4.5753269216207669e-03
6.8646547960027971e-03
-7.6222776042262458e-10
-7.9748965524696037e-10
-1.2677871950012665e-09
-1.2743237727575441e-09
