0.0000000000000000e+00
-3.6583358234665278e-05
-7.3170731707402953e-05
-1.0975944386471217e-04
-1.4634949480430060e-04
-1.8294088462512435e-04
-2.1951219511802021e-04
-2.5608484312150161e-04
-2.9265882873263195e-04
-7.8367160772570125e-04
-1.3200780078531647e-03
-1.2835188476152161e-03
-1.2469610239003292e-03
-1.2104045366116969e-03
-1.1737627517865415e-03
-1.1371223095332026e-03
-1.1005920200784301e-03
-1.0640066542232866e-03
-1.0274226268083071e-03
-9.9083592251375573e-04
-9.5425055666107403e-04
-9.1766519080757755e-04
-8.8108116339398186e-04
-8.4449445910045784e-04
-8.0790909334420649e-04
-7.7132506602747408e-04
-7.3474237705292798e-04
-3.1380900503538191e-04
1.3935492316379991e-04
6.3042525128351320e-04
1.1669145565863300e-03
1.1303585198602739e-03
1.0938011467421576e-03
1.0572424371342937e-03
1.0206024206557518e-03
9.8401705479631766e-04
9.4743035039787681e-04
9.1084632308867819e-04
8.7426095733933841e-04
8.3767559137980588e-04
8.0109022552648081e-04
7.6450485967220164e-04
7.2791815527995039e-04
6.9133412796502209e-04
6.5474876221029480e-04
6.1816205791759803e-04
5.8157401498943294e-04
1.6064260113007528e-04
-2.9251966662633268e-04
-7.8358785138669409e-04
-1.3200743909879474e-03
-1.2835152224303199e-03
-1.2469573903973079e-03
-1.2104008947900911e-03
-1.1737591266031630e-03
-1.1371187009862689e-03
-1.1005883948968873e-03
-1.0640030290413366e-03
-1.0274190016263428e-03
-9.9083229733123394e-04
-9.5424693147852079e-04
-9.1766156562512081e-04
-8.8107753821189689e-04
-8.4449083391776995e-04
-8.0790546816090038e-04
-7.7132144084510797e-04
-7.3473875186991352e-04
-3.1380531745975256e-04
1.3935861137134983e-04
6.3042893890945706e-04
1.1669182441911233e-03
1.1303622074657228e-03
1.0938048343474994e-03
1.0572461247386879e-03
1.0206061082593866e-03
9.8402074239991731e-04
9.4743403800169634e-04
9.1085001069365261e-04
8.7426464494414131e-04
8.3767927898477368e-04
8.0109391313126777e-04
7.6450854727622467e-04
7.2792184288501555e-04
6.9133781557058046e-04
6.5475244981557149e-04
6.1816574552204476e-04
5.8157770259379879e-04
1.6064628874138526e-04
-2.9251597901543407e-04
-7.8358416377664419e-04
-1.3200707033780841e-03
-1.2835115348209412e-03
-1.2469537027877844e-03
-1.2103972071804726e-03
-1.1737554389945086e-03
-1.1371150133780846e-03
-1.1005847072873595e-03
-1.0639993414321425e-03
-1.0274153140163310e-03
-9.9082860972277815e-04
-9.5424324386931387e-04
-9.1765787801617897e-04
-8.8107385060245936e-04
-8.4448714630832244e-04
-8.0790178055241315e-04
-7.7131775323591579e-04
-7.3473506426152257e-04
-3.1380162985036539e-04
1.3936229898068770e-04
6.3043262651811495e-04
1.1669219317984028e-03
1.1303658950721413e-03
1.0938085219543555e-03
1.0572498123456702e-03
1.0206097958651433e-03
9.8402443000473474e-04
9.4743772560723280e-04
9.1085369829814120e-04
8.7426833254882700e-04
8.3768296658984155e-04
8.0109760073549918e-04
7.6451223488231885e-04
7.2792553049104522e-04
6.9134150317625841e-04
6.5475613742110373e-04
6.1816943312756768e-04
5.8158139019850899e-04
1.6064997634698957e-04
-2.9251229140929061e-04
-7.8358047616919411e-04
-1.3200670157702125e-03
-1.2835078472124648e-03
-1.2469500151785593e-03
-1.2103935195713819e-03
-1.1737517513859960e-03
-1.1371113257699704e-03
-1.1005810196784004e-03
-1.0639956538236735e-03
-1.0274116264085678e-03
-9.9082492211388564e-04
-9.5423955626122161e-04
-9.1765419040700251e-04
-8.8107016299308514e-04
-8.4448345869900471e-04
-8.0789809294235784e-04
-7.7131406562605260e-04
-7.3473137665161958e-04
-3.1379794224113342e-04
1.3936598659059347e-04
6.3043631412832660e-04
1.1669256194091304e-03
1.1303695826829778e-03
1.0938122095649437e-03
1.0572534999564651e-03
1.0206134834764543e-03
9.8402811761716456e-04
9.4744141322023574e-04
9.1085738591071283e-04
8.7427202016103966e-04
8.3768665420308410e-04
8.0110128834966926e-04
7.6451592249585196e-04
7.2792921810444357e-04
6.9134519078967291e-04
6.5475982503449253e-04
6.1817312074138777e-04
5.8158507781199298e-04
1.6065366395901409e-04
-2.9250860379682946e-04
-7.8357678855755445e-04
-1.3200633281586077e-03
-1.2835041596010847e-03
-1.2469463275671408e-03
-1.2103898319600684e-03
-1.1737480637739627e-03
-1.1371076381583719e-03
-1.1005773320672508e-03
-1.0639919662128053e-03
-1.0274079387979031e-03
-9.9082123450398201e-04
-9.5423586865097808e-04
-9.1765050279749472e-04
-8.8106647538406546e-04
-8.4447977108926956e-04
-8.0789440533153838e-04
-7.7131037801487308e-04
-7.3472768904076001e-04
-3.1379425462992673e-04
1.3936967420158649e-04
6.3044000173818654e-04
1.1669293070198916e-03
1.1303732702950230e-03
1.0938158971769251e-03
1.0572571875690740e-03
1.0206171710896493e-03
9.8403180522995109e-04
9.4744510083150265e-04
9.1086107352159507e-04
8.7427570777329417e-04
8.3769034181342390e-04
8.0110497596015749e-04
