0.0000000000000000e+00
-1.1430605077773462e-03
-1.7887796612756617e-10
-1.1438598471878246e-03
-4.5742487921292645e-03
-1.0290776962875272e-02
1.2984721693604565e-09
8.0036360043401200e-03
1.4260970109472254e-02
1.6609866116724221e-03
3.3514720616632035e-03
2.8938739461837571e-07
-5.6352157521439121e-03
-1.3555433665531986e-02
-1.7829676056626780e-09
1.1264900838096982e-02
-5.8907816790623583e-09
-7.6511659776546494e-10
-2.2867763770466534e-03
5.5884615197434653e-10
3.2086448489855373e-10
3.0240244574257430e-10
-2.2867803234412993e-03
2.6044166713723763e-10
3.9106320439115943e-07
-2.2859986761793482e-03
-6.8595593777408832e-03
-1.3865236813788691e-03
-3.0721361551084327e-03
-4.0058162227573496e-03
-5.3872306241127552e-03
2.8106155249773638e-07
3.1037537508886576e-03
3.9235771490920340e-03
-4.4269376404535670e-09
-1.2874763966180542e-09
-2.2863885275990771e-03
8.6724732263205441e-10
-3.9019481886491406e-07
6.7718442056960420e-10
7.2029367692669228e-10
6.1841385256353366e-10
-2.2863897016421886e-03
6.3137387596322676e-10
-3.8934008186688872e-07
-2.2871695453551802e-03
-6.8599497433259552e-03
9.6240146707520413e-04
2.0502241104639104e-03
2.5937901498048871e-03
3.3502524082630733e-03
2.8974798075130090e-07
-5.6339962284035778e-03
-1.3552995701775743e-02
-2.0138578603315343e-09
1.1262464072550084e-02
-6.4334080007861837e-09
-1.5484674900929756e-09
-2.2867773451129073e-03
-1.9932353180474064e-10
-2.4729008052586361e-10
-3.3302600027715483e-10
-2.2867810672113327e-03
-3.7331252547911749e-10
3.9048467285394293e-07
-2.2859994816964643e-03
-6.8595600604283791e-03
-1.3865256531441030e-03
-3.0721252897201960e-03
-4.0058167641560368e-03
-5.3872311980092940e-03
2.8046293203157655e-07
3.1037531766088555e-03
3.9235765319443712e-03
-5.4195119788456812e-09
-2.0768185921028714e-09
-2.2863894373669567e-03
4.6600432685408644e-10
-3.9036743301265216e-07
-1.4672846320934550e-11
-4.5069715249677362e-11
-3.6122742180588902e-10
-2.2863904150873483e-03
-3.6572114865341503e-12
-3.9013455824038263e-07
-2.2871703593512326e-03
-6.8599503585413894e-03
9.6240089669778544e-04
2.0502234065828922e-03
2.5937895583837342e-03
3.3502517867115274e-03
2.8908322712287547e-07
-5.6339968329755909e-03
-1.3552996035616369e-02
-2.7087773761737476e-09
1.1262463512808376e-02
-6.6779840756656560e-09
-1.8490053812420430e-09
-2.2867773219890490e-03
-5.4554642627118681e-10
-4.8927266300930516e-10
-6.5302377143445208e-10
-2.2867809922667050e-03
-3.1967310804357086e-10
3.9024875352203569e-07
-2.2859994894293850e-03
-6.8595602174349370e-03
-1.3865258486429415e-03
-3.0721255986653441e-03
-4.0058170561107923e-03
-5.3872319743955687e-03
2.7944869361356319e-07
3.1037518719966889e-03
3.9235753659460533e-03
-6.3400227835794324e-09
-3.4014115994600291e-09
-2.2863906552756481e-03
-9.9200490958872729e-10
-3.9188626696534710e-07
-1.1158915057018507e-09
-1.2447221464180425e-09
-1.1586038770341086e-09
-2.2863912965404541e-03
-9.1885790939398584e-10
-3.9116893078930327e-07
-2.2871715242689513e-03
-6.8599516126951294e-03
9.6239967137906764e-04
2.0502223380906609e-03
2.5937885962850219e-03
3.3502510960253086e-03
2.8872937118703579e-07
-5.6339971339840113e-03
-1.3552996459891328e-02
-3.0069843458914084e-09
1.1262462742420619e-02
-7.1776558235155861e-09
-2.3573125438667804e-09
-2.2867779369875776e-03
-9.4723795085923748e-10
-1.0983805567879720e-09
-9.1791238621479741e-10
-2.2867814363035557e-03
-9.4781201145792291e-10
3.8967574830211771e-07
-2.2860001389067371e-03
-6.8595609931604634e-03
-1.3865262204807946e-03
-3.0721257285614510e-03
-4.0058170720552542e-03
-5.3872318070855314e-03
2.7953896653436697e-07
3.1037523841738156e-03
3.9235759473159144e-03
-6.2098315817293156e-09
-3.1882376239795571e-09
-2.2863902916642996e-03
-7.0313084753082089e-10
-3.9142996065732723e-07
-6.0204232355215769e-10
-5.8764911686728467e-10
-7.9358187097220194e-10
-2.2863912110092149e-03
-7.0972387686607345e-10
-3.9091146642196124e-07
-2.2871710422310292e-03
-6.8599513456684691e-03
9.6239971981649706e-04
2.0502223307577567e-03
2.5937884129151869e-03
3.3502508450976515e-03
2.8841461613716628e-07
-5.6339976569110646e-03
-1.3552997010342868e-02
-3.4300825118224340e-09
1.1262462765625265e-02
-7.6067930335653135e-09
-2.6621197324040389e-09
-2.2867784692563492e-03
-1.5506456906613037e-09
-1.5897249026583160e-09
-1.5695557126321059e-09
-2.2867820855189932e-03
-1.2298826230790795e-09
3.8948961515615117e-07
-2.2860004506929819e-03
-6.8595614320822416e-03
-1.3865262873601499e-03
-3.0721260515872402e-03
-4.0058177318512238e-03
-5.3872321713659523e-03
2.7936187039490358e-07
3.1037520264155577e-03
3.9235753766572309e-03
-6.2902470130213768e-09
-3.2648782749406178e-09
-2.2863905954794979e-03
-1.2485286847025695e-09
-3.9224017574699028e-07
-1.3837076078417843e-09
-1.3053437892528434e-09
