0.0000000000000000e+00
2.4997104046445784e+01
4.9999999999569987e+01
7.5000761494195217e+01
9.9999389117753239e+01
1.2499588345744790e+02
1.4999999999877426e+02
1.7500198098092085e+02
2.0000020563525285e+02
2.2499349284844493e+02
2.4998656027637486e+02
2.2499999920383553e+02
2.0001130565864307e+02
1.7502047905414125e+02
1.4999999999911520e+02
1.2497738432917362e+02
9.9999999993507274e+01
7.4999999998909047e+01
4.9997865564354740e+01
2.4999999999350539e+01
-5.1932133698971397e-11
2.5000000000260378e+01
5.0002134440364451e+01
7.5000000000517687e+01
9.9999999413206027e+01
1.2500213326584435e+02
1.5000640214613776e+02
1.7499656564957013e+02
1.9999246464585582e+02
2.2499029462892926e+02
2.4998714253313034e+02
2.2500000075493114e+02
2.0001499116043166e+02
1.7503211316302171e+02
1.5000000001151110e+02
1.2500000000313014e+02
1.0000213384749222e+02
7.5000000000232689e+01
5.0000000592833779e+01
2.4999999999763023e+01
2.1143414480242307e-10
2.5000000000198309e+01
4.9997866147578279e+01
7.4999999999895607e+01
9.9999999412287835e+01
1.2499786497221244e+02
1.4999359726666535e+02
1.7499635974890964e+02
1.9999212856174066e+02
2.2498984824227179e+02
2.4998656433462915e+02
2.2499999920370135e+02
2.0001130159970984e+02
1.7502047093558843e+02
1.4999999999930355e+02
1.2497739244909961e+02
9.9999999993715903e+01
7.4999999999257142e+01
4.9997865564697307e+01
2.4999999999567553e+01
-2.3280537648041405e-11
2.4999999999984656e+01
5.0002134440047946e+01
7.5000000000195541e+01
9.9999999412935580e+01
1.2500213326555469e+02
1.5000640214584314e+02
1.7499656564740729e+02
1.9999246467492958e+02
2.2499029462946731e+02
2.4998714253274431e+02
2.2500000075493145e+02
2.0001499116082340e+02
1.7503211316380276e+02
1.5000000001169542e+02
1.2500000000346782e+02
1.0000213384780113e+02
7.5000000000498048e+01
5.0000000593063227e+01
2.4999999999951751e+01
2.3811421133810759e-10
2.4999999999930388e+01
4.9997866147218474e+01
7.4999999999436994e+01
9.9999999411769494e+01
1.2499786497159064e+02
1.4999359726607128e+02
1.7499635974890737e+02
1.9999212856174705e+02
2.2498984824228992e+02
2.4998656433465680e+02
2.2499999920377721e+02
2.0001130159968119e+02
1.7502047093559904e+02
1.4999999999936887e+02
1.2497739244936758e+02
9.9999999993885154e+01
7.4999999999388038e+01
4.9997865564782792e+01
2.4999999999765095e+01
1.7398803628536562e-10
2.4999999999930409e+01
5.0002134440070158e+01
7.5000000000289560e+01
9.9999999412935026e+01
1.2500213326560741e+02
1.5000640214580227e+02
1.7499656564740727e+02
1.9999246467494521e+02
2.2499029462947402e+02
2.4998714253274494e+02
2.2500000075491414e+02
2.0001499116071051e+02
1.7503211316368402e+02
1.5000000001162519e+02
1.2500000000327323e+02
1.0000213384769309e+02
7.5000000000426212e+01
5.0000000593129386e+01
2.5000000000103139e+01
2.7768694444112187e-10
2.4999999999913463e+01
4.9997866147197747e+01
7.4999999999586123e+01
9.9999999412096670e+01
1.2499786497215284e+02
1.4999359726682829e+02
1.7499635974893954e+02
1.9999212856177033e+02
2.2498984824230200e+02
2.4998656433466883e+02
2.2499999920373054e+02
2.0001130159953803e+02
1.7502047093550354e+02
1.4999999999939456e+02
1.2497739244926947e+02
9.9999999993685265e+01
7.4999999999092509e+01
4.9997865564526244e+01
2.4999999999546226e+01
2.7724900980835774e-10
2.5000000000139025e+01
5.0002134440191142e+01
7.5000000000271797e+01
9.9999999413010045e+01
1.2500213326581304e+02
1.5000640214620353e+02
1.7499656564742054e+02
1.9999246467494373e+02
2.2499029462949076e+02
2.4998714253274881e+02
2.2500000075498204e+02
2.0001499116075004e+02
1.7503211316381635e+02
1.5000000001169818e+02
1.2500000000345879e+02
1.0000213384777827e+02
7.5000000000511847e+01
5.0000000593063952e+01
2.5000000000071285e+01
1.0515990733331777e-10
2.4999999999860066e+01
4.9997866147202529e+01
7.4999999999545579e+01
9.9999999411783463e+01
1.2499786497151062e+02
1.4999359726607778e+02
1.7499635974892593e+02
1.9999212856174822e+02
2.2498984824229018e+02
2.4998656433466135e+02
2.2499999920378843e+02
2.0001130159965251e+02
1.7502047093552781e+02
1.4999999999945982e+02
1.2497739244948251e+02
9.9999999993775162e+01
7.4999999999255138e+01
4.9997865564720684e+01
2.4999999999699185e+01
3.1315406350434430e-10
2.4999999999925418e+01
5.0002134440036542e+01
7.5000000000274952e+01
9.9999999413067471e+01
1.2500213326577403e+02
1.5000640214599645e+02
1.7499656564741773e+02
1.9999246467493393e+02
2.2499029462946604e+02
2.4998714253273084e+02
2.2500000075497181e+02
2.0001499116081482e+02
1.7503211316382445e+02
1.5000000001172839e+02
1.2500000000348599e+02
1.0000213384771628e+02
7.5000000000319815e+01
5.0000000592992095e+01
2.4999999999857312e+01
4.6239442859098722e-11
