0.0000000000000000e+00
0.0000000000000000e+00
0.0000000000000000e+00
0.0000000000000000e+00
0.0000000000000000e+00
0.0000000000000000e+00
0.0000000000000000e+00
0.0000000000000000e+00
1.7142560732448150e-01
2.4150532631545946e+04
5.3840752141476463e+04
5.3840752141476463e+04
5.3840752141476463e+04
5.3840752141476463e+04
5.3840752141476463e+04
5.3840752141476463e+04
5.3840752141476463e+04
5.3840752141476463e+04
5.3840752141476463e+04
5.3840752141476463e+04
5.3840752141476463e+04
5.3840752141476463e+04
5.3840752141476463e+04
5.3840752141476463e+04
5.3840752141476463e+04
5.3840752141476463e+04
5.3840752141476463e+04
6.9450541650944200e+04
8.8970351532385263e+04
1.1310410769520972e+05
1.4277113852544944e+05
1.4277113852544944e+05
1.4277113852544944e+05
1.4277113852544944e+05
1.4277113852544944e+05
1.4277113852544944e+05
1.4277113852544944e+05
1.4277113852544944e+05
1.4277113852544944e+05
1.4277113852544944e+05
1.4277113852544944e+05
1.4277113852544944e+05
1.4277113852544944e+05
1.4277113852544944e+05
1.4277113852544944e+05
1.4277113852544944e+05
1.4277113852544944e+05
1.5839107616215921e+05
1.7792508571969438e+05
2.0207874258876196e+05
2.3177306935332157e+05
2.3177306935332157e+05
2.3177306935332157e+05
2.3177306935332157e+05
2.3177306935332157e+05
2.3177306935332157e+05
2.3177306935332157e+05
2.3177306935332157e+05
2.3177306935332157e+05
2.3177306935332157e+05
2.3177306935332157e+05
2.3177306935332157e+05
2.3177306935332157e+05
2.3177306935332157e+05
2.3177306935332157e+05
2.3177306935332157e+05
2.3177306935332157e+05
2.4738286120200646e+05
2.6690267111115600e+05
2.9103642724817689e+05
3.2070345807728427e+05
3.2070345807728427e+05
3.2070345807728427e+05
3.2070345807728427e+05
3.2070345807728427e+05
3.2070345807728427e+05
3.2070345807728427e+05
3.2070345807728427e+05
3.2070345807728427e+05
3.2070345807728427e+05
3.2070345807728427e+05
3.2070345807728427e+05
3.2070345807728427e+05
3.2070345807728427e+05
3.2070345807728427e+05
3.2070345807728427e+05
3.2070345807728427e+05
3.3632339571381151e+05
3.5585740527134365e+05
3.8001106214041659e+05
4.0970538890497596e+05
4.0970538890497596e+05
4.0970538890497596e+05
4.0970538890497596e+05
4.0970538890497596e+05
4.0970538890497596e+05
4.0970538890497596e+05
4.0970538890497596e+05
4.0970538890497596e+05
4.0970538890497596e+05
4.0970538890497596e+05
4.0970538890497596e+05
4.0970538890497596e+05
4.0970538890497596e+05
4.0970538890497596e+05
4.0970538890497596e+05
4.0970538890497596e+05
4.2531518075366062e+05
4.4483499066281249e+05
4.6896874679983244e+05
4.9863577762893750e+05
4.9863577762893750e+05
4.9863577762893750e+05
4.9863577762893750e+05
4.9863577762893750e+05
4.9863577762893750e+05
4.9863577762893750e+05
4.9863577762893750e+05
4.9863577762893750e+05
4.9863577762893750e+05
4.9863577762893750e+05
4.9863577762893750e+05
4.9863577762893750e+05
4.9863577762893750e+05
4.9863577762893750e+05
4.9863577762893750e+05
4.9863577762893750e+05
5.1425571526546520e+05
5.3378972482299549e+05
5.5794338169206795e+05
5.8763770845662453e+05
5.8763770845662453e+05
5.8763770845662453e+05
5.8763770845662453e+05
5.8763770845662453e+05
5.8763770845662453e+05
5.8763770845662453e+05
5.8763770845662453e+05
5.8763770845662453e+05
5.8763770845662453e+05
5.8763770845662453e+05
5.8763770845662453e+05
5.8763770845662453e+05
5.8763770845662453e+05
5.8763770845662453e+05
5.8763770845662453e+05
5.8763770845662453e+05
6.0324750030530919e+05
6.2276731021445827e+05
6.4690106635147915e+05
6.7656809718058095e+05
6.7656809718058095e+05
6.7656809718058095e+05
6.7656809718058095e+05
6.7656809718058095e+05
6.7656809718058095e+05
6.7656809718058095e+05
6.7656809718058095e+05
6.7656809718058095e+05
6.7656809718058095e+05
6.7656809718058095e+05
6.7656809718058095e+05
6.7656809718058095e+05
6.7656809718058095e+05
6.7656809718058095e+05
6.7656809718058095e+05
6.7656809718058095e+05
6.9218803481710912e+05
7.1172204437464406e+05
7.3587570124371559e+05
7.6557002800827310e+05
7.6557002800827310e+05
7.6557002800827310e+05
7.6557002800827310e+05
7.6557002800827310e+05
7.6557002800827310e+05
7.6557002800827310e+05
7.6557002800827310e+05
7.6557002800827310e+05
7.6557002800827310e+05
7.6557002800827310e+05
7.6557002800827310e+05
7.6557002800827310e+05
7.6557002800827310e+05
7.6557002800827310e+05
7.6557002800827310e+05
7.6557002800827310e+05
7.8117981985696428e+05
8.0069962976611522e+05
8.2483338590313517e+05
8.5450041673223604e+05
8.5450041673223604e+05
8.5450041673223604e+05
8.5450041673223604e+05
8.5450041673223604e+05
8.5450041673223604e+05
8.5450041673223604e+05
8.5450041673223604e+05
8.5450041673223604e+05
8.5450041673223604e+05
8.5450041673223604e+05
