0.0000000000000000e+00
1.5609756097462781e-04
3.1217075930369399e-04
4.6829268292201162e-04
6.2439023629096829e-04
7.8046342701669122e-04
9.3651226270246126e-04
1.8926829243457103e-03
3.1153715559669387e-03
4.3382113634509705e-03
5.5609755959681161e-03
5.4048780345545529e-03
5.2487561028890959e-03
5.0926097933592686e-03
4.9365853530645666e-03
4.7805365653450765e-03
4.6243902311248032e-03
4.4682926701487139e-03
4.3121707389195806e-03
4.1560975481968725e-03
3.9999999872253065e-03
3.8439024262494387e-03
3.6877804950201723e-03
3.5317073042940078e-03
3.3756097509248873e-03
3.2194878273056537e-03
3.0633415258245105e-03
2.9073170603792480e-03
2.7512682475025253e-03
2.5951950795923967e-03
2.4390975490455884e-03
2.5951219370544893e-03
2.7511219852502087e-03
2.9073170603599293e-03
3.0634877423774531e-03
3.2195121823358317e-03
3.3756097433149486e-03
3.5316829416493396e-03
3.6878048652689063e-03
3.8439024186381768e-03
3.9999999872233818e-03
4.1560975481991806e-03
4.3121707465297041e-03
4.4682926701474484e-03
4.6243902235141238e-03
4.7804634142380314e-03
4.9365122499211381e-03
5.0926829140366548e-03
5.2488291926849080e-03
5.4049510934778711e-03
5.5610486240284043e-03
5.4049173475916165e-03
5.2487616903719283e-03
5.0927222270597755e-03
4.9366584116329985e-03
4.7805271051154586e-03
4.6244295441363681e-03
4.4683076129046276e-03
4.3122344221819368e-03
4.1561368688157012e-03
4.0000393002338477e-03
3.8439417392588915e-03
3.6878198080306760e-03
3.5317466173040452e-03
3.3756490639343653e-03
3.2195271403138871e-03
3.0633808388328249e-03
2.9073563733893284e-03
2.7513075605138824e-03
2.5952343926050414e-03
2.4391368620598204e-03
2.5951612500623123e-03
2.7511612982534365e-03
2.9073563733688470e-03
3.0635270553916981e-03
3.2195514953437454e-03
3.3756490563236442e-03
3.5317222546577330e-03
3.6878441782775767e-03
3.8439417316470351e-03
4.0000393002327383e-03
4.1561368612079560e-03
4.3122100595382497e-03
4.4683319831557624e-03
4.6244295365236747e-03
4.7805027272477384e-03
4.9365515629326388e-03
5.0927222270466341e-03
5.2488685056938126e-03
5.4049904064863517e-03
5.5610879370354685e-03
5.4049522357595969e-03
5.2487921523194023e-03
5.0927571152254219e-03
4.9366977273981238e-03
4.7805619932820781e-03
4.6244644323033234e-03
4.4683425010714380e-03
4.3122693103487741e-03
4.1561717569833841e-03
4.0000741884028967e-03
3.8439766274266625e-03
3.6878546961978008e-03
3.5317815054721432e-03
3.3756839521024442e-03
3.2195620284831087e-03
3.0634157270017894e-03
2.9073912615578102e-03
2.7513424486804920e-03
2.5952692807710443e-03
2.4391717502261967e-03
2.5951961382336456e-03
2.7511961864281425e-03
2.9073912615395284e-03
3.0635619435604110e-03
3.2195863835148735e-03
3.3756839444944418e-03
3.5317571428284426e-03
3.6878790664484021e-03
3.8439766198186493e-03
4.0000741884033651e-03
4.1561717493789315e-03
4.3122449477095096e-03
4.4683668713268749e-03
4.6244644246933655e-03
4.7805376154169939e-03
4.9365864511010018e-03
5.0927571152179305e-03
5.2489033938673746e-03
5.4050252946619363e-03
5.5611228252138529e-03
5.4049831971253806e-03
5.2488191856466587e-03
5.0927880765894136e-03
4.9367326180254582e-03
4.7805929546492322e-03
4.6244953936702970e-03
4.4683734624390735e-03
4.3123002717167470e-03
4.1562027183513293e-03
4.0001051497693613e-03
3.8440075887935989e-03
3.6878856575649310e-03
3.5318124668381927e-03
3.3757149134678592e-03
3.2195929898474955e-03
3.0634466883667118e-03
2.9074222229235956e-03
2.7513734100483613e-03
2.5953002421402120e-03
2.4392027115957291e-03
2.5952270995982466e-03
2.7512271477884076e-03
2.9074222229043471e-03
3.0635929049291945e-03
3.2196173448804585e-03
3.3757149058606514e-03
3.5317881041952675e-03
3.6879100278139213e-03
3.8440075811837734e-03
4.0001051497689849e-03
4.1562027107445495e-03
4.3122759090745959e-03
4.4683978326926985e-03
4.6244953860597373e-03
4.7805685767838202e-03
4.9366174124685792e-03
5.0927880765833447e-03
5.2489343552299672e-03
5.4050562560232782e-03
5.5611537865724947e-03
5.4050106736588067e-03
5.2488431762662052e-03
5.0928155531200277e-03
4.9367635815549833e-03
4.7806204311805290e-03
4.6245228702019988e-03
4.4684009389713425e-03
4.3123277482486622e-03
4.1562301948832705e-03
4.0001326263007985e-03
3.8440350653249377e-03
3.6879131340971320e-03
3.5318399433709119e-03
3.3757423900009241e-03
3.2196204663803548e-03
3.0634741648990806e-03
2.9074496994569753e-03
2.7514008865827909e-03
2.5953277186747210e-03
2.4392301881310382e-03
2.5952545761317369e-03
2.7512546243202997e-03
2.9074496994381618e-03
3.0636203814646129e-03
3.2196448214130437e-03
3.3757423823927977e-03
3.5318155807267165e-03
3.6879375043470291e-03
3.8440350577171713e-03
4.0001326263021438e-03
