0.0000000000000000e+00
-1.8386424509538319e-10
-3.7459323023738091e-03
5.7173776882299274e-10
-8.1708917144904825e-07
-3.7475667498220568e-03
-1.1239430027991156e-02
1.2769591607636014e-08
-9.2683318808941748e-03
5.0899279981764656e-07
4.3804340068133829e-07
1.2653633523211274e-07
-3.7469355970597097e-03
-1.1241568054689479e-02
2.2202721821566869e-09
7.4972786999650360e-03
6.3918345229170784e-10
4.8895277402403566e-10
-3.7467506105337504e-03
2.0147390277906348e-10
-6.0871159433856997e-10
-6.8702086442976609e-10
-3.7467516072981237e-03
-2.4699629342475531e-10
8.1929463558374679e-07
-3.7451117902043609e-03
-1.1238612674998986e-02
1.2879450654859218e-09
7.4943210007554174e-03
1.1243527391758381e-02
1.1246802867702705e-02
1.2263222494844572e-07
-1.4990032255384311e-02
4.2447265165176808e-09
1.1240831366722855e-02
7.8607393730639007e-10
-1.8593173399773133e-11
-3.7459327114524885e-03
-5.1778884091061329e-10
-8.1891710269261429e-07
-1.0480928150233994e-09
-1.2807962141545564e-09
-3.7459335158035599e-03
-7.8661779285971516e-10
-8.1865924588848861e-07
-3.7475686393984857e-03
-1.1239432080909639e-02
6.7159837471733061e-10
7.4910451952765493e-03
1.1234520573452582e-02
1.4330925999474022e-02
1.2338953017972677e-07
-1.8077706828359311e-02
4.5029402464813555e-09
1.4332060347927080e-02
1.6277458161535312e-10
-2.7716147550466853e-10
-3.7467514497497760e-03
-7.9277303707667903e-10
8.1795583765417947e-07
-1.6864698051285395e-09
-1.5146282236462786e-09
-3.7467524715318608e-03
-1.1284161388518252e-09
8.1842633869629021e-07
-3.7451128419100249e-03
-1.1238613717194769e-02
5.9395822664845044e-10
7.4943200225217402e-03
1.1243526546498314e-02
1.1246801915672407e-02
1.2104389533746777e-07
-1.4990034136183052e-02
2.9113327255694234e-09
1.1240830552327778e-02
-6.9119418906529296e-10
-1.3010084500627242e-09
-3.7459339251099052e-03
-1.4641143607893960e-09
-8.1991182842117348e-07
-2.1136711649843033e-09
-2.1597176397241542e-09
-3.7459340582303067e-03
-1.6377203095540921e-09
-8.1960065293348313e-07
-3.7475695642296752e-03
-1.1239433164976382e-02
1.7075090935049264e-10
7.4910449541913029e-03
1.1234521079336646e-02
1.3982044967280713e-02
1.2291812379838561e-07
-1.7729072085458698e-02
3.7975882082066290e-09
1.3983668946389772e-02
-5.4619189927860890e-10
-9.7723718732171090e-10
-3.7467525054728675e-03
-1.6771927724107356e-09
8.1756515925852594e-07
-1.9196230151189547e-09
-2.0483046183650047e-09
-3.7467529553861702e-03
-1.7701164389490755e-09
8.1771821232724559e-07
-3.7451135500948950e-03
-1.1238614579822184e-02
9.3728346211073962e-11
7.4943196639748293e-03
1.1243526659776548e-02
1.1246802896384980e-02
1.2138552815273209e-07
-1.4990034653782075e-02
3.0770380627287017e-09
1.1240832022275056e-02
-4.3466198879554851e-10
-1.1340373217023652e-09
-3.7459339447778331e-03
-1.5460553784624098e-09
-8.1978757987687986e-07
-2.2859467919936487e-09
-2.0235226173466897e-09
-3.7459341862163559e-03
-1.7029986399646903e-09
-8.1970758864206745e-07
-3.7475698354605467e-03
-1.1239433397463281e-02
4.0245872418640074e-11
7.4910453400554508e-03
1.1234521163612994e-02
1.3672432350705909e-02
1.2375204808748879e-07
-1.7419675242623969e-02
4.9294444339329828e-09
1.3674492226635427e-02
7.3216553559650996e-10
3.5775902739419003e-11
-3.7467513333917760e-03
-4.6995916110032566e-10
8.1830305318617511e-07
-1.1219233807059920e-09
-1.1185496446930289e-09
-3.7467520773990588e-03
-6.1856766111814210e-10
8.1864575372523134e-07
-3.7451123987605034e-03
-1.1238613123791912e-02
8.4422241092208221e-10
7.4943203326594448e-03
1.1243526642933077e-02
1.1246802217765960e-02
1.2227751984653289e-07
-1.4990032417212883e-02
3.8104444783888495e-09
1.1240830856573233e-02
4.6031026757099948e-10
4.4125943291452279e-11
-3.7459326206351297e-03
-6.1449241449402305e-10
-8.1891243625299478e-07
-1.1361377284141080e-09
-1.2227891890991145e-09
-3.7459333400382123e-03
-3.6226424700086283e-10
-8.1816718103819220e-07
-3.7475677824707117e-03
-1.1239431257777051e-02
1.1926360735827343e-09
7.4910449812268477e-03
1.1234520119865131e-02
1.3397664135689206e-02
1.2391562410316093e-07
-1.7145099740437320e-02
4.8481327062605271e-09
1.3400109507408841e-02
8.5560878748430625e-10
2.1338599609539503e-10
-3.7467512410919983e-03
-4.1863380501958601e-10
8.1857809834789660e-07
-1.0471957332729149e-09
-1.1454629062836961e-09
-3.7467519053137328e-03
-2.8052000320061592e-10
8.1926978228385557e-07
-3.7451118048099619e-03
-1.1238612445714733e-02
1.4831021166152364e-09
7.4943203350644246e-03
1.1243526622913429e-02
1.1246801845000473e-02
1.2270191940446777e-07
-1.4990030860936499e-02
4.4210375098435211e-09
1.1240830606241254e-02
7.8670698461989456e-10
1.0682545953409158e-10
-3.7459326621808028e-03
-3.9485510465343519e-10
-8.1860043475167893e-07
-8.5750902028973650e-10
