0.0000000000000000e+00
0.0000000000000000e+00
0.0000000000000000e+00
0.0000000000000000e+00
0.0000000000000000e+00
0.0000000000000000e+00
0.0000000000000000e+00
-6.3999999824890379e+00
-1.4932931959344964e+01
-2.3466666529480584e+01
-3.1999999897801636e+01
-3.1999999897801697e+01
-3.1999999897801651e+01
-3.1999999897801597e+01
-3.1999999897801594e+01
-3.1999999897801558e+01
-3.1999999897801523e+01
-3.1999999897801491e+01
-3.1999999897801501e+01
-3.1999999897801466e+01
-3.1999999897801487e+01
-3.1999999897801530e+01
-3.1999999897801477e+01
-3.1999999897801441e+01
-3.1999999897801484e+01
-2.3466666570421321e+01
-1.4933333178502696e+01
-6.3999998451695301e+00
2.1333334881624131e+00
1.0666666821490272e+01
1.9200000154823023e+01
1.9200000154823034e+01
1.9200000154823034e+01
1.9200000154823048e+01
1.9200000154823076e+01
1.9200000154823087e+01
1.9200000154823101e+01
1.9200000154823105e+01
1.9200000154823098e+01
1.9200000154823098e+01
1.9200000154823112e+01
1.9200000154823115e+01
1.9200000154823123e+01
1.9200000154823115e+01
1.9200000154823126e+01
1.9200000154823112e+01
1.9200000154823101e+01
1.4080000028235631e+01
5.5476598973542464e+00
-2.9866664693606060e+00
-1.1519999892630015e+01
-1.1519999892630025e+01
-1.1519999892630016e+01
-1.1519999892630004e+01
-1.1519999892630002e+01
-1.1519999892630027e+01
-1.1519999892630047e+01
-1.1519999892630029e+01
-1.1519999892630011e+01
-1.1519999892630004e+01
-1.1519999892630008e+01
-1.1519999892630011e+01
-1.1519999892630015e+01
-1.1519999892630022e+01
-1.1519999892630013e+01
-1.1519999892630024e+01
-1.1519999892630022e+01
-1.1519999892630040e+01
-1.0154510824879427e+01
-1.6213332839540957e+00
6.9120001313529889e+00
6.9120001313529817e+00
6.9120001313529853e+00
6.9120001313529773e+00
6.9120001313529702e+00
6.9120001313529684e+00
6.9120001313529720e+00
6.9120001313529720e+00
6.9120001313529738e+00
6.9120001313529755e+00
6.9120001313529791e+00
6.9120001313529773e+00
6.9120001313529773e+00
6.9120001313529809e+00
6.9120001313529746e+00
6.9120001313529729e+00
6.9120001313529675e+00
6.9120001313529640e+00
6.9120001313529622e+00
4.3866620605677884e+00
-4.1471999556639645e+00
-4.1471999556639609e+00
-4.1471999556639556e+00
-4.1471999556639529e+00
-4.1471999556639494e+00
-4.1471999556639583e+00
-4.1471999556639476e+00
-4.1471999556639521e+00
-4.1471999556639556e+00
-4.1471999556639547e+00
-4.1471999556639538e+00
-4.1471999556639503e+00
-4.1471999556639449e+00
-4.1471999556639432e+00
-4.1471999556639556e+00
-4.1471999556639592e+00
-4.1471999556639583e+00
-4.1471999556639609e+00
-4.1471999556639592e+00
-4.1471999556639672e+00
2.4883200073685163e+00
2.4883200073685168e+00
2.4883200073685150e+00
2.4883200073685137e+00
2.4883200073685137e+00
2.4883200073685146e+00
2.4883200073685177e+00
2.4883200073685185e+00
2.4883200073685177e+00
2.4883200073685168e+00
2.4883200073685185e+00
2.4883200073685185e+00
2.4883200073685252e+00
2.4883200073685274e+00
2.4883200073685270e+00
2.4883200073685270e+00
2.4883200073685265e+00
2.4883200073685279e+00
2.4883200073685292e+00
2.4883200073685301e+00
-1.4916769272145989e+00
-1.4916769272145964e+00
-1.4916769272145971e+00
-1.4916769272145949e+00
-1.4916769272145980e+00
-1.4916769272145960e+00
-1.4916769272145964e+00
-1.4916769272145953e+00
-1.4916769272145947e+00
-1.4916769272145936e+00
-1.4916769272145944e+00
-1.4916769272145953e+00
-1.4916769272145949e+00
-1.4916769272145949e+00
-1.4916769272145971e+00
-1.4916769272145958e+00
-1.4916769272145949e+00
-1.4916769272145922e+00
-1.4916769272145922e+00
-1.4916769272145893e+00
8.9679763355614184e-01
8.9679763355614139e-01
8.9679763355614051e-01
8.9679763355614206e-01
8.9679763355614062e-01
8.9679763355614239e-01
8.9679763355614239e-01
8.9679763355614206e-01
8.9679763355614284e-01
8.9679763355614361e-01
8.9679763355614317e-01
8.9679763355614295e-01
8.9679763355614472e-01
8.9679763355614361e-01
8.9679763355614228e-01
8.9679763355614073e-01
8.9679763355614206e-01
8.9679763355614051e-01
8.9679763355613940e-01
8.9679763355613817e-01
-5.3743211303205096e-01
-5.3743211303205085e-01
-5.3743211303204974e-01
-5.3743211303205074e-01
-5.3743211303205041e-01
-5.3743211303205030e-01
-5.3743211303205030e-01
-5.3743211303205096e-01
-5.3743211303205096e-01
-5.3743211303205107e-01
-5.3743211303205096e-01
-5.3743211303205085e-01
-5.3743211303205052e-01
-5.3743211303205007e-01
-5.3743211303204996e-01
-5.3743211303204985e-01
-5.3743211303204974e-01
-5.3743211303204963e-01
-5.3743211303205007e-01
-5.3743211303204985e-01
3.2269152658849798e-01
3.2269152658849826e-01
3.2269152658849815e-01
3.2269152658849831e-01
3.2269152658849881e-01
3.2269152658849909e-01
3.2269152658849853e-01
3.2269152658849853e-01
3.2269152658849865e-01
3.2269152658849831e-01
3.2269152658849865e-01
