0.0000000000000000e+00
1.5609756097462781e-04
3.1217075930369399e-04
4.6829268292201162e-04
6.2439023629096829e-04
7.8046342701669122e-04
9.3651226270246126e-04
1.8926829243457103e-03
3.1153715559669387e-03
4.3382113634509705e-03
5.5609755959688603e-03
5.4048780345552199e-03
5.2487561028890040e-03
5.0926097933589156e-03
4.9365853530645744e-03
4.7805365653461659e-03
4.6243902311257218e-03
4.4682926701497582e-03
4.3121707389210465e-03
4.1560975481979645e-03
3.9999999872267697e-03
3.8439024262505723e-03
3.6877804950217379e-03
3.5317073042960652e-03
3.3756097509269863e-03
2.1528455154935441e-03
9.3008128027945365e-04
-2.9268294736261663e-04
-1.5154471750045983e-03
-2.7382114026471612e-03
-3.9609756302903844e-03
-3.8048780694927677e-03
-3.6488048713409211e-03
-3.4927560282313926e-03
-3.3365853852220483e-03
-3.1804391276733699e-03
-3.0243902632579953e-03
-2.8682927022820903e-03
-2.7122195039520455e-03
-2.5560975803307203e-03
-2.4000000193509629e-03
-2.2439024583767262e-03
-2.0878292600477622e-03
-1.9317073364296172e-03
-1.7756097830607981e-03
-1.6195365923350506e-03
-1.4634877566487778e-03
-6.6731707682064973e-04
5.5525855290932628e-04
1.7782113553697311e-03
3.0009755955409095e-03
2.8448780339072142e-03
2.6887561020204633e-03
2.5326097922696690e-03
2.3765853524174473e-03
2.2205365651392548e-03
2.0643902304775474e-03
1.9082926695022937e-03
1.7521707382734970e-03
1.5960975475501008e-03
1.4399999865789491e-03
1.2839024256029318e-03
1.1277804943737317e-03
9.7170730364797789e-04
8.1560975027900105e-04
6.5948782665927353e-04
5.0334152517942732e-04
3.4731705973299208e-04
2.0523104440445119e-05
-1.2022113887488819e-03
-2.4249756272940468e-03
-2.2688780665599678e-03
-2.1128048684704919e-03
-1.9567560254236068e-03
-1.8005853822881869e-03
-1.6444391246136390e-03
-1.4883902603247511e-03
-1.3322926993488385e-03
-1.1762195010189551e-03
-1.0200975773978411e-03
-8.6400001641817809e-04
-7.0790245544387516e-04
-5.5182925711389462e-04
-3.9570733349478823e-04
-2.3960978012653062e-04
-8.3536589401200150e-05
7.2512246284211368e-05
2.2868291039616938e-04
3.8482918904100523e-04
8.5651027955375395e-04
2.0793756039844055e-03
1.9232780417879980e-03
1.7671561093384697e-03
1.6110097990251564e-03
1.4549853602973234e-03
1.2989365741446716e-03
1.1427902383572899e-03
9.8669267738205188e-04
8.3057074615381006e-04
6.7449755543053645e-04
5.1839999445889068e-04
3.6230243348226235e-04
2.0618050225360154e-04
5.0107311527189712e-05
-1.0599024184168366e-04
-2.6211216546146240e-04
-4.1825846694259762e-04
-5.7428293238634095e-04
-7.3033174526350344e-04
-8.8640491317199704e-04
-1.8720156110178347e-03
-1.7159180510677441e-03
-1.5598448537637699e-03
-1.4037960115011723e-03
-1.2476253667893418e-03
-1.0914791075400303e-03
-9.3543024482613051e-04
-7.7933268385112491e-04
-6.2325948552026302e-04
-4.6713756189951000e-04
-3.1104000091992218e-04
-1.5494243994487055e-04
1.1307583845323251e-06
1.5725268200299716e-04
3.1335023537072860e-04
4.6942342609511260e-04
6.2547226177963298e-04
7.8164292589345623e-04
9.3778920453945717e-04
1.0939111053311118e-03
1.7473482249844748e-03
1.5913376632494200e-03
1.4353027584220108e-03
1.2791425427495786e-03
1.1230449817599287e-03
9.6692305051803925e-04
8.1084985980054780e-04
6.5475230644101501e-04
4.9863038283072395e-04
3.4255717687479926e-04
1.8645961590329840e-04
3.0362054926696124e-05
-1.2575987630153792e-04
-2.8183306702776105e-04
-4.3793062039694893e-04
-5.9405254401631200e-04
-7.5019884549686847e-04
-9.0622331094170473e-04
-1.0622721238192868e-03
-1.2183452917293779e-03
-1.6731067015993148e-03
-1.5169777543557756e-03
-1.3608731795554548e-03
-1.2047929695900893e-03
-1.0487371168550507e-03
-8.9270561374909260e-04
-7.3648994814256056e-04
-5.8039238712896332e-04
-4.2431918876117270e-04
-2.6819726517248572e-04
-1.1209970419304961e-04
4.3997856782606362e-05
2.0007105511149253e-04
3.5619297873059415e-04
5.1229053209956785e-04
6.6836372282433885e-04
8.2441255851002431e-04
9.8058322262107450e-04
1.1367295012638830e-03
1.2928514020532132e-03
1.6281433404223106e-03
1.4720570614853697e-03
1.3159464158177905e-03
1.1598113958122837e-03
1.0036519938556340e-03
8.4766681897349423e-04
6.9165730892140520e-04
5.3547169703448149e-04
3.7937413607039007e-04
2.2327657510615373e-04
6.7179014130183082e-05
-8.8918546844931769e-05
-2.4504047807289434e-04
-4.0111366879918566e-04
-5.5721122216863055e-04
-7.1333314578890625e-04
-8.6947944726863255e-04
-1.0255039127125504e-03
-1.1815527255897677e-03
-1.3376258934998013e-03
-1.6013161294577689e-03
-1.4452144909892805e-03
-1.2891372164382912e-03
-1.1330842982010740e-03
-9.7692180668888795e-04
-8.2078369809310660e-04
-6.6466996480028773e-04
-5.0858059920159732e-04
-3.5251559369000376e-04
-1.9643400179706594e-04
-4.0336440824448235e-05
