0.0000000000000000e+00
0.0000000000000000e+00
0.0000000000000000e+00
0.0000000000000000e+00
0.0000000000000000e+00
0.0000000000000000e+00
0.0000000000000000e+00
7.9999999781159433e-04
1.8666164949188383e-03
2.9333333161864115e-03
3.9999999872269093e-03
3.9999999872269093e-03
3.9999999872269093e-03
3.9999999872269093e-03
3.9999999872269093e-03
3.9999999872269093e-03
3.9999999872269093e-03
3.9999999872269093e-03
3.9999999872269093e-03
3.9999999872269093e-03
3.9999999872269093e-03
3.9999999872269093e-03
3.9999999872269093e-03
3.9999999872269093e-03
3.9999999872269093e-03
5.0666666531489976e-03
6.1333333271388277e-03
7.1999999938054662e-03
8.2666666604722765e-03
9.3333333271389523e-03
1.0399999993806032e-02
1.0399999993806032e-02
1.0399999993806032e-02
1.0399999993806032e-02
1.0399999993806032e-02
1.0399999993806032e-02
1.0399999993806032e-02
1.0399999993806032e-02
1.0399999993806032e-02
1.0399999993806032e-02
1.0399999993806032e-02
1.0399999993806032e-02
1.0399999993806032e-02
1.0399999993806032e-02
1.0399999993806032e-02
1.0399999993806032e-02
1.0399999993806032e-02
1.1040000009629835e-02
1.2106542525990019e-02
1.3173333321829314e-02
1.4239999999737451e-02
1.4239999999737451e-02
1.4239999999737451e-02
1.4239999999737451e-02
1.4239999999737451e-02
1.4239999999737451e-02
1.4239999999737451e-02
1.4239999999737451e-02
1.4239999999737451e-02
1.4239999999737451e-02
1.4239999999737451e-02
1.4239999999737451e-02
1.4239999999737451e-02
1.4239999999737451e-02
1.4239999999737451e-02
1.4239999999737451e-02
1.4239999999737451e-02
1.4239999999737451e-02
1.4410686133206377e-02
1.5477333325822363e-02
1.6544000002736006e-02
1.6544000002736006e-02
1.6544000002736006e-02
1.6544000002736006e-02
1.6544000002736006e-02
1.6544000002736006e-02
1.6544000002736006e-02
1.6544000002736006e-02
1.6544000002736006e-02
1.6544000002736006e-02
1.6544000002736006e-02
1.6544000002736006e-02
1.6544000002736006e-02
1.6544000002736006e-02
1.6544000002736006e-02
1.6544000002736006e-02
1.6544000002736006e-02
1.6544000002736006e-02
1.6544000002736006e-02
1.6859667261584405e-02
1.7926400013614004e-02
1.7926400013614004e-02
1.7926400013614004e-02
1.7926400013614004e-02
1.7926400013614004e-02
1.7926400013614004e-02
1.7926400013614004e-02
1.7926400013614004e-02
1.7926400013614004e-02
1.7926400013614004e-02
1.7926400013614004e-02
1.7926400013614004e-02
1.7926400013614004e-02
1.7926400013614004e-02
1.7926400013614004e-02
1.7926400013614004e-02
1.7926400013614004e-02
1.7926400013614004e-02
1.7926400013614004e-02
1.7926400013614004e-02
1.8755840008992396e-02
1.8755840008992396e-02
1.8755840008992396e-02
1.8755840008992396e-02
1.8755840008992396e-02
1.8755840008992396e-02
1.8755840008992396e-02
1.8755840008992396e-02
1.8755840008992396e-02
1.8755840008992396e-02
1.8755840008992396e-02
1.8755840008992396e-02
1.8755840008992396e-02
1.8755840008992396e-02
1.8755840008992396e-02
1.8755840008992396e-02
1.8755840008992396e-02
1.8755840008992396e-02
1.8755840008992396e-02
1.8755840008992396e-02
1.9253339625815640e-02
1.9253339625815640e-02
1.9253339625815640e-02
1.9253339625815640e-02
1.9253339625815640e-02
1.9253339625815640e-02
1.9253339625815640e-02
1.9253339625815640e-02
1.9253339625815640e-02
1.9253339625815640e-02
1.9253339625815640e-02
1.9253339625815640e-02
1.9253339625815640e-02
1.9253339625815640e-02
1.9253339625815640e-02
1.9253339625815640e-02
1.9253339625815640e-02
1.9253339625815640e-02
1.9253339625815640e-02
1.9253339625815640e-02
1.9551898945910817e-02
1.9551898945910817e-02
1.9551898945910817e-02
1.9551898945910817e-02
1.9551898945910817e-02
1.9551898945910817e-02
1.9551898945910817e-02
1.9551898945910817e-02
1.9551898945910817e-02
1.9551898945910817e-02
1.9551898945910817e-02
1.9551898945910817e-02
1.9551898945910817e-02
1.9551898945910817e-02
1.9551898945910817e-02
1.9551898945910817e-02
1.9551898945910817e-02
1.9551898945910817e-02
1.9551898945910817e-02
1.9551898945910817e-02
1.9731177664234836e-02
1.9731177664234836e-02
1.9731177664234836e-02
1.9731177664234836e-02
1.9731177664234836e-02
1.9731177664234836e-02
1.9731177664234836e-02
1.9731177664234836e-02
1.9731177664234836e-02
1.9731177664234836e-02
1.9731177664234836e-02
1.9731177664234836e-02
1.9731177664234836e-02
1.9731177664234836e-02
1.9731177664234836e-02
1.9731177664234836e-02
1.9731177664234836e-02
1.9731177664234836e-02
1.9731177664234836e-02
1.9731177664234836e-02
1.9838693119186911e-02
1.9838693119186911e-02
1.9838693119186911e-02
1.9838693119186911e-02
1.9838693119186911e-02
1.9838693119186911e-02
1.9838693119186911e-02
1.9838693119186911e-02
1.9838693119186911e-02
1.9838693119186911e-02
1.9838693119186911e-02
