0.0000000000000000e+00
-2.2448148561966902e-10
-3.7459322942810071e-03
5.8523748067851752e-10
-8.1677339474192675e-07
-3.7475664073266606e-03
-1.1239429629245675e-02
1.2856361965720334e-08
-9.2683318371586249e-03
5.0910661073860455e-07
4.3815306204131364e-07
1.2667812638159543e-07
-3.7469355665525456e-03
-1.1241568059098853e-02
2.0608189231510234e-09
7.4972784161560502e-03
5.3212352727527919e-10
5.3994040216974605e-10
-3.7467504075308473e-03
4.1165033245651770e-10
8.6013846454559366e-11
3.1728402243204401e-10
-3.7467506488083639e-03
5.8484869048257165e-10
8.1998718547410317e-07
4.0591435763512884e-08
4.6239858179179216e-07
4.6251215261173837e-07
4.6270240911302510e-07
4.6254749572532600e-07
4.6235029375292209e-07
1.2182562704090951e-07
-3.7461509228424155e-03
-1.1237537728574283e-02
2.0409903424210024e-09
7.4891544980138702e-03
3.5155588903360103e-10
4.1424490905131810e-10
-3.7459317696538021e-03
3.6320001230307968e-10
8.8883920268782487e-13
-1.2968004622966714e-10
-3.7459324661403308e-03
1.1766730173812801e-10
-8.1784147797565292e-07
-3.7475675110074502e-03
-1.1239430791624812e-02
4.9841268224251221e-09
-2.3718120194254826e-02
5.8514589310177932e-07
4.0173821959850040e-07
1.2594976541161133e-07
-3.7469003992517784e-03
-1.1241497099178420e-02
1.9783444283755944e-09
7.4972068184471809e-03
3.2584705262717862e-10
2.5160815805062279e-10
-3.7467507256978604e-03
2.0693454354210144e-10
-1.5408705155572606e-10
7.2690141489994272e-11
-3.7467509032830192e-03
3.0341722807353889e-10
8.1983034171855035e-07
-3.7451115012309510e-03
-1.1238612432121684e-02
2.2247810925958921e-09
-3.7978823035024973e-03
2.0075041400044591e-08
4.5239720202060113e-07
1.2125046065926473e-07
-3.7461417071261481e-03
-1.1237518734788810e-02
2.0214484974813713e-09
7.4891353021359214e-03
3.8051320499986162e-10
3.9131476731630920e-10
-3.7459318328350050e-03
5.3008576512539854e-10
7.6119215538328151e-12
7.7030587256410849e-12
-3.7459319944499235e-03
7.7343629101958095e-10
-8.1731190081204092e-07
-3.7475671420552411e-03
-1.1239430476684232e-02
2.7170084444249514e-09
7.4910475265895990e-03
-1.2986943008965492e-02
1.0274583853064471e-08
1.2716078366910885e-07
-3.7465068925398334e-03
-1.1240711148266674e-02
2.8317420152744651e-09
7.4964227407958266e-03
1.1359014570789747e-09
1.2740298416850613e-09
-3.7467495841843092e-03
1.4798685953418479e-09
8.2796209449643698e-10
9.2810178146466534e-10
-3.7467499018997187e-03
1.2810899267117144e-09
8.2064386451176980e-07
-3.7451109579110897e-03
-1.1238612091308857e-02
2.8278621411843376e-09
7.4943227783227278e-03
1.1243530029078814e-02
1.5154554827983050e-08
1.2257991639390681e-07
-3.7457021390489616e-03
-1.1236640425378808e-02
2.6106683364470720e-09
7.4882579545092346e-03
9.9169959596317423e-10
8.3818624444228909e-10
-3.7459309936851795e-03
1.1238365754791469e-09
5.8057584617719141e-10
5.6520841630179961e-10
-3.7459316133366420e-03
9.6386626849664725e-10
-8.1696103158270728e-07
-3.7475666443311053e-03
-1.1239430225291587e-02
2.6875278522933469e-09
7.4910473245202239e-03
1.1234522849336282e-02
-3.2259186828216324e-02
1.2615211310026090e-07
2.8513841384846684e-02
8.7871347774187066e-09
3.8783653560499079e-09
-3.7467514859857555e-03
1.0623488181991305e-09
8.2186194046639013e-07
-3.7451078641251847e-03
1.4324419454445367e-09
7.9391309385013130e-10
8.5466476354951083e-10
-3.7467498715964458e-03
1.4366673557620611e-09
8.2089148266953896e-07
-3.7451103452496035e-03
-1.1238611321978814e-02
3.2139179665303064e-09
7.4943230302845585e-03
1.1243530076063961e-02
-1.1619730018495032e-02
1.2363212659217994e-07
7.8736271414749232e-03
1.2001598858418186e-02
1.2384857780905419e-02
9.0242218466529914e-03
-2.9414480412576491e-09
-9.8738318520056150e-10
-3.7459311386815347e-03
1.1503588704530333e-09
4.1350447604269197e-10
5.2879831701812353e-10
-3.7459316882761289e-03
1.0093696647408034e-09
-8.1676484076990414e-07
-3.7475665474852307e-03
-1.1239430030339273e-02
2.9776017670989560e-09
7.4910473627116253e-03
1.1234523071726713e-02
-4.1885866692381053e-03
1.2575592444134172e-07
4.4223617242770822e-04
-2.8630734793917223e-03
-9.9166230105022096e-03
2.0898649093534469e-09
6.1743417709136696e-03
2.3761795014321947e-10
1.0439930830606302e-09
6.1800244986363182e-10
4.5935965502483224e-10
7.0166782381937684e-10
-3.7467501680243463e-03
9.3547226298105492e-10
8.2049692543718863e-07
-3.7451106133787556e-03
-1.1238611034735745e-02
3.1660441362471496e-09
7.4943221390895570e-03
1.1243528520852430e-02
-1.5071883857435203e-03
1.2382410121762598e-07
-2.2385502096033813e-03
-8.2223927168901968e-03
2.2078652705169701e-09
4.4741186386981768e-03
5.2007755307869928e-03
2.1807921933708944e-03
-4.5850128280994972e-03
1.2182351703641691e-09
1.0476603941137526e-10
