0.0000000000000000e+00
0.0000000000000000e+00
0.0000000000000000e+00
0.0000000000000000e+00
0.0000000000000000e+00
0.0000000000000000e+00
5.2970153959678683e+00
2.3345164174256148e+01
4.0805956127687104e+01
5.7583043915987673e+01
7.3533681232623465e+01
7.3533681232623465e+01
7.3533681232623465e+01
7.3533681232623465e+01
7.3533681232623465e+01
7.3533681232623465e+01
7.3533681232623451e+01
7.3533681232623422e+01
7.3533681232623465e+01
7.3533681232623465e+01
7.3533681232623479e+01
7.3533681232623479e+01
7.3533681232623479e+01
7.3533681232623422e+01
7.3533681232623408e+01
7.3533681232623408e+01
7.3533681232623451e+01
6.7503645805821080e+01
4.7935368126112692e+01
2.8688037293621782e+01
9.8045774687375005e+00
-8.6496799342472315e+00
-2.6598716205969325e+01
-4.3948992490965637e+01
-4.3948992490965637e+01
-4.3948992490965637e+01
-4.3948992490965637e+01
-4.3948992490965637e+01
-4.3948992490965637e+01
-4.3948992490965637e+01
-4.3948992490965637e+01
-4.3948992490965637e+01
-4.3948992490965637e+01
-4.3948992490965637e+01
-4.3948992490965637e+01
-4.3948992490965637e+01
-4.3948992490965637e+01
-4.3948992490965637e+01
-4.3948992490965637e+01
-4.3948992490965637e+01
-2.9163799355171232e+01
-1.0268061786338249e+01
8.1911253705489919e+00
2.6153656615055588e+01
2.6153656615055578e+01
2.6153656615055585e+01
2.6153656615055585e+01
2.6153656615055567e+01
2.6153656615055567e+01
2.6153656615055567e+01
2.6153656615055553e+01
2.6153656615055553e+01
2.6153656615055553e+01
2.6153656615055553e+01
2.6153656615055546e+01
2.6153656615055546e+01
2.6153656615055539e+01
2.6153656615055539e+01
2.6153656615055510e+01
2.6153656615055510e+01
2.6153656615055503e+01
2.1520833917669023e+01
2.7914500334337937e+00
-1.5476902779979252e+01
-1.5476902779979252e+01
-1.5476902779979252e+01
-1.5476902779979252e+01
-1.5476902779979252e+01
-1.5476902779979252e+01
-1.5476902779979252e+01
-1.5476902779979252e+01
-1.5476902779979252e+01
-1.5476902779979252e+01
-1.5476902779979252e+01
-1.5476902779979252e+01
-1.5476902779979252e+01
-1.5476902779979252e+01
-1.5476902779979252e+01
-1.5476902779979252e+01
-1.5476902779979252e+01
-1.5476902779979252e+01
-1.5476902779979252e+01
-9.3041665433842731e+00
9.1378762189098204e+00
9.1378762189098204e+00
9.1378762189098151e+00
9.1378762189098186e+00
9.1378762189098186e+00
9.1378762189098186e+00
9.1378762189098115e+00
9.1378762189098079e+00
9.1378762189098079e+00
9.1378762189098079e+00
9.1378762189098079e+00
9.1378762189098062e+00
9.1378762189098062e+00
9.1378762189098079e+00
9.1378762189098079e+00
9.1378762189098115e+00
9.1378762189098115e+00
9.1378762189097991e+00
9.1378762189097991e+00
9.1378762189097991e+00
-5.3810237119666962e+00
-5.3810237119666962e+00
-5.3810237119666962e+00
-5.3810237119666962e+00
-5.3810237119666962e+00
-5.3810237119666962e+00
-5.3810237119666962e+00
-5.3810237119666962e+00
-5.3810237119666962e+00
-5.3810237119666962e+00
-5.3810237119666962e+00
-5.3810237119666962e+00
-5.3810237119666962e+00
-5.3810237119666962e+00
-5.3810237119666962e+00
-5.3810237119666962e+00
-5.3810237119666962e+00
-5.3810237119666962e+00
-5.3810237119666962e+00
-5.3810237119666962e+00
3.1953084398189961e+00
3.1953084398189953e+00
3.1953084398189953e+00
3.1953084398189953e+00
3.1953084398189979e+00
3.1953084398189984e+00
3.1953084398189984e+00
3.1953084398189975e+00
3.1953084398189975e+00
3.1953084398189970e+00
3.1953084398189970e+00
3.1953084398189970e+00
3.1953084398189970e+00
3.1953084398189935e+00
3.1953084398189935e+00
3.1953084398189939e+00
3.1953084398189939e+00
3.1953084398189930e+00
3.1953084398189930e+00
3.1953084398189930e+00
-1.9051305064621311e+00
-1.9051305064621311e+00
-1.9051305064621311e+00
-1.9051305064621311e+00
-1.9051305064621311e+00
-1.9051305064621311e+00
-1.9051305064621311e+00
-1.9051305064621311e+00
-1.9051305064621311e+00
-1.9051305064621311e+00
-1.9051305064621311e+00
-1.9051305064621311e+00
-1.9051305064621311e+00
-1.9051305064621311e+00
-1.9051305064621311e+00
-1.9051305064621311e+00
-1.9051305064621311e+00
-1.9051305064621311e+00
-1.9051305064621311e+00
-1.9051305064621311e+00
1.1068207708090445e+00
1.1068207708090443e+00
1.1068207708090443e+00
1.1068207708090443e+00
1.1068207708090443e+00
1.1068207708090441e+00
1.1068207708090441e+00
1.1068207708090445e+00
1.1068207708090450e+00
1.1068207708090450e+00
1.1068207708090452e+00
1.1068207708090452e+00
1.1068207708090452e+00
1.1068207708090450e+00
1.1068207708090450e+00
1.1068207708090452e+00
1.1068207708090452e+00
1.1068207708090450e+00
1.1068207708090450e+00
1.1068207708090450e+00
-6.8356559856881749e-01
-6.8356559856881749e-01
-6.8356559856881749e-01
-6.8356559856881749e-01
-6.8356559856881749e-01
-6.8356559856881749e-01
-6.8356559856881749e-01
-6.8356559856881749e-01
-6.8356559856881749e-01
-6.8356559856881749e-01
-6.8356559856881749e-01
