0.0000000000000000e+00
0.0000000000000000e+00
0.0000000000000000e+00
0.0000000000000000e+00
0.0000000000000000e+00
0.0000000000000000e+00
0.0000000000000000e+00
0.0000000000000000e+00
-5.4836066651773884e-05
-6.5490662370181481e+00
-1.2966759463615581e+01
-1.2966759463615581e+01
-1.2966759463615571e+01
-1.2966759463615590e+01
-1.2966759463615567e+01
-1.2966759463615542e+01
-1.2966759463615553e+01
-1.2966759463615535e+01
-1.2966759463615528e+01
-1.2966759463615528e+01
-1.2966759463615540e+01
-1.2966759463615528e+01
-1.2966759463615524e+01
-1.2966759463615507e+01
-1.2966759463615526e+01
-1.2966759463615551e+01
-1.2966759463615530e+01
-1.2201538524383592e+01
-5.4457552189746075e+00
1.1999737782993298e+00
7.7268756703337482e+00
7.7268756703337669e+00
7.7268756703337527e+00
7.7268756703337598e+00
7.7268756703337704e+00
7.7268756703337589e+00
7.7268756703337615e+00
7.7268756703337687e+00
7.7268756703337740e+00
7.7268756703337713e+00
7.7268756703337598e+00
7.7268756703337571e+00
7.7268756703337553e+00
7.7268756703337633e+00
7.7268756703337589e+00
7.7268756703337509e+00
7.7268756703337527e+00
7.7268756703337598e+00
7.7268756703337447e+00
2.0016960300045072e+00
-4.5739656538436497e+00
-4.5739656538436506e+00
-4.5739656538436559e+00
-4.5739656538436497e+00
-4.5739656538436515e+00
-4.5739656538436462e+00
-4.5739656538436435e+00
-4.5739656538436524e+00
-4.5739656538436453e+00
-4.5739656538436435e+00
-4.5739656538436444e+00
-4.5739656538436408e+00
-4.5739656538436355e+00
-4.5739656538436346e+00
-4.5739656538436337e+00
-4.5739656538436311e+00
-4.5739656538436337e+00
-4.5739656538436346e+00
-4.5739656538436311e+00
-3.9073510375138572e+00
2.7152021618100304e+00
2.7152021618100348e+00
2.7152021618100339e+00
2.7152021618100326e+00
2.7152021618100290e+00
2.7152021618100255e+00
2.7152021618100299e+00
2.7152021618100290e+00
2.7152021618100282e+00
2.7152021618100255e+00
2.7152021618100250e+00
2.7152021618100259e+00
2.7152021618100286e+00
2.7152021618100335e+00
2.7152021618100317e+00
2.7152021618100317e+00
2.7152021618100286e+00
2.7152021618100304e+00
2.7152021618100339e+00
2.7152021618100339e+00
-1.6116497586162162e+00
-1.6116497586162153e+00
-1.6116497586162124e+00
-1.6116497586162111e+00
-1.6116497586162088e+00
-1.6116497586162066e+00
-1.6116497586162097e+00
-1.6116497586162080e+00
-1.6116497586162097e+00
-1.6116497586162095e+00
-1.6116497586162091e+00
-1.6116497586162113e+00
-1.6116497586162146e+00
-1.6116497586162160e+00
-1.6116497586162151e+00
-1.6116497586162133e+00
-1.6116497586162122e+00
-1.6116497586162108e+00
-1.6116497586162117e+00
-1.6116497586162117e+00
9.6085842390978682e-01
9.6085842390978660e-01
9.6085842390978793e-01
9.6085842390978837e-01
9.6085842390978804e-01
9.6085842390979148e-01
9.6085842390979137e-01
9.6085842390979059e-01
9.6085842390979170e-01
9.6085842390979137e-01
9.6085842390979259e-01
9.6085842390979215e-01
9.6085842390979181e-01
9.6085842390979104e-01
9.6085842390979137e-01
9.6085842390979082e-01
9.6085842390979082e-01
9.6085842390979048e-01
9.6085842390979015e-01
9.6085842390979070e-01
-5.7430970455172814e-01
-5.7430970455172736e-01
-5.7430970455172814e-01
-5.7430970455172758e-01
-5.7430970455172681e-01
-5.7430970455172681e-01
-5.7430970455172614e-01
-5.7430970455172559e-01
-5.7430970455172570e-01
-5.7430970455172559e-01
-5.7430970455172592e-01
-5.7430970455172525e-01
-5.7430970455172470e-01
-5.7430970455172448e-01
-5.7430970455172448e-01
-5.7430970455172570e-01
-5.7430970455172581e-01
-5.7430970455172592e-01
-5.7430970455172559e-01
-5.7430970455172570e-01
3.3805521654277604e-01
3.3805521654277626e-01
3.3805521654277637e-01
3.3805521654277632e-01
3.3805521654277687e-01
3.3805521654277632e-01
3.3805521654277598e-01
3.3805521654277582e-01
3.3805521654277582e-01
3.3805521654277593e-01
3.3805521654277593e-01
3.3805521654277559e-01
3.3805521654277570e-01
3.3805521654277521e-01
3.3805521654277482e-01
3.3805521654277515e-01
3.3805521654277448e-01
3.3805521654277476e-01
3.3805521654277465e-01
3.3805521654277454e-01
-2.0622004269277264e-01
-2.0622004269277244e-01
-2.0622004269277255e-01
-2.0622004269277261e-01
-2.0622004269277253e-01
-2.0622004269277225e-01
-2.0622004269277261e-01
-2.0622004269277264e-01
-2.0622004269277286e-01
-2.0622004269277261e-01
-2.0622004269277264e-01
-2.0622004269277261e-01
-2.0622004269277283e-01
-2.0622004269277278e-01
-2.0622004269277283e-01
-2.0622004269277311e-01
-2.0622004269277319e-01
-2.0622004269277325e-01
-2.0622004269277314e-01
-2.0622004269277341e-01
1.2495865719090414e-01
1.2495865719090411e-01
1.2495865719090410e-01
1.2495865719090424e-01
1.2495865719090413e-01
1.2495865719090407e-01
1.2495865719090393e-01
1.2495865719090388e-01
1.2495865719090385e-01
1.2495865719090415e-01
1.2495865719090411e-01
