0.0000000000000000e+00
0.0000000000000000e+00
0.0000000000000000e+00
0.0000000000000000e+00
0.0000000000000000e+00
0.0000000000000000e+00
-2.6485076979871427e+00
-1.1672582087132980e+01
-2.0402978063851201e+01
-2.8791521958001493e+01
-3.6766840616318092e+01
-3.6766840616318092e+01
-3.6766840616318099e+01
-3.6766840616318113e+01
-3.6766840616318149e+01
-3.6766840616318134e+01
-3.6766840616318163e+01
-3.6766840616318184e+01
-3.6766840616318120e+01
-3.6766840616318085e+01
-3.6766840616318071e+01
-3.6766840616318092e+01
-3.6766840616318156e+01
-3.6766840616318106e+01
-3.6766840616318113e+01
-3.6766840616318063e+01
-3.6766840616318078e+01
-3.3751822902917596e+01
-2.3967684063063661e+01
-1.4344018646818174e+01
-4.9022887343768318e+00
4.3248399671147757e+00
1.3299358102975116e+01
2.1974496245475891e+01
2.1974496245475908e+01
2.1974496245475859e+01
2.1974496245475869e+01
2.1974496245475841e+01
2.1974496245475816e+01
2.1974496245475837e+01
2.1974496245475823e+01
2.1974496245475834e+01
2.1974496245475869e+01
2.1974496245475855e+01
2.1974496245475851e+01
2.1974496245475880e+01
2.1974496245475883e+01
2.1974496245475869e+01
2.1974496245475844e+01
2.1974496245475866e+01
1.4581899677578098e+01
5.1340308931597960e+00
-4.0955626852823688e+00
-1.3076828307535209e+01
-1.3076828307535209e+01
-1.3076828307535216e+01
-1.3076828307535196e+01
-1.3076828307535212e+01
-1.3076828307535216e+01
-1.3076828307535212e+01
-1.3076828307535218e+01
-1.3076828307535214e+01
-1.3076828307535237e+01
-1.3076828307535237e+01
-1.3076828307535235e+01
-1.3076828307535218e+01
-1.3076828307535216e+01
-1.3076828307535216e+01
-1.3076828307535228e+01
-1.3076828307535241e+01
-1.3076828307535232e+01
-1.0760416958843255e+01
-1.3957250167271780e+00
7.7384513899776461e+00
7.7384513899776488e+00
7.7384513899776515e+00
7.7384513899776479e+00
7.7384513899776479e+00
7.7384513899776408e+00
7.7384513899776390e+00
7.7384513899776355e+00
7.7384513899776284e+00
7.7384513899776399e+00
7.7384513899776373e+00
7.7384513899776346e+00
7.7384513899776266e+00
7.7384513899776364e+00
7.7384513899776302e+00
7.7384513899776275e+00
7.7384513899776319e+00
7.7384513899776319e+00
7.7384513899776284e+00
4.6520832716804730e+00
-4.5689381094667052e+00
-4.5689381094667061e+00
-4.5689381094667043e+00
-4.5689381094667096e+00
-4.5689381094667159e+00
-4.5689381094667176e+00
-4.5689381094667176e+00
-4.5689381094667239e+00
-4.5689381094667176e+00
-4.5689381094667185e+00
-4.5689381094667221e+00
-4.5689381094667230e+00
-4.5689381094667283e+00
-4.5689381094667301e+00
-4.5689381094667310e+00
-4.5689381094667310e+00
-4.5689381094667301e+00
-4.5689381094667283e+00
-4.5689381094667381e+00
-4.5689381094667292e+00
2.6905118559683920e+00
2.6905118559683947e+00
2.6905118559683956e+00
2.6905118559684000e+00
2.6905118559683929e+00
2.6905118559683934e+00
2.6905118559683894e+00
2.6905118559683916e+00
2.6905118559683880e+00
2.6905118559683858e+00
2.6905118559683823e+00
2.6905118559683792e+00
2.6905118559683729e+00
2.6905118559683698e+00
2.6905118559683689e+00
2.6905118559683725e+00
2.6905118559683689e+00
2.6905118559683729e+00
2.6905118559683765e+00
2.6905118559683778e+00
-1.5976542199255324e+00
-1.5976542199255319e+00
-1.5976542199255306e+00
-1.5976542199255295e+00
-1.5976542199255266e+00
-1.5976542199255250e+00
-1.5976542199255259e+00
-1.5976542199255270e+00
-1.5976542199255264e+00
-1.5976542199255241e+00
-1.5976542199255244e+00
-1.5976542199255233e+00
-1.5976542199255221e+00
-1.5976542199255233e+00
-1.5976542199255241e+00
-1.5976542199255261e+00
-1.5976542199255257e+00
-1.5976542199255279e+00
-1.5976542199255268e+00
-1.5976542199255284e+00
9.5256525321689123e-01
9.5256525321689078e-01
9.5256525321689089e-01
9.5256525321689178e-01
9.5256525321689045e-01
9.5256525321688978e-01
9.5256525321688901e-01
9.5256525321688901e-01
9.5256525321688879e-01
9.5256525321688934e-01
9.5256525321688856e-01
9.5256525321688978e-01
9.5256525321689023e-01
9.5256525321688934e-01
9.5256525321688890e-01
9.5256525321688801e-01
9.5256525321688934e-01
9.5256525321689023e-01
9.5256525321689012e-01
9.5256525321689089e-01
-5.5341038541695187e-01
-5.5341038541695176e-01
-5.5341038541695164e-01
-5.5341038541695187e-01
-5.5341038541695142e-01
-5.5341038541695142e-01
-5.5341038541695098e-01
-5.5341038541695031e-01
-5.5341038541694987e-01
-5.5341038541694931e-01
-5.5341038541694920e-01
-5.5341038541694898e-01
-5.5341038541694976e-01
-5.5341038541694976e-01
-5.5341038541695120e-01
-5.5341038541695120e-01
-5.5341038541695076e-01
-5.5341038541695087e-01
-5.5341038541695031e-01
-5.5341038541695031e-01
3.4178279927262623e-01
3.4178279927262611e-01
3.4178279927262606e-01
3.4178279927262561e-01
3.4178279927262512e-01
3.4178279927262478e-01
3.4178279927262445e-01
3.4178279927262389e-01
3.4178279927262389e-01
3.4178279927262367e-01
3.4178279927262312e-01
