0.0000000000000000e+00
1.7073170731576957e-04
3.4143427029156989e-04
5.1219512194573412e-04
6.8292681930923551e-04
8.5362937233675817e-04
1.3667889239838092e-03
2.8582155979857758e-03
4.4937653218538182e-03
6.3025868523947570e-03
8.3180137202492812e-03
8.2612597050967327e-03
8.2045024687431786e-03
8.1238654374179119e-03
8.0098163527713151e-03
7.8490769016458239e-03
7.6785587274419906e-03
7.5076134871981271e-03
7.3368817799975431e-03
7.1661209185036982e-03
6.9954183654251465e-03
6.8246866680098809e-03
6.6539549507956611e-03
6.6108532012821523e-03
6.4401032375521949e-03
6.2693897866441519e-03
6.0986471876793985e-03
5.6628742645804591e-03
4.5510721693491490e-03
3.3603145161328054e-03
2.0775222031874730e-03
6.8749396488643828e-04
-8.2871612668248304e-04
-2.4944875827122579e-03
-2.3238461107568460e-03
-2.1532337523461334e-03
-1.9823826801052659e-03
-1.8115607929669012e-03
-1.6409192654154219e-03
-1.4703068514272969e-03
-1.2994558508379040e-03
-1.1287241434490441e-03
-9.5799243612350044e-04
-7.8726072880643504e-04
-6.1652902148963981e-04
-4.4582645851285016e-04
-2.7506560685955182e-04
-1.0433390949722310e-04
6.6368643528555394e-05
2.3704206216541528e-04
1.1894593205364296e-03
2.4699646962510081e-03
3.8565768917775446e-03
5.3693165620914245e-03
5.1986720901703214e-03
5.0279984937437903e-03
4.8572957628678481e-03
4.6864769788939001e-03
4.5156290108788215e-03
4.3450135641820422e-03
4.1742818569367188e-03
4.0035209953970981e-03
3.8328184423038932e-03
3.6620867349923519e-03
3.4913550276752673e-03
3.3205941660634473e-03
3.1498916130351592e-03
2.9791599156703766e-03
2.8083990640147835e-03
2.6376090481115264e-03
2.4669647837489623e-03
2.0410105453621649e-03
7.1977632554800120e-04
-7.1494617733861682e-04
-5.4427908148897740e-04
-3.7364110792827826e-04
-2.0303224671610137e-04
-3.2083952149571343e-05
1.3864775527423727e-04
3.0935031835817387e-04
4.8011116994209953e-04
6.5084286723596804e-04
8.2157458458144200e-04
9.9230629189816914e-04
1.1630379992151304e-03
1.3337405621926639e-03
1.5045014138444675e-03
1.6752331112061974e-03
1.8459356642320202e-03
2.0166090828692058e-03
2.1874282430968299e-03
2.3582182291222889e-03
2.8934856298803344e-03
4.2866507992792941e-03
4.1159296510394879e-03
3.9451793521131867e-03
3.7743998925429826e-03
3.6037345360275391e-03
3.4330400478765062e-03
3.2622711214057385e-03
3.0915394140862873e-03
2.9207785524730323e-03
2.7500759994484167e-03
2.5793442921362895e-03
2.4086125848186818e-03
2.2378517232072691e-03
2.0671491701794672e-03
1.8964174728139547e-03
1.7256566211588094e-03
1.5548666052552871e-03
1.3842223408934680e-03
1.2135489520970326e-03
1.0428464289221969e-03
-6.6969776486435875e-05
1.0374740563470746e-04
2.7443544837293021e-04
4.4509436167599421e-04
6.1594253230509710e-04
7.8676151882374294e-04
9.5740594696076418e-04
1.1281376542876123e-03
1.2988402172742241e-03
1.4696010689296646e-03
1.6403327762518670e-03
1.8110644835682749e-03
1.9817670465449751e-03
2.1525278981970775e-03
2.3232595955598448e-03
2.4939621485857663e-03
2.6646355672225903e-03
2.8354547274489334e-03
3.0062447134733537e-03
3.1770055352596553e-03
3.8945912052044443e-03
3.7238617323384323e-03
3.5531031059419745e-03
3.3823153160570650e-03
3.2116666138790012e-03
3.0409887857503455e-03
2.8702031992603855e-03
2.6994714919429995e-03
2.5287106303317126e-03
2.3580080773080180e-03
2.1872763699963800e-03
2.0165446626786167e-03
1.8457838010679010e-03
1.6750812480401161e-03
1.5043495506759292e-03
1.3335886990215142e-03
1.1627986831186626e-03
9.9215441875519185e-04
8.2148102995658842e-04
6.5077850677887719e-04
1.5734067034837049e-04
3.2807212305015264e-04
4.9877443149877931e-04
6.6944760564350279e-04
8.4026724775956396e-04
1.0110577155087465e-03
1.1817306624103754e-03
1.3524623697277007e-03
1.5231649327048502e-03
1.6939257843620163e-03
1.8646574916844614e-03
2.0353891990007463e-03
2.2060917619775261e-03
2.3768526136297122e-03
2.5475843109924318e-03
2.7182868640175852e-03
2.8889602826555616e-03
3.0597794428814480e-03
3.2305694289056601e-03
3.4013302506913151e-03
3.7612688279402917e-03
3.5908011035977838e-03
3.4203043150561841e-03
3.2493376913037809e-03
3.0786059841304237e-03
2.9078451226630421e-03
2.7371425695702921e-03
2.5664108721414219e-03
2.3956500204212875e-03
2.2249474476196797e-03
2.0542157403078427e-03
1.8834840329894969e-03
1.7127231713779637e-03
1.5420206183493629e-03
1.3712889209846649e-03
1.2005280693294473e-03
1.0297380534257932e-03
8.5909378906365947e-04
6.8842040026695264e-04
5.1771787709229994e-04
2.3460389720416212e-04
4.0525110777195637e-04
5.7586920283731326e-04
7.4671452468456196e-04
9.1753066339458162e-04
1.0883176289337318e-03
1.2589096466819642e-03
1.4296413539937932e-03
1.6003439169641385e-03
1.7711047686537662e-03
1.9418364759769490e-03
