0.0000000000000000e+00
-5.1219512194805868e-05
-1.0244164796240434e-04
-1.5365853658170895e-04
-2.0487804850514191e-04
-2.5610018400089519e-04
-4.7851643429428132e-04
-1.1900845733808453e-03
-1.9737202543932257e-03
-2.8439883247381704e-03
-3.8175603908109541e-03
-3.8005485517285183e-03
-3.7835370020445976e-03
-3.7593302715197155e-03
-3.7250977851869299e-03
-3.6768937108319156e-03
-3.6257681082540036e-03
-3.5744546864716229e-03
-3.5232351742703442e-03
-3.4720182853720592e-03
-3.4207961498789437e-03
-3.3695766379594986e-03
-3.3183571254930969e-03
-3.3054266006399299e-03
-3.2542087312494731e-03
-3.2029875762485194e-03
-3.1517690447193866e-03
-2.9680225053973796e-03
-2.4462680672823933e-03
-1.8850377744011994e-03
-1.2777888282907923e-03
-6.1692222049693126e-04
1.0703478273462926e-04
9.0577170065304067e-04
8.5460598266322134e-04
8.0343764660816865e-04
7.5216694977443452e-04
7.0089362412234675e-04
6.4972792537527761e-04
5.9855960856475179e-04
5.4728890099374396e-04
4.9606938879252370e-04
4.4484987659897487e-04
3.9363036440385167e-04
3.4241085220891208e-04
2.9118871644099687e-04
2.3997182782212049e-04
1.8875231589895558e-04
1.3753018040267291e-04
8.6305421064939868e-05
-3.5570580446753355e-04
-9.6181163196551889e-04
-1.6209759287024519e-03
-2.3432012684048223e-03
-2.2920189716958425e-03
-2.2408392944795008e-03
-2.1896622364886370e-03
-2.1383604406721049e-03
-2.0870612765936194e-03
-2.0359214162846600e-03
-1.9847019040847768e-03
-1.9334850151887938e-03
-1.8822628796877228e-03
-1.8310433674958906e-03
-1.7798238553005524e-03
-1.7286069664087193e-03
-1.6773848309067530e-03
-1.6261653189777064e-03
-1.5749484303532592e-03
-1.5237341647631091e-03
-1.4725067821143437e-03
-1.2936760107390142e-03
-6.6720605497982673e-04
1.6004637102788844e-05
-3.5177532216506643e-05
-8.6362321285603100e-05
-1.3754973036928349e-04
-1.8883607275568961e-04
-2.4005558497137720e-04
-2.9127772075916789e-04
-3.4249460935998195e-04
-3.9371412126498913e-04
-4.4493363375403309e-04
-4.9615314594869957e-04
-5.4737265814441935e-04
-5.9859479391230421e-04
-6.4981168253093826e-04
-7.0103119445404202e-04
-7.5225332994908350e-04
-8.0347808928619556e-04
-8.5468973130136371e-04
-9.0590399608254501e-04
-1.1394257689034751e-03
-1.8018626941798369e-03
-1.7506477522049872e-03
-1.6994354330656094e-03
-1.6482257364928755e-03
-1.5969892192260952e-03
-1.5457553270055769e-03
-1.4945501948459791e-03
-1.4433306826500628e-03
-1.3921137937583793e-03
-1.3408916582590721e-03
-1.2896721460677728e-03
-1.2384526338723105e-03
-1.1872357449808513e-03
-1.1360136094789059e-03
-1.0847940975507299e-03
-1.0335772089253221e-03
-9.8236294333614105e-04
-9.3113556068839267e-04
-8.7991080215064140e-04
-8.2868866745441786e-04
-3.0797955665716589e-04
-3.5919077586036658e-04
-4.1040461778751029e-04
-4.6162108270677118e-04
-5.1284931494017258e-04
-5.6408017163928135e-04
-6.1528833934217108e-04
-6.6650785153704866e-04
-7.1772998730538226e-04
-7.6894687592780247e-04
-8.2016638812677030e-04
-8.7138590032152764e-04
-9.2260803608919337e-04
-9.7382492470767358e-04
-1.0250444366309900e-03
-1.0762665721265005e-03
-1.1274913314644913e-03
-1.1787029734770856e-03
-1.2299172382570268e-03
-1.2811341260711344e-03
-1.6058323205844762e-03
-1.5546137929215815e-03
-1.5033978884618536e-03
-1.4521846069367305e-03
-1.4009552581541785e-03
-1.3497285336833416e-03
-1.2985162337746080e-03
-1.2472967215799481e-03
-1.1960798326887674e-03
-1.1448576971894086e-03
-1.0936381849974241e-03
-1.0424186728027478e-03
-9.9120178390999154e-04
-9.3997964840795718e-04
-8.8876013647861980e-04
-8.3754324785235501e-04
-7.8632898226198788e-04
-7.3510159961641581e-04
-6.8387684108097574e-04
-6.3265470638693068e-04
-4.2013376574518942e-04
-4.7135313462386613e-04
-5.2257512706068972e-04
-5.7379974332323852e-04
-6.2501167265626876e-04
-6.7622622478519104e-04
-7.2745069705795382e-04
-7.7867020925270628e-04
-8.2989234502020667e-04
-8.8110923364326547e-04
-9.3232874584226995e-04
-9.8354825803661670e-04
-1.0347703938037532e-03
-1.0859872824236564e-03
-1.1372067943469617e-03
-1.1884289298444333e-03
-1.2396536891825214e-03
-1.2908653311930543e-03
-1.3420795959706352e-03
-1.3932964837834341e-03
-1.5391853661716427e-03
-1.4880834785683866e-03
-1.4369842022354060e-03
-1.3856444555311858e-03
-1.3344249433215900e-03
-1.2832080544165052e-03
-1.2319859189284304e-03
-1.1807664070133618e-03
-1.1295495184024697e-03
-1.0783273823421135e-03
-1.0271078701508840e-03
-9.7588835795494396e-04
-9.2467146906348083e-04
-8.7344933356270425e-04
-8.2222982163398682e-04
-7.7101293300959640e-04
-7.1979866741965124e-04
-6.6857128477140792e-04
-6.1734652623351874e-04
-5.6612439153771999e-04
-4.5877042493460318e-04
-5.0994262699585518e-04
-5.6111744778433086e-04
-6.1238165261505407e-04
-6.6364848559885635e-04
-7.1491794700616687e-04
-7.6604018921697060e-04
-8.1725970140459432e-04
-8.6848183716655629e-04
-9.1969872579039452e-04
-9.7091823798860287e-04
