0.0000000000000000e+00
-5.1219512195507672e-05
-1.0244164796286898e-04
-1.5365853658238674e-04
-2.0487804850604041e-04
-2.5610018400142384e-04
-4.7851643429574239e-04
-1.1900845733817352e-03
-1.9737202543946815e-03
-2.8439883247396757e-03
-3.8175603908120865e-03
-3.8005485517295357e-03
-3.7835370020450829e-03
-3.7593302715208353e-03
-3.7250977851892228e-03
-3.6768937108330505e-03
-3.6257681082543809e-03
-3.5744546864726755e-03
-3.5232351742713166e-03
-3.4720182853731490e-03
-3.4207961498811919e-03
-3.3695766379621475e-03
-3.3183571254941551e-03
-3.3054266006409508e-03
-3.2542087312513457e-03
-3.2029875762493334e-03
-3.1517690447195510e-03
-2.9680225053985293e-03
-2.4462680672835235e-03
-1.8850377744022723e-03
-1.2777888282921430e-03
-6.1692222049866956e-04
1.0703478273247030e-04
9.0577170065152192e-04
8.5460598266247139e-04
8.0343764660765387e-04
7.5216694977373673e-04
7.0089362412055348e-04
6.4972792537335315e-04
5.9855960856413769e-04
5.4728890099327960e-04
4.9606938879210585e-04
4.4484987659783315e-04
3.9363036440316092e-04
3.4241085220710970e-04
2.9118871643980663e-04
2.3997182782073775e-04
1.8875231589798104e-04
1.3753018040237638e-04
8.6305421065762072e-05
-3.5570580446850830e-04
-9.6181163196706909e-04
-1.6209759287035784e-03
-2.3432012684061893e-03
-2.2920189716964324e-03
-2.2408392944801830e-03
-2.1896622364897672e-03
-2.1383604406722337e-03
-2.0870612765940509e-03
-2.0359214162846981e-03
-1.9847019040843687e-03
-1.9334850151888608e-03
-1.8822628796888584e-03
-1.8310433674972885e-03
-1.7798238553020447e-03
-1.7286069664104490e-03
-1.6773848309089899e-03
-1.6261653189789268e-03
-1.5749484303546112e-03
-1.5237341647649550e-03
-1.4725067821167038e-03
-1.2936760107412101e-03
-6.6720605498178914e-04
1.6004637100332456e-05
-3.5177532219226988e-05
-8.6362321287430577e-05
-1.3754973037205829e-04
-1.8883607275806114e-04
-2.4005558497309070e-04
-2.9127772076065081e-04
-3.4249460936154852e-04
-3.9371412126667528e-04
-4.4493363375506644e-04
-4.9615314595101412e-04
-5.4737265814589614e-04
-5.9859479391383933e-04
-6.4981168253296193e-04
-7.0103119445587606e-04
-7.5225332995163712e-04
-8.0347808928932750e-04
-8.5468973130257259e-04
-9.0590399608287244e-04
-1.1394257689052623e-03
-1.8018626941821358e-03
-1.7506477522073343e-03
-1.6994354330683698e-03
-1.6482257364964317e-03
-1.5969892192286140e-03
-1.5457553270072713e-03
-1.4945501948485855e-03
-1.4433306826528815e-03
-1.3921137937605078e-03
-1.3408916582615320e-03
-1.2896721460698554e-03
-1.2384526338746014e-03
-1.1872357449831206e-03
-1.1360136094798216e-03
-1.0847940975508919e-03
-1.0335772089256276e-03
-9.8236294333561326e-04
-9.3113556068944955e-04
-8.7991080215418696e-04
-8.2868866746002958e-04
-3.0797955665970759e-04
-3.5919077586265267e-04
-4.1040461778867754e-04
-4.6162108270676337e-04
-5.1284931494054425e-04
-5.6408017164109349e-04
-6.1528833934339233e-04
-6.6650785153930770e-04
-7.1772998730788515e-04
-7.6894687593023650e-04
-8.2016638812911239e-04
-8.7138590032361028e-04
-9.2260803609091877e-04
-9.7382492471023252e-04
-1.0250444366337490e-03
-1.0762665721298561e-03
-1.1274913314676131e-03
-1.1787029734794628e-03
-1.2299172382585122e-03
-1.2811341260722368e-03
-1.6058323205870944e-03
-1.5546137929236346e-03
-1.5033978884640069e-03
-1.4521846069388850e-03
-1.4009552581566349e-03
-1.3497285336865087e-03
-1.2985162337766801e-03
-1.2472967215808720e-03
-1.1960798326896922e-03
-1.1448576971898768e-03
-1.0936381849990019e-03
-1.0424186728036397e-03
-9.9120178391147863e-04
-9.3997964840975673e-04
-8.8876013648090963e-04
-8.3754324785560263e-04
-7.8632898226610438e-04
-7.3510159961739864e-04
-6.8387684107894860e-04
-6.3265470638174028e-04
-4.2013376574610915e-04
-4.7135313462461775e-04
-5.2257512706155881e-04
-5.7379974332524581e-04
-6.2501167265760916e-04
-6.7622622478575179e-04
-7.2745069705819983e-04
-7.7867020925285438e-04
-8.2989234502020635e-04
-8.8110923364337649e-04
-9.3232874584189070e-04
-9.8354825803652303e-04
-1.0347703938040705e-03
-1.0859872824232966e-03
-1.1372067943472379e-03
-1.1884289298433226e-03
-1.2396536891815235e-03
-1.2908653311928459e-03
-1.3420795959709735e-03
-1.3932964837845858e-03
-1.5391853661717481e-03
-1.4880834785700662e-03
-1.4369842022373958e-03
-1.3856444555327657e-03
-1.3344249433231434e-03
-1.2832080544177430e-03
-1.2319859189300053e-03
-1.1807664070154333e-03
-1.1295495184047699e-03
-1.0783273823444775e-03
-1.0271078701532970e-03
-9.7588835795825392e-04
-9.2467146906615957e-04
-8.7344933356475816e-04
-8.2222982163542837e-04
-7.7101293301112892e-04
-7.1979866742098687e-04
-6.6857128477303129e-04
-6.1734652623548071e-04
-5.6612439153924275e-04
-4.5877042493538099e-04
-5.0994262699618326e-04
-5.6111744778562420e-04
-6.1238165261566003e-04
-6.6364848559901887e-04
-7.1491794700555007e-04
-7.6604018921650656e-04
-8.1725970140434810e-04
-8.6848183716565944e-04
-9.1969872578914649e-04
-9.7091823798731364e-04
