0.0000000000000000e+00
0.0000000000000000e+00
0.0000000000000000e+00
0.0000000000000000e+00
0.0000000000000000e+00
0.0000000000000000e+00
3.4239904353014093e-04
1.6631096257229655e-03
3.1280143630885268e-03
4.7661305920592822e-03
6.6108532012810785e-03
6.6108532012810785e-03
6.6108532012810785e-03
6.6108532012810785e-03
6.6108532012810785e-03
6.6108532012810785e-03
6.6108532012810785e-03
6.6108532012810785e-03
6.6108532012810785e-03
6.6108532012810785e-03
6.6108532012810785e-03
6.6108532012810785e-03
6.6108532012810785e-03
6.6108532012810785e-03
6.6108532012810785e-03
6.6108532012810785e-03
6.6108532012810785e-03
6.8759054559578685e-03
7.8169804571015054e-03
8.8370414587716668e-03
9.9491115870555102e-03
1.1168419045075251e-02
1.2513911064435055e-02
1.4008967131367150e-02
1.4008967131367150e-02
1.4008967131367150e-02
1.4008967131367150e-02
1.4008967131367150e-02
1.4008967131367150e-02
1.4008967131367150e-02
1.4008967131367150e-02
1.4008967131367150e-02
1.4008967131367150e-02
1.4008967131367150e-02
1.4008967131367150e-02
1.4008967131367150e-02
1.4008967131367150e-02
1.4008967131367150e-02
1.4008967131367150e-02
1.4008967131367150e-02
1.4790575091568559e-02
1.5900339152461224e-02
1.7116288299172451e-02
1.8458314595165171e-02
1.8458314595165171e-02
1.8458314595165171e-02
1.8458314595165171e-02
1.8458314595165171e-02
1.8458314595165171e-02
1.8458314595165171e-02
1.8458314595165171e-02
1.8458314595165171e-02
1.8458314595165171e-02
1.8458314595165171e-02
1.8458314595165171e-02
1.8458314595165171e-02
1.8458314595165171e-02
1.8458314595165171e-02
1.8458314595165171e-02
1.8458314595165171e-02
1.8458314595165171e-02
1.8713537238065087e-02
1.9864051216556506e-02
2.1128095038257987e-02
2.1128095038257987e-02
2.1128095038257987e-02
2.1128095038257987e-02
2.1128095038257987e-02
2.1128095038257987e-02
2.1128095038257987e-02
2.1128095038257987e-02
2.1128095038257987e-02
2.1128095038257987e-02
2.1128095038257987e-02
2.1128095038257987e-02
2.1128095038257987e-02
2.1128095038257987e-02
2.1128095038257987e-02
2.1128095038257987e-02
2.1128095038257987e-02
2.1128095038257987e-02
2.1128095038257987e-02
2.1492689505282707e-02
2.2715133038495504e-02
2.2715133038495504e-02
2.2715133038495504e-02
2.2715133038495504e-02
2.2715133038495504e-02
2.2715133038495504e-02
2.2715133038495504e-02
2.2715133038495504e-02
2.2715133038495504e-02
2.2715133038495504e-02
2.2715133038495504e-02
2.2715133038495504e-02
2.2715133038495504e-02
2.2715133038495504e-02
2.2715133038495504e-02
2.2715133038495504e-02
2.2715133038495504e-02
2.2715133038495504e-02
2.2715133038495504e-02
2.2715133038495504e-02
2.3654144554380183e-02
2.3654144554380183e-02
2.3654144554380183e-02
2.3654144554380183e-02
2.3654144554380183e-02
2.3654144554380183e-02
2.3654144554380183e-02
2.3654144554380183e-02
2.3654144554380183e-02
2.3654144554380183e-02
2.3654144554380183e-02
2.3654144554380183e-02
2.3654144554380183e-02
2.3654144554380183e-02
2.3654144554380183e-02
2.3654144554380183e-02
2.3654144554380183e-02
2.3654144554380183e-02
2.3654144554380183e-02
2.3654144554380183e-02
2.4201088148124265e-02
2.4201088148124265e-02
2.4201088148124265e-02
2.4201088148124265e-02
2.4201088148124265e-02
2.4201088148124265e-02
2.4201088148124265e-02
2.4201088148124265e-02
2.4201088148124265e-02
2.4201088148124265e-02
2.4201088148124265e-02
2.4201088148124265e-02
2.4201088148124265e-02
2.4201088148124265e-02
2.4201088148124265e-02
2.4201088148124265e-02
2.4201088148124265e-02
2.4201088148124265e-02
2.4201088148124265e-02
2.4201088148124265e-02
2.4523707026435769e-02
2.4523707026435769e-02
2.4523707026435769e-02
2.4523707026435769e-02
2.4523707026435769e-02
2.4523707026435769e-02
2.4523707026435769e-02
2.4523707026435769e-02
2.4523707026435769e-02
2.4523707026435769e-02
2.4523707026435769e-02
2.4523707026435769e-02
2.4523707026435769e-02
2.4523707026435769e-02
2.4523707026435769e-02
2.4523707026435769e-02
2.4523707026435769e-02
2.4523707026435769e-02
2.4523707026435769e-02
2.4523707026435769e-02
2.4713265275058065e-02
2.4713265275058065e-02
2.4713265275058065e-02
2.4713265275058065e-02
2.4713265275058065e-02
2.4713265275058065e-02
2.4713265275058065e-02
2.4713265275058065e-02
2.4713265275058065e-02
2.4713265275058065e-02
2.4713265275058065e-02
2.4713265275058065e-02
2.4713265275058065e-02
2.4713265275058065e-02
2.4713265275058065e-02
2.4713265275058065e-02
2.4713265275058065e-02
2.4713265275058065e-02
2.4713265275058065e-02
2.4713265275058065e-02
2.4825644539388479e-02
2.4825644539388479e-02
2.4825644539388479e-02
2.4825644539388479e-02
2.4825644539388479e-02
2.4825644539388479e-02
2.4825644539388479e-02
2.4825644539388479e-02
2.4825644539388479e-02
2.4825644539388479e-02
2.4825644539388479e-02
