1.9999999999999974e+02
1.9999999999999974e+02
1.9999999999999974e+02
1.9999999999999974e+02
1.9999999999999974e+02
1.9999999999999974e+02
2.0205439426118053e+02
2.0997865775433752e+02
2.1876808617853098e+02
2.2859678355235542e+02
2.3966511920768622e+02
2.3966511920768622e+02
2.3966511920768622e+02
2.3966511920768622e+02
2.3966511920768622e+02
2.3966511920768622e+02
2.3966511920768622e+02
2.3966511920768622e+02
2.3966511920768622e+02
2.3966511920768622e+02
2.3966511920768622e+02
2.3966511920768622e+02
2.3966511920768622e+02
2.3966511920768622e+02
2.3966511920768622e+02
2.3966511920768622e+02
2.3966511920768622e+02
2.4125543273574698e+02
2.4690188274260868e+02
2.5302224875262976e+02
2.5969466952233273e+02
2.6701051427045121e+02
2.7508346638661010e+02
2.8405380278820257e+02
2.8405380278820257e+02
2.8405380278820257e+02
2.8405380278820257e+02
2.8405380278820257e+02
2.8405380278820257e+02
2.8405380278820257e+02
2.8405380278820257e+02
2.8405380278820257e+02
2.8405380278820257e+02
2.8405380278820257e+02
2.8405380278820257e+02
2.8405380278820257e+02
2.8405380278820257e+02
2.8405380278820257e+02
2.8405380278820257e+02
2.8405380278820257e+02
2.8874345054941097e+02
2.9540203491476700e+02
3.0269772979503449e+02
3.1074988757099078e+02
3.1074988757099078e+02
3.1074988757099078e+02
3.1074988757099078e+02
3.1074988757099078e+02
3.1074988757099078e+02
3.1074988757099078e+02
3.1074988757099078e+02
3.1074988757099078e+02
3.1074988757099078e+02
3.1074988757099078e+02
3.1074988757099078e+02
3.1074988757099078e+02
3.1074988757099078e+02
3.1074988757099078e+02
3.1074988757099078e+02
3.1074988757099078e+02
3.1074988757099078e+02
3.1228122342839026e+02
3.1918430729933885e+02
3.2676857022954766e+02
3.2676857022954766e+02
3.2676857022954766e+02
3.2676857022954766e+02
3.2676857022954766e+02
3.2676857022954766e+02
3.2676857022954766e+02
3.2676857022954766e+02
3.2676857022954766e+02
3.2676857022954766e+02
3.2676857022954766e+02
3.2676857022954766e+02
3.2676857022954766e+02
3.2676857022954766e+02
3.2676857022954766e+02
3.2676857022954766e+02
3.2676857022954766e+02
3.2676857022954766e+02
3.2676857022954766e+02
3.2895613703169585e+02
3.3629079823097271e+02
3.3629079823097271e+02
3.3629079823097271e+02
3.3629079823097271e+02
3.3629079823097271e+02
3.3629079823097271e+02
3.3629079823097271e+02
3.3629079823097271e+02
3.3629079823097271e+02
3.3629079823097271e+02
3.3629079823097271e+02
3.3629079823097271e+02
3.3629079823097271e+02
3.3629079823097271e+02
3.3629079823097271e+02
3.3629079823097271e+02
3.3629079823097271e+02
3.3629079823097271e+02
3.3629079823097271e+02
3.3629079823097271e+02
3.4192486732628100e+02
3.4192486732628100e+02
3.4192486732628100e+02
3.4192486732628100e+02
3.4192486732628100e+02
3.4192486732628100e+02
3.4192486732628100e+02
3.4192486732628100e+02
3.4192486732628100e+02
3.4192486732628100e+02
3.4192486732628100e+02
3.4192486732628100e+02
3.4192486732628100e+02
3.4192486732628100e+02
3.4192486732628100e+02
3.4192486732628100e+02
3.4192486732628100e+02
3.4192486732628100e+02
3.4192486732628100e+02
3.4192486732628100e+02
3.4520652888874531e+02
3.4520652888874531e+02
3.4520652888874531e+02
3.4520652888874531e+02
3.4520652888874531e+02
3.4520652888874531e+02
3.4520652888874531e+02
3.4520652888874531e+02
3.4520652888874531e+02
3.4520652888874531e+02
3.4520652888874531e+02
3.4520652888874531e+02
3.4520652888874531e+02
3.4520652888874531e+02
3.4520652888874531e+02
3.4520652888874531e+02
3.4520652888874531e+02
3.4520652888874531e+02
3.4520652888874531e+02
3.4520652888874531e+02
3.4714224215861441e+02
3.4714224215861441e+02
3.4714224215861441e+02
3.4714224215861441e+02
3.4714224215861441e+02
3.4714224215861441e+02
3.4714224215861441e+02
3.4714224215861441e+02
3.4714224215861441e+02
3.4714224215861441e+02
3.4714224215861441e+02
3.4714224215861441e+02
3.4714224215861441e+02
3.4714224215861441e+02
3.4714224215861441e+02
3.4714224215861441e+02
3.4714224215861441e+02
3.4714224215861441e+02
3.4714224215861441e+02
3.4714224215861441e+02
3.4827959165034821e+02
3.4827959165034821e+02
3.4827959165034821e+02
3.4827959165034821e+02
3.4827959165034821e+02
3.4827959165034821e+02
3.4827959165034821e+02
3.4827959165034821e+02
3.4827959165034821e+02
3.4827959165034821e+02
3.4827959165034821e+02
3.4827959165034821e+02
3.4827959165034821e+02
3.4827959165034821e+02
3.4827959165034821e+02
3.4827959165034821e+02
3.4827959165034821e+02
3.4827959165034821e+02
3.4827959165034821e+02
3.4827959165034821e+02
3.4895386723633044e+02
3.4895386723633044e+02
3.4895386723633044e+02
3.4895386723633044e+02
3.4895386723633044e+02
3.4895386723633044e+02
3.4895386723633044e+02
3.4895386723633044e+02
3.4895386723633044e+02
3.4895386723633044e+02
3.4895386723633044e+02
