0.0000000000000000e+00
-2.2323542135600195e-10
-4.4811719957387015e-03
6.0743691159543165e-10
-1.0695223992857893e-06
-4.4833106754673399e-03
2.0344662760231336e-05
8.0074534647371100e-04
4.8154420173633725e-03
5.4598561554067152e-03
5.6633297627394236e-03
2.2202937115590920e-08
-6.1583440228543439e-03
-1.5222184809692183e-08
7.0018930052806565e-03
-3.2522479327088531e-08
-1.1767695904793256e-02
-2.2309283282748818e-08
-6.0294340497738902e-09
-4.4822324626682284e-03
1.4024635726309680e-09
1.0636769108583976e-06
5.6927534935944714e-10
2.4715658560914474e-10
-2.8068160294589762e-03
3.2750305610591449e-10
-1.6747550234048852e-03
-1.4469371344198328e-05
-4.8387329217447689e-04
-4.1121437355498662e-03
-5.2055152584345897e-03
-6.5282780008098272e-03
-8.2739758005783929e-03
-1.0533815623789231e-02
1.4486999915520011e-06
6.0613544378975062e-03
-7.3317607199170373e-09
-1.0549430060135366e-02
-4.5996521169611844e-09
6.0740613470084501e-03
-7.3965396383422505e-09
-1.3708340151046567e-09
1.1036052814833599e-10
2.3817203144425746e-10
5.8749041848239713e-11
-4.4811716183061952e-03
1.0435425517117755e-09
-1.0689880576921022e-06
-4.4833104695362006e-03
-1.3445652612589055e-02
5.6689288827412108e-04
1.3942705609703799e-05
3.6374216182463951e-03
4.3551542573029272e-03
9.2787904230868256e-07
-8.8305161077143254e-03
-2.2140248441233232e-02
-1.9834852953650054e-09
1.7651157853686705e-02
-1.2300268458513166e-08
-1.7913212702916482e-09
-4.4822346687650874e-03
6.1278032768084421e-10
-3.9028950618229951e-11
3.4906258795964623e-11
-4.4822429292613666e-03
5.2551126334014694e-10
1.0729874091212338e-06
-4.4800978271208316e-03
-1.3444582706463881e-02
3.1081509422486387e-09
-1.1319464863851343e-05
-1.2357541710642122e-03
-7.0794857736683437e-03
6.7625054081430543e-07
2.6037819167986937e-03
7.3090166403325899e-04
-8.5513964435050487e-09
-3.8669371033012751e-09
-4.4811708059267468e-03
7.8256993311202719e-10
-1.0703255294228695e-06
1.0222574966096459e-11
-2.0116641545417088e-10
-2.1959990326281211e-10
-4.4811719567254696e-03
5.2131698988024973e-10
-1.0696093527876510e-06
-4.4833109191866815e-03
-1.3445653214925486e-02
2.8658748619683324e-09
8.9612731703449956e-03
2.8323436987449467e-05
5.5351201528607398e-04
6.0445324315771669e-07
-5.0339348401303441e-03
-1.4551177651660292e-02
3.3756577399504487e-09
1.0070934211478307e-02
7.9050272352324164e-10
7.6111678827470217e-10
-4.4822421714487970e-03
6.9195926118660648e-10
-9.2987656250759426e-11
-4.0644590675142879e-11
-4.4822430885201577e-03
9.2290669536559474e-10
1.0728139041591479e-06
-4.4800975546880201e-03
-1.3444582516189726e-02
2.6682806825664552e-09
8.9655582123671744e-03
1.3451014325128036e-02
-1.5510434105146156e-03
4.2552749331203295e-07
-2.9283561890262317e-03
-1.0336318010450273e-02
8.0941182020684896e-10
5.8500918790750046e-03
-1.5308652526313964e-09
-5.7294895662766384e-10
-4.4811714973736084e-03
1.1099512949241990e-10
-7.6216183231629293e-10
-5.9555483224455871e-10
-4.4811722714684617e-03
2.1725342616009445e-10
-1.0699565081901387e-06
-4.4833114408036785e-03
-1.3445653934236901e-02
2.7003881199089426e-09
8.9612733818359852e-03
1.3439231111737870e-02
1.2417276737083352e-04
3.0679744086739493e-07
-4.6056723349795058e-03
-1.3694836319990867e-02
2.9235409211466634e-09
9.2155539543477636e-03
6.7203469379544835e-10
7.7511767520768064e-10
-4.4822422982043397e-03
9.0662904804523470e-10
5.6195673590844824e-11
3.1992393370975702e-11
-4.4822425511933479e-03
1.0057017732927012e-09
1.0731917235244219e-06
-4.4800969571882820e-03
-1.3444581793670909e-02
3.6733750548993284e-09
8.9655596122969715e-03
1.3451016022561595e-02
-2.6138914990968185e-05
2.4773988613022192e-07
-4.4545214397468183e-03
-1.3389375445291627e-02
3.2891973384515852e-09
8.9049653370367639e-03
1.0524388808565789e-09
1.2696970179907357e-09
-4.4811703034431721e-03
1.1953847454684090e-09
4.5225370611801047e-10
5.7918279575685413e-10
-4.4811710781211536e-03
1.2977886162081499e-09
-1.0690406209465221e-06
-4.4833108080960631e-03
-1.3445653274237981e-02
3.7059488974801900e-09
8.9612748924093304e-03
1.3439232717618693e-02
1.5150395946969965e-02
2.2551186972894132e-07
-1.9616788096400346e-02
-3.1067874998213654e-08
-8.3549532115049600e-09
-4.4822288941209210e-03
1.5559540340683463e-09
1.0604178742644927e-06
-4.4801234395210107e-03
1.6781408411982298e-09
7.4632127758995891e-10
7.2769035786738067e-10
-4.4822421114717069e-03
1.1587376106847428e-09
1.0733368618246621e-06
-4.4800974617749088e-03
-1.3444582265962585e-02
3.4486540257232935e-09
8.9655595725306840e-03
1.3451016258867503e-02
-8.6575355564009106e-03
2.0947811809333816e-07
4.1821032074593209e-03
-5.6470087040652291e-09
-8.6696805587323997e-03
-2.1825849273503815e-02
-6.4177129175102144e-09
-4.1657738009820286e-09
-4.4811742101825564e-03
9.4530512442362511e-10
4.3443121657551256e-10
