0.0000000000000000e+00
3.4999999999799911e+01
6.9995817878581619e+01
1.0499999999864329e+02
1.3999999838620226e+02
1.7499581465330471e+02
2.0999991735513248e+02
2.4499640401572373e+02
2.7997702037006349e+02
3.1497134942633835e+02
3.4996564105662287e+02
3.3833333327338772e+02
3.2670056316745263e+02
3.1016750841419434e+02
2.8678464529827971e+02
2.5383585858780808e+02
2.1888433994140800e+02
1.8383585862192481e+02
1.4883585863930452e+02
1.1383167492367613e+02
7.8835858649040858e+01
4.3835860254016104e+01
8.8358586503658412e+00
1.3858917205071516e-10
3.5002619837941317e+01
7.0000000000570836e+01
1.0500156288622352e+02
1.3999996402701524e+02
1.7499883055344199e+02
2.0999019281219952e+02
2.4498780331922868e+02
2.7998503417182428e+02
3.1498154069556614e+02
3.4997729152465274e+02
3.1500000387952485e+02
2.8002689436761290e+02
2.4500000001352998e+02
2.0997729338109104e+02
1.7500000000323865e+02
1.4002688476199495e+02
1.0500000001365468e+02
7.0000000001352944e+01
3.5000000000225377e+01
2.4419095359034163e-10
3.4999999999737383e+01
6.9995817878667182e+01
1.0499999999849777e+02
1.3999999838580737e+02
1.7499581465269497e+02
2.0998745041013683e+02
2.4499775151665443e+02
2.7999994223526227e+02
3.1498441785086044e+02
3.4998037249357594e+02
3.1499999744028236e+02
2.8001544275045853e+02
2.4502670681381110e+02
2.1000000000064574e+02
1.7496910609356416e+02
1.3999999998877578e+02
1.0499999999927803e+02
6.9995816276777873e+01
3.4999999998527251e+01
6.8438428738868182e-11
3.5000000000122924e+01
7.0004183733360648e+01
1.0500000000153523e+02
1.3999999839021714e+02
1.7500418051123378e+02
2.1001254797743195e+02
2.4500000000606906e+02
2.7999997255188669e+02
3.1499713224919014e+02
3.4998392439951834e+02
3.1500000181516390e+02
2.8002025847746057e+02
2.4504469277689222e+02
2.1000000002664243e+02
1.7500000000662655e+02
1.4000418210764494e+02
1.0500000000159022e+02
7.0000001627922785e+01
3.5000000000205482e+01
2.1259720777900116e-10
3.4999999999774921e+01
6.9995817878876665e+01
1.0499999999850471e+02
1.3999999838570776e+02
1.7499581465253368e+02
2.0998745041005688e+02
2.4499999999431992e+02
2.8000836262146294e+02
3.1499988721661975e+02
3.4999761255933976e+02
3.1499999833317565e+02
2.7999820086900314e+02
2.4499221855424048e+02
2.0999999999614542e+02
1.7500360155291281e+02
1.3999999999968793e+02
1.0499999999918768e+02
6.9995816265675515e+01
3.4999999998500428e+01
5.5922915074243022e-11
3.5000000000258545e+01
7.0004183733415786e+01
1.0500000000170205e+02
1.3999999839036570e+02
1.7500418051149794e+02
2.1001254797773677e+02
2.4500000000603967e+02
2.7999163093166021e+02
3.1498744236502284e+02
3.4999640289423093e+02
3.1500000114693228e+02
2.8000778087284607e+02
2.4501974046094602e+02
2.1000000000950928e+02
1.7498444780968379e+02
1.4000000000420238e+02
1.0500000000259689e+02
7.0004182122013987e+01
3.5000000001275133e+01
2.4041359585381778e-10
3.4999999999976119e+01
6.9995817878845969e+01
1.0499999999847525e+02
1.3999999838593246e+02
1.7499581465280801e+02
2.0998745041035596e+02
2.4499999999414933e+02
2.8000836262092923e+02
3.1501253990404194e+02
3.4999949154847411e+02
3.1499999915736078e+02
2.7999632313774055e+02
2.4498846187690873e+02
2.0999999999469208e+02
1.7500735900792731e+02
1.3999999999881962e+02
1.0499999999873175e+02
6.9995816265647974e+01
3.4999999998539558e+01
3.1351732960108038e-10
3.5000000000111527e+01
7.0004183733318271e+01
1.0500000000149117e+02
1.3999999839001111e+02
1.7500418051110935e+02
2.1001254797727699e+02
2.4500000000585470e+02
2.7999163093183660e+02
3.1498744236568848e+02
3.4999993791830758e+02
3.1500000066908774e+02
2.8000424552943764e+02
2.4501267088820407e+02
2.1000000000591277e+02
1.7499151610211226e+02
1.4000000000157621e+02
1.0500000000159372e+02
7.0004182122654910e+01
3.5000000001536094e+01
3.1884920102769410e-10
3.4999999999695021e+01
6.9995817878526282e+01
1.0499999999830719e+02
1.3999999838576628e+02
1.7499581465269287e+02
2.0998745041044373e+02
2.4499999999397085e+02
2.8000836262043447e+02
3.1501253990334357e+02
3.4993982280656189e+02
3.1499999938449554e+02
2.8005600453895386e+02
2.4499999996693217e+02
2.0999999998731656e+02
1.7499581627467643e+02
1.3999999999849544e+02
1.0500000160197288e+02
6.9995819472867623e+01
3.4999999998438902e+01
4.4449427449641146e-10
3.5000000000382848e+01
7.0004183733624672e+01
1.0500000000177133e+02
1.3999999839035686e+02
1.7500418051141909e+02
2.1001254797768630e+02
2.4500000000625883e+02
2.7999163093207869e+02
3.1498744236555063e+02
3.4997921563418373e+02
3.1500000056579012e+02
2.8002496383491115e+02
2.4500000001268108e+02
2.0997922370715969e+02
1.7496263330410508e+02
1.4000000000285436e+02
1.0500000000484181e+02
7.0004182127889209e+01
3.5000000001564992e+01
3.6987790372508083e-10
