0.0000000000000000e+00
-1.1257115929527189e-10
-4.4811719189989810e-03
7.0684382539919653e-10
-1.0694064816688356e-06
-4.4833105772487088e-03
2.0344832235602878e-05
8.0074538786907210e-04
4.8154420808977109e-03
5.4598561860575955e-03
5.6633297769484803e-03
2.2226637750561332e-08
-6.1583440972854519e-03
-1.5193383801259620e-08
7.0018932303846839e-03
-3.2461129199758453e-08
-1.1767695971092108e-02
-2.2250529794016858e-08
-5.9874092643315161e-09
-4.4822324116823688e-03
1.6426745034949852e-09
1.0640068863961864e-06
6.1912522443407750e-10
2.9355907179817915e-10
-2.8068158248122227e-03
3.4794890985656288e-10
-1.6747550987375108e-03
-1.4469286737931828e-05
-4.8387325538067419e-04
-4.1121437037451719e-03
-5.2055152075775489e-03
-6.5282779477179483e-03
-8.2739757461016642e-03
-1.0533815632056178e-02
1.4486507314688815e-06
6.0613543431191665e-03
-7.3424487175913130e-09
-1.0549429922183943e-02
-4.4400801560872754e-09
6.0740613179190595e-03
-7.4595229432509867e-09
-1.3935673489431694e-09
2.0359596609330898e-10
2.7351095153248305e-10
2.7181367817462634e-10
-4.4811714911537686e-03
1.1881199308554265e-09
-1.0689138579701638e-06
-4.4833105142642014e-03
-1.3445652815506772e-02
5.6689293934966917e-04
1.3942789495570764e-05
3.6374216254424219e-03
4.3551542838293827e-03
9.2782188731031033e-07
-8.8305161473147369e-03
-2.2140248424574363e-02
-2.1410559932010080e-09
1.7651157744303366e-02
-1.2462893175192290e-08
-2.0274372600680852e-09
-4.4822348185209644e-03
6.1395045352636636e-10
-3.9189855505629933e-11
7.5853265523566844e-11
-4.4822428619175885e-03
6.7965742582089602e-10
1.0730001002261560e-06
-4.4800978029347427e-03
-1.3444582597477042e-02
3.3053478294792005e-09
-1.1319294142360030e-05
-1.2357540855949373e-03
-7.0794856785207898e-03
6.7638047673935696e-07
2.6037819486492792e-03
7.3090184601714756e-04
-8.4704275487361529e-09
-3.8824418467424476e-09
-4.4811708349671298e-03
7.4782033201115072e-10
-1.0703504711785327e-06
-1.1309492998869324e-10
-1.3254885453548994e-10
-2.5458017028478174e-10
-4.4811719790721826e-03
5.8140218050991680e-10
-1.0695711296622676e-06
-4.4833107847920828e-03
-1.3445652957034409e-02
2.8244848311643903e-09
8.9612729517061125e-03
2.8323467369733992e-05
5.5351207738826684e-04
6.0454436342294365e-07
-5.0339347136463489e-03
-1.4551177408452626e-02
3.4615905780914374e-09
1.0070934167562894e-02
8.9659363024553124e-10
8.9691023521202797e-10
-4.4822421649078244e-03
7.6858460302806427e-10
-7.3757066534528466e-11
1.1274584657502790e-11
-4.4822429814352274e-03
8.1597848182721050e-10
1.0725857647672784e-06
-4.4800977637786312e-03
-1.3444582816482184e-02
2.6314540605465120e-09
8.9655585893587807e-03
1.3451015043437764e-02
-1.5510432413330378e-03
4.2567099407245909e-07
-2.9283562479606212e-03
-1.0336318250660640e-02
6.3574707526975414e-10
5.8500919453636805e-03
-1.5652085999175915e-09
-4.4681421778846218e-10
-4.4811713306891592e-03
2.8013421606852809e-10
-6.2133031900471162e-10
-5.1708453403476881e-10
-4.4811722201882793e-03
3.9507854051920199e-10
-1.0697524275246200e-06
-4.4833111727913006e-03
-1.3445653685570607e-02
2.8264436689050515e-09
8.9612733681168014e-03
1.3439231051408039e-02
1.2417290207774649e-04
3.0687865445575174e-07
-4.6056722461570365e-03
-1.3694836229980321e-02
3.0456887427047452e-09
9.2155541436965971e-03
6.9672810253717795e-10
6.3362282255158354e-10
-4.4822424566301842e-03
7.1694285108008838e-10
3.8565803503935686e-12
-1.1956227342254189e-10
-4.4822425841168695e-03
1.0079658959358970e-09
1.0732670681485134e-06
-4.4800967426417409e-03
-1.3444581451363258e-02
3.5520834454595290e-09
8.9655590192709040e-03
1.3451014937240435e-02
-2.6139011175288307e-05
2.4760930719789750e-07
-4.4545215488831216e-03
-1.3389375400163231e-02
3.2323672798800952e-09
8.9049651418666737e-03
8.1063860346432161e-10
1.0212739718021497e-09
-4.4811705911181367e-03
9.5512787374356986e-10
1.3032213184000056e-10
3.0438262727048045e-10
-4.4811713075242343e-03
9.5445943859695694e-10
-1.0692767473206658e-06
-4.4833112828283018e-03
-1.3445653718906709e-02
3.3955255647855197e-09
8.9612746608369945e-03
1.3439232603530481e-02
1.5150395741120945e-02
2.2555824293371162e-07
-1.9616787993473522e-02
-3.1049252514118555e-08
-8.3295013593536093e-09
-4.4822289003152984e-03
1.5647669158686087e-09
1.0605089678923029e-06
-4.4801232934807492e-03
1.8235770556951523e-09
8.9940908126628544e-10
1.0232928168726866e-09
-4.4822419107841899e-03
1.2411828796263754e-09
1.0733021660471869e-06
-4.4800975019342092e-03
-1.3444582335772629e-02
3.4574508282508692e-09
8.9655596655327935e-03
1.3451016290267511e-02
-8.6575356650060286e-03
2.0934248875896862e-07
4.1821031912506346e-03
-5.7500242341143343e-09
-8.6696807378574842e-03
-2.1825849558684336e-02
-6.7126784281715113e-09
-4.4061326934508843e-09
-4.4811745468234321e-03
5.6379296857017754e-10
2.3975059594234650e-11
