0.0000000000000000e+00
3.4999999999632031e+01
6.9991336706624224e+01
1.0499999999930046e+02
1.3999999731673779e+02
1.7499133134267836e+02
2.0999993769988004e+02
2.4499720476109073e+02
2.7998183581211237e+02
3.1497680928250912e+02
3.4997130438639255e+02
3.3833333329560242e+02
3.2669440482339252e+02
3.1016750839898646e+02
2.8679164719139783e+02
2.5383585855531609e+02
2.1887257224547002e+02
1.8383585859964495e+02
1.4883585863329600e+02
1.1382719269123899e+02
7.8835858650563381e+01
4.3835861317857990e+01
8.8358586509600396e+00
5.0846458748204101e-10
-3.5005426653868454e+01
-7.0000000000233115e+01
-1.0500323764128463e+02
-1.3999997849634434e+02
-1.7499931442671578e+02
-2.0999430495591909e+02
-2.4499300883446170e+02
-2.7999156244979849e+02
-3.1498981467133927e+02
-3.4998782534028044e+02
-3.1500000243084958e+02
-2.8002083301322244e+02
-2.4500000002086722e+02
-2.0998784281108223e+02
-1.7500000000775853e+02
-1.4002081070066251e+02
-1.0500000002108276e+02
-7.0000000002735149e+01
-3.5000000000068390e+01
2.8080038074342752e-12
3.4999999999902656e+01
6.9991336707112481e+01
1.0499999999961364e+02
1.3999999731685639e+02
1.7499133134220301e+02
2.0997400475742285e+02
2.4499831840956818e+02
2.7999995617800988e+02
3.1498805527248226e+02
3.4998472764784646e+02
3.1499999836813276e+02
2.8000661223433104e+02
2.4500456656537824e+02
2.0999999999858326e+02
1.7498675725136314e+02
1.3999999997639424e+02
1.0499999999736859e+02
6.9991334042034239e+01
3.4999999999140627e+01
-1.1795794848164049e-10
-3.5000000000067544e+01
-7.0008665976256253e+01
-1.0500000000093266e+02
-1.3999999731722338e+02
-1.7500866060904886e+02
-2.1002599256008398e+02
-2.4500000000286221e+02
-2.7999998387126607e+02
-3.1499836800331855e+02
-3.4999100388524448e+02
-3.1500000113884818e+02
-2.8001765469552777e+02
-2.4504396187513714e+02
-2.1000000003515328e+02
-1.7500000001050131e+02
-1.4000866327846532e+02
-1.0500000000082508e+02
-7.0000002698260815e+01
-3.5000000000256918e+01
-3.8864000405196834e-10
3.4999999999537827e+01
6.9991336706908712e+01
1.0499999999905612e+02
1.3999999731611754e+02
1.7499133134168164e+02
2.0997400475697083e+02
2.4499999999716502e+02
2.8001732389452411e+02
3.1499991554007198e+02
3.4999816607138592e+02
3.1499999893767426e+02
2.7999316693422634e+02
2.4497766737671049e+02
2.0999999999956398e+02
1.7501367248710224e+02
1.4000000000053149e+02
1.0500000000001677e+02
6.9991334023507292e+01
3.4999999999230667e+01
-1.9399897481880245e-10
-3.5000000000273197e+01
-7.0008665976450786e+01
-1.0500000000083264e+02
-1.3999999731766587e+02
-1.7500866060915712e+02
-2.1002599256040293e+02
-2.4500000000338980e+02
-2.7998266537325929e+02
-3.1497399135033845e+02
-3.4999795393755699e+02
-3.1500000072133321e+02
-2.8001070922906450e+02
-2.4503007677907655e+02
-2.1000000000878674e+02
-1.7497859771777155e+02
-1.4000000000575051e+02
-1.0500000000310678e+02
-7.0008663293428057e+01
-3.5000000001079570e+01
-5.4517435984620487e-10
3.4999999999419785e+01
6.9991336706600165e+01
1.0499999999878142e+02
1.3999999731607789e+02
1.7499133134150125e+02
2.0997400475654609e+02
2.4499999999691263e+02
2.8001732389430424e+02
3.1502597913512352e+02
3.4999961572130871e+02
3.1499999946419882e+02
2.7999171746545005e+02
2.4497476704063368e+02
2.0999999999767684e+02
1.7501657456197634e+02
1.3999999999950404e+02
1.0499999999943616e+02
6.9991334023270568e+01
3.4999999999351346e+01
2.8808613843581926e-11
-3.5000000000155332e+01
-7.0008665975885933e+01
-1.0500000000048433e+02
-1.3999999731678176e+02
-1.7500866060795926e+02
-2.1002599255889939e+02
-2.4500000000224202e+02
-2.7998266537252084e+02
-3.1497399135020851e+02
-3.4999996405727057e+02
-3.1500000042141306e+02
-2.8000870005093213e+02
-2.4502606026362668e+02
-2.1000000000265206e+02
-1.7498261113687278e+02
-1.4000000000064466e+02
-1.0500000000044827e+02
-7.0008663293102202e+01
-3.5000000000460851e+01
1.8331019015280270e-10
3.5000000000136779e+01
6.9991336707333488e+01
1.0499999999943334e+02
1.3999999731660751e+02
1.7499133134164731e+02
2.0997400475694727e+02
2.4499999999752154e+02
2.8001732389521129e+02
3.1502597913600408e+02
3.4995497320240571e+02
3.1499999961003073e+02
2.8003638775090894e+02
2.4499999993587355e+02
2.0999999997897430e+02
1.7499133404577915e+02
1.4000000000005571e+02
1.0500000266243626e+02
6.9991339349501104e+01
3.5000000000189779e+01
6.9534565016876639e-10
-3.4999999999507338e+01
-7.0008665975635807e+01
-1.0500000000057140e+02
-1.3999999731703730e+02
-1.7500866060890084e+02
-2.1002599255998737e+02
-2.4500000000280585e+02
-2.7998266537245945e+02
-3.1497399134927616e+02
-3.4998787316979457e+02
-3.1500000035637976e+02
-2.8002078173171191e+02
-2.4500000001837941e+02
-2.0998789338780796e+02
-1.7498445915352127e+02
-1.4000000000941964e+02
-1.0500000000912775e+02
-7.0008663302267792e+01
-3.5000000000810459e+01
1.1095351405386562e-10
