0.0000000000000000e+00
0.0000000000000000e+00
0.0000000000000000e+00
0.0000000000000000e+00
0.0000000000000000e+00
0.0000000000000000e+00
8.7772770985851439e+03
4.6351454811912714e+04
9.4440942138776954e+04
1.5538859361381721e+05
2.3210250228960867e+05
2.3210250228960867e+05
2.3210250228960867e+05
2.3210250228960867e+05
2.3210250228960867e+05
2.3210250228960867e+05
2.3210250228960867e+05
2.3210250228960867e+05
2.3210250228960867e+05
2.3210250228960867e+05
2.3210250228960867e+05
2.3210250228960867e+05
2.3210250228960867e+05
2.3210250228960867e+05
2.3210250228960867e+05
2.3210250228960867e+05
2.3210250228960867e+05
2.3656366006601052e+05
2.5508524009275119e+05
2.7962046450986213e+05
3.1122931183075311e+05
3.5121519065075333e+05
4.0121872841885139e+05
4.6331273843246477e+05
4.6331273843246477e+05
4.6331273843246477e+05
4.6331273843246477e+05
4.6331273843246477e+05
4.6331273843246477e+05
4.6331273843246477e+05
4.6331273843246477e+05
4.6331273843246477e+05
4.6331273843246477e+05
4.6331273843246477e+05
4.6331273843246477e+05
4.6331273843246477e+05
4.6331273843246477e+05
4.6331273843246477e+05
4.6331273843246477e+05
4.6331273843246477e+05
4.8594686367872835e+05
5.2237957574569492e+05
5.6762284219119663e+05
6.2343415404454956e+05
6.2343415404454956e+05
6.2343415404454956e+05
6.2343415404454956e+05
6.2343415404454956e+05
6.2343415404454956e+05
6.2343415404454956e+05
6.2343415404454956e+05
6.2343415404454956e+05
6.2343415404454956e+05
6.2343415404454956e+05
6.2343415404454956e+05
6.2343415404454956e+05
6.2343415404454956e+05
6.2343415404454956e+05
6.2343415404454956e+05
6.2343415404454956e+05
6.2343415404454956e+05
6.3222715907681140e+05
6.7498677488212346e+05
7.2748793219586427e+05
7.2748793219586427e+05
7.2748793219586427e+05
7.2748793219586427e+05
7.2748793219586427e+05
7.2748793219586427e+05
7.2748793219586427e+05
7.2748793219586427e+05
7.2748793219586427e+05
7.2748793219586427e+05
7.2748793219586427e+05
7.2748793219586427e+05
7.2748793219586427e+05
7.2748793219586427e+05
7.2748793219586427e+05
7.2748793219586427e+05
7.2748793219586427e+05
7.2748793219586427e+05
7.2748793219586427e+05
7.4159119091845828e+05
7.9243187428453437e+05
7.9243187428453437e+05
7.9243187428453437e+05
7.9243187428453437e+05
7.9243187428453437e+05
7.9243187428453437e+05
7.9243187428453437e+05
7.9243187428453437e+05
7.9243187428453437e+05
7.9243187428453437e+05
7.9243187428453437e+05
7.9243187428453437e+05
7.9243187428453437e+05
7.9243187428453437e+05
7.9243187428453437e+05
7.9243187428453437e+05
7.9243187428453437e+05
7.9243187428453437e+05
7.9243187428453437e+05
7.9243187428453437e+05
8.3187876614320523e+05
8.3187876614320523e+05
8.3187876614320523e+05
8.3187876614320523e+05
8.3187876614320523e+05
8.3187876614320523e+05
8.3187876614320523e+05
8.3187876614320523e+05
8.3187876614320523e+05
8.3187876614320523e+05
8.3187876614320523e+05
8.3187876614320523e+05
8.3187876614320523e+05
8.3187876614320523e+05
8.3187876614320523e+05
8.3187876614320523e+05
8.3187876614320523e+05
8.3187876614320523e+05
8.3187876614320523e+05
8.3187876614320523e+05
8.5527076507609210e+05
8.5527076507609210e+05
8.5527076507609210e+05
8.5527076507609210e+05
8.5527076507609210e+05
8.5527076507609210e+05
8.5527076507609210e+05
8.5527076507609210e+05
8.5527076507609210e+05
8.5527076507609210e+05
8.5527076507609210e+05
8.5527076507609210e+05
8.5527076507609210e+05
8.5527076507609210e+05
8.5527076507609210e+05
8.5527076507609210e+05
8.5527076507609210e+05
8.5527076507609210e+05
8.5527076507609210e+05
8.5527076507609210e+05
8.6918300716492592e+05
8.6918300716492592e+05
8.6918300716492592e+05
8.6918300716492592e+05
8.6918300716492592e+05
8.6918300716492592e+05
8.6918300716492592e+05
8.6918300716492592e+05
8.6918300716492592e+05
8.6918300716492592e+05
8.6918300716492592e+05
8.6918300716492592e+05
8.6918300716492592e+05
8.6918300716492592e+05
8.6918300716492592e+05
8.6918300716492592e+05
8.6918300716492592e+05
8.6918300716492592e+05
8.6918300716492592e+05
8.6918300716492592e+05
8.7741309477122559e+05
8.7741309477122559e+05
8.7741309477122559e+05
8.7741309477122559e+05
8.7741309477122559e+05
8.7741309477122559e+05
8.7741309477122559e+05
8.7741309477122559e+05
8.7741309477122559e+05
8.7741309477122559e+05
8.7741309477122559e+05
8.7741309477122559e+05
8.7741309477122559e+05
8.7741309477122559e+05
8.7741309477122559e+05
8.7741309477122559e+05
8.7741309477122559e+05
8.7741309477122559e+05
8.7741309477122559e+05
8.7741309477122559e+05
8.8230262315475161e+05
8.8230262315475161e+05
8.8230262315475161e+05
8.8230262315475161e+05
8.8230262315475161e+05
8.8230262315475161e+05
8.8230262315475161e+05
8.8230262315475161e+05
8.8230262315475161e+05
8.8230262315475161e+05
8.8230262315475161e+05
