0.0000000000000000e+00
0.0000000000000000e+00
0.0000000000000000e+00
0.0000000000000000e+00
0.0000000000000000e+00
0.0000000000000000e+00
0.0000000000000000e+00
0.0000000000000000e+00
-5.4836066905871632e-05
-6.5853939744286452e+00
-1.3118860653632140e+01
-1.3118860653632144e+01
-1.3118860653632140e+01
-1.3118860653632144e+01
-1.3118860653632137e+01
-1.3118860653632126e+01
-1.3118860653632122e+01
-1.3118860653632110e+01
-1.3118860653632115e+01
-1.3118860653632106e+01
-1.3118860653632105e+01
-1.3118860653632106e+01
-1.3118860653632105e+01
-1.3118860653632105e+01
-1.3118860653632105e+01
-1.3118860653632082e+01
-1.3118860653632099e+01
-1.2086040806708551e+01
-5.1553145684911570e+00
1.7280790265549342e+00
8.5682114631403277e+00
8.5682114631403294e+00
8.5682114631403223e+00
8.5682114631403081e+00
8.5682114631403081e+00
8.5682114631403117e+00
8.5682114631403117e+00
8.5682114631403081e+00
8.5682114631403063e+00
8.5682114631403081e+00
8.5682114631403117e+00
8.5682114631403028e+00
8.5682114631403081e+00
8.5682114631403117e+00
8.5682114631402957e+00
8.5682114631402957e+00
8.5682114631402939e+00
8.5682114631402850e+00
8.1659161444880439e+00
1.1119469302316247e+00
-5.9007649429020006e+00
-5.9007649429020059e+00
-5.9007649429020050e+00
-5.9007649429020042e+00
-5.9007649429019970e+00
-5.9007649429020024e+00
-5.9007649429020077e+00
-5.9007649429020068e+00
-5.9007649429020006e+00
-5.9007649429020024e+00
-5.9007649429019917e+00
-5.9007649429019953e+00
-5.9007649429020068e+00
-5.9007649429020050e+00
-5.9007649429020166e+00
-5.9007649429020139e+00
-5.9007649429020042e+00
-5.9007649429019979e+00
-5.9007649429020077e+00
-2.9124605335813567e+00
4.2097538201474718e+00
4.2097538201474691e+00
4.2097538201474682e+00
4.2097538201474762e+00
4.2097538201474798e+00
4.2097538201474780e+00
4.2097538201474860e+00
4.2097538201474789e+00
4.2097538201474896e+00
4.2097538201474913e+00
4.2097538201474940e+00
4.2097538201474931e+00
4.2097538201474931e+00
4.2097538201474825e+00
4.2097538201474762e+00
4.2097538201474736e+00
4.2097538201474753e+00
4.2097538201474709e+00
4.2097538201474656e+00
4.1345733502529400e+00
-3.0588360207498413e+00
-3.0588360207498395e+00
-3.0588360207498337e+00
-3.0588360207498297e+00
-3.0588360207498280e+00
-3.0588360207498249e+00
-3.0588360207498244e+00
-3.0588360207498333e+00
-3.0588360207498333e+00
-3.0588360207498333e+00
-3.0588360207498315e+00
-3.0588360207498329e+00
-3.0588360207498408e+00
-3.0588360207498404e+00
-3.0588360207498457e+00
-3.0588360207498400e+00
-3.0588360207498466e+00
-3.0588360207498440e+00
-3.0588360207498404e+00
-3.0588360207498431e+00
2.2657182721200231e+00
2.2657182721200231e+00
2.2657182721200213e+00
2.2657182721200195e+00
2.2657182721200200e+00
2.2657182721200138e+00
2.2657182721200160e+00
2.2657182721200124e+00
2.2657182721200155e+00
2.2657182721200151e+00
2.2657182721200173e+00
2.2657182721200178e+00
2.2657182721200186e+00
2.2657182721200178e+00
2.2657182721200186e+00
2.2657182721200160e+00
2.2657182721200169e+00
2.2657182721200191e+00
2.2657182721200160e+00
2.2657182721200155e+00
-1.6994618673718151e+00
-1.6994618673718149e+00
-1.6994618673718145e+00
-1.6994618673718163e+00
-1.6994618673718149e+00
-1.6994618673718136e+00
-1.6994618673718116e+00
-1.6994618673718103e+00
-1.6994618673718098e+00
-1.6994618673718089e+00
-1.6994618673718085e+00
-1.6994618673718096e+00
-1.6994618673718087e+00
-1.6994618673718080e+00
-1.6994618673718072e+00
-1.6994618673718125e+00
-1.6994618673718120e+00
-1.6994618673718129e+00
-1.6994618673718127e+00
-1.6994618673718116e+00
1.2863061551267174e+00
1.2863061551267152e+00
1.2863061551267148e+00
1.2863061551267170e+00
1.2863061551267143e+00
1.2863061551267139e+00
1.2863061551267174e+00
1.2863061551267192e+00
1.2863061551267194e+00
1.2863061551267190e+00
1.2863061551267183e+00
1.2863061551267188e+00
1.2863061551267188e+00
1.2863061551267165e+00
1.2863061551267150e+00
1.2863061551267174e+00
1.2863061551267159e+00
1.2863061551267154e+00
1.2863061551267176e+00
1.2863061551267172e+00
-9.8004238861000659e-01
-9.8004238861000670e-01
-9.8004238861000825e-01
-9.8004238861000792e-01
-9.8004238861000881e-01
-9.8004238861000947e-01
-9.8004238861000803e-01
-9.8004238861000825e-01
-9.8004238861000892e-01
-9.8004238861000803e-01
-9.8004238861000870e-01
-9.8004238861000736e-01
-9.8004238861000703e-01
-9.8004238861000692e-01
-9.8004238861000670e-01
-9.8004238861000903e-01
-9.8004238861000914e-01
-9.8004238861000936e-01
-9.8004238861000947e-01
-9.8004238861001014e-01
7.5037413280590670e-01
7.5037413280590481e-01
7.5037413280590526e-01
7.5037413280590670e-01
7.5037413280590681e-01
7.5037413280590604e-01
7.5037413280590537e-01
7.5037413280590426e-01
7.5037413280590393e-01
7.5037413280590337e-01
7.5037413280590293e-01
