0.0000000000000000e+00
0.0000000000000000e+00
0.0000000000000000e+00
0.0000000000000000e+00
0.0000000000000000e+00
0.0000000000000000e+00
0.0000000000000000e+00
0.0000000000000000e+00
0.0000000000000000e+00
8.3333315511425869e+00
1.6666663171161485e+01
1.6666663171161503e+01
1.6666663171161535e+01
1.6666663171161535e+01
1.6666663171161559e+01
1.6666663171161559e+01
1.6666663171161542e+01
1.6666663171161535e+01
1.6666663171161535e+01
1.6666663171161535e+01
1.6666663171161545e+01
1.6666663171161552e+01
1.6666663171161552e+01
1.6666663171161517e+01
1.6666663171161488e+01
1.6666663171161485e+01
1.6666663171161474e+01
8.3333361783441902e+00
4.8088396572803008e-06
-8.3333283224038617e+00
-1.6666661513153290e+01
-1.6666661513153297e+01
-1.6666661513153279e+01
-1.6666661513153255e+01
-1.6666661513153247e+01
-1.6666661513153233e+01
-1.6666661513153233e+01
-1.6666661513153212e+01
-1.6666661513153240e+01
-1.6666661513153247e+01
-1.6666661513153240e+01
-1.6666661513153237e+01
-1.6666661513153230e+01
-1.6666661513153226e+01
-1.6666661513153208e+01
-1.6666661513153223e+01
-1.6666418359851445e+01
-8.3333350046835584e+00
-3.2588817862060345e-06
8.3333299757450341e+00
1.6666663209813500e+01
1.6666663209813493e+01
1.6666663209813493e+01
1.6666663209813514e+01
1.6666663209813510e+01
1.6666663209813510e+01
1.6666663209813525e+01
1.6666663209813525e+01
1.6666663209813510e+01
1.6666663209813528e+01
1.6666663209813517e+01
1.6666663209813525e+01
1.6666663209813510e+01
1.6666663209813500e+01
1.6666663209813496e+01
1.6666663209813489e+01
1.6666663209813485e+01
8.3333361783057764e+00
4.8087942536913972e-06
-8.3333283224310772e+00
-1.6666661513177992e+01
-1.6666661513177978e+01
-1.6666661513177985e+01
-1.6666661513177949e+01
-1.6666661513177914e+01
-1.6666661513177932e+01
-1.6666661513177928e+01
-1.6666661513177942e+01
-1.6666661513177960e+01
-1.6666661513177960e+01
-1.6666661513177971e+01
-1.6666661513177971e+01
-1.6666661513177964e+01
-1.6666661513177971e+01
-1.6666661513177953e+01
-1.6666661513177946e+01
-1.6666418359861254e+01
-8.3333350046990518e+00
-3.2588867141770368e-06
8.3333299757364170e+00
1.6666663209802564e+01
1.6666663209802572e+01
1.6666663209802572e+01
1.6666663209802568e+01
1.6666663209802586e+01
1.6666663209802607e+01
1.6666663209802579e+01
1.6666663209802596e+01
1.6666663209802582e+01
1.6666663209802589e+01
1.6666663209802607e+01
1.6666663209802628e+01
1.6666663209802643e+01
1.6666663209802635e+01
1.6666663209802632e+01
1.6666663209802653e+01
1.6666663209802657e+01
8.3333361782968112e+00
4.8087924810393834e-06
-8.3333283224422523e+00
-1.6666661513196907e+01
-1.6666661513196907e+01
-1.6666661513196900e+01
-1.6666661513196896e+01
-1.6666661513196907e+01
-1.6666661513196907e+01
-1.6666661513196900e+01
-1.6666661513196935e+01
-1.6666661513196914e+01
-1.6666661513196896e+01
-1.6666661513196907e+01
-1.6666661513196939e+01
-1.6666661513196949e+01
-1.6666661513196939e+01
-1.6666661513196924e+01
-1.6666661513196910e+01
-1.6666418359865563e+01
-8.3333350046973660e+00
-3.2588909424118416e-06
8.3333299757373585e+00
1.6666663209803421e+01
1.6666663209803417e+01
1.6666663209803424e+01
1.6666663209803431e+01
1.6666663209803431e+01
1.6666663209803396e+01
1.6666663209803424e+01
1.6666663209803417e+01
1.6666663209803410e+01
1.6666663209803403e+01
1.6666663209803410e+01
1.6666663209803421e+01
1.6666663209803431e+01
1.6666663209803431e+01
1.6666663209803438e+01
1.6666663209803463e+01
1.6666663209803463e+01
8.3333361783177509e+00
4.8088158422412376e-06
-8.3333283224155963e+00
-1.6666661513167682e+01
-1.6666661513167679e+01
-1.6666661513167689e+01
-1.6666661513167671e+01
-1.6666661513167671e+01
-1.6666661513167647e+01
-1.6666661513167607e+01
-1.6666661513167607e+01
-1.6666661513167593e+01
-1.6666661513167597e+01
-1.6666661513167590e+01
-1.6666661513167583e+01
-1.6666661513167600e+01
-1.6666661513167597e+01
-1.6666661513167604e+01
-1.6666661513167607e+01
-1.6666418359825599e+01
-8.3333350046657042e+00
-3.2588563070459755e-06
8.3333299757741042e+00
1.6666663209838905e+01
1.6666663209838902e+01
1.6666663209838884e+01
1.6666663209838919e+01
1.6666663209838958e+01
1.6666663209838998e+01
1.6666663209839012e+01
1.6666663209839015e+01
1.6666663209839029e+01
1.6666663209839037e+01
1.6666663209839040e+01
1.6666663209839044e+01
1.6666663209839040e+01
1.6666663209839022e+01
1.6666663209839022e+01
1.6666663209839037e+01
1.6666663209839005e+01
8.3333361783378219e+00
4.8088387203999337e-06
-8.3333283223915284e+00
-1.6666661513131839e+01
-1.6666661513131828e+01
-1.6666661513131839e+01
-1.6666661513131832e+01
-1.6666661513131849e+01
-1.6666661513131857e+01
-1.6666661513131849e+01
-1.6666661513131853e+01
-1.6666661513131842e+01
-1.6666661513131832e+01
-1.6666661513131821e+01
