0.0000000000000000e+00
-1.2196758116783931e-04
-2.4390243902662042e-04
-3.6585216680751350e-04
-4.8781676813899639e-04
-6.0979624664784962e-04
-7.3170731707552280e-04
-8.5363325162501815e-04
-9.7557405392004225e-04
-1.9378969128652215e-03
-2.9073055652985044e-03
-2.7853543793120413e-03
-2.6634180636035021e-03
-2.5414966145475429e-03
-2.4195007201778841e-03
-2.2975197069905742e-03
-2.1755535713561323e-03
-2.0536470616369954e-03
-1.9316958421258564e-03
-1.8097446226111773e-03
-1.6877934030989066e-03
-1.5658421835874424e-03
-1.4439058343611324e-03
-1.3219397445644572e-03
-1.1999885286802067e-03
-1.0780521830821631e-03
-9.5613070414330066e-04
-7.6892617952657843e-06
9.4759506072392011e-04
1.9098823869495045e-03
2.8792912123427016e-03
2.7573400726705524e-03
2.6353740591039850e-03
2.5133931680149982e-03
2.3914864147634766e-03
2.2695647984438501e-03
2.1476283154313537e-03
2.0256327562322455e-03
1.9036815367185879e-03
1.7817303172090453e-03
1.6597790976965894e-03
1.5378278781840245e-03
1.4158617847579785e-03
1.2939254391580153e-03
1.1719742232732832e-03
1.0500081334757073e-03
9.2802716613620679e-04
-2.0324828977381518e-05
-9.7560920491067198e-04
-1.9378965450712296e-03
-2.9073053777479204e-03
-2.7853541912053804e-03
-2.6634178749407279e-03
-2.5414964253278102e-03
-2.4195005320703229e-03
-2.2975195199952626e-03
-2.1755533854733926e-03
-2.0536468735295032e-03
-1.9316956540189512e-03
-1.8097444345042579e-03
-1.6877932149918704e-03
-1.5658419954802279e-03
-1.4439056462539426e-03
-1.3219395564560640e-03
-1.1999883405707432e-03
-1.0780519949713015e-03
-9.5613051603161427e-04
-7.6890698488688090e-06
9.4759525267153362e-04
1.9098825788958981e-03
2.8792914042886013e-03
2.7573402646164664e-03
2.6353742510501531e-03
2.5133933599612549e-03
2.3914866067106938e-03
2.2695649903910079e-03
2.1476285073788962e-03
2.0256329481792429e-03
1.9036817286655692e-03
1.7817305091562077e-03
1.6597792896441916e-03
1.5378280701319226e-03
1.4158619767061064e-03
1.2939256311059824e-03
1.1719744152213153e-03
1.0500083254221717e-03
9.2802735808255959e-04
-2.0324637030042564e-05
-9.7560901296452724e-04
-1.9378963531249823e-03
-2.9073051858013463e-03
-2.7853539992578500e-03
-2.6634176829931884e-03
-2.5414962333803865e-03
-2.4195003401231486e-03
-2.2975193280479877e-03
-2.1755531935261359e-03
-2.0536466815820574e-03
-1.9316954620708690e-03
-1.8097442425560025e-03
-1.6877930230441256e-03
-1.5658418035321322e-03
-1.4439054543070083e-03
-1.3219393645090124e-03
-1.1999881486236938e-03
-1.0780518030246561e-03
-9.5613032408488287e-04
-7.6888779033804137e-06
9.4759544461573125e-04
1.9098827708406022e-03
2.8792915962334745e-03
2.7573404565617624e-03
2.6353744429959418e-03
2.5133935519073706e-03
2.3914867986562873e-03
2.2695651823351104e-03
2.1476286993216357e-03
2.0256331401233233e-03
1.9036819206097672e-03
1.7817307010998390e-03
1.6597794815875234e-03
1.5378282620751289e-03
1.4158621686477968e-03
1.2939258230488494e-03
1.1719746071635318e-03
1.0500085173653589e-03
9.2802755002629772e-04
-2.0324445087154582e-05
-9.7560882102011961e-04
-1.9378961611819679e-03
-2.9073049938578592e-03
-2.7853538073148833e-03
-2.6634174910491189e-03
-2.5414960414366990e-03
-2.4195001481792837e-03
-2.2975191361044745e-03
-2.1755530015825464e-03
-2.0536464896378733e-03
-1.9316952701271171e-03
-1.8097440506131090e-03
-1.6877928311006310e-03
-1.5658416115890562e-03
-1.4439052623637088e-03
-1.3219391725663007e-03
-1.1999879566814674e-03
-1.0780516110817900e-03
-9.5613013214227772e-04
-7.6886859599558684e-06
9.4759563655932258e-04
1.9098829627840165e-03
2.8792917881765925e-03
2.7573406485039212e-03
2.6353746349376569e-03
2.5133937438485180e-03
2.3914869905976980e-03
2.2695653742783746e-03
2.1476288912657890e-03
2.0256333320647548e-03
1.9036821125504389e-03
1.7817308930402440e-03
1.6597796735277322e-03
1.5378284540165973e-03
1.4158623605906538e-03
1.2939260149907464e-03
1.1719747991053267e-03
1.0500087093065513e-03
9.2802774196633863e-04
-2.0324253145936448e-05
-9.7560862907916071e-04
-1.9378959692397813e-03
-2.9073048019157351e-03
-2.7853536153724968e-03
-2.6634172991072090e-03
-2.5414958494948273e-03
-2.4194999562376584e-03
-2.2975189441630018e-03
-2.1755528096403902e-03
-2.0536462976960424e-03
-1.9316950781852848e-03
-1.8097438586703333e-03
-1.6877926391580447e-03
-1.5658414196457035e-03
-1.4439050704199094e-03
-1.3219389806224647e-03
-1.1999877647377863e-03
-1.0780514191396728e-03
-9.5612994020059512e-04
-7.6884940172555684e-06
9.4759582850267399e-04
1.9098831547274826e-03
2.8792919801192860e-03
2.7573408404481595e-03
2.6353748268825596e-03
2.5133939357931830e-03
2.3914871825414133e-03
2.2695655662220218e-03
2.1476290832085779e-03
2.0256335240110591e-03
1.9036823044971140e-03
1.7817310849873877e-03
1.6597798654753339e-03
