0.0000000000000000e+00
2.5002896729354219e+01
5.0000000000370058e+01
7.4999237105251126e+01
1.0000060863161639e+02
1.2500411516678693e+02
1.5000000000108355e+02
1.7499801756918384e+02
1.9999816845812080e+02
2.2499999465345746e+02
2.4999998951352714e+02
2.2500000014529081e+02
2.0000214462873288e+02
1.7500642237677761e+02
1.5000000000157792e+02
1.2499571324275561e+02
9.9993561512548169e+01
7.5000000000380979e+01
5.0000000000617050e+01
2.4999999999966931e+01
3.8117411982884792e-11
2.5000000000009994e+01
4.9997866147510919e+01
7.4999999999700293e+01
9.9999999412017274e+01
1.2499786497174441e+02
1.4999359726623831e+02
1.7499999146490541e+02
1.9999998557340930e+02
2.2499998496712402e+02
2.4999998453937718e+02
2.2499999984745875e+02
1.9999788071834956e+02
1.7499362656432916e+02
1.4999999999848973e+02
1.2500424074951695e+02
1.0000634823038783e+02
7.4999999999712870e+01
4.9999999999471079e+01
2.5000000000145580e+01
2.2976461245300675e-10
2.4999999999724089e+01
5.0002134439850408e+01
7.5000000000136737e+01
9.9999999412760616e+01
1.2500213326542672e+02
1.5000074492052869e+02
1.7499999498603304e+02
1.9999999022343582e+02
2.2499998992730735e+02
2.4999998962952009e+02
2.2500000014522197e+02
2.0000214451265833e+02
1.7500642214462155e+02
1.5000000000136788e+02
1.2499571347450255e+02
9.9993561976263265e+01
7.5000000000209113e+01
5.0000000000497920e+01
2.4999999999890285e+01
4.9072229102343857e-11
2.5000000000077463e+01
4.9997866147414676e+01
7.4999999999829939e+01
9.9999999412214407e+01
1.2499786497212266e+02
1.4999359726682036e+02
1.7499999146499684e+02
1.9999998557352933e+02
2.2499998496721417e+02
2.4999998453946318e+02
2.2499999984747214e+02
1.9999788071842772e+02
1.7499362656435579e+02
1.4999999999861947e+02
1.2500424074961066e+02
1.0000634823058019e+02
7.4999999999786297e+01
4.9999999999605222e+01
2.5000000000262837e+01
1.7440423285259036e-10
2.4999999999669793e+01
5.0002134439765818e+01
7.5000000000093621e+01
9.9999999412836260e+01
1.2500213326560905e+02
1.5000074492048714e+02
1.7499999498596046e+02
1.9999999022338807e+02
2.2499998992725790e+02
2.4999998962946253e+02
2.2500000014521223e+02
2.0000214451268710e+02
1.7500642214463909e+02
1.5000000000133184e+02
1.2499571347449404e+02
9.9993561976328593e+01
7.5000000000268315e+01
5.0000000000556405e+01
2.4999999999878515e+01
1.7539340765575036e-10
2.5000000000130168e+01
4.9997866147439950e+01
7.4999999999856840e+01
9.9999999412253715e+01
1.2499786497205733e+02
1.4999359726667382e+02
1.7499999146503782e+02
1.9999998557353973e+02
2.2499998496724237e+02
2.4999998453949772e+02
2.2499999984765029e+02
1.9999788071850199e+02
1.7499362656446823e+02
1.4999999999868447e+02
1.2500424074961364e+02
1.0000634823036665e+02
7.4999999999728303e+01
4.9999999999423757e+01
2.5000000000056588e+01
-2.0597402089541285e-11
2.5000000000002050e+01
5.0002134440215322e+01
7.5000000000433303e+01
9.9999999413280108e+01
1.2500213326604815e+02
1.5000074492049677e+02
1.7499999498598538e+02
1.9999999022339884e+02
2.2499998992729192e+02
2.4999998962948587e+02
2.2500000014528155e+02
2.0000214451257838e+02
1.7500642214453356e+02
1.5000000000128654e+02
1.2499571347436867e+02
9.9993561976133122e+01
7.5000000000096449e+01
5.0000000000438149e+01
2.4999999999835691e+01
-3.3494936883280388e-11
2.5000000000110152e+01
4.9997866147369301e+01
7.4999999999676845e+01
9.9999999411986991e+01
1.2499786497188889e+02
1.4999359726643698e+02
1.7499999146499454e+02
1.9999998557349934e+02
2.2499998496719047e+02
2.4999998453944301e+02
2.2499999984738739e+02
1.9999788071820583e+02
1.7499362656425237e+02
1.4999999999841137e+02
1.2500424074941229e+02
1.0000634823027056e+02
7.4999999999468670e+01
4.9999999999069843e+01
2.4999999999598522e+01
3.1365561658554909e-10
2.5000000000321517e+01
5.0002134440375450e+01
7.5000000000669488e+01
9.9999999413479600e+01
1.2500213326623560e+02
1.5000074492058323e+02
1.7499999498605831e+02
1.9999999022347254e+02
2.2499998992735257e+02
2.4999998962953939e+02
2.2500000014522993e+02
2.0000214451274448e+02
1.7500642214476068e+02
1.5000000000137248e+02
1.2499571347446238e+02
9.9993561975979716e+01
7.5000000000093138e+01
5.0000000000449916e+01
2.4999999999778552e+01
-1.7296373548242406e-11
2.5000000000226020e+01
4.9997866147644523e+01
7.4999999999879435e+01
9.9999999412178511e+01
1.2499786497186540e+02
1.4999359726645349e+02
1.7499999146496955e+02
1.9999998557348439e+02
2.2499998496718760e+02
2.4999998453942106e+02
2.2499999984756124e+02
1.9999788071853808e+02
1.7499362656457592e+02
1.4999999999869044e+02
1.2500424074963253e+02
1.0000634823023437e+02
7.5000000000051855e+01
4.9999999999691383e+01
2.5000000000313111e+01
8.7651779968698241e-11
