0.0000000000000000e+00
-1.4634146341497659e-04
-2.9270434578832378e-04
-4.3902439024689089e-04
-5.8536584739404839e-04
-7.3172872349713401e-04
-8.7811302482800209e-04
-1.3675285995815236e-03
-2.6446130485051041e-03
-4.0503747344243649e-03
-5.6186923938119004e-03
-5.5700278529274014e-03
-5.5213656801655318e-03
-5.4522613376989156e-03
-5.3545411907794122e-03
-5.2167283072806544e-03
-5.0705764230759981e-03
-4.9240453804831321e-03
-4.7777039169154267e-03
-4.6313838660383307e-03
-4.4850209900566427e-03
-4.3386795330321339e-03
-4.1923380632247877e-03
-4.1553937064989473e-03
-4.0090656527674443e-03
-3.8627107796713918e-03
-3.7163773231907501e-03
-3.5700652770564341e-03
-3.2612707384870117e-03
-2.2113161941001362e-03
-1.0775239422211357e-03
1.5760990049197169e-04
1.5165098048106757e-03
3.0303142077862059e-03
2.8841072669000684e-03
2.7378789464177398e-03
2.5914243546591369e-03
2.4449483108107159e-03
2.2987414277822957e-03
2.1525131651755633e-03
2.0060585010020023e-03
1.8597170376151184e-03
1.7133755742209491e-03
1.5670341108064453e-03
1.4206926473918770e-03
1.2743297650189337e-03
1.1280097205606957e-03
9.8166826341371466e-04
8.3530538730981416e-04
6.8892108597900159e-04
-1.2116372154337490e-04
-1.3349998738542814e-03
-2.6687015938497973e-03
-4.1541333188052565e-03
-4.0079089234490786e-03
-3.8617059065407951e-03
-3.7152259841531010e-03
-3.5687675149908438e-03
-3.4225430572730206e-03
-3.2762015938296294e-03
-3.1298815430754216e-03
-2.9835186669806071e-03
-2.8371772098419292e-03
-2.6908357401479008e-03
-2.5444942767337284e-03
-2.3981742260086292e-03
-2.2518113499059851e-03
-2.1054698927605352e-03
-1.9591498483036963e-03
-1.8128512102696588e-03
-1.6664454962565885e-03
-6.1986864094879814e-04
6.9998288301815949e-04
2.1670049770419609e-03
2.0207939446918143e-03
1.8745615315489059e-03
1.7281110306985993e-03
1.5816390789582452e-03
1.4354281038240499e-03
1.2891957479130799e-03
1.1427451770415914e-03
9.9640371365078678e-04
8.5006225025463034e-04
7.0372078684042335e-04
5.5737932342501354e-04
4.1101644105178493e-04
2.6469639659253201e-04
1.1835493944526843e-04
-2.8007936659297983e-05
-1.7439223799086063e-04
-3.2066945707525676e-04
-8.1012191566618634e-04
-2.1194749419125030e-03
-3.5749934935252869e-03
-3.4287662568177899e-03
-3.2825603993892447e-03
-3.1360833185103071e-03
-2.9896276900235400e-03
-2.8434003916313461e-03
-2.6970589281892342e-03
-2.5507388774377608e-03
-2.4043760013420122e-03
-2.2580345442030909e-03
-2.1116930745098761e-03
-1.9653516110951976e-03
-1.8190315603712663e-03
-1.6726686842685468e-03
-1.5263272271222523e-03
-1.3800071826650881e-03
-1.2337085446304462e-03
-1.0873028306182286e-03
-9.4091854810191065e-04
3.2122009890915034e-04
1.7676276095253717e-03
1.6214973823088733e-03
1.4753457979267241e-03
1.3288144674432026e-03
1.1824730041257339e-03
1.0361101218495021e-03
8.8972581434392049e-04
7.4344861392110760e-04
5.9710715051675698e-04
4.5076568710354751e-04
3.0442422368875499e-04
1.5808276027433693e-04
1.1719877901036969e-05
-1.3460016655780931e-04
-2.8094162370525459e-04
-4.2730449980976436e-04
-5.7368880114123185e-04
-7.1996602022577651e-04
-8.6626463946612832e-04
-1.8179281067941949e-03
-3.2600859384133490e-03
-3.1137460515243440e-03
-2.9674275768651363e-03
-2.8211305081700991e-03
-2.6747216501433299e-03
-2.5283342245323182e-03
-2.3819682250635827e-03
-2.2356972598907435e-03
-2.0893557964780070e-03
-1.9430143330569556e-03
-1.7966728696419058e-03
-1.6503314062274788e-03
-1.5040113555029344e-03
-1.3576484794002018e-03
-1.2113070222535569e-03
-1.0649869777959809e-03
-9.1868833976148704e-04
-7.7228262574997419e-04
-6.2589834323354939e-04
9.3680081295128098e-05
1.5306637662159256e-03
1.3843307580807388e-03
1.2379763334613297e-03
1.0916004860889947e-03
9.4530637964228823e-04
7.9899086809876471e-04
6.5265394519264355e-04
5.0628198940555328e-04
3.5994052598955443e-04
2.1359906257444457e-04
6.7257599159542276e-05
-7.9083864254835817e-05
-2.2544674662864850e-04
-3.7176679108747894e-04
-5.1810824823535142e-04
-6.6447112433969948e-04
-8.1085542567118068e-04
-9.5713264475515939e-04
-1.1034312639943444e-03
-1.6399233771247522e-03
-3.0727365371076613e-03
-2.9264130233592972e-03
-2.7801109170495332e-03
-2.6338302119153501e-03
-2.4873886222959237e-03
-2.3409684746746652e-03
-2.1947056954542674e-03
-2.0483642320300007e-03
-1.9020441812962123e-03
-1.7556813051941072e-03
-1.6093398417768904e-03
-1.4629983783624140e-03
-1.3166783276392427e-03
-1.1703154515357746e-03
-1.0239739943888717e-03
-8.7765394993189112e-04
-7.3135531189690494e-04
-5.8494959788667482e-04
-4.3856531537307230e-04
-4.9636098961478955e-05
1.3796582204132187e-03
1.2333547473936902e-03
1.0870298665361659e-03
9.4068357157522746e-04
7.9433036869683434e-04
6.4795574342286588e-04
5.0164744185402204e-04
3.5530597844873798e-04
2.0894309608477480e-04
6.2623051614815137e-05
-8.3718411796482060e-05
