0.0000000000000000e+00
-2.2853361040538813e-10
-3.2930203671517775e-03
5.1754209116590214e-10
6.7546297874344600e-07
-3.2916693156409319e-03
-9.8777092231865128e-03
-4.0665324623356981e-05
-8.7520283815499165e-04
-9.0235320682941420e-03
-1.3177834309984284e-02
8.0345773446117792e-09
1.2814130363648417e-02
-1.4000934908609559e-08
-1.9376171767006883e-02
-2.5337511838499303e-08
1.7362400434103888e-02
-2.3720179236794808e-08
-5.1911118510859823e-09
-3.2923323042178400e-03
3.6891980981307516e-10
-6.8701112002682241e-07
2.0671963593821239e-11
-1.8219823713698195e-10
-2.0618071958374180e-03
-8.1945131650153388e-11
-1.2309609021111726e-03
-5.7540151396357851e-03
1.8360110139685139e-06
5.8973661713031700e-04
3.0120270267639769e-03
3.9365542024864149e-03
5.1399762595856950e-03
6.8449516953250095e-03
1.2716202629880597e-06
-1.0128776866316774e-02
-7.6506377694397615e-09
6.8297573515058527e-03
-9.4689042442596846e-09
-1.0116143549664860e-02
-7.4446833680400943e-09
-2.2211427345695310e-09
6.5621923037171281e-11
1.4957404147603932e-10
1.1214029991189237e-10
-3.2930200863064002e-03
6.7691638373848019e-10
6.7601480105308946e-07
-3.2916685951321642e-03
-9.8777084912001836e-03
-6.4478353767204958e-04
-7.7456914345795013e-05
-8.6808442290771757e-03
-1.2755576216960328e-02
1.1289343167385707e-06
9.4718724999838296e-03
-1.1075418208075833e-08
-1.2771305598596405e-02
-8.4111138801426906e-09
-2.5993035475089714e-09
-3.2923422759295138e-03
6.3064491149188440e-10
-6.7632382724573476e-07
4.5272994528416612e-10
3.8782105717121041e-10
-3.2923451081104324e-03
1.1085451222986717e-09
-6.7317625138603961e-07
-3.2936929492000588e-03
-9.8783836046236698e-03
2.0079004262144494e-09
1.3418968811256227e-03
9.8707187038695318e-06
6.8838512135397812e-03
1.1200604210626374e-06
-1.0168159893721078e-02
-6.9522337529282633e-09
6.8693229784166400e-03
-8.8699522714729187e-09
-1.0155888494275195e-02
-6.7637500752746235e-09
-1.9855219310048612e-09
6.9720817562787729e-11
8.9784831729115950e-11
1.3607170149341711e-10
-3.2930202136751303e-03
1.5640159645184169e-10
6.7533386405968082e-07
-3.2916697013676537e-03
-9.8777098345254038e-03
1.4738562371851101e-09
-5.3834376798164772e-05
-1.3447840193454603e-03
-1.2280398569394771e-02
1.0390961661438366e-06
8.9963454635306542e-03
-1.0987434549152265e-08
-1.2295608427699931e-02
-7.9887626737519413e-09
-2.6049778426784490e-09
-3.2923426462339658e-03
5.6307019392667261e-10
-6.7613545807628459e-07
3.9248359609095653e-10
3.1003180277429090e-10
-3.2923453094511222e-03
7.1404473783221487e-10
-6.7286452182317001e-07
-3.2936923575359964e-03
-9.8783828941341849e-03
2.4579114728514131e-09
6.5840179422520413e-03
2.9300614270938111e-03
1.1337209601884880e-02
1.0538910789445455e-06
-1.4617628321793374e-02
-1.9845801434982901e-08
-5.2432844595574465e-09
-3.2930108052551727e-03
-9.8797116997116022e-03
2.5346955332416270e-09
8.0790209329717033e-10
4.8231319919310077e-10
3.5259889430211443e-10
4.6268176653591780e-10
-3.2930201807722845e-03
4.9380143183260133e-10
6.7577729938955477e-07
-3.2916692990315188e-03
-9.8777092533323275e-03
1.7148072089140024e-09
6.5867158531006378e-03
-1.4379658359731924e-03
-1.6803006750004248e-04
1.0007514435518226e-06
-3.1222283481727683e-03
-9.5370432233741163e-03
1.1894466867992339e-09
6.2425045327203594e-03
9.1911421048810719e-03
-1.1592968562471627e-10
2.6142315083276644e-10
-3.0082780469830508e-10
-2.7773687572994543e-10
-3.7813251072042864e-10
-3.2923461309297061e-03
3.4881940770579521e-11
-6.7369294679092764e-07
-3.2936930517023909e-03
-9.8783835503275831e-03
1.5484664443408056e-09
6.5840172788152896e-03
2.6011364925888832e-04
4.5403385330539125e-04
1.0274075064407074e-06
-3.7445793787172542e-03
-1.0783460936122442e-02
1.6264429167020270e-09
7.4916285127926037e-03
1.1690744942381762e-02
1.7612864463571075e-10
5.4424721228271433e-10
-2.1574820834806623e-10
-9.0864601472951963e-11
5.6753220270889245e-11
-3.2930204338719959e-03
2.1996676969786512e-10
6.7544849790472392e-07
-3.2916694923252649e-03
-9.8777094039104330e-03
1.6613497123055323e-09
6.5867158631450241e-03
-9.2299272716762901e-05
-1.9152063129418647e-03
9.7374565628348151e-07
-1.3742159424278422e-03
-6.0401015599384090e-03
1.5161357376716524e-10
2.7437804464321533e-03
-1.0271807796347041e-09
-3.2177604619278375e-10
-3.2923450230515476e-03
4.1237324086512380e-10
-2.7680787404720813e-10
-2.6590387936600923e-10
-3.2923460034673746e-03
4.0149514025035644e-11
-6.7395331220605926e-07
-3.2936936033904286e-03
-9.8783842349595141e-03
1.4338188652278768e-09
6.5840172434821365e-03
9.7297832490639816e-06
2.0531419755272346e-03
1.0033552500216519e-06
-5.3422658075998192e-03
-1.3977339664059847e-02
9.6558410965315882e-10
1.0682564911517037e-02
-2.1330830865221813e-09
-2.7787476406397578e-10
-3.2930187730252749e-03
-9.5255487958014259e-11
-4.7322045696381229e-10
