0.0000000000000000e+00
-3.0000000000193779e+01
-6.0006366698831265e+01
-9.0000000000320398e+01
-1.1999999831054478e+02
-1.5000636331852201e+02
-1.8001909671530154e+02
-2.0999994285917427e+02
-2.3999884962553250e+02
-2.6998856024345014e+02
-2.9998413759981150e+02
-2.9000000001308848e+02
-2.8001656612350047e+02
-2.6585786440445355e+02
-2.4583685998061441e+02
-2.1757359317550419e+02
-1.8760203945810997e+02
-1.5757359318102522e+02
-1.2757359313854867e+02
-9.7579958104989942e+01
-6.7573593129119985e+01
-3.7573594851495578e+01
-7.5735931288051024e+00
-1.6303234583339412e-10
2.9996013930506546e+01
5.9999999999471470e+01
8.9997620001518669e+01
1.1998887562653763e+02
1.4999999497715410e+02
1.7999829430533470e+02
2.0999105811448172e+02
2.3998788894138715e+02
2.6998343647014730e+02
2.9997652685196510e+02
2.6999999776227583e+02
2.4001711403435917e+02
2.0999999998534284e+02
1.7997650885547063e+02
1.4999999997452227e+02
1.2001713645964632e+02
8.9999999985766706e+01
5.9999999994570771e+01
3.0000000000180250e+01
2.1636372593494722e-10
-2.9999999999736165e+01
-6.0006366698279820e+01
-8.9999999999828106e+01
-1.1999999830975985e+02
-1.5000636331789195e+02
-1.8001909671472819e+02
-2.0999907360373305e+02
-2.3999989335242356e+02
-2.6998838884407689e+02
-2.9998365697027629e+02
-2.7000000189913442e+02
-2.4002270098680287e+02
-2.1000000002746575e+02
-1.7998367662592656e+02
-1.5000000001543856e+02
-1.2000000000604818e+02
-9.0006365005237996e+01
-6.0000000000059927e+01
-3.0000001692826590e+01
4.9847634413392833e-10
3.0000000000338154e+01
5.9993634991704255e+01
9.0000000000463444e+01
1.1999999831075613e+02
1.4999363161251887e+02
1.7998090159511443e+02
2.0999999999911134e+02
2.3999602265423044e+02
2.6999996906842159e+02
2.9997738930195550e+02
2.6999999803152036e+02
2.4001625176926152e+02
2.0999999998670799e+02
1.7997737147784721e+02
1.4999999997619699e+02
1.2001627348667881e+02
8.9999999987078780e+01
5.9999999994812775e+01
2.9999999999897430e+01
-1.6395395210802766e-11
-3.0000000000143682e+01
-6.0006366698862834e+01
-9.0000000000755009e+01
-1.1999999831083797e+02
-1.5000636331928115e+02
-1.8001909671633962e+02
-2.1000000000182717e+02
-2.3999992209431494e+02
-2.6999817768928995e+02
-2.9998395413748699e+02
-2.7000000174979800e+02
-2.4002240379309026e+02
-2.1000000002679167e+02
-1.7998397354548393e+02
-1.5000000001481993e+02
-1.2000000000594397e+02
-9.0006365005934043e+01
-6.0000000000376708e+01
-3.0000001692978671e+01
4.2525037696052910e-11
3.0000000000022311e+01
5.9993634991059565e+01
8.9999999999693472e+01
1.1999999831055669e+02
1.4999363161257313e+02
1.7998090159536986e+02
2.0999999999909437e+02
2.4001272832428481e+02
2.6999102320881161e+02
2.9996349642233520e+02
2.6999999814948353e+02
2.4003015214182551e+02
2.0999999995779149e+02
1.7999999998646013e+02
1.4999363331650031e+02
1.1998089825729549e+02
8.9999999999177760e+01
6.0000000000197296e+01
3.0000000000222919e+01
1.0797327857878304e-10
-2.9999999999853081e+01
-6.0006366698804669e+01
-9.0000000000444757e+01
-1.1999999831049729e+02
-1.5000636331891309e+02
-1.8001909671581606e+02
-2.1000000000160463e+02
-2.3998726491748710e+02
-2.6999799801282467e+02
-2.9999977991643567e+02
-2.7000000168570330e+02
-2.4000658831804733e+02
-2.1001953812449818e+02
-1.8000000000233433e+02
-1.4998683225005288e+02
-1.1998003317637873e+02
-9.0000000001371745e+01
-6.0000000001510664e+01
-3.0000000000554163e+01
-4.7787148796688688e-10
2.9999999999422688e+01
5.9993634990473673e+01
8.9999999999240927e+01
1.1999999831001958e+02
1.4999363161216598e+02
1.7998090159491829e+02
2.0999999999842800e+02
2.4001272832379001e+02
2.6999923441926569e+02
2.9999853666663796e+02
2.6999999819499789e+02
2.3999509378391511e+02
2.0998382174364843e+02
1.7999999999958382e+02
1.5000981510920087e+02
1.2001326538323477e+02
9.0000000000099064e+01
5.9999999999976836e+01
2.9999999999525240e+01
-4.8608918277753952e-10
-3.0000000000358675e+01
-6.0006366699286360e+01
-9.0000000000957741e+01
-1.1999999831113428e+02
-1.5000636331944645e+02
-1.8001909671636693e+02
-2.1000000000195504e+02
-2.3998726491746737e+02
-2.6999986830159492e+02
-2.9999747166693885e+02
-2.7000000164045593e+02
-2.4000889496081433e+02
-2.1002414993963228e+02
-1.8000000000662320e+02
-1.4998222347609487e+02
-1.2000000000476638e+02
-9.0000000002334758e+01
-6.0006365008739408e+01
-3.0000000000586972e+01
-4.6804254591840223e-10
2.9999999999503295e+01
5.9993634990274387e+01
8.9999999999122252e+01
1.1999999830986133e+02
1.4999363161174949e+02
1.7998090159451917e+02
2.0999999999807045e+02
2.4001272832286318e+02
2.6999997204568422e+02
2.9999344148790107e+02
2.6999999823577281e+02
2.4000019169844927e+02
2.0999402018705996e+02
1.8000000000143316e+02
1.4999961135860602e+02
1.1999999999671931e+02
8.9999999999694779e+01
5.9993633303982776e+01
2.9999999998894232e+01
-6.2268639550306366e-10
