2.0000000000000020e+02
2.0000000000000020e+02
2.0000000000000020e+02
2.0000000000000020e+02
2.0000000000000020e+02
2.0000000000000020e+02
2.0000000000000020e+02
2.0203778326766329e+02
2.0846359013735065e+02
2.1512605469721990e+02
2.2206722753305445e+02
2.2206722753305445e+02
2.2206722753305445e+02
2.2206722753305445e+02
2.2206722753305445e+02
2.2206722753305445e+02
2.2206722753305445e+02
2.2206722753305445e+02
2.2206722753305445e+02
2.2206722753305445e+02
2.2206722753305445e+02
2.2206722753305445e+02
2.2206722753305445e+02
2.2206722753305445e+02
2.2206722753305445e+02
2.2206722753305445e+02
2.2206722753305445e+02
2.2206722753305445e+02
2.2282298938283790e+02
2.2689591577892207e+02
2.3110148351970778e+02
2.3545865581164435e+02
2.3998761289456212e+02
2.4471504032676864e+02
2.4471504032676864e+02
2.4471504032676864e+02
2.4471504032676864e+02
2.4471504032676864e+02
2.4471504032676864e+02
2.4471504032676864e+02
2.4471504032676864e+02
2.4471504032676864e+02
2.4471504032676864e+02
2.4471504032676864e+02
2.4471504032676864e+02
2.4471504032676864e+02
2.4471504032676864e+02
2.4471504032676864e+02
2.4471504032676864e+02
2.4471504032676864e+02
2.4687370226588811e+02
2.5016972589388914e+02
2.5359643817775873e+02
2.5717899712925151e+02
2.5717899712925151e+02
2.5717899712925151e+02
2.5717899712925151e+02
2.5717899712925151e+02
2.5717899712925151e+02
2.5717899712925151e+02
2.5717899712925151e+02
2.5717899712925151e+02
2.5717899712925151e+02
2.5717899712925151e+02
2.5717899712925151e+02
2.5717899712925151e+02
2.5717899712925151e+02
2.5717899712925151e+02
2.5717899712925151e+02
2.5717899712925151e+02
2.5717899712925151e+02
2.5943063682148460e+02
2.6218885253729445e+02
2.6506967678896166e+02
2.6506967678896166e+02
2.6506967678896166e+02
2.6506967678896166e+02
2.6506967678896166e+02
2.6506967678896166e+02
2.6506967678896166e+02
2.6506967678896166e+02
2.6506967678896166e+02
2.6506967678896166e+02
2.6506967678896166e+02
2.6506967678896166e+02
2.6506967678896166e+02
2.6506967678896166e+02
2.6506967678896166e+02
2.6506967678896166e+02
2.6506967678896166e+02
2.6506967678896166e+02
2.6578142518362290e+02
2.6808783806908815e+02
2.7049881357887614e+02
2.7049881357887614e+02
2.7049881357887614e+02
2.7049881357887614e+02
2.7049881357887614e+02
2.7049881357887614e+02
2.7049881357887614e+02
2.7049881357887614e+02
2.7049881357887614e+02
2.7049881357887614e+02
2.7049881357887614e+02
2.7049881357887614e+02
2.7049881357887614e+02
2.7049881357887614e+02
2.7049881357887614e+02
2.7049881357887614e+02
2.7049881357887614e+02
2.7049881357887614e+02
2.7049881357887614e+02
2.7240935025030484e+02
2.7447997489254777e+02
2.7447997489254777e+02
2.7447997489254777e+02
2.7447997489254777e+02
2.7447997489254777e+02
2.7447997489254777e+02
2.7447997489254777e+02
2.7447997489254777e+02
2.7447997489254777e+02
2.7447997489254777e+02
2.7447997489254777e+02
2.7447997489254777e+02
2.7447997489254777e+02
2.7447997489254777e+02
2.7447997489254777e+02
2.7447997489254777e+02
2.7447997489254777e+02
2.7447997489254777e+02
2.7447997489254777e+02
2.7568372560769757e+02
2.7750264792542043e+02
2.7750264792542043e+02
2.7750264792542043e+02
2.7750264792542043e+02
2.7750264792542043e+02
2.7750264792542043e+02
2.7750264792542043e+02
2.7750264792542043e+02
2.7750264792542043e+02
2.7750264792542043e+02
2.7750264792542043e+02
2.7750264792542043e+02
2.7750264792542043e+02
2.7750264792542043e+02
2.7750264792542043e+02
2.7750264792542043e+02
2.7750264792542043e+02
2.7750264792542043e+02
2.7750264792542043e+02
2.7826333295488672e+02
2.7988306920565731e+02
2.7988306920565731e+02
2.7988306920565731e+02
2.7988306920565731e+02
2.7988306920565731e+02
2.7988306920565731e+02
2.7988306920565731e+02
2.7988306920565731e+02
2.7988306920565731e+02
2.7988306920565731e+02
2.7988306920565731e+02
2.7988306920565731e+02
2.7988306920565731e+02
2.7988306920565731e+02
2.7988306920565731e+02
2.7988306920565731e+02
2.7988306920565731e+02
2.7988306920565731e+02
2.7988306920565731e+02
2.8034846867125759e+02
2.8180829097656317e+02
2.8180829097656317e+02
2.8180829097656317e+02
2.8180829097656317e+02
2.8180829097656317e+02
2.8180829097656317e+02
2.8180829097656317e+02
2.8180829097656317e+02
2.8180829097656317e+02
2.8180829097656317e+02
2.8180829097656317e+02
2.8180829097656317e+02
2.8180829097656317e+02
2.8180829097656317e+02
2.8180829097656317e+02
2.8180829097656317e+02
2.8180829097656317e+02
2.8180829097656317e+02
2.8180829097656317e+02
2.8207120467095751e+02
2.8339956904238608e+02
2.8339956904238608e+02
2.8339956904238608e+02
2.8339956904238608e+02
2.8339956904238608e+02
2.8339956904238608e+02
2.8339956904238608e+02
2.8339956904238608e+02
2.8339956904238608e+02
2.8339956904238608e+02
2.8339956904238608e+02
