0.0000000000000000e+00
0.0000000000000000e+00
0.0000000000000000e+00
0.0000000000000000e+00
0.0000000000000000e+00
0.0000000000000000e+00
0.0000000000000000e+00
1.2799999964985503e+01
2.9865863918701418e+01
4.6933333058982598e+01
6.3999999795630572e+01
6.3999999795630593e+01
6.3999999795630593e+01
6.3999999795630593e+01
6.3999999795630593e+01
6.3999999795630593e+01
6.3999999795630593e+01
6.3999999795630572e+01
6.3999999795630572e+01
6.3999999795630579e+01
6.3999999795630579e+01
6.3999999795630579e+01
6.3999999795630579e+01
6.3999999795630593e+01
6.3999999795630593e+01
4.6933333140877153e+01
2.9866666357039858e+01
1.2799999690373671e+01
-4.2666669762953306e+00
-2.1333333642962128e+01
-3.8400000309635445e+01
-3.8400000309635445e+01
-3.8400000309635445e+01
-3.8400000309635445e+01
-3.8400000309635445e+01
-3.8400000309635445e+01
-3.8400000309635445e+01
-3.8400000309635445e+01
-3.8400000309635445e+01
-3.8400000309635445e+01
-3.8400000309635445e+01
-3.8400000309635445e+01
-3.8400000309635445e+01
-3.8400000309635445e+01
-3.8400000309635445e+01
-3.8400000309635445e+01
-3.8400000309635445e+01
-2.8160000056454578e+01
-1.1095319794691564e+01
5.9733329387372125e+00
2.3039999785267447e+01
2.3039999785267447e+01
2.3039999785267447e+01
2.3039999785267440e+01
2.3039999785267447e+01
2.3039999785267447e+01
2.3039999785267447e+01
2.3039999785267447e+01
2.3039999785267447e+01
2.3039999785267455e+01
2.3039999785267455e+01
2.3039999785267455e+01
2.3039999785267455e+01
2.3039999785267440e+01
2.3039999785267440e+01
2.3039999785267455e+01
2.3039999785267455e+01
2.3039999785267447e+01
2.0309021649764698e+01
3.2426665679088731e+00
-1.3824000262709383e+01
-1.3824000262709383e+01
-1.3824000262709383e+01
-1.3824000262709383e+01
-1.3824000262709383e+01
-1.3824000262709383e+01
-1.3824000262709383e+01
-1.3824000262709383e+01
-1.3824000262709383e+01
-1.3824000262709383e+01
-1.3824000262709383e+01
-1.3824000262709383e+01
-1.3824000262709383e+01
-1.3824000262709383e+01
-1.3824000262709383e+01
-1.3824000262709383e+01
-1.3824000262709383e+01
-1.3824000262709383e+01
-1.3824000262709383e+01
-8.7733241211349480e+00
8.2943999113385622e+00
8.2943999113385622e+00
8.2943999113385569e+00
8.2943999113385569e+00
8.2943999113385587e+00
8.2943999113385587e+00
8.2943999113385587e+00
8.2943999113385622e+00
8.2943999113385622e+00
8.2943999113385622e+00
8.2943999113385605e+00
8.2943999113385569e+00
8.2943999113385569e+00
8.2943999113385551e+00
8.2943999113385551e+00
8.2943999113385587e+00
8.2943999113385587e+00
8.2943999113385587e+00
8.2943999113385587e+00
8.2943999113385551e+00
-4.9766400147157315e+00
-4.9766400147157315e+00
-4.9766400147157315e+00
-4.9766400147157315e+00
-4.9766400147157315e+00
-4.9766400147157315e+00
-4.9766400147157315e+00
-4.9766400147157315e+00
-4.9766400147157315e+00
-4.9766400147157315e+00
-4.9766400147157315e+00
-4.9766400147157315e+00
-4.9766400147157315e+00
-4.9766400147157315e+00
-4.9766400147157315e+00
-4.9766400147157315e+00
-4.9766400147157315e+00
-4.9766400147157315e+00
-4.9766400147157315e+00
-4.9766400147157315e+00
2.9833538544561709e+00
2.9833538544561691e+00
2.9833538544561700e+00
2.9833538544561700e+00
2.9833538544561691e+00
2.9833538544561691e+00
2.9833538544561709e+00
2.9833538544561709e+00
2.9833538544561695e+00
2.9833538544561700e+00
2.9833538544561700e+00
2.9833538544561682e+00
2.9833538544561682e+00
2.9833538544561691e+00
2.9833538544561691e+00
2.9833538544561695e+00
2.9833538544561695e+00
2.9833538544561700e+00
2.9833538544561700e+00
2.9833538544561700e+00
-1.7935952670665860e+00
-1.7935952670665860e+00
-1.7935952670665860e+00
-1.7935952670665860e+00
-1.7935952670665860e+00
-1.7935952670665860e+00
-1.7935952670665860e+00
-1.7935952670665860e+00
-1.7935952670665860e+00
-1.7935952670665860e+00
-1.7935952670665860e+00
-1.7935952670665860e+00
-1.7935952670665860e+00
-1.7935952670665860e+00
-1.7935952670665860e+00
-1.7935952670665860e+00
-1.7935952670665860e+00
-1.7935952670665860e+00
-1.7935952670665860e+00
-1.7935952670665860e+00
1.0748642261178147e+00
1.0748642261178145e+00
1.0748642261178145e+00
1.0748642261178145e+00
1.0748642261178145e+00
1.0748642261178145e+00
1.0748642261178145e+00
1.0748642261178145e+00
1.0748642261178136e+00
1.0748642261178127e+00
1.0748642261178130e+00
1.0748642261178125e+00
1.0748642261178125e+00
1.0748642261178125e+00
1.0748642261178125e+00
1.0748642261178127e+00
1.0748642261178127e+00
1.0748642261178127e+00
1.0748642261178127e+00
1.0748642261178127e+00
-6.4538305311528021e-01
-6.4538305311528021e-01
-6.4538305311528021e-01
-6.4538305311528021e-01
-6.4538305311528021e-01
-6.4538305311528021e-01
-6.4538305311528021e-01
-6.4538305311528021e-01
-6.4538305311528021e-01
-6.4538305311528021e-01
-6.4538305311528021e-01
