0.0000000000000000e+00
-4.6829268293035075e-05
-9.3660729668072919e-05
-1.4048780487506182e-04
-1.8731707295858730e-04
-2.3414853412661251e-04
-2.8098218858279103e-04
-7.2780487683301383e-04
-1.3079582756882293e-03
-1.8881300709803653e-03
-2.4682926751235621e-03
-2.4214634074897542e-03
-2.3746363327331391e-03
-2.3278114506491117e-03
-2.2809756033584649e-03
-2.2341419495614276e-03
-2.1873170667805414e-03
-2.1404877984880009e-03
-2.0936607230730613e-03
-2.0468292619025105e-03
-1.9999999936117204e-03
-1.9531707253184465e-03
-1.9063436499034702e-03
-1.8595121887313415e-03
-1.8126829206419502e-03
-1.2325203188046821e-03
-6.5235771237271833e-04
-7.2195110746588762e-05
5.0796749087982118e-04
1.0881300925051594e-03
1.6682926941308540e-03
1.6214634250277110e-03
1.5746319628416568e-03
1.5277983073664189e-03
1.4809756194423811e-03
1.4341507390523869e-03
1.3873170828492497e-03
1.3404878145569675e-03
1.2936563531810248e-03
1.2468292779711748e-03
1.2000000096763234e-03
1.1531707413838649e-03
1.1063392800078800e-03
1.0595122048000615e-03
1.0126829367146143e-03
9.6585147554664340e-04
9.1901782108992842e-04
5.5219512376567653e-04
-2.7946231474795948e-05
-6.0813006685995596e-04
-1.1882926749586056e-03
-1.1414634071681439e-03
-1.0946363322544082e-03
-1.0478114500135688e-03
-1.0009756030353461e-03
-9.5414194955170152e-04
-9.0731706645771741e-04
-8.6048779816516900e-04
-8.1366072275031339e-04
-7.6682926157968815e-04
-7.1999999328933796e-04
-6.7317072499565797e-04
-6.2634364958056394e-04
-5.7951218840863658e-04
-5.3268292031920532e-04
-4.8585584510795941e-04
-4.3903096256871454e-04
-3.9219511522936730e-04
-2.6002933560607814e-04
3.2013008457729782e-04
9.0029269262017282e-04
8.5346342356008376e-04
8.0663196141793196e-04
7.5979830598643639e-04
7.1297561797608775e-04
6.6615073749983595e-04
6.1931708138344380e-04
5.7248781309070067e-04
5.2565635171469805e-04
4.7882927650554747e-04
4.3200000821052529e-04
3.8517073991837180e-04
3.3833927854337619e-04
2.9151220333587690e-04
2.4468293524963384e-04
1.9785147408123973e-04
1.5101781962453451e-04
1.0419513017270873e-04
5.7370248253931085e-05
-1.4731947484050565e-04
-7.2749268005969231e-04
-6.8066341110450458e-04
-6.3383633502692247e-04
-5.8701145162160927e-04
-5.4017560697260070e-04
-4.9334195581745362e-04
-4.4651707039448544e-04
-3.9968780210111895e-04
-3.5286072668583475e-04
-3.0602926551495272e-04
-2.5919999722542214e-04
-2.1237072893225990e-04
-1.6554365351678600e-04
-1.1871219234443393e-04
-7.1882924255715745e-05
-2.5055849045368175e-05
2.1769033493568400e-05
6.8604880833033881e-05
1.1543853467859913e-04
1.6226999523569571e-04
6.2381268352972063e-04
5.7698341581685370e-04
5.3015195502135873e-04
4.8331830093803848e-04
4.3649561022857895e-04
3.8967072705287120e-04
3.4283707363590220e-04
2.9600780534305845e-04
2.4917634396783901e-04
2.0234926875840512e-04
1.5552000046308289e-04
1.0869073217067290e-04
6.1859270794711109e-05
1.5032195586711711e-05
-3.1797072498392889e-05
-7.8628533665987208e-05
-1.2546218812288471e-04
-1.7228487757581405e-04
-2.1910975949566167e-04
-2.6593683408820718e-04
-5.6157821885639619e-04
-5.1469322183401111e-04
-4.6781042291253624e-04
-4.2103468598192695e-04
-3.7420541769779710e-04
-3.2737834229013137e-04
-2.8054688111685321e-04
-2.3371761302670802e-04
-1.8689053781406956e-04
-1.4005907623827003e-04
-9.3229807948259861e-05
-4.6400539655211160e-05
4.2653576043396376e-07
4.7257996932985408e-05
9.4087265022465828e-05
1.4091434023385407e-04
1.8773922277280712e-04
2.3457507011200539e-04
2.8140872395763009e-04
3.2824018451486784e-04
5.2432247688336822e-04
4.7751326746097713e-04
4.3070186683456043e-04
3.8388827479755047e-04
3.3707249114627155e-04
2.9025451567436518e-04
2.4336692527588891e-04
1.9653765697669705e-04
1.4970619559468532e-04
1.0287912039495466e-04
5.6049852099329401e-05
9.2205838071172900e-06
-3.7610877568283030e-05
-8.4437952776044169e-05
-1.3126722086112964e-04
-1.7809868202912221e-04
-2.2493233648602915e-04
-2.7175502593818491e-04
-3.1857990785778481e-04
-3.6540698244921939e-04
-5.0188942965866644e-04
-4.5505292095103695e-04
-4.0821860580002967e-04
-3.6138648399848593e-04
-3.1455655534222507e-04
-2.6773584851109202e-04
-2.2091733375537590e-04
-1.7407731193387117e-04
-1.2724804364260467e-04
-8.0418775354749888e-05
-3.3589507062336041e-05
1.3239761231128886e-05
6.0066836646175615e-05
1.0689829781780207e-04
1.5372756590750203e-04
2.0055464111932709e-04
2.4737952365935312e-04
2.9421537099767503e-04
3.4104902484139647e-04
3.8788048539704445e-04
4.8845830389182240e-04
4.4163163577693593e-04
3.9480277482365368e-04
3.4797172082470139e-04
3.0114383017822014e-04
2.5431374657814527e-04
2.0748146981801349e-04
1.6064699969363746e-04
1.1381033599865442e-04
6.6997488708578037e-05
2.0168220413674157e-05
