2.0000000000000020e+02
2.0000000000000020e+02
2.0000000000000020e+02
2.0000000000000020e+02
2.0000000000000020e+02
2.0000000000000020e+02
2.0000000000000020e+02
2.0479999998686978e+02
2.1119969896951315e+02
2.1759999989711861e+02
2.2399999992336171e+02
2.2399999992336171e+02
2.2399999992336171e+02
2.2399999992336171e+02
2.2399999992336171e+02
2.2399999992336171e+02
2.2399999992336171e+02
2.2399999992336171e+02
2.2399999992336171e+02
2.2399999992336171e+02
2.2399999992336171e+02
2.2399999992336171e+02
2.2399999992336171e+02
2.2399999992336171e+02
2.2399999992336171e+02
2.3039999991889420e+02
2.3679999996283325e+02
2.4319999996283303e+02
2.4959999996283375e+02
2.5599999996283387e+02
2.6239999996283638e+02
2.6239999996283638e+02
2.6239999996283638e+02
2.6239999996283638e+02
2.6239999996283638e+02
2.6239999996283638e+02
2.6239999996283638e+02
2.6239999996283638e+02
2.6239999996283638e+02
2.6239999996283638e+02
2.6239999996283638e+02
2.6239999996283638e+02
2.6239999996283638e+02
2.6239999996283638e+02
2.6239999996283638e+02
2.6239999996283638e+02
2.6239999996283638e+02
2.6624000005777918e+02
2.7263925515594019e+02
2.7903999993097614e+02
2.8543999999842504e+02
2.8543999999842504e+02
2.8543999999842504e+02
2.8543999999842504e+02
2.8543999999842504e+02
2.8543999999842504e+02
2.8543999999842504e+02
2.8543999999842504e+02
2.8543999999842504e+02
2.8543999999842504e+02
2.8543999999842504e+02
2.8543999999842504e+02
2.8543999999842504e+02
2.8543999999842504e+02
2.8543999999842504e+02
2.8543999999842504e+02
2.8543999999842504e+02
2.8543999999842504e+02
2.8646411679923830e+02
2.9286399995493434e+02
2.9926400001641622e+02
2.9926400001641622e+02
2.9926400001641622e+02
2.9926400001641622e+02
2.9926400001641622e+02
2.9926400001641622e+02
2.9926400001641622e+02
2.9926400001641622e+02
2.9926400001641622e+02
2.9926400001641622e+02
2.9926400001641622e+02
2.9926400001641622e+02
2.9926400001641622e+02
2.9926400001641622e+02
2.9926400001641622e+02
2.9926400001641622e+02
2.9926400001641622e+02
2.9926400001641622e+02
2.9926400001641622e+02
3.0115800356950660e+02
3.0755840008168423e+02
3.0755840008168423e+02
3.0755840008168423e+02
3.0755840008168423e+02
3.0755840008168423e+02
3.0755840008168423e+02
3.0755840008168423e+02
3.0755840008168423e+02
3.0755840008168423e+02
3.0755840008168423e+02
3.0755840008168423e+02
3.0755840008168423e+02
3.0755840008168423e+02
3.0755840008168423e+02
3.0755840008168423e+02
3.0755840008168423e+02
3.0755840008168423e+02
3.0755840008168423e+02
3.0755840008168423e+02
3.0755840008168423e+02
3.1253504005395456e+02
3.1253504005395456e+02
3.1253504005395456e+02
3.1253504005395456e+02
3.1253504005395456e+02
3.1253504005395456e+02
3.1253504005395456e+02
3.1253504005395456e+02
3.1253504005395456e+02
3.1253504005395456e+02
3.1253504005395456e+02
3.1253504005395456e+02
3.1253504005395456e+02
3.1253504005395456e+02
3.1253504005395456e+02
3.1253504005395456e+02
3.1253504005395456e+02
3.1253504005395456e+02
3.1253504005395456e+02
3.1253504005395456e+02
3.1552003775489391e+02
3.1552003775489391e+02
3.1552003775489391e+02
3.1552003775489391e+02
3.1552003775489391e+02
3.1552003775489391e+02
3.1552003775489391e+02
3.1552003775489391e+02
3.1552003775489391e+02
3.1552003775489391e+02
3.1552003775489391e+02
3.1552003775489391e+02
3.1552003775489391e+02
3.1552003775489391e+02
3.1552003775489391e+02
3.1552003775489391e+02
3.1552003775489391e+02
3.1552003775489391e+02
3.1552003775489391e+02
3.1552003775489391e+02
3.1731139367546501e+02
3.1731139367546501e+02
3.1731139367546501e+02
3.1731139367546501e+02
3.1731139367546501e+02
3.1731139367546501e+02
3.1731139367546501e+02
3.1731139367546501e+02
3.1731139367546501e+02
3.1731139367546501e+02
3.1731139367546501e+02
3.1731139367546501e+02
3.1731139367546501e+02
3.1731139367546501e+02
3.1731139367546501e+02
3.1731139367546501e+02
3.1731139367546501e+02
3.1731139367546501e+02
3.1731139367546501e+02
3.1731139367546501e+02
3.1838706598540932e+02
3.1838706598540932e+02
3.1838706598540932e+02
3.1838706598540932e+02
3.1838706598540932e+02
3.1838706598540932e+02
3.1838706598540932e+02
3.1838706598540932e+02
3.1838706598540932e+02
3.1838706598540932e+02
3.1838706598540932e+02
3.1838706598540932e+02
3.1838706598540932e+02
3.1838706598540932e+02
3.1838706598540932e+02
3.1838706598540932e+02
3.1838706598540932e+02
3.1838706598540932e+02
3.1838706598540932e+02
3.1838706598540932e+02
3.1903215871512157e+02
3.1903215871512157e+02
3.1903215871512157e+02
3.1903215871512157e+02
3.1903215871512157e+02
3.1903215871512157e+02
3.1903215871512157e+02
3.1903215871512157e+02
3.1903215871512157e+02
3.1903215871512157e+02
3.1903215871512157e+02
