0.0000000000000000e+00
-2.1950496753335699e-05
-4.3901475341369089e-05
-6.5853658536550508e-05
-8.7806323640675273e-05
-1.0975947067543633e-04
-1.3171309966114004e-04
-1.5366721061896836e-04
-1.7562180357019513e-04
-1.9757687853679020e-04
-2.1953243553918649e-04
-1.9755809167282951e-04
-1.7558423066793086e-04
-1.5365853658679251e-04
-1.3173332323121299e-04
-1.0975609756319969e-04
-8.7779354882274189e-05
-6.5853658538983132e-05
-4.3902439026249173e-05
-2.1951701359229978e-05
-2.4180095697746217e-15
2.1951219488134909e-05
4.3901957133448750e-05
6.5852212954159277e-05
8.7801986971245422e-05
1.0975609756028416e-04
1.3170972617597881e-04
1.5366287284086192e-04
1.7561553757545188e-04
1.9756097561039000e-04
2.1950593205373551e-04
1.9756387928613462e-04
1.7562134505462169e-04
1.5365853658634831e-04
1.3169524574161801e-04
1.0975609756161788e-04
8.7816468044508208e-05
6.5853658535270702e-05
4.3902439022781163e-05
2.1950737642875538e-05
-2.2861261662650507e-15
-2.1951219492513995e-05
-4.3902920849375858e-05
-6.5855104093925075e-05
-8.7807769247686378e-05
-1.0975609756235842e-04
-1.3170490761638291e-04
-1.5365419943103725e-04
-1.7560397302777799e-04
-1.9756097560911113e-04
-2.1951846031122740e-04
-1.9755809698738576e-04
-1.7559821591050099e-04
-1.5365853658514409e-04
-1.3171933859828358e-04
-1.0975609756123429e-04
-8.7793338896424667e-05
-6.5853658537596031e-05
-4.3902439025529507e-05
-2.1951701358791096e-05
-8.0847151436982618e-16
2.1951219490229310e-05
4.3901957135916922e-05
6.5852212957922515e-05
8.7801986975716197e-05
1.0975609756182996e-04
1.3170972617600982e-04
1.5366287283897083e-04
1.7561553757176375e-04
1.9756097561271168e-04
2.1950593206160611e-04
1.9756387928874416e-04
1.7562134505169012e-04
1.5365853658863847e-04
1.3169524574975679e-04
1.0975609756453079e-04
8.7816468042462129e-05
6.5853658539341786e-05
4.3902439027050222e-05
2.1950737647502980e-05
1.8733832019197927e-15
-2.1951219488941623e-05
-4.3902920846227450e-05
-6.5855104091224693e-05
-8.7807769245048039e-05
-1.0975609755716079e-04
-1.3170490760937593e-04
-1.5365419942222150e-04
-1.7560397301697746e-04
-1.9756097560494422e-04
-2.1951846031369860e-04
-1.9755809698332336e-04
-1.7559821590044217e-04
-1.5365853658127145e-04
-1.3171933860120155e-04
-1.0975609755703610e-04
-8.7793338885916959e-05
-6.5853658533809360e-05
-4.3902439022733858e-05
-2.1951701356414159e-05
1.8690630520536403e-15
2.1951219492815051e-05
4.3901957138508952e-05
6.5852212960215521e-05
8.7801986979049292e-05
1.0975609756398843e-04
1.3170972617579065e-04
1.5366287283675924e-04
1.7561553756740710e-04
1.9756097561467168e-04
2.1950593206995544e-04
1.9756387929021398e-04
1.7562134504698398e-04
1.5365853658980526e-04
1.3169524575695741e-04
1.0975609756522508e-04
8.7816468036689931e-05
6.5853658539160440e-05
4.3902439026764332e-05
2.1950737648229938e-05
2.2604787516739134e-15
-2.1951219488539587e-05
-4.3902920846627982e-05
-6.5855104092112275e-05
-8.7807769245891291e-05
-1.0975609755630968e-04
-1.3170490760642102e-04
-1.5365419941737847e-04
-1.7560397301006285e-04
-1.9756097560354175e-04
-2.1951846031763550e-04
-1.9755809698310953e-04
-1.7559821589541093e-04
-1.5365853658021349e-04
-1.3171933860538568e-04
-1.0975609755643721e-04
-8.7793338880432279e-05
-6.5853658533259032e-05
-4.3902439021466669e-05
-2.1951701355242885e-05
2.6071384930387000e-15
2.1951219493434279e-05
4.3901957139652866e-05
6.5852212961151825e-05
8.7801986978502949e-05
1.0975609756492752e-04
1.3170972617884788e-04
1.5366287284060624e-04
1.7561553757280328e-04
1.9756097561511785e-04
2.1950593206561980e-04
1.9756387929096452e-04
1.7562134505190780e-04
1.5365853659003370e-04
1.3169524575306168e-04
1.0975609756640045e-04
8.7816468042710804e-05
6.5853658540557068e-05
4.3902439027362703e-05
2.1950737647685032e-05
2.1168487698171956e-15
-2.1951219488803614e-05
-4.3902920846017725e-05
-6.5855104091769274e-05
-8.7807769246067745e-05
-1.0975609755776876e-04
-1.3170490760885061e-04
-1.5365419942078363e-04
-1.7560397301462225e-04
-1.9756097560516062e-04
-2.1951846031573920e-04
-1.9755809698398543e-04
-1.7559821589900747e-04
-1.5365853658153049e-04
-1.3171933860361740e-04
-1.0975609755714345e-04
-8.7793338883816264e-05
-6.5853658533334303e-05
-4.3902439021611105e-05
-2.1951701355787815e-05
2.0157224969333426e-15
2.1951219493559254e-05
4.3901957139837038e-05
6.5852212960762840e-05
8.7801986978914973e-05
1.0975609756546884e-04
1.3170972617939394e-04
1.5366287284189961e-04
1.7561553757389727e-04
1.9756097561489391e-04
2.1950593206449204e-04
1.9756387929087380e-04
1.7562134505245348e-04
1.5365853658998459e-04
1.3169524575194641e-04
1.0975609756664313e-04
8.7816468043774691e-05
6.5853658541296020e-05
4.3902439028788625e-05
2.1950737649079675e-05
3.6037283685601247e-15
