0.0000000000000000e+00
-4.1153533327048872e-04
-1.6460846710695993e-03
-9.2601455534934641e-11
8.2264293617681397e-04
8.2192822985136015e-04
-2.0593767577206535e-06
-1.6492356218035143e-03
-4.1195161694810708e-03
-7.4128170409001898e-03
-1.1529053705436639e-02
-1.6478987119091070e-03
7.4097548783821571e-03
-6.8113114946988751e-10
-8.2321393012613382e-03
-9.6052823916393031e-10
7.4081787641726788e-03
-1.3611047644094292e-09
-9.7586285844563736e-10
-8.2321353212497022e-04
-1.1422439036324220e-09
8.2914248209960697e-08
-8.2304595897846197e-04
-2.4694721611104821e-03
-4.9392800838283547e-03
-7.8092110957993588e-10
4.1165715087575511e-03
7.4103526215898805e-03
9.8812581978597862e-03
-6.1759944507513233e-10
-1.0705485128720996e-02
-1.6459384538397483e-03
6.5898413617606994e-03
-8.0827712078913603e-11
-7.4128751098586597e-03
-1.1595120939829387e-10
6.5895666423873723e-03
-9.4390703269560719e-10
-1.1455790953549433e-09
-8.2313016724691666e-04
-1.4681887464980257e-09
-8.5612687909161811e-08
-8.2329822515688281e-04
-2.4695551078574743e-03
-4.9387720778747554e-03
-1.0227777371485212e-09
4.1151353656895930e-03
7.4067218159499480e-03
9.8748425761924202e-03
-7.7967034057694433e-10
-1.0696961933631796e-02
-1.6467417440966137e-03
6.5809039300260292e-03
-4.3547593874264467e-10
-7.4042150356412231e-03
-3.6643309499818752e-10
6.5811838025870697e-03
-3.6122205614366666e-10
-7.2496364172451548e-10
-8.2321391964819890e-04
-7.4318901188137725e-10
8.3605882141682920e-08
-8.2304478420776881e-04
-2.4694701882430410e-03
-4.9392775752499212e-03
-3.4172351349950143e-10
4.1165701921010347e-03
7.4103492693996641e-03
9.8812531495913545e-03
4.8561821518668198e-10
-1.0705478515903455e-02
-1.6459373385589592e-03
6.5898365550355739e-03
9.4203185146366370e-10
-7.4128683889889500e-03
1.0437807466682002e-09
6.5895625244631797e-03
6.9772503140448849e-10
6.1539699871217899e-10
-8.2312826124430007e-04
2.2504868935112974e-10
-8.4107978780746995e-08
-8.2329685861581847e-04
-2.4695540015814968e-03
-4.9387708076292017e-03
7.4582927350592371e-10
4.1151375063118913e-03
7.4067243051636322e-03
9.8748452935000300e-03
1.0531147148704485e-09
-1.0696961107529058e-02
-1.6467400460899730e-03
6.5809063727925764e-03
1.1184776425489387e-09
-7.4042147818497318e-03
9.9319879105855092e-10
6.5811858900031491e-03
6.3820637972746117e-10
2.3613516947098798e-10
-8.2321285998000076e-04
4.3879672483564817e-10
8.4793312615235516e-08
-8.2304370686641628e-04
-2.4694692599499610e-03
-4.9392763385177349e-03
8.8079841539846187e-10
4.1165709508025096e-03
7.4103497850579242e-03
9.8812532267205447e-03
1.3026433789917470e-09
-1.0705476600926214e-02
-1.6459366570143489e-03
6.5898365965951248e-03
1.6860904326052587e-09
-7.4128668221619736e-03
1.7478993564996223e-09
6.5895619950291744e-03
1.0374867875218354e-09
7.4538532151162396e-10
-8.2312793839002670e-04
6.4983426264372535e-10
-8.3310803895421581e-08
-8.2329626357281944e-04
-2.4695534575928917e-03
-4.9387701677956501e-03
1.4742183006150534e-09
4.1151384621382677e-03
7.4067253248256276e-03
9.8748465866186890e-03
1.5499214719714794e-09
-1.0696961259665924e-02
-1.6467398047565506e-03
6.5809072680274210e-03
1.7440662674243727e-09
-7.4042148648036819e-03
1.7702087932428113e-09
6.5811873845414495e-03
1.3018209532170399e-09
1.0808804694892531e-09
-8.2321219985721349e-04
6.0930406232018314e-10
8.4849968324156516e-08
-8.2304335280421453e-04
-2.4694689771942177e-03
-4.9392764608579649e-03
8.3067414185810297e-10
4.1165710975593177e-03
7.4103497809500348e-03
9.8812534168619733e-03
8.9755534537634308e-10
-1.0705477538792829e-02
-1.6459370533226222e-03
6.5898364736001790e-03
1.3185539460646040e-09
-7.4128672549263804e-03
1.6025244870901102e-09
6.5895624122193561e-03
1.3737605241876958e-09
1.0080770772323092e-09
-8.2312795710582048e-04
6.9214308236626462e-10
-8.3399381005465689e-08
-8.2329612467823676e-04
-2.4695532572173982e-03
-4.9387703018568306e-03
9.7626243440719718e-10
4.1151377845446199e-03
7.4067243577769616e-03
9.8748453655240643e-03
1.1448569723103620e-09
-1.0696960519536381e-02
-1.6467399199463018e-03
6.5809062615044224e-03
1.5437074577408197e-09
-7.4042141337405222e-03
1.6223969681844193e-09
6.5811863905179922e-03
1.3494820412438976e-09
1.1462882624614234e-09
-8.2321228773238461e-04
6.9415204190153863e-10
8.5510367316881204e-08
-8.2304289703013199e-04
-2.4694685180115697e-03
-4.9392758841183913e-03
1.4816458474375143e-09
4.1165718437703004e-03
7.4103508961444863e-03
9.8812543624617923e-03
1.5056055549320685e-09
-1.0705476998969950e-02
-1.6459364854869403e-03
6.5898371467920693e-03
1.6805870315018195e-09
-7.4128670394232841e-03
2.0553676666462391e-09
6.5895629687546687e-03
1.6617610423928707e-09
1.4358752425476370e-09
-8.2312754157547532e-04
1.0840826195117032e-09
