0.0000000000000000e+00
0.0000000000000000e+00
0.0000000000000000e+00
0.0000000000000000e+00
0.0000000000000000e+00
0.0000000000000000e+00
0.0000000000000000e+00
5.6666666611579378e-04
1.5999999997430175e-03
2.6333333208516988e-03
3.6666666541842466e-03
3.6666666541842466e-03
3.6666666541842466e-03
3.6666666541842466e-03
3.6666666541842466e-03
3.6666666541842466e-03
3.6666666541842466e-03
3.6666666541842466e-03
3.6666666541842466e-03
3.6666666541842466e-03
3.6666666541842466e-03
3.6666666541842466e-03
3.6666666541842466e-03
3.7666732259074229e-03
4.7999999790871222e-03
5.8333333207320637e-03
6.8666666542450908e-03
7.8999999875787198e-03
8.9333333209115559e-03
9.9666666542447650e-03
1.0999999987577714e-02
1.0999999987577714e-02
1.0999999987577714e-02
1.0999999987577714e-02
1.0999999987577714e-02
1.0999999987577714e-02
1.0999999987577714e-02
1.0999999987577714e-02
1.0999999987577714e-02
1.0999999987577714e-02
1.0999999987577714e-02
1.0999999987577714e-02
1.0999999987577714e-02
1.1099993272631279e-02
1.2133333329409548e-02
1.3166666654485234e-02
1.4199999987636986e-02
1.5233333320970070e-02
1.6266666654303621e-02
1.7299999987637225e-02
1.8333333320970736e-02
1.8333333320970736e-02
1.8333333320970736e-02
1.8333333320970736e-02
1.8333333320970736e-02
1.8333333320970736e-02
1.8333333320970736e-02
1.8333333320970736e-02
1.8333333320970736e-02
1.8333333320970736e-02
1.8333333320970736e-02
1.8333333320970736e-02
1.8333333320970736e-02
1.8433339892693072e-02
1.9466666645872068e-02
2.0499999987516601e-02
2.1533333321029777e-02
2.2566666654362973e-02
2.3599999987696216e-02
2.4633333321029169e-02
2.5666666654362166e-02
2.5666666654362166e-02
2.5666666654362166e-02
2.5666666654362166e-02
2.5666666654362166e-02
2.5666666654362166e-02
2.5666666654362166e-02
2.5666666654362166e-02
2.5666666654362166e-02
2.5666666654362166e-02
2.5666666654362166e-02
2.5666666654362166e-02
2.5666666654362166e-02
2.5766659939416008e-02
2.6799999996194798e-02
2.7833333321270238e-02
2.8866666654421454e-02
2.9899999987755166e-02
3.0933333321088705e-02
3.1966666654422278e-02
3.2999999987756060e-02
3.2999999987756060e-02
3.2999999987756060e-02
3.2999999987756060e-02
3.2999999987756060e-02
3.2999999987756060e-02
3.2999999987756060e-02
3.2999999987756060e-02
3.2999999987756060e-02
3.2999999987756060e-02
3.2999999987756060e-02
3.2999999987756060e-02
3.2999999987756060e-02
3.3100006559478139e-02
3.4133333312657783e-02
3.5166666654302028e-02
3.6199999987815153e-02
3.7233333321148143e-02
3.8266666654481966e-02
3.9299999987815581e-02
4.0333333321149592e-02
4.0333333321149592e-02
4.0333333321149592e-02
4.0333333321149592e-02
4.0333333321149592e-02
4.0333333321149592e-02
4.0333333321149592e-02
4.0333333321149592e-02
4.0333333321149592e-02
4.0333333321149592e-02
4.0333333321149592e-02
4.0333333321149592e-02
4.0333333321149592e-02
4.0433326606202406e-02
4.1466666662980815e-02
4.2499999988056585e-02
4.3533333321207880e-02
4.4566666654541350e-02
4.5599999987874819e-02
4.6633333321208364e-02
4.7666666654541966e-02
4.7666666654541966e-02
4.7666666654541966e-02
4.7666666654541966e-02
4.7666666654541966e-02
4.7666666654541966e-02
4.7666666654541966e-02
4.7666666654541966e-02
4.7666666654541966e-02
4.7666666654541966e-02
4.7666666654541966e-02
4.7666666654541966e-02
4.7666666654541966e-02
4.7766673226263850e-02
4.8799999979443773e-02
4.9833333321088219e-02
5.0866666654601392e-02
5.1899999987934535e-02
5.2933333321267706e-02
5.3966666654601328e-02
5.4999999987934978e-02
5.4999999987934978e-02
5.4999999987934978e-02
5.4999999987934978e-02
5.4999999987934978e-02
5.4999999987934978e-02
5.4999999987934978e-02
5.4999999987934978e-02
5.4999999987934978e-02
5.4999999987934978e-02
5.4999999987934978e-02
5.4999999987934978e-02
5.4999999987934978e-02
5.5099993272987619e-02
5.6133333329766284e-02
5.7166666654842255e-02
5.8199999987993876e-02
5.9233333321327603e-02
6.0266666654661148e-02
6.1299999987994722e-02
6.2333333321327865e-02
6.2333333321327865e-02
6.2333333321327865e-02
6.2333333321327865e-02
6.2333333321327865e-02
6.2333333321327865e-02
6.2333333321327865e-02
6.2333333321327865e-02
6.2333333321327865e-02
6.2333333321327865e-02
6.2333333321327865e-02
6.2333333321327865e-02
6.2333333321327865e-02
6.2433339893050756e-02
6.3466666646230532e-02
6.4499999987875437e-02
6.5533333321388818e-02
6.6566666654722204e-02
6.7599999988055895e-02
6.8633333321389225e-02
6.9666666654722098e-02
6.9666666654722098e-02
6.9666666654722098e-02
6.9666666654722098e-02
6.9666666654722098e-02
6.9666666654722098e-02
6.9666666654722098e-02
6.9666666654722098e-02
6.9666666654722098e-02
6.9666666654722098e-02
6.9666666654722098e-02
