0.0000000000000000e+00
3.0999999999761744e+01
6.1993203614713394e+01
9.2999999999878838e+01
1.2399999813580457e+02
1.5499319988735854e+02
1.8597960711791242e+02
2.1699999998681739e+02
2.4799999999405074e+02
2.7900000003208032e+02
3.1000000003209431e+02
2.7899999980492714e+02
2.4799320132842175e+02
2.1697960273744525e+02
1.8599999999838516e+02
1.5501360460437488e+02
1.2399999999944802e+02
9.2999999999552344e+01
6.1993201750360456e+01
3.0999999999492157e+01
3.7520238957179631e-11
-3.0999999999964132e+01
-6.2006798249525261e+01
-9.3001500710349461e+01
-1.2400000009776190e+02
-1.5499999996685051e+02
-1.8599999996884421e+02
-2.1699999996878893e+02
-2.4799999996895548e+02
-2.7899999996925123e+02
-3.0999999996894820e+02
-2.7900000018158812e+02
-2.4800679677918339e+02
-2.1702038789830024e+02
-1.8600000000156612e+02
-1.5498641408174234e+02
-1.2400000000008154e+02
-9.3000000000039563e+01
-6.2006796385098212e+01
-3.1000000000066272e+01
6.4445068141450916e-10
3.1000000000647791e+01
6.1993203615545823e+01
9.2998494493646007e+01
1.2399999990288906e+02
1.5500000003477487e+02
1.8600000003249519e+02
2.1700000003242553e+02
2.4800000003256073e+02
2.7900000003260629e+02
3.1000000003277171e+02
2.7899999980586347e+02
2.4799320132939985e+02
2.1697960273827130e+02
1.8599999999904315e+02
1.5501360460534056e+02
1.2400000000008981e+02
9.3000000000236952e+01
6.1993201750927867e+01
3.1000000000105366e+01
2.9538884930826737e-10
-3.0999999999719705e+01
-6.2006798249171624e+01
-9.3001500709973911e+01
-1.2400000009736328e+02
-1.5499999996629933e+02
-1.8599999996853336e+02
-2.1699999996861942e+02
-2.4799999996845622e+02
-2.7899999996868530e+02
-3.0999999996858821e+02
-2.7900000018105538e+02
-2.4800679677850576e+02
-2.1702038789753379e+02
-1.8600000000102645e+02
-1.5498641408128159e+02
-1.2399999999964228e+02
-9.2999999999653923e+01
-6.2006796384818465e+01
-3.0999999999945903e+01
7.6038930007543337e-10
3.1000000000779657e+01
6.1993203615668989e+01
9.2998494493794965e+01
1.2399999990299040e+02
1.5500000003489200e+02
1.8600000003268201e+02
2.1700000003262073e+02
2.4800000003251489e+02
2.7900000003242207e+02
3.1000000003234442e+02
2.7899999980523211e+02
2.4799320132853512e+02
2.1697960273754745e+02
1.8599999999843342e+02
1.5501360460461731e+02
1.2399999999972395e+02
9.2999999999677314e+01
6.1993201750292414e+01
3.0999999999873978e+01
5.2752146084434548e-10
-3.0999999999568448e+01
-6.2006798249095297e+01
-9.3001500709923164e+01
-1.2400000009684501e+02
-1.5499999996586627e+02
-1.8599999996785925e+02
-2.1699999996810374e+02
-2.4799999996830852e+02
-2.7899999996813256e+02
-3.0999999996825392e+02
-2.7900000018078651e+02
-2.4800679677837726e+02
-2.1702038789770026e+02
-1.8600000000117822e+02
-1.5498641408165062e+02
-1.2400000000009587e+02
-9.3000000000082522e+01
-6.2006796385234708e+01
-3.1000000000075222e+01
3.2932966294832376e-10
3.1000000000340776e+01
6.1993203615109472e+01
9.2998494493367758e+01
1.2399999990238138e+02
1.5500000003436668e+02
1.8600000003209433e+02
2.1700000003244034e+02
2.4800000003242758e+02
2.7900000003253973e+02
3.1000000003226313e+02
2.7899999980514519e+02
2.4799320132876173e+02
2.1697960273783062e+02
1.8599999999855584e+02
1.5501360460456937e+02
1.2399999999980838e+02
9.2999999999793431e+01
6.1993201750550334e+01
3.0999999999876557e+01
4.9142414518475389e-10
-3.0999999999568491e+01
-6.2006798248997605e+01
-9.3001500710014042e+01
-1.2400000009723206e+02
-1.5499999996605570e+02
-1.8599999996835200e+02
-2.1699999996838358e+02
-2.4799999996820199e+02
-2.7899999996834708e+02
-3.0999999996841507e+02
-2.7900000018080067e+02
-2.4800679677825502e+02
-2.1702038789727663e+02
-1.8600000000102878e+02
-1.5498641408160333e+02
-1.2400000000014845e+02
-9.3000000000074891e+01
-6.2006796385195230e+01
-3.1000000000308567e+01
3.3175564867349777e-11
3.0999999999965006e+01
6.1993203614660693e+01
9.2998494492986907e+01
1.2399999990221072e+02
1.5500000003439914e+02
1.8600000003195771e+02
2.1700000003182086e+02
2.4800000003167696e+02
2.7900000003153099e+02
3.1000000003164598e+02
2.7899999980458330e+02
2.4799320132838301e+02
2.1697960273728160e+02
1.8599999999821654e+02
1.5501360460447850e+02
1.2399999999957343e+02
9.2999999999582542e+01
6.1993201750257896e+01
3.0999999999472141e+01
-2.3280833237923560e-10
-3.1000000000314056e+01
-6.2006798249635381e+01
-9.3001500710362563e+01
-1.2400000009785006e+02
-1.5499999996661168e+02
-1.8599999996888309e+02
-2.1699999996872620e+02
-2.4799999996866438e+02
-2.7899999996857821e+02
-3.0999999996874215e+02
-2.7900000018115668e+02
-2.4800679677873393e+02
-2.1702038789780477e+02
-1.8600000000158735e+02
-1.5498641408188314e+02
-1.2400000000012207e+02
-9.3000000000267235e+01
-6.2006796385233123e+01
-3.1000000000109178e+01
2.1848215835908127e-10
