0.0000000000000000e+00
3.0999999999916653e+01
6.1996719096323609e+01
9.2999999999181142e+01
1.2399999887891977e+02
1.5499671685537973e+02
1.8599015504822282e+02
2.1699999998347420e+02
2.4799999999229061e+02
2.7899999962555091e+02
3.0999999962552772e+02
2.7899999969330105e+02
2.4799671773771314e+02
2.1699015263799848e+02
1.8599999999637674e+02
1.5500656869225324e+02
1.2399999999901752e+02
9.2999999998960959e+01
6.1996717975523886e+01
3.0999999998902783e+01
1.4809389429641484e-10
3.1000000000372776e+01
6.2003282024014467e+01
9.3000197526167895e+01
1.2400000012155935e+02
1.5500000037090703e+02
1.8600000037629826e+02
2.1700000037630710e+02
2.4800000037629192e+02
2.7900000037628814e+02
3.1000000037627672e+02
2.7900000028888246e+02
2.4800328110478105e+02
2.1700984170453418e+02
1.8600000000353538e+02
1.5499344256545322e+02
1.2400000000085127e+02
9.3000000000838298e+01
6.2003280904318082e+01
3.1000000000836906e+01
1.2077056810006011e-10
3.1000000000013799e+01
6.1996719096328817e+01
9.2999798175330255e+01
1.2399999987867861e+02
1.5499999963094922e+02
1.8599999962550174e+02
2.1699999962549421e+02
2.4799999962550069e+02
2.7899999962550896e+02
3.0999999962551419e+02
2.7899999969349466e+02
2.4799671773786147e+02
2.1699015263814127e+02
1.8599999999637618e+02
1.5500656869214174e+02
1.2399999999911552e+02
9.2999999999059852e+01
6.1996717975405183e+01
3.0999999998983107e+01
8.0764346799718606e-11
3.1000000000202579e+01
6.2003282023903211e+01
9.3000197526156654e+01
1.2400000012152695e+02
1.5500000037086284e+02
1.8600000037625833e+02
2.1700000037625409e+02
2.4800000037625114e+02
2.7900000037623937e+02
3.1000000037622993e+02
2.7900000028866754e+02
2.4800328110454552e+02
2.1700984170441333e+02
1.8600000000345645e+02
1.5499344256549094e+02
1.2400000000061195e+02
9.3000000000728818e+01
6.2003280904172321e+01
3.1000000000789310e+01
2.5610314970013198e-10
3.1000000000095294e+01
6.1996719096450335e+01
9.2999798175385251e+01
1.2399999987874895e+02
1.5499999963101183e+02
1.8599999962554847e+02
2.1699999962555998e+02
2.4799999962556595e+02
2.7899999962557371e+02
3.0999999962558746e+02
2.7899999969353593e+02
2.4799671773786676e+02
2.1699015263821508e+02
1.8599999999638962e+02
1.5500656869194688e+02
1.2399999999913422e+02
9.2999999999074490e+01
6.1996717975534715e+01
3.0999999999155555e+01
5.6224116895155626e-11
3.0999999999934371e+01
6.2003282023571096e+01
9.3000197526075510e+01
1.2400000012146471e+02
1.5500000037079144e+02
1.8600000037618625e+02
2.1700000037617610e+02
2.4800000037618992e+02
2.7900000037619895e+02
3.1000000037621891e+02
2.7900000028871671e+02
2.4800328110467029e+02
2.1700984170463849e+02
1.8600000000368519e+02
1.5499344256559235e+02
1.2400000000103617e+02
9.3000000001014286e+01
6.2003280904503924e+01
3.1000000000973642e+01
2.2742755256648923e-10
3.0999999999782478e+01
6.1996719096373369e+01
9.2999798175365726e+01
1.2399999987871830e+02
1.5499999963099106e+02
1.8599999962553085e+02
2.1699999962553423e+02
2.4799999962553818e+02
2.7899999962554517e+02
3.0999999962555324e+02
2.7899999969342304e+02
2.4799671773790928e+02
2.1699015263830458e+02
1.8599999999634295e+02
1.5500656869192412e+02
1.2399999999913211e+02
9.2999999999065267e+01
6.1996717975554944e+01
3.0999999999059614e+01
2.7486093171214244e-11
3.0999999999971138e+01
6.2003282023531405e+01
9.3000197526104685e+01
1.2400000012150248e+02
1.5500000037083572e+02
1.8600000037623064e+02
2.1700000037622516e+02
2.4800000037621984e+02
2.7900000037622897e+02
3.1000000037623863e+02
2.7900000028879310e+02
2.4800328110461609e+02
2.1700984170434302e+02
1.8600000000367319e+02
1.5499344256577476e+02
1.2400000000089668e+02
9.3000000000901181e+01
6.2003280904425857e+01
3.1000000000876579e+01
1.3121669778902263e-10
3.0999999999898698e+01
6.1996719096161762e+01
9.2999798175341482e+01
1.2399999987870144e+02
1.5499999963098037e+02
1.8599999962552931e+02
2.1699999962554131e+02
2.4799999962554736e+02
2.7899999962555410e+02
3.0999999962554864e+02
2.7899999969340956e+02
2.4799671773770299e+02
2.1699015263782502e+02
1.8599999999619604e+02
1.5500656869220467e+02
1.2399999999902701e+02
9.2999999999068649e+01
6.1996717975588609e+01
3.0999999999074916e+01
-3.7758902702332724e-11
3.1000000000285169e+01
6.2003282023871122e+01
9.3000197526138294e+01
1.2400000012153222e+02
1.5500000037087921e+02
1.8600000037628098e+02
2.1700000037628206e+02
2.4800000037629206e+02
2.7900000037629269e+02
3.1000000037627865e+02
2.7900000028874138e+02
2.4800328110455214e+02
2.1700984170437792e+02
1.8600000000362843e+02
1.5499344256564569e+02
1.2400000000070658e+02
9.3000000000710216e+01
6.2003280904168719e+01
3.1000000000618435e+01
1.7085721352784518e-10
