0.0000000000000000e+00
-2.2448148561966902e-10
-3.7459322942810071e-03
5.8523748067851752e-10
-8.1677339474192675e-07
-3.7475664073266606e-03
-1.1239429629245675e-02
1.2856228169620668e-08
-9.2683318369761111e-03
5.0909423853225579e-07
4.3814888290644665e-07
1.2665590129091755e-07
-3.7469353915471392e-03
-1.1241567871629636e-02
2.2797527288275117e-09
7.4972786829753200e-03
5.0463478846567786e-10
5.4582652762724132e-10
-3.7467503768218789e-03
6.2303133191904785e-10
-1.7278233598394903e-10
-2.7234937420070220e-10
-3.7467509610797684e-03
2.3430942277874623e-09
2.5512796851701912e-09
4.6267431445996042e-07
4.6244847597694391e-07
4.6252686580684564e-07
4.6251819576035501e-07
4.6226758694693138e-07
4.6216796190768144e-07
1.2165523319363757e-07
-3.7461514753988094e-03
-1.1237538486502179e-02
1.7719945112638766e-09
7.4891543724626064e-03
-6.2692972294088404e-11
-1.6552569043451025e-10
-3.7459321218224918e-03
1.4618369207577030e-10
-5.5835852870827361e-10
-6.2784421271761992e-10
-3.7459324916167343e-03
2.0587001285770156e-09
2.1038240767715420e-09
4.6081202874106124e-07
4.6113495531035878e-07
4.6102149826458055e-07
4.6097899664541253e-07
4.6103264698011533e-07
4.6086291991258283e-07
1.2621967191401623e-07
-3.7469595126260109e-03
-1.1241615146684631e-02
1.8807018087720168e-09
7.4973249787691218e-03
2.0560757113148548e-10
3.8260329678074067e-10
-3.7467506059292587e-03
3.7185922258581864e-10
-1.8902063115620822e-10
-5.6401269126011282e-11
-3.7467510574052463e-03
1.8341947414458750e-09
1.9100612616110899e-09
4.6157731116276884e-07
4.6148684208490062e-07
4.6157192664713335e-07
4.6148416302944301e-07
4.6124759805672813e-07
4.6122043912018402e-07
1.2093394719665427e-07
-3.7461520606455719e-03
-1.1237538713841061e-02
1.1981458988868326e-09
7.4891534740592278e-03
-5.0829190708529329e-10
-4.4728386601466651e-10
-3.7459329268835027e-03
-7.5417571003554239e-10
-1.2298787002982359e-09
-1.1889999390914280e-09
-3.7459336097501062e-03
8.2915967316276016e-10
8.2905588964042223e-10
4.6003113096525857e-07
4.6012888772321030e-07
4.6008740485218115e-07
4.6007017724671790e-07
4.6015981228634570e-07
4.6014895393532715e-07
1.2562145259843297e-07
-3.7469598383972789e-03
-1.1241615323738300e-02
1.4195001381436364e-09
7.4973242500265989e-03
-1.7534822187563522e-10
-1.7938242595264977e-10
-3.7467509643135301e-03
5.1436547627504663e-11
-3.4511300685100667e-10
-6.1700869396982709e-10
-3.7467510944603319e-03
2.1523523862690970e-09
1.9728366227726397e-09
4.6188079786130935e-07
4.6194442346937348e-07
4.6178015460343768e-07
4.6170074338106790e-07
4.6214456316462505e-07
4.6193195495498380e-07
1.2143033536124364e-07
-3.7461513048754618e-03
-1.1237537951960072e-02
2.0320030911405008e-09
7.4891546714697535e-03
2.5127590127389917e-11
-6.0836159999062468e-11
-3.7459323432183873e-03
-8.7413427253751191e-11
-7.5997001315418739e-10
-8.9634688056859203e-10
-3.7459330614337482e-03
1.4096246095547959e-09
1.3893888067958921e-09
4.6043386092044908e-07
4.6030552180630874e-07
4.6023760902715249e-07
4.6033580831558313e-07
4.6031167024380667e-07
4.6019506473391195e-07
1.2524501425597220e-07
-3.7469604324136610e-03
-1.1241616029942860e-02
9.1751609816062716e-10
7.4973238802091401e-03
-5.5801910994142441e-10
-6.1668476186829380e-10
-3.7467516298985834e-03
-1.0348596210447428e-09
-1.6480630087004483e-09
-1.8181263041625987e-09
-3.7467526930736153e-03
7.2471494930214990e-10
9.3695019898767012e-10
4.6086767966102236e-07
4.6084264256027793e-07
4.6094278083456279e-07
4.6090387279103451e-07
4.6100424136064650e-07
4.6078510439061963e-07
1.2003259819480148e-07
-3.7461527965749189e-03
-1.1237539311889717e-02
6.4786888772801049e-10
7.4891528173993693e-03
-1.2654862796559482e-09
-1.2519782634872786e-09
-3.7459335475867081e-03
-1.4164782716846557e-09
-1.7279171683073632e-09
-1.8411657094514298e-09
-3.7459338910163596e-03
1.0296671732769817e-09
9.6145773206198748e-10
4.5995966861532455e-07
4.6005355167335224e-07
4.6006885779257884e-07
4.6020670597902315e-07
4.6035017126786316e-07
4.6042144737579188e-07
1.2583451773662441e-07
-3.7469598285821927e-03
-1.1241615461397063e-02
1.7306978791382741e-09
7.4973246514174344e-03
-1.5436460722295563e-10
-2.4588333022836071e-10
-3.7467508197058692e-03
-2.5573378894986266e-10
-7.5028410728930197e-10
-4.5391824757675287e-10
-3.7467511564189000e-03
1.9804966275217888e-09
1.9142258149630159e-09
4.6183801482761430e-07
4.6176455289702877e-07
4.6167166488007288e-07
4.6142434181681889e-07
4.6170474805723394e-07
4.6177105656295165e-07
1.2090402917900930e-07
-3.7461518123516153e-03
-1.1237538420334942e-02
1.6272227404848977e-09
7.4891544489080700e-03
4.7148183919552181e-10
6.9755530242091784e-10
-3.7459314957863387e-03
5.3899850762457042e-10
3.8470252237855863e-11
