0.0000000000000000e+00
-1.7042857859776331e-03
1.1141406179547981e-10
-1.7052998924313452e-03
-6.8196322831234188e-03
-1.5342443760857879e-02
2.1324090597547691e-09
1.1932308653767055e-02
4.0884309007940904e-06
2.7685486359805646e-02
1.9928065305599820e-03
7.0023036732753144e-08
-5.4019548457965080e-03
-1.4213822482776573e-02
2.7718582422570802e-09
1.0805723128547424e-02
1.8202786260813005e-02
1.4262406658883301e-09
1.7030215913242670e-09
-3.4094457715363831e-03
7.3325300512478410e-10
5.5351646372413014e-07
-3.4083409159506579e-03
9.1496109618349386e-10
-5.5134294126652414e-07
-3.4105514402018545e-03
-1.0230552997438176e-02
-2.0461110134607947e-02
4.9601705945425858e-09
1.7054994667827256e-02
-4.8958961651733371e-02
3.6887006376945537e-08
4.5559893825309068e-02
-4.4746854581749524e-08
-9.5975011256450432e-09
-3.4088685397887022e-03
-1.0226068493715747e-02
2.3357799864569279e-09
9.2439722285080246e-10
8.8769087270963194e-10
9.6657926061741691e-10
-3.4088930020925202e-03
1.4104340823625532e-09
-5.5138894393790830e-07
-3.4099981880181432e-03
-1.0227785572632347e-02
2.4987372873340078e-09
6.8172358638473171e-03
1.0224469273579336e-02
1.0222255397232913e-02
6.8111487288340621e-03
1.4967394214566057e-07
-1.0221401405571217e-02
2.5681877470006329e-09
6.8136171870002817e-03
1.0218890093707909e-02
1.0215267240443858e-02
6.8021956533207053e-03
-2.0878087881256924e-05
1.0385995227921968e-09
5.8479693337467445e-10
7.5225454097390283e-10
-3.4094466025329168e-03
1.1618324581340546e-09
5.5539047480921226e-07
-3.4083379457888756e-03
-1.0227232032019756e-02
-2.0456681249569585e-02
5.6094305040471638e-09
1.7050565391195795e-02
-9.4917322928312010e-06
1.5726016773454193e-08
-3.3993691026850746e-03
-1.0207093420230030e-02
2.7527782823405901e-09
6.7965419062275979e-03
1.0183077502858085e-02
1.5825161931862561e-09
2.1345182384399475e-09
1.5903500180030703e-09
1.5038064343274463e-09
-3.4088925632579916e-03
1.9572315624892658e-09
-5.5066333572393488e-07
-3.4099973655416626e-03
-1.0227784727067056e-02
2.8774707603127914e-09
6.8172360323826807e-03
1.0224468865023529e-02
1.0222254822049203e-02
6.8111476483051310e-03
1.4988658069398395e-07
-1.0221400087432719e-02
2.3313991599623228e-09
6.8136155199084881e-03
1.0218886456852521e-02
1.0215262163407386e-02
6.8021890874959377e-03
-2.0886535898537697e-05
7.9363905241942819e-10
4.1691238898581107e-10
5.1048121180773746e-10
-3.4094468786874509e-03
9.5048266238359835e-10
5.5462406106153322e-07
-3.4083387912092443e-03
-1.0227233189109159e-02
-2.0456682632334001e-02
4.8971549003338837e-09
1.7050565014926980e-02
3.0694446444269066e-02
1.4940623761425475e-08
4.6485659979847545e-09
-3.4088995198815800e-03
-1.0226144555679913e-02
1.9144425818294896e-09
6.8155946104696812e-03
1.0257824847684845e-09
1.0676703516690404e-09
5.6441098946523495e-10
6.0006302446416101e-10
-3.4088935511546537e-03
1.0594353997760135e-09
-5.5181791693056388e-07
-3.4099983506034820e-03
-1.0227786099534378e-02
2.2187686916088608e-09
6.8172357446851482e-03
1.0224469006396980e-02
1.0222255642757739e-02
6.8111488804022836e-03
1.5000856901305492e-07
-1.0221401067459753e-02
2.7675257003671045e-09
6.8136172618367061e-03
1.0218889365038359e-02
1.0215266340502255e-02
6.8021945882849990e-03
-2.0879576594313478e-05
6.7079746961743414e-10
3.9599543778767695e-10
2.8385448327321149e-10
-3.4094474501939814e-03
5.9011416924942325e-10
5.5478517181167701e-07
-3.4083383579895155e-03
-1.0227232650457366e-02
-2.0456682101433941e-02
5.0849784729777220e-09
1.7050564943064658e-02
3.0694445541087821e-02
1.4932483176945430e-08
4.7683350100069690e-09
-3.4088991982626775e-03
-1.0226144229897304e-02
2.1092883081589958e-09
6.8155947519675675e-03
9.8942743888316838e-10
1.1793934550179502e-09
7.2084062553227982e-10
7.7077615914784448e-10
-3.4088929456198886e-03
1.3423355911558372e-09
-5.5169453584444952e-07
-3.4099983516686890e-03
-1.0227785997417825e-02
2.5920473294683961e-09
6.8172365491649192e-03
1.0224470184454767e-02
1.0222257056068525e-02
6.8111506827881578e-03
1.4979170548632056e-07
-1.0221402904898626e-02
2.6891633144816736e-09
6.8136190216564118e-03
1.0218893060768702e-02
1.0215271918934956e-02
6.8022021204101361e-03
-2.0870336435216724e-05
9.2281955295631154e-10
6.9152528875396263e-10
7.4816149599318012e-10
-3.4094470130765697e-03
1.0722325238834322e-09
5.5506048506467246e-07
-3.4083382088052894e-03
-1.0227232497400296e-02
-2.0456681867172696e-02
4.6340870342042707e-09
1.7050563755613330e-02
3.0694443827546519e-02
1.4623002755016537e-08
4.5415040662336074e-09
-3.4088995288905572e-03
-1.0226144555053066e-02
1.6486794742093059e-09
6.8155940355234422e-03
8.4930131987007923e-10
6.9755005799694771e-10
4.4575319708711203e-10
2.1126328553828401e-10
