0.0000000000000000e+00
3.1995049324172115e+01
6.3999999999533337e+01
9.5998943309555244e+01
1.2799188078283861e+02
1.5997881394743013e+02
1.9199999999956555e+02
2.2401517549696058e+02
2.5600000168044238e+02
2.8801588103503963e+02
3.2000124647240858e+02
2.8800000006293288e+02
2.5599274621176380e+02
2.2397948338896794e+02
1.9199999999991246e+02
1.6001451388558365e+02
1.2802302351947736e+02
9.6000000000794003e+01
6.4000000000309441e+01
3.1993992601029461e+01
-1.9640865580309038e-10
-3.1999998470828391e+01
-6.4006004339469840e+01
-9.5999999999940954e+01
-1.2800000153071457e+02
-1.6000601046057713e+02
-1.9201802831868156e+02
-2.2403605663501639e+02
-2.5600000000321393e+02
-2.8796994159533688e+02
-3.2000312822435114e+02
-2.8799999997524640e+02
-2.5600286834649978e+02
-2.2400000002094720e+02
-1.9200000000212879e+02
-1.6000600585326504e+02
-1.2801801604667435e+02
-9.6000000000544219e+01
-6.3999999999377252e+01
-3.1999999999021533e+01
1.0253762904271683e-09
3.1993994131065769e+01
6.4000000000922753e+01
9.5999998472530123e+01
1.2799399107460478e+02
1.5998197933504841e+02
1.9199999999980841e+02
2.2401201020847938e+02
2.5601801149148434e+02
2.8801800537729110e+02
3.2001199339518365e+02
2.8800000009970711e+02
2.5598199635353888e+02
2.2399999999899717e+02
1.9201200082667737e+02
1.6001799730997300e+02
1.2801798792016785e+02
9.6011971128952553e+01
6.3999945407464608e+01
3.2000000000352017e+01
5.9029613495528765e-10
-3.1999999999125560e+01
-6.4006007397478584e+01
-9.5999999999300741e+01
-1.2799999847038775e+02
-1.6000600433977405e+02
-1.9201801913626787e+02
-2.2403604439003311e+02
-2.5600000000211753e+02
-2.8796995384185186e+02
-3.2000000172292471e+02
-2.8799999999220285e+02
-2.5600600413001717e+02
-2.2401801260875837e+02
-1.9200000000016988e+02
-1.5998799784867236e+02
-1.2798200462490989e+02
-9.5999999999110486e+01
-6.3999999999055056e+01
-3.1999999998446999e+01
1.5047365398631682e-09
3.1993994131575086e+01
6.4000000001285684e+01
9.5999998473243792e+01
1.2799399107519037e+02
1.5998197933566183e+02
1.9200000000013719e+02
2.2401201020877434e+02
2.5601801149165783e+02
2.8801800537755582e+02
3.2001199339528705e+02
2.8800000009970847e+02
2.5598199635328129e+02
2.2399999999865324e+02
1.9201200082654373e+02
1.6001799730949458e+02
1.2801798791969006e+02
9.6011971128586211e+01
6.3999945406796272e+01
3.2000000000196046e+01
4.6036255374020616e-10
-3.1999999999498954e+01
-6.4006007398067212e+01
-9.5999999999575252e+01
-1.2799999847101503e+02
-1.6000600434045728e+02
-1.9201801913704097e+02
-2.2403604439086865e+02
-2.5600000000285399e+02
-2.8796995384290977e+02
-3.1994590743556250e+02
-2.8799999999293402e+02
-2.5600000000302049e+02
-2.2400600588301586e+02
-1.9201801610499757e+02
-1.6000000000078211e+02
-1.2798799435094867e+02
-9.5999999999475975e+01
-6.3999999999460883e+01
-3.1999999999480529e+01
6.1000924480017497e-10
3.1993994130630348e+01
6.4000000000302151e+01
9.5999998471844393e+01
1.2799399107408033e+02
1.5998197933403785e+02
1.9199999999923656e+02
2.2401201020818678e+02
2.5601801149139555e+02
2.8801800537791922e+02
3.2001199339614072e+02
2.8800000009962929e+02
2.5598199635223614e+02
2.2399999999870985e+02
1.9201200082773440e+02
1.6001799731161466e+02
1.2801798792293212e+02
9.6011971133011329e+01
6.3999945412645097e+01
3.2000000000073726e+01
4.1777714865868238e-10
-3.1999999999770580e+01
-6.4006007398536369e+01
-9.6000000000168015e+01
-1.2799999847127579e+02
-1.6000600434035431e+02
-1.9201801913701530e+02
-2.2403604439100860e+02
-2.5600000000256364e+02
-2.8796995384211255e+02
-3.1994590743502215e+02
-2.8799999999289139e+02
-2.5600000000291914e+02
-2.2400600588265715e+02
-1.9201801610463744e+02
-1.6000000000062204e+02
-1.2798799435091367e+02
-9.5999999999634824e+01
-6.3999999999408942e+01
-3.1999999999281620e+01
8.5097368839043051e-10
3.1993994131357972e+01
6.4000000000787651e+01
9.5999998472223567e+01
1.2799399107427531e+02
1.5998197933439403e+02
1.9199999999973912e+02
2.2401201020904654e+02
2.5601801149233728e+02
2.8801800537897998e+02
3.2001199339726651e+02
2.8800000009922661e+02
2.5598199635075673e+02
2.2399999999850394e+02
1.9201200082865179e+02
1.6001799731384807e+02
1.2801798792658832e+02
9.6011971137951235e+01
6.3999945418670848e+01
3.1999999999913435e+01
3.5587219734063931e-10
-3.1999999999587232e+01
-6.4006007398396292e+01
-9.5999999999954014e+01
-1.2799999847122082e+02
-1.6000600434066823e+02
-1.9201801913726050e+02
-2.2403604439122415e+02
-2.5600000000330982e+02
-2.8796995384353642e+02
-3.1994590743660632e+02
-2.8799999999355356e+02
-2.5600000000338582e+02
-2.2400600588320552e+02
-1.9201801610500874e+02
-1.6000000000133659e+02
-1.2798799435203452e+02
-9.6000000000068809e+01
-6.4000000000272962e+01
-3.1999999999872344e+01
-1.8489448624746053e-10
