0.0000000000000000e+00
1.2486089731869897e-04
2.4975609755835523e-04
3.7463570093467099e-04
4.9949971134296319e-04
6.2434813267618172e-04
7.4926829267894411e-04
8.7417284958439187e-04
1.0359460389852170e-03
1.3861129762610959e-03
1.8812434543240295e-03
2.4878568290488514e-03
3.1802251627875522e-03
3.6166699801232073e-03
3.6304897249933550e-03
3.5057152759232517e-03
3.3809252562463747e-03
3.2559685484298065e-03
3.1310904996565969e-03
3.0061968544090037e-03
2.8812876087896430e-03
2.7564563533139701e-03
2.6316095130506363e-03
2.5067002557576028e-03
2.3818222069771893e-03
2.2569441581974099e-03
2.1320661094168707e-03
2.0071724641626577e-03
1.8823100118539179e-03
1.7574319669685825e-03
1.6325383256086204e-03
1.5076290838781643e-03
1.3827042378802149e-03
1.2579197679364732e-03
1.1331197248857867e-03
1.0081636703790646e-03
7.7641458290123716e-04
3.7239072150888980e-04
1.5764777937512514e-04
2.8254964947631138e-04
4.0743592104826960e-04
5.3230659798759615e-04
6.5716168418744180e-04
7.8200118354196857e-04
9.0694104503455592e-04
1.0318652985088748e-03
1.1566971426004392e-03
1.2815751913813969e-03
1.4064376475822192e-03
1.5313312889428036e-03
1.6562093377246107e-03
1.7810873865059731e-03
1.9059498427061992e-03
2.0308434840658968e-03
2.1557215289516969e-03
2.2805839812588173e-03
2.4054308448798367e-03
2.5302621237080188e-03
2.6552337279527952e-03
2.7801897162479899e-03
2.9049898255172823e-03
3.0297743616629295e-03
3.3198680193825790e-03
3.4468838987268026e-03
3.3220133137683867e-03
3.1971271342002110e-03
3.0722253561257327e-03
2.9473079756485825e-03
2.8225125077510523e-03
2.6977014640012088e-03
2.5727564101942356e-03
2.4478783614187921e-03
2.3229847161675915e-03
2.1981222638603371e-03
2.0732442189742959e-03
1.9483661663008917e-03
1.8234881175203110e-03
1.6985944722651409e-03
1.5737320199577731e-03
1.4488539750718973e-03
1.3239603337123430e-03
1.1990510919832568e-03
1.0741262459855905e-03
9.4934177603997537e-04
8.2454173298740301e-04
6.9958567848262432e-04
5.7461400801108278e-04
3.5208939822570218e-04
2.7688342097771510e-04
4.0175482643812208e-04
5.2661064097732607e-04
6.5145086848853795e-04
7.7641125212291376e-04
9.0135602261146096e-04
1.0261673496871117e-03
1.1510453984732274e-03
1.2759078546785111e-03
1.4008014960372466e-03
1.5256795409218352e-03
1.6505575936002280e-03
1.7754356423811857e-03
1.9003136911618188e-03
2.0251761473632887e-03
2.1500697887220487e-03
2.2749478336071254e-03
2.3998102859138066e-03
2.5246571495341780e-03
2.6494884283612004e-03
2.7744600326086019e-03
2.8994160209064169e-03
3.0242161301732096e-03
3.1490006663161501e-03
3.3317918036561700e-03
3.3762417266849538e-03
3.2513469763576150e-03
3.1264366253841830e-03
3.0015106698646488e-03
2.8767434259434357e-03
2.7519606132145767e-03
2.6269873283824652e-03
2.5021092796160172e-03
2.3772156343747986e-03
2.2523531820621097e-03
2.1274751371716961e-03
2.0025970845035952e-03
1.8777190357225062e-03
1.7528409869426941e-03
1.6279473416878245e-03
1.5030848893798554e-03
1.3782068444948825e-03
1.2533132031354551e-03
1.1284039614058942e-03
1.0034791154073810e-03
8.7869464546276967e-04
7.5389460241057440e-04
6.2893854790561628e-04
5.0396687743320271e-04
3.4496195220387404e-04
3.1861065755289233e-04
4.4346559919837363e-04
5.6830495403420455e-04
6.9312872595106109e-04
8.1813571046248789e-04
9.4301375926264693e-04
1.0678762154836166e-03
1.1927230830176990e-03
1.3176479056077842e-03
1.4425571239368468e-03
1.5674040031745530e-03
1.6922820519549432e-03
1.8171601007369127e-03
