0.0000000000000000e+00
-3.7461309495952866e-05
-7.4926829267280869e-05
-1.1239375275685219e-04
-1.4986208006915311e-04
-1.8733181130975018e-04
-2.2478048780000427e-04
-2.6223056674654533e-04
-3.1816876396746272e-04
-4.6829221709995101e-04
-6.9087523727737231e-04
-9.6920239873532141e-04
-1.2904086392191878e-03
-1.5086531604408420e-03
-1.5405877823980862e-03
-1.5031064579309407e-03
-1.4656265382603521e-03
-1.4281793961574024e-03
-1.3907159815311049e-03
-1.3532539703601208e-03
-1.3157933625384992e-03
-1.2783257376300307e-03
-1.2408595164918336e-03
-1.2033989083658817e-03
-1.1659354937316420e-03
-1.1284720790980523e-03
-1.0910086644641197e-03
-1.0535466532850884e-03
-1.0160818351949261e-03
-9.7861842066414729e-04
-9.4115640958814320e-04
-9.0369580186173753e-04
-8.6623659738103965e-04
-8.2876476201340773e-04
-7.9129433073199735e-04
-7.5383793274716470e-04
-6.6294421054347583e-04
-4.8591623056286516e-04
-3.7854420493702837e-04
-4.1600713809458430e-04
-4.5347147477655075e-04
-4.9093721508749815e-04
-5.2840435913239115e-04
-5.6587290701683906e-04
-6.0332418104980788e-04
-6.4077685773253801e-04
-6.7825101032132642e-04
-7.1571442495677463e-04
-7.5317924315286696e-04
-7.9064125422641999e-04
-8.2810466886185888e-04
-8.6556808349572004e-04
-9.0303290169028126e-04
-9.4049491276355576e-04
-9.7795832729179145e-04
-1.0154231453795494e-03
-1.0528893671330176e-03
-1.0903569926563926e-03
-1.1278119859218182e-03
-1.1652683821168730e-03
-1.2027388151917705e-03
-1.2402106523533207e-03
-1.3602391691261901e-03
-1.4237437945963172e-03
-1.3862809248153041e-03
-1.3488194584486671e-03
-1.3113593953914047e-03
-1.2739007355379790e-03
-1.2364269855788333e-03
-1.1989546398482769e-03
-1.1615001563125072e-03
-1.1240367416828947e-03
-1.0865747305065696e-03
-1.0491099124161937e-03
-1.0116464978856662e-03
-9.7418308314867110e-04
-9.3671966851441974e-04
-8.9925765733531898e-04
-8.6179283924510625e-04
-8.2432942471479648e-04
-7.8686741363923930e-04
-7.4940680591360374e-04
-7.1194760143217326e-04
-6.7447576606247995e-04
-6.3700533477871197e-04
-5.9954893679683508e-04
-5.6209394174365902e-04
-4.7575636911328912e-04
-4.3815621294746189e-04
-4.7562082255777336e-04
-5.1308683581746163e-04
-5.5055425283168948e-04
-5.8801050410448442e-04
-6.2546815839959076e-04
-6.6293733337504138e-04
-7.0040074801250003e-04
-7.3786556621006569e-04
-7.7532757728314265e-04
-8.1279099181111607e-04
-8.5025440655197237e-04
-8.8771782118517173e-04
-9.2518123581987043e-04
-9.6264605401408200e-04
-1.0001080650862448e-03
-1.0375714796147166e-03
-1.0750362977024240e-03
-1.1125025194553915e-03
-1.1499701449788735e-03
-1.1874251382460320e-03
-1.2248815344421565e-03
-1.2623519675159806e-03
-1.2998238046768714e-03
-1.3661901186024156e-03
-1.3884196793037551e-03
-1.3509578376033171e-03
-1.3134973992400961e-03
-1.2760383641086028e-03
-1.2385668349140541e-03
-1.2010967097825322e-03
-1.1636400056457929e-03
-1.1261765910200552e-03
-1.0887145798495908e-03
-1.0512497617568397e-03
-1.0137863472238023e-03
-9.7632293248851106e-04
-9.3885951785473046e-04
-9.0139610322040504e-04
-8.6393409204099951e-04
-8.2646927395172364e-04
-7.8900585942156621e-04
-7.5154384834656587e-04
-7.1408324062155167e-04
-6.7662403614112603e-04
-6.3915220077076604e-04
-6.0168176948635589e-04
-5.6422537150570436e-04
-5.2677037645343036e-04
-4.7218882428353402e-04
-4.5901817784972415e-04
-4.9648339505204071e-04
-5.3395001594856869e-04
-5.7141804064551091e-04
-6.0887273326871018e-04
-6.4633614791542672e-04
-6.8380096612282110e-04
-7.2126718799504124e-04
-7.5872639181964047e-04
-7.9618699888812060e-04
-8.3365322109063707e-04
-8.7111663572410564e-04
-9.0858005035910358e-04
