0.0000000000000000e+00
-3.7461309496178868e-05
-7.4926829267813117e-05
-1.1239375275749789e-04
-1.4986208007002443e-04
-1.8733181131124797e-04
-2.2478048780142572e-04
-2.6223056674774239e-04
-3.1816876396802395e-04
-4.6829221710096262e-04
-6.9087523727774029e-04
-9.6920239873548198e-04
-1.2904086392192332e-03
-1.5086531604412120e-03
-1.5405877823985734e-03
-1.5031064579313061e-03
-1.4656265382609586e-03
-1.4281793961571120e-03
-1.3907159815319198e-03
-1.3532539703617317e-03
-1.3157933625402385e-03
-1.2783257376300871e-03
-1.2408595164895679e-03
-1.2033989083651611e-03
-1.1659354937303846e-03
-1.1284720790966768e-03
-1.0910086644629455e-03
-1.0535466532838619e-03
-1.0160818351944386e-03
-9.7861842066463236e-04
-9.4115640958998363e-04
-9.0369580186427305e-04
-8.6623659738347954e-04
-8.2876476201260369e-04
-7.9129433072780029e-04
-7.5383793274654107e-04
-6.6294421054254808e-04
-4.8591623056202382e-04
-3.7854420493623245e-04
-4.1600713809419301e-04
-4.5347147477635505e-04
-4.9093721508740372e-04
-5.2840435913268508e-04
-5.6587290701756612e-04
-6.0332418104958160e-04
-6.4077685773159519e-04
-6.7825101032138551e-04
-7.1571442495711084e-04
-7.5317924315299240e-04
-7.9064125422724702e-04
-8.2810466886259939e-04
-8.6556808349637891e-04
-9.0303290169082065e-04
-9.4049491276368435e-04
-9.7795832729146315e-04
-1.0154231453794540e-03
-1.0528893671320390e-03
-1.0903569926557538e-03
-1.1278119859226042e-03
-1.1652683821186960e-03
-1.2027388151933242e-03
-1.2402106523535458e-03
-1.3602391691277926e-03
-1.4237437945965204e-03
-1.3862809248158462e-03
-1.3488194584495889e-03
-1.3113593953923502e-03
-1.2739007355381730e-03
-1.2364269855794858e-03
-1.1989546398493496e-03
-1.1615001563135561e-03
-1.1240367416828930e-03
-1.0865747305077813e-03
-1.0491099124166244e-03
-1.0116464978863035e-03
-9.7418308314927305e-04
-9.3671966851486730e-04
-8.9925765733618276e-04
-8.6179283924616855e-04
-8.2432942471563977e-04
-7.8686741364033120e-04
-7.4940680591495065e-04
-7.1194760143399873e-04
-6.7447576606343156e-04
-6.3700533477907323e-04
-5.9954893679695662e-04
-5.6209394174483234e-04
-4.7575636911395579e-04
-4.3815621294767288e-04
-4.7562082255837932e-04
-5.1308683581893734e-04
-5.5055425283325322e-04
-5.8801050410456465e-04
-6.2546815839942802e-04
-6.6293733337496907e-04
-7.0040074801274073e-04
-7.3786556621013063e-04
-7.7532757728292960e-04
-8.1279099181076685e-04
-8.5025440655206485e-04
-8.8771782118653305e-04
-9.2518123582004661e-04
-9.6264605401411496e-04
-1.0001080650872754e-03
-1.0375714796156928e-03
-1.0750362977031184e-03
-1.1125025194564770e-03
-1.1499701449795426e-03
-1.1874251382456714e-03
-1.2248815344415255e-03
-1.2623519675162582e-03
-1.2998238046773203e-03
-1.3661901186015023e-03
-1.3884196793030007e-03
-1.3509578376025325e-03
-1.3134973992392676e-03
-1.2760383641077309e-03
-1.2385668349131332e-03
-1.2010967097813982e-03
-1.1636400056453911e-03
-1.1261765910197160e-03
-1.0887145798487447e-03
-1.0512497617552879e-03
-1.0137863472219188e-03
-9.7632293248774691e-04
-9.3885951785298500e-04
-9.0139610321895069e-04
-8.6393409203912959e-04
-8.2646927394959590e-04
-7.8900585941874414e-04
-7.5154384834316842e-04
-7.1408324061778211e-04
-6.7662403613747714e-04
-6.3915220076734408e-04
-6.0168176948280101e-04
-5.6422537150185501e-04
-5.2677037644955585e-04
-4.7218882428001763e-04
-4.5901817784680483e-04
-4.9648339504804087e-04
-5.3395001594513263e-04
-5.7141804064183861e-04
-6.0887273326591402e-04
-6.4633614791235680e-04
-6.8380096611918089e-04
-7.2126718799145589e-04
-7.5872639181661218e-04
-7.9618699888618877e-04
-8.3365322108720698e-04
-8.7111663572141942e-04
-9.0858005035630786e-04
