0.0000000000000000e+00
0.0000000000000000e+00
0.0000000000000000e+00
0.0000000000000000e+00
0.0000000000000000e+00
0.0000000000000000e+00
0.0000000000000000e+00
0.0000000000000000e+00
3.6922423095988959e-05
2.6223080722250852e-04
6.3247499835712630e-04
1.1142054385773776e-03
1.6816928361518355e-03
2.1181769412703041e-03
2.2569441581958721e-03
2.2569441581958721e-03
2.2569441581958721e-03
2.2569441581958721e-03
2.2569441581958721e-03
2.2569441581958721e-03
2.2569441581958721e-03
2.2569441581958721e-03
2.2569441581958721e-03
2.2569441581958721e-03
2.2569441581958721e-03
2.2569441581958721e-03
2.2569441581958721e-03
2.2569441581958721e-03
2.2569441581958721e-03
2.2569441581958721e-03
2.2569441581958721e-03
2.2569441581958721e-03
2.2569441581958721e-03
2.2569441581958721e-03
2.2569441581958721e-03
2.2569441581958721e-03
2.3638086992655684e-03
2.6429440986789387e-03
2.8576789786672243e-03
2.8576789786672243e-03
2.8576789786672243e-03
2.8576789786672243e-03
2.8576789786672243e-03
2.8576789786672243e-03
2.8576789786672243e-03
2.8576789786672243e-03
2.8576789786672243e-03
2.8576789786672243e-03
2.8576789786672243e-03
2.8576789786672243e-03
2.8576789786672243e-03
2.8576789786672243e-03
2.8576789786672243e-03
2.8576789786672243e-03
2.8576789786672243e-03
2.8576789786672243e-03
2.8576789786672243e-03
2.8576789786672243e-03
2.8576789786672243e-03
2.8576789786672243e-03
2.8576789786672243e-03
2.8576789786672243e-03
3.0228166956155350e-03
3.1498358072421027e-03
3.1498358072421027e-03
3.1498358072421027e-03
3.1498358072421027e-03
3.1498358072421027e-03
3.1498358072421027e-03
3.1498358072421027e-03
3.1498358072421027e-03
3.1498358072421027e-03
3.1498358072421027e-03
3.1498358072421027e-03
3.1498358072421027e-03
3.1498358072421027e-03
3.1498358072421027e-03
3.1498358072421027e-03
3.1498358072421027e-03
3.1498358072421027e-03
3.1498358072421027e-03
3.1498358072421027e-03
3.1498358072421027e-03
3.1498358072421027e-03
3.1498358072421027e-03
3.1498358072421027e-03
3.1498358072421027e-03
3.2475705760783421e-03
3.3227663311645745e-03
3.3227663311645745e-03
3.3227663311645745e-03
3.3227663311645745e-03
3.3227663311645745e-03
3.3227663311645745e-03
3.3227663311645745e-03
3.3227663311645745e-03
3.3227663311645745e-03
3.3227663311645745e-03
3.3227663311645745e-03
3.3227663311645745e-03
3.3227663311645745e-03
3.3227663311645745e-03
3.3227663311645745e-03
3.3227663311645745e-03
3.3227663311645745e-03
3.3227663311645745e-03
3.3227663311645745e-03
3.3227663311645745e-03
3.3227663311645745e-03
3.3227663311645745e-03
3.3227663311645745e-03
3.3227663311645745e-03
3.3805878361307970e-03
3.4250497245049720e-03
3.4250497245049720e-03
3.4250497245049720e-03
3.4250497245049720e-03
3.4250497245049720e-03
3.4250497245049720e-03
3.4250497245049720e-03
3.4250497245049720e-03
3.4250497245049720e-03
3.4250497245049720e-03
3.4250497245049720e-03
3.4250497245049720e-03
3.4250497245049720e-03
3.4250497245049720e-03
3.4250497245049720e-03
3.4250497245049720e-03
3.4250497245049720e-03
3.4250497245049720e-03
3.4250497245049720e-03
3.4250497245049720e-03
3.4250497245049720e-03
3.4250497245049720e-03
3.4250497245049720e-03
3.4250497245049720e-03
3.4592695672082175e-03
3.4856086594932112e-03
3.4856086594932112e-03
3.4856086594932112e-03
3.4856086594932112e-03
3.4856086594932112e-03
3.4856086594932112e-03
3.4856086594932112e-03
3.4856086594932112e-03
3.4856086594932112e-03
3.4856086594932112e-03
3.4856086594932112e-03
3.4856086594932112e-03
3.4856086594932112e-03
