2.0000000000000020e+02
2.0000000000000020e+02
2.0000000000000020e+02
2.0000000000000020e+02
2.0000000000000020e+02
2.0000000000000020e+02
2.0000000000000020e+02
2.0000000000000020e+02
2.0479991500247860e+02
2.3039776262932739e+02
2.5599866906417560e+02
2.8159920717934659e+02
3.0719952484200098e+02
3.0719371874995613e+02
2.8158504643843310e+02
2.6770832474587638e+02
2.6770832474587638e+02
2.6770832474587638e+02
2.6770832474587638e+02
2.6770832474587638e+02
2.6770832474587638e+02
2.6770832474587638e+02
2.6770832474587638e+02
2.6770832474587638e+02
2.6770832474587638e+02
2.6770832474587638e+02
2.6770832474587638e+02
2.6770832474587638e+02
2.6770832474587638e+02
2.6770832474587638e+02
2.6770832474587638e+02
2.6770832474587638e+02
2.6770832474587638e+02
2.6770832474587638e+02
2.6770832474587638e+02
2.6770832474587638e+02
2.8160071508493695e+02
3.0720186290170540e+02
3.0720385735884531e+02
2.8573036936001688e+02
2.8573036936001688e+02
2.8573036936001688e+02
2.8573036936001688e+02
2.8573036936001688e+02
2.8573036936001688e+02
2.8573036936001688e+02
2.8573036936001688e+02
2.8573036936001688e+02
2.8573036936001688e+02
2.8573036936001688e+02
2.8573036936001688e+02
2.8573036936001688e+02
2.8573036936001688e+02
2.8573036936001688e+02
2.8573036936001688e+02
2.8573036936001688e+02
2.8573036936001688e+02
2.8573036936001688e+02
2.8573036936001688e+02
2.8573036936001688e+02
2.8573036936001688e+02
2.8573036936001688e+02
3.0719827256329717e+02
3.0719698537992008e+02
2.9449507421726327e+02
2.9449507421726327e+02
2.9449507421726327e+02
2.9449507421726327e+02
2.9449507421726327e+02
2.9449507421726327e+02
2.9449507421726327e+02
2.9449507421726327e+02
2.9449507421726327e+02
2.9449507421726327e+02
2.9449507421726327e+02
2.9449507421726327e+02
2.9449507421726327e+02
2.9449507421726327e+02
2.9449507421726327e+02
2.9449507421726327e+02
2.9449507421726327e+02
2.9449507421726327e+02
2.9449507421726327e+02
2.9449507421726327e+02
2.9449507421726327e+02
2.9449507421726327e+02
2.9449507421726327e+02
3.0720059416597479e+02
3.0720256544356062e+02
2.9968298993493732e+02
2.9968298993493732e+02
2.9968298993493732e+02
2.9968298993493732e+02
2.9968298993493732e+02
2.9968298993493732e+02
2.9968298993493732e+02
2.9968298993493732e+02
2.9968298993493732e+02
2.9968298993493732e+02
2.9968298993493732e+02
2.9968298993493732e+02
2.9968298993493732e+02
2.9968298993493732e+02
2.9968298993493732e+02
2.9968298993493732e+02
2.9968298993493732e+02
2.9968298993493732e+02
2.9968298993493732e+02
2.9968298993493732e+02
2.9968298993493732e+02
2.9968298993493732e+02
2.9968298993493732e+02
3.0719978558054606e+02
3.0719768057256681e+02
3.0275149173514922e+02
3.0275149173514922e+02
3.0275149173514922e+02
3.0275149173514922e+02
3.0275149173514922e+02
3.0275149173514922e+02
3.0275149173514922e+02
3.0275149173514922e+02
3.0275149173514922e+02
3.0275149173514922e+02
3.0275149173514922e+02
3.0275149173514922e+02
3.0275149173514922e+02
3.0275149173514922e+02
3.0275149173514922e+02
3.0275149173514922e+02
3.0275149173514922e+02
3.0275149173514922e+02
3.0275149173514922e+02
3.0275149173514922e+02
3.0275149173514922e+02
3.0275149173514922e+02
3.0275149173514922e+02
3.0720007128657124e+02
3.0720216901329599e+02
3.0456825978479662e+02
3.0456825978479662e+02
3.0456825978479662e+02
3.0456825978479662e+02
3.0456825978479662e+02
3.0456825978479662e+02
3.0456825978479662e+02
3.0456825978479662e+02
3.0456825978479662e+02
3.0456825978479662e+02
3.0456825978479662e+02
3.0456825978479662e+02
