0.0000000000000000e+00
2.5595764802340767e+01
5.1199999999438461e+01
7.6799599028801225e+01
1.0239456294061178e+02
1.2798489278420109e+02
1.5359999999979109e+02
1.7921046962578095e+02
2.0479973063925522e+02
2.3039296768813159e+02
2.5599583008659681e+02
2.8159752684743967e+02
3.0719853013760695e+02
3.0718710428697483e+02
2.8156453332582322e+02
2.5599735922559734e+02
2.3042555594833109e+02
2.0480000000034175e+02
1.7920000000031800e+02
1.5359536400213071e+02
1.2798609095536719e+02
1.0239999999978770e+02
7.6809276196621127e+01
5.1200000000137663e+01
2.5600000000295132e+01
3.7175339567426750e-10
-2.5599999999701787e+01
-5.1204635997733838e+01
-7.6800000000089398e+01
-1.0239999894980498e+02
-1.2800463389770951e+02
-1.5361390589392656e+02
-1.7922781598930203e+02
-2.0480000000187079e+02
-2.3037681371333676e+02
-2.5600000000139357e+02
-2.8160225741354020e+02
-3.0720587245254768e+02
-3.0720701261630734e+02
-2.8160032496034393e+02
-2.5599827388595730e+02
-2.3040085834258502e+02
-2.0480807728080362e+02
-1.7921992965091107e+02
-1.5360000000054220e+02
-1.2798470934349864e+02
-1.0239999999991400e+02
-7.6800000000108298e+01
-5.1204634948688692e+01
-2.5600000000348142e+01
-2.7539119754082367e-10
2.5600000000017470e+01
5.1195365051567947e+01
7.6799999999890247e+01
1.0239999895019291e+02
1.2799536295260467e+02
1.5358609305643134e+02
1.7917219031113851e+02
2.0479999999843574e+02
2.3042316843755009e+02
2.5599999999895215e+02
2.8157220185687606e+02
3.0719458556813299e+02
3.0719485979841471e+02
2.8159679064758456e+02
2.5599408602272734e+02
2.3038674487336954e+02
2.0477476614935577e+02
1.7919999999878331e+02
1.5362060335791591e+02
1.2799999999938589e+02
1.0239999999979480e+02
7.6795364001861770e+01
5.1200000000099529e+01
2.5600001050233288e+01
2.4856007477163822e-10
-2.5599999999816031e+01
-5.1204635998096343e+01
-7.6800000000100397e+01
-1.0239999894990028e+02
-1.2800463389765082e+02
-1.5361390589370768e+02
-1.7922781598889017e+02
-2.0480000000175227e+02
-2.3037681371353889e+02
-2.5600000000130581e+02
-2.8162782754198980e+02
-3.0720188336132077e+02
-3.0720416530286002e+02
-2.8160628126155643e+02
-2.5601303173199460e+02
-2.3042441566449656e+02
-2.0480000000089291e+02
-1.7918022483387745e+02
-1.5360000000042368e+02
-1.2799999999969469e+02
-1.0240463494741095e+02
-7.6799999999331419e+01
-5.1200001049292894e+01
-2.5599999998880584e+01
1.3266470418566452e-09
2.5600000001350985e+01
5.1195365053329141e+01
7.6800000001512601e+01
1.0239999895156546e+02
1.2799536295397226e+02
1.5358609305759285e+02
1.7917219031200958e+02
2.0479999999991918e+02
2.3042316843961629e+02
2.5600000000049539e+02
2.8157220185766340e+02
3.0719933298897473e+02
3.0719635826140563e+02
2.8159137721751461e+02
2.5598175905206006e+02
2.3036750271380598e+02
2.0479999999885695e+02
1.7922786877690572e+02
1.5359999999877789e+02
1.2800000000060098e+02
1.0239536400424635e+02
7.6800000001584607e+01
5.1200001051150643e+01
2.5600000002146530e+01
1.9976395380128964e-09
-2.5599999997878868e+01
-5.1204635995942624e+01
-7.6799999998266699e+01
-1.0239999894784549e+02
-1.2800463389555901e+02
-1.5361390589176006e+02
-1.7922781598729455e+02
-2.0479999999983960e+02
-2.3037681371139024e+02
-2.5599999999951410e+02
-2.8162782754063477e+02
-3.0720022898646033e+02
-3.0720333610908011e+02
-2.8161013916616861e+02
-2.5602157561115712e+02
-2.3043764439506828e+02
-2.0480000000147166e+02
-1.7919999999896856e+02
-1.5360463494469019e+02
-1.2801390378923480e+02
-1.0239999999846722e+02
-7.6790734304726996e+01
-5.1199999997399900e+01
-2.5599999997356953e+01
2.8550687992275587e-09
