0.0000000000000000e+00
-1.1985800053489577e-03
-8.7038001502813452e-11
-1.1994380343768574e-03
-4.7964744919198731e-03
-1.0790690704224629e-02
9.9484595880262993e-10
8.3924349976904032e-03
-1.8436328137717178e-04
-4.7949412588893922e-03
-2.8389775833743396e-03
-1.6803318988368829e-03
-9.9470438140327323e-04
-6.6144629973482211e-03
-2.0513112627700697e-02
-1.1998473177690066e-03
1.5718080171506915e-02
4.2599290984415929e-09
1.6858840653617044e-09
-2.3978690448544456e-03
-7.1940270791019910e-03
1.2556464056044973e-09
4.7974194379475999e-03
3.3124336856696481e-10
5.2575077791931343e-10
4.0469550090547173e-10
2.4007073165456815e-10
-2.3978678975606488e-03
1.7987604410701468e-10
4.1980452960443451e-07
-2.3970287508830856e-03
-7.1927645319365009e-03
-1.4387207451996583e-02
2.6725668563458892e-09
1.1991859492984628e-02
2.2123957881900614e-09
-1.5423284996938747e-03
-4.0095507640157506e-03
-3.1552573978058619e-03
-1.4811534026927864e-04
4.6088821185349287e-04
-1.3278271371226504e-03
-5.5138424659807866e-03
-1.2096738767395834e-02
1.9557782921291460e-09
9.6978266236391036e-03
1.2421377144542087e-09
7.3248756164407297e-10
-2.3974488944144110e-03
1.2415407373712404e-10
-1.9112749069154150e-10
3.1891406327409463e-11
-2.3974491187760882e-03
2.4489432025535172e-10
-4.1849384318232035e-07
-2.3982860575061183e-03
-7.1931834397861265e-03
-1.4384691912796618e-02
3.1634527943676035e-09
1.1984734011981893e-02
2.7316182993182195e-09
-1.4380083749068734e-02
-3.6869952678585233e-03
-2.1255814993516352e-03
-1.4576388839978903e-03
-3.1873279557022350e-03
-7.3150680834528237e-03
-1.3841278273070972e-02
2.3006113681002537e-09
1.1445548664140224e-02
1.9047177213677487e-09
9.8304268046966167e-10
-2.3978681965574305e-03
5.3627273622949441e-10
4.2018961904967785e-07
3.0208024676096590e-10
3.2098493533447655e-10
-2.3978680202704260e-03
3.5012388045177994e-10
4.2005791179216772e-07
-2.3970283365699662e-03
-7.1927642032098959e-03
-1.4387206970268320e-02
3.1186238218352642e-09
1.1991859856601204e-02
2.7057194074292923e-09
-1.4391820825027293e-02
-1.2891954180237555e-03
-1.5998593340735888e-03
-2.8566561656859003e-03
-6.5107411694433105e-03
-1.2561695022805158e-02
2.6722971538980802e-09
1.0162030735855724e-02
2.2333244388073311e-09
1.5208427192464978e-09
-2.3974481805735231e-03
1.0773342332598039e-09
-4.1780580152536490e-07
1.0325594198481196e-09
1.1249799142144153e-09
1.2218608105690664e-09
-2.3974476450643076e-03
1.6627469931612929e-09
-4.1736114731359648e-07
-2.3982847896363677e-03
-7.1931824308757338e-03
-1.4384690886438248e-02
4.5125654363493403e-09
1.1984735593954276e-02
4.1307387078001231e-09
-1.4380082824321011e-02
-4.5259151204714076e-04
-1.3223111103670467e-03
-3.9176890636892468e-03
-8.9113821919426933e-03
-1.6303810058225243e-02
4.8068235183247824e-09
1.3908983960012755e-02
4.6095637896230287e-09
2.9029487932648194e-09
-2.3978669454423687e-03
2.0951640472133432e-09
4.2236092880300715e-07
2.1312375270607503e-09
2.1637905358098152e-09
2.1968409930226864e-09
-2.3978657460088679e-03
2.3078985468438078e-09
4.2216445981757874e-07
-2.3970261892433615e-03
-7.1927621569793845e-03
-1.4387205284169998e-02
4.8823998696899951e-09
1.1991861832720288e-02
4.1974443058833714e-09
-1.4391819544075002e-02
-1.5769966709676302e-04
-1.1670956019560203e-03
-4.6105861937593071e-03
-1.0450896774097407e-02
-1.8687608201034930e-02
6.3631489695589949e-09
3.8000210274365686e-09
-2.3974478511217148e-03
-7.1919295230704712e-03
3.4702208737799606e-09
4.7932304772221957e-03
3.2191067672766951e-09
3.2605705547471381e-09
3.1299690742886112e-09
