0.0000000000000000e+00
-1.1985799697103762e-03
1.2975097863532604e-12
-1.1994379113225001e-03
-4.7964743339116607e-03
-1.0790690448866271e-02
1.2530582794832373e-09
8.3924352148247016e-03
-1.8436316579448892e-04
-4.7949411327686507e-03
-2.8389775742276363e-03
-1.6803319151529870e-03
-9.9470440687134684e-04
-6.6144629650552820e-03
-2.0513112592122022e-02
-1.1998472757504450e-03
1.5718080254822422e-02
4.1656715762900227e-09
1.7557275798861254e-09
-2.3978688805519144e-03
-7.1940268676838354e-03
1.1950769736281671e-09
4.7974190357495585e-03
1.4347422480318646e-10
2.6972268443411555e-10
1.3949315699215885e-10
1.7103030765732210e-13
-2.3978681458171076e-03
6.9626525005627555e-11
4.1985323440954273e-07
-2.3970285076596134e-03
-7.1927642076886249e-03
-1.4387207143416058e-02
2.4655470711912336e-09
1.1991858745834376e-02
2.0215384247523913e-09
-1.5423287067118192e-03
-4.0095509202022544e-03
-3.1552575260425505e-03
-1.4811541400855385e-04
4.6088816143361540e-04
-1.3278271617175946e-03
-5.5138424368890073e-03
-1.2096738654939564e-02
1.9261522615145956e-09
9.6978264942881795e-03
1.2434981859569330e-09
7.7335381049726762e-10
-2.3974488656807224e-03
2.6356240434821660e-10
-6.9316420223099556e-11
1.6500837562024353e-10
-2.3974490033049972e-03
2.7113184432540657e-10
-4.1855579189666287e-07
-2.3982860907596835e-03
-7.1931836211544375e-03
-1.4384692029243458e-02
3.2730803808109981e-09
1.1984734295814989e-02
2.9488441373634604e-09
-1.4380083736944648e-02
-3.6869950608458147e-03
-2.1255815112220084e-03
-1.4576388787380045e-03
-3.1873278767449035e-03
-7.3150680005472047e-03
-1.3841278312640629e-02
2.3355411377865520e-09
1.1445548775678133e-02
2.0242532271425046e-09
9.4549690630683500e-10
-2.3978680796805487e-03
5.6766861841918777e-10
4.2027040183084558e-07
3.8042254431324558e-10
3.7057075287655519e-10
-2.3978678733625009e-03
5.1509660988119650e-10
4.2021159221653268e-07
-2.3970281347415563e-03
-7.1927639696319516e-03
-1.4387206650430575e-02
3.2821535151147857e-09
1.1991859934696220e-02
2.7499607431934348e-09
-1.4391820628152380e-02
-1.2891952741549153e-03
-1.5998592652238148e-03
-2.8566560524860398e-03
-6.5107409378687663e-03
-1.2561694761514306e-02
2.7144017801317373e-09
1.0162030738166740e-02
2.2626905607657329e-09
1.5768956660043104e-09
-2.3974481334703389e-03
1.0794274978005436e-09
-4.1783639646398066e-07
1.0860638221829511e-09
1.3450647383112003e-09
1.2933364414077453e-09
-2.3974476101900821e-03
1.8438621294832940e-09
-4.1718684508427711e-07
-2.3982846737563000e-03
-7.1931822326657879e-03
-1.4384690749190500e-02
4.4434360271576097e-09
1.1984735474177567e-02
4.1721716677755375e-09
-1.4380082712813821e-02
-4.5259163049875273e-04
-1.3223112119921084e-03
-3.9176891523980016e-03
-8.9113823001048618e-03
-1.6303810163757020e-02
4.6882574867644457e-09
1.3908983808771709e-02
4.6061051269454461e-09
2.8975615705739540e-09
-2.3978670058859165e-03
1.8868604886965033e-09
4.2209233931817247e-07
2.0291284791386596e-09
1.9421462524619348e-09
2.0231113243080978e-09
-2.3978659871857736e-03
2.0239697982540607e-09
4.2181425298020067e-07
-2.3970266145940857e-03
-7.1927626322691738e-03
-1.4387205743290502e-02
4.4599991780093212e-09
1.1991861372615115e-02
3.6728225719713420e-09
-1.4391820061934069e-02
-1.5770011083545310e-04
-1.1670959670343445e-03
-4.6105867398154180e-03
-1.0450897194890601e-02
-1.8687608661009339e-02
6.0041673735061626e-09
3.4093639740166054e-09
-2.3974483012387682e-03
-7.1919299655182935e-03
3.1120371971545006e-09
4.7932302839133597e-03
2.7914876775107367e-09
2.9681521093931282e-09
2.8261835745540634e-09
