0.0000000000000000e+00
2.5596963382328298e+01
5.1199999999481363e+01
7.6800798466774083e+01
1.0239935941502472e+02
1.2799568347477759e+02
1.5359999999866704e+02
1.7920207719067474e+02
2.0479991500247877e+02
2.3039776262932750e+02
2.5599866906417554e+02
2.8159920717934682e+02
3.0719952484200110e+02
3.0719371874995613e+02
2.8158504643843298e+02
2.5599855907289404e+02
2.3040983786811805e+02
2.0479999999612883e+02
1.7919999999859721e+02
1.5359776187109341e+02
1.2799328498234058e+02
1.0239999999856231e+02
7.6804478777384261e+01
5.1199999999900292e+01
2.5599999999897374e+01
-9.6789057337488877e-11
2.5599999999821907e+01
5.1202238129712171e+01
7.6800000000214112e+01
1.0239999936963385e+02
1.2800223686908026e+02
1.5360671312955671e+02
1.7921342878200420e+02
2.0480000000443994e+02
2.3038880557245628e+02
2.5600000000351059e+02
2.8160071508493695e+02
3.0720186290170545e+02
3.0720385735884531e+02
2.8160017684496700e+02
2.5599873477414394e+02
2.3039953051543552e+02
2.0480256343835228e+02
1.7920783291219990e+02
1.5360000000248317e+02
1.2799440717005758e+02
1.0240000000115677e+02
7.6800000000861232e+01
5.1202237499808653e+01
2.5600000000541986e+01
8.0966148180197295e-11
2.5599999999919000e+01
5.1197762500629011e+01
7.6799999999632249e+01
1.0239999936871780e+02
1.2799776123867888e+02
1.5359328623996174e+02
1.7918657500310951e+02
2.0479999999521755e+02
2.3041118370339612e+02
2.5599999999611188e+02
2.8158658194061900e+02
3.0719827256329717e+02
3.0719698537992019e+02
2.8159824828646612e+02
2.5599727335064335e+02
2.3039405994141146e+02
2.0478860742764849e+02
1.7919999999646532e+02
1.5360915780919598e+02
1.2799999999742141e+02
1.0239999999883052e+02
7.6797761869999874e+01
5.1199999999547600e+01
2.5600000630003290e+01
1.2586798950078005e-10
2.5600000000161817e+01
5.1202238130149489e+01
7.6800000000533018e+01
1.0239999937003506e+02
1.2800223686941519e+02
1.5360671312962126e+02
1.7921342878207983e+02
2.0480000000495266e+02
2.3038880557343458e+02
2.5600000000403361e+02
2.8161343572126333e+02
3.0720059416597479e+02
3.0720256544356050e+02
2.8160342460544734e+02
2.5600652099094100e+02
2.3041185396960444e+02
2.0480000000358626e+02
1.7919038686461454e+02
1.5360000000267175e+02
1.2800000000124362e+02
1.0240223749925393e+02
7.6800000000409767e+01
5.1200000631471831e+01
2.5599999999939904e+01
2.0995589519821779e-10
2.5600000000093399e+01
5.1197762500956770e+01
7.6799999999759308e+01
1.0239999936883945e+02
1.2799776123870399e+02
1.5359328623992459e+02
1.7918657500282745e+02
2.0479999999544123e+02
2.3041118370408202e+02
2.5599999999634397e+02
2.8158658194043210e+02
3.0719978558054623e+02
3.0719768057256681e+02
2.8159529490662271e+02
2.5599067043430608e+02
2.3038380652391697e+02
2.0479999999410933e+02
1.7921395979302127e+02
1.5359999999417002e+02
1.2799999999770074e+02
1.0239776187122202e+02
7.6799999999593609e+01
5.1200000628924009e+01
2.5600000000066355e+01
1.3646588517648107e-10
2.5599999999988832e+01
5.1202238130076005e+01
7.6800000000432647e+01
1.0239999936983483e+02
1.2800223686915706e+02
1.5360671312936543e+02
1.7921342878178086e+02
2.0480000000451082e+02
2.3038880557299299e+02
2.5600000000344914e+02
2.8161343572083166e+02
3.0720007128657130e+02
3.0720216901329576e+02
2.8160552857970197e+02
2.5601112471417264e+02
2.3041895678663730e+02
2.0480000000765534e+02
1.7920000000257312e+02
1.5360223749661404e+02
1.2800671185949057e+02
1.0240000000175826e+02
7.6795527535107595e+01
5.1200000000405169e+01
2.5600000000471326e+01
3.2732438440672760e-11
