0.0000000000000000e+00
0.0000000000000000e+00
0.0000000000000000e+00
0.0000000000000000e+00
0.0000000000000000e+00
0.0000000000000000e+00
0.0000000000000000e+00
0.0000000000000000e+00
0.0000000000000000e+00
-3.0227620032485696e+00
-3.1918029216290078e+00
-3.1918029216290078e+00
-3.1918029216290078e+00
-3.1918029216290078e+00
-3.1918029216290078e+00
-3.1918029216290078e+00
-3.1918029216290078e+00
-3.1918029216290078e+00
-3.1918029216290078e+00
-3.1918029216290078e+00
-3.1918029216290078e+00
-3.1918029216290078e+00
-3.1918029216290078e+00
-3.1918029216290078e+00
-3.1918029216290078e+00
-3.1918029216290078e+00
-3.1918029216290078e+00
-3.1918029216290078e+00
-3.1918029216290078e+00
-3.1918029216290078e+00
-3.1918029216290078e+00
-3.1918029216290078e+00
1.2960565252014900e+00
1.2960565252014900e+00
1.2960565252014900e+00
1.2960565252014900e+00
1.2960565252014895e+00
1.2960565252014895e+00
1.2960565252014895e+00
1.2960565252014895e+00
1.2960565252014893e+00
1.2960565252014891e+00
1.2960565252014877e+00
1.2960565252014880e+00
1.2960565252014880e+00
1.2960565252014880e+00
1.2960565252014884e+00
1.2960565252014884e+00
1.2960565252014884e+00
1.2960565252014888e+00
1.2960565252014888e+00
1.2960565252014886e+00
1.2960565252014886e+00
1.2960565252014884e+00
1.2960565252014884e+00
-6.5410302645685481e-01
-6.5410302645685481e-01
-6.5410302645685481e-01
-6.5410302645685481e-01
-6.5410302645685481e-01
-6.5410302645685481e-01
-6.5410302645685481e-01
-6.5410302645685481e-01
-6.5410302645685481e-01
-6.5410302645685481e-01
-6.5410302645685481e-01
-6.5410302645685481e-01
-6.5410302645685481e-01
-6.5410302645685481e-01
-6.5410302645685481e-01
-6.5410302645685481e-01
-6.5410302645685481e-01
-6.5410302645685481e-01
-6.5410302645685481e-01
-6.5410302645685481e-01
-6.5410302645685481e-01
-6.5410302645685481e-01
-6.5410302645685481e-01
3.9053586587464018e-01
3.9053586587463990e-01
3.9053586587463990e-01
3.9053586587463990e-01
3.9053586587463990e-01
3.9053586587463973e-01
3.9053586587463951e-01
3.9053586587463951e-01
3.9053586587463951e-01
3.9053586587463929e-01
3.9053586587463945e-01
3.9053586587463957e-01
3.9053586587463957e-01
3.9053586587463957e-01
3.9053586587463940e-01
3.9053586587463940e-01
3.9053586587463940e-01
3.9053586587463923e-01
3.9053586587463923e-01
3.9053586587463873e-01
3.9053586587463895e-01
3.9053586587463851e-01
3.9053586587463851e-01
-2.2837323858465614e-01
-2.2837323858465614e-01
-2.2837323858465614e-01
-2.2837323858465614e-01
-2.2837323858465614e-01
-2.2837323858465614e-01
-2.2837323858465614e-01
-2.2837323858465614e-01
-2.2837323858465614e-01
-2.2837323858465614e-01
-2.2837323858465614e-01
-2.2837323858465614e-01
-2.2837323858465614e-01
-2.2837323858465614e-01
-2.2837323858465614e-01
-2.2837323858465614e-01
-2.2837323858465614e-01
-2.2837323858465614e-01
-2.2837323858465614e-01
-2.2837323858465614e-01
1.1471058704379875e-01
1.1471058704379875e-01
1.1471058704379875e-01
1.1471058704379875e-01
1.1471058704379877e-01
1.1471058704379879e-01
1.1471058704379879e-01
1.1471058704379879e-01
1.1471058704379884e-01
1.1471058704379881e-01
1.1471058704379875e-01
1.1471058704379875e-01
1.1471058704379865e-01
1.1471058704379865e-01
1.1471058704379869e-01
1.1471058704379877e-01
1.1471058704379875e-01
1.1471058704379875e-01
1.1471058704379875e-01
1.1471058704379869e-01
-8.1380095097961694e-02
-8.1380095097961694e-02
-8.1380095097961694e-02
-8.1380095097961694e-02
-8.1380095097961694e-02
-8.1380095097961694e-02
-8.1380095097961694e-02
-8.1380095097961694e-02
-8.1380095097961694e-02
-8.1380095097961694e-02
-8.1380095097961694e-02
-8.1380095097961694e-02
-8.1380095097961694e-02
-8.1380095097961694e-02
-8.1380095097961694e-02
-8.1380095097961694e-02
-8.1380095097961694e-02
-8.1380095097961694e-02
-8.1380095097961694e-02
-8.1380095097961694e-02
5.2173206745661387e-02
5.2173206745661414e-02
5.2173206745661414e-02
5.2173206745661414e-02
5.2173206745661435e-02
5.2173206745661435e-02
5.2173206745661407e-02
5.2173206745661421e-02
5.2173206745661428e-02
5.2173206745661428e-02
5.2173206745661428e-02
5.2173206745661428e-02
5.2173206745661421e-02
5.2173206745661421e-02
5.2173206745661449e-02
5.2173206745661400e-02
5.2173206745661393e-02
5.2173206745661393e-02
5.2173206745661393e-02
5.2173206745661380e-02
-3.2888124688007198e-02
-3.2888124688007198e-02
-3.2888124688007198e-02
-3.2888124688007198e-02
-3.2888124688007198e-02
-3.2888124688007198e-02
-3.2888124688007198e-02
-3.2888124688007198e-02
-3.2888124688007198e-02
-3.2888124688007198e-02
-3.2888124688007198e-02
-3.2888124688007198e-02
-3.2888124688007198e-02
-3.2888124688007198e-02
-3.2888124688007198e-02
-3.2888124688007198e-02
-3.2888124688007198e-02
-3.2888124688007198e-02
-3.2888124688007198e-02
-3.2888124688007198e-02
2.0495172441203358e-02
2.0495172441203358e-02
2.0495172441203358e-02
2.0495172441203361e-02
2.0495172441203361e-02
2.0495172441203361e-02
2.0495172441203361e-02
2.0495172441203361e-02
2.0495172441203344e-02
2.0495172441203340e-02
2.0495172441203340e-02
