0.0000000000000000e+00
0.0000000000000000e+00
0.0000000000000000e+00
0.0000000000000000e+00
0.0000000000000000e+00
0.0000000000000000e+00
0.0000000000000000e+00
0.0000000000000000e+00
0.0000000000000000e+00
1.5113810016232068e+00
1.5959014608141922e+00
1.5959014608141926e+00
1.5959014608141922e+00
1.5959014608141944e+00
1.5959014608141955e+00
1.5959014608141950e+00
1.5959014608141926e+00
1.5959014608141928e+00
1.5959014608141944e+00
1.5959014608141966e+00
1.5959014608141986e+00
1.5959014608141973e+00
1.5959014608141953e+00
1.5959014608141939e+00
1.5959014608141944e+00
1.5959014608141928e+00
1.5959014608141926e+00
1.5959014608141922e+00
1.5959014608141922e+00
1.5959014608141926e+00
1.5959014608141950e+00
1.5959014608141966e+00
-6.4802826260142044e-01
-6.4802826260141999e-01
-6.4802826260141944e-01
-6.4802826260141855e-01
-6.4802826260141821e-01
-6.4802826260141877e-01
-6.4802826260142010e-01
-6.4802826260141966e-01
-6.4802826260141966e-01
-6.4802826260141932e-01
-6.4802826260142044e-01
-6.4802826260141977e-01
-6.4802826260141955e-01
-6.4802826260141799e-01
-6.4802826260141688e-01
-6.4802826260141622e-01
-6.4802826260141633e-01
-6.4802826260141710e-01
-6.4802826260141710e-01
-6.4802826260141788e-01
-6.4802826260141777e-01
-6.4802826260141688e-01
-6.4802826260141555e-01
3.2705151322576820e-01
3.2705151322576814e-01
3.2705151322576809e-01
3.2705151322576798e-01
3.2705151322576720e-01
3.2705151322576714e-01
3.2705151322576709e-01
3.2705151322576675e-01
3.2705151322576675e-01
3.2705151322576664e-01
3.2705151322576714e-01
3.2705151322576698e-01
3.2705151322576764e-01
3.2705151322576725e-01
3.2705151322576714e-01
3.2705151322576737e-01
3.2705151322576775e-01
3.2705151322576748e-01
3.2705151322576681e-01
3.2705151322576720e-01
3.2705151322576725e-01
3.2705151322576670e-01
3.2705151322576709e-01
-1.9526793294062528e-01
-1.9526793294062522e-01
-1.9526793294062525e-01
-1.9526793294062506e-01
-1.9526793294062467e-01
-1.9526793294062486e-01
-1.9526793294062514e-01
-1.9526793294062508e-01
-1.9526793294062517e-01
-1.9526793294062525e-01
-1.9526793294062522e-01
-1.9526793294062544e-01
-1.9526793294062564e-01
-1.9526793294062567e-01
-1.9526793294062544e-01
-1.9526793294062511e-01
-1.9526793294062525e-01
-1.9526793294062497e-01
-1.9526793294062514e-01
-1.9526793294062561e-01
-1.9526793294062572e-01
-1.9526793294062533e-01
-1.9526793294062517e-01
1.1418661928847762e-01
1.1418661928847761e-01
1.1418661928847754e-01
1.1418661928847756e-01
1.1418661928847762e-01
1.1418661928847744e-01
1.1418661928847731e-01
1.1418661928847725e-01
1.1418661928847715e-01
1.1418661928847708e-01
1.1418661928847726e-01
1.1418661928847718e-01
1.1418661928847731e-01
1.1418661928847715e-01
1.1418661928847715e-01
1.1418661928847726e-01
1.1418661928847720e-01
1.1418661928847726e-01
1.1418661928847706e-01
1.1418661928847695e-01
-5.7355293526100831e-02
-5.7355293526100845e-02
-5.7355293526100838e-02
-5.7355293526100783e-02
-5.7355293526100727e-02
-5.7355293526100741e-02
-5.7355293526100741e-02
-5.7355293526100762e-02
-5.7355293526100713e-02
-5.7355293526100623e-02
-5.7355293526100568e-02
-5.7355293526100505e-02
-5.7355293526100505e-02
-5.7355293526100505e-02
-5.7355293526100477e-02
-5.7355293526100373e-02
-5.7355293526100401e-02
-5.7355293526100394e-02
-5.7355293526100429e-02
-5.7355293526100512e-02
4.0690047544406534e-02
4.0690047544406562e-02
4.0690047544406666e-02
4.0690047544406666e-02
4.0690047544406638e-02
4.0690047544406596e-02
4.0690047544406652e-02
4.0690047544406589e-02
4.0690047544406541e-02
4.0690047544406457e-02
4.0690047544406437e-02
4.0690047544406492e-02
4.0690047544406416e-02
4.0690047544406416e-02
4.0690047544406423e-02
4.0690047544406416e-02
4.0690047544406430e-02
4.0690047544406457e-02
4.0690047544406437e-02
4.0690047544406423e-02
-2.6086603377492169e-02
-2.6086603377492138e-02
-2.6086603377492211e-02
-2.6086603377492208e-02
-2.6086603377492214e-02
-2.6086603377492208e-02
-2.6086603377492187e-02
-2.6086603377492187e-02
-2.6086603377492180e-02
-2.6086603377492149e-02
-2.6086603377492138e-02
-2.6086603377492138e-02
-2.6086603377492093e-02
-2.6086603377492100e-02
-2.6086603377492149e-02
-2.6086603377492142e-02
-2.6086603377492166e-02
-2.6086603377492142e-02
-2.6086603377492176e-02
-2.6086603377492169e-02
1.6444062339316754e-02
1.6444062339316761e-02
1.6444062339316768e-02
1.6444062339316758e-02
1.6444062339316792e-02
1.6444062339316799e-02
1.6444062339316799e-02
1.6444062339316799e-02
1.6444062339316778e-02
1.6444062339316758e-02
1.6444062339316761e-02
1.6444062339316778e-02
1.6444062339316758e-02
1.6444062339316792e-02
1.6444062339316761e-02
1.6444062339316744e-02
1.6444062339316723e-02
1.6444062339316723e-02
1.6444062339316723e-02
1.6444062339316754e-02
-1.0247586225270026e-02
-1.0247586225270021e-02
-1.0247586225270010e-02
-1.0247586225270016e-02
-1.0247586225270019e-02
-1.0247586225270016e-02
-1.0247586225270000e-02
-1.0247586225270010e-02
-1.0247586225270014e-02
-1.0247586225270017e-02
-1.0247586225270014e-02
