0.0000000000000000e+00
0.0000000000000000e+00
0.0000000000000000e+00
0.0000000000000000e+00
0.0000000000000000e+00
0.0000000000000000e+00
0.0000000000000000e+00
0.0000000000000000e+00
0.0000000000000000e+00
1.5113810016253619e+00
1.5959014608148177e+00
1.5959014608148161e+00
1.5959014608148154e+00
1.5959014608148170e+00
1.5959014608148161e+00
1.5959014608148165e+00
1.5959014608148174e+00
1.5959014608148165e+00
1.5959014608148179e+00
1.5959014608148192e+00
1.5959014608148201e+00
1.5959014608148183e+00
1.5959014608148145e+00
1.5959014608148154e+00
1.5959014608148148e+00
1.5959014608148125e+00
1.5959014608148123e+00
1.5959014608148123e+00
1.5959014608148132e+00
1.5959014608148145e+00
1.5959014608148143e+00
1.5959014608148170e+00
-6.4802826260006685e-01
-6.4802826260006641e-01
-6.4802826260006541e-01
-6.4802826260006474e-01
-6.4802826260006474e-01
-6.4802826260006507e-01
-6.4802826260006630e-01
-6.4802826260006618e-01
-6.4802826260006574e-01
-6.4802826260006541e-01
-6.4802826260006652e-01
-6.4802826260006563e-01
-6.4802826260006563e-01
-6.4802826260006430e-01
-6.4802826260006341e-01
-6.4802826260006274e-01
-6.4802826260006297e-01
-6.4802826260006341e-01
-6.4802826260006363e-01
-6.4802826260006419e-01
-6.4802826260006363e-01
-6.4802826260006274e-01
-6.4802826260006163e-01
3.2705151323109133e-01
3.2705151323109116e-01
3.2705151323109105e-01
3.2705151323109083e-01
3.2705151323109033e-01
3.2705151323109016e-01
3.2705151323109011e-01
3.2705151323108989e-01
3.2705151323108977e-01
3.2705151323108939e-01
3.2705151323108983e-01
3.2705151323108961e-01
3.2705151323108994e-01
3.2705151323109016e-01
3.2705151323109016e-01
3.2705151323109005e-01
3.2705151323109083e-01
3.2705151323109050e-01
3.2705151323109005e-01
3.2705151323109027e-01
3.2705151323109061e-01
3.2705151323109016e-01
3.2705151323109044e-01
-1.9526793293401704e-01
-1.9526793293401698e-01
-1.9526793293401698e-01
-1.9526793293401679e-01
-1.9526793293401640e-01
-1.9526793293401667e-01
-1.9526793293401667e-01
-1.9526793293401667e-01
-1.9526793293401681e-01
-1.9526793293401684e-01
-1.9526793293401687e-01
-1.9526793293401709e-01
-1.9526793293401726e-01
-1.9526793293401726e-01
-1.9526793293401720e-01
-1.9526793293401679e-01
-1.9526793293401687e-01
-1.9526793293401654e-01
-1.9526793293401673e-01
-1.9526793293401706e-01
-1.9526793293401729e-01
-1.9526793293401723e-01
-1.9526793293401717e-01
1.1418661929617274e-01
1.1418661929617285e-01
1.1418661929617280e-01
1.1418661929617276e-01
1.1418661929617283e-01
1.1418661929617265e-01
1.1418661929617263e-01
1.1418661929617255e-01
1.1418661929617251e-01
1.1418661929617240e-01
1.1418661929617266e-01
1.1418661929617262e-01
1.1418661929617270e-01
1.1418661929617270e-01
1.1418661929617263e-01
1.1418661929617263e-01
1.1418661929617271e-01
1.1418661929617273e-01
1.1418661929617258e-01
1.1418661929617241e-01
-5.7355293517705339e-02
-5.7355293517705373e-02
-5.7355293517705366e-02
-5.7355293517705262e-02
-5.7355293517705241e-02
-5.7355293517705255e-02
-5.7355293517705241e-02
-5.7355293517705269e-02
-5.7355293517705193e-02
-5.7355293517705117e-02
-5.7355293517705061e-02
-5.7355293517705033e-02
-5.7355293517705033e-02
-5.7355293517705068e-02
-5.7355293517704978e-02
-5.7355293517704874e-02
-5.7355293517704922e-02
-5.7355293517704971e-02
-5.7355293517704950e-02
-5.7355293517705019e-02
4.0690047553548520e-02
4.0690047553548561e-02
4.0690047553548665e-02
4.0690047553548665e-02
4.0690047553548651e-02
4.0690047553548624e-02
4.0690047553548638e-02
4.0690047553548603e-02
4.0690047553548575e-02
4.0690047553548506e-02
4.0690047553548499e-02
4.0690047553548485e-02
4.0690047553548415e-02
4.0690047553548367e-02
4.0690047553548360e-02
4.0690047553548422e-02
4.0690047553548422e-02
4.0690047553548443e-02
4.0690047553548429e-02
4.0690047553548429e-02
-2.6086603368175747e-02
-2.6086603368175705e-02
-2.6086603368175781e-02
-2.6086603368175802e-02
-2.6086603368175802e-02
-2.6086603368175802e-02
-2.6086603368175761e-02
-2.6086603368175788e-02
-2.6086603368175788e-02
-2.6086603368175747e-02
-2.6086603368175729e-02
-2.6086603368175733e-02
-2.6086603368175691e-02
-2.6086603368175712e-02
-2.6086603368175750e-02
-2.6086603368175740e-02
-2.6086603368175781e-02
-2.6086603368175750e-02
-2.6086603368175785e-02
-2.6086603368175771e-02
1.6444062348684153e-02
1.6444062348684150e-02
1.6444062348684174e-02
1.6444062348684164e-02
1.6444062348684181e-02
1.6444062348684188e-02
1.6444062348684205e-02
1.6444062348684202e-02
1.6444062348684188e-02
1.6444062348684167e-02
1.6444062348684167e-02
1.6444062348684178e-02
1.6444062348684171e-02
1.6444062348684192e-02
1.6444062348684171e-02
1.6444062348684153e-02
1.6444062348684150e-02
1.6444062348684143e-02
1.6444062348684143e-02
1.6444062348684164e-02
-1.0247586215939349e-02
-1.0247586215939342e-02
-1.0247586215939332e-02
-1.0247586215939335e-02
-1.0247586215939332e-02
-1.0247586215939335e-02
-1.0247586215939323e-02
-1.0247586215939330e-02
-1.0247586215939330e-02
-1.0247586215939337e-02
-1.0247586215939341e-02
