0.0000000000000000e+00
-1.2196758116783931e-04
-2.4390243902662042e-04
-3.6585216680751350e-04
-4.8781676813899639e-04
-6.0979624664784962e-04
-7.3170731707552280e-04
-8.5363325162501815e-04
-9.7557405392004225e-04
-1.9364776200586908e-03
-2.9029945359196432e-03
-2.7810433341009604e-03
-2.6591070025636589e-03
-2.5371855376830760e-03
-2.4151896749868857e-03
-2.2932086934653708e-03
-2.1712425894898409e-03
-2.0493360164462278e-03
-1.9273847969350723e-03
-1.8054335774208481e-03
-1.6834823579092400e-03
-1.5615311383962167e-03
-1.4395947891708337e-03
-1.3176286993735282e-03
-1.1956774834903173e-03
-1.0737411378919427e-03
-9.5181965895264605e-04
-6.7196554195196297e-04
2.7907553313348500e-04
1.2354643115689322e-03
2.1974496739925980e-03
2.0754985004630675e-03
1.9535324530310502e-03
1.8315515280680032e-03
1.7096448425203675e-03
1.5877232939223314e-03
1.4657868786469371e-03
1.3437911839887465e-03
1.2218399644756072e-03
1.0998887449657478e-03
9.7793752545350938e-04
8.5598630594191621e-04
7.3402021251636762e-04
6.1208386691681180e-04
4.9013265103176279e-04
3.6816656123418761e-04
2.4618559389406500e-04
1.2418974538346044e-04
2.3277693414503179e-06
-8.8023400174752988e-04
-1.8394906239936283e-03
-1.7175415083661686e-03
-1.5956072625119692e-03
-1.4736878828058458e-03
-1.3517833656226011e-03
-1.2297366297749307e-03
-1.1077854102472030e-03
-9.8584906100623480e-04
-8.6388297121857221e-04
-7.4193175534300671e-04
-6.1998053219213835e-04
-4.9802931267994800e-04
-3.7609296345414038e-04
-2.5412687365676501e-04
-1.3217565777257035e-04
-1.0239312174114519e-05
1.1168216676542099e-04
2.3358878266953030e-04
3.5562922389012448e-04
5.9984949995994493e-04
1.5576379863626174e-03
1.4356867810568839e-03
1.3137207018413821e-03
1.1917397450857002e-03
1.0698331231030909e-03
9.4791163808373977e-04
8.2597528640351620e-04
7.0397946456965638e-04
5.8202824505603043e-04
4.6007702554609663e-04
3.3812580603363713e-04
2.1617458652163873e-04
9.4208493095619271e-05
-2.7727852504422165e-05
-1.4967906839061850e-04
-2.7164515818914802e-04
-3.9362612552971477e-04
-5.1562197404185310e-04
-6.3748395008079420e-04
-7.5936077827072266e-04
-1.4553343769160320e-03
-1.3333831596189167e-03
-1.2114468126073099e-03
-1.0895253322557646e-03
-9.6752950054380363e-04
-8.4554854999949593e-04
-7.2358247699357730e-04
-6.0167584200222367e-04
-4.7972462249120252e-04
-3.5777340297592886e-04
-2.3582218346356696e-04
-1.1387096395133823e-04
8.0653852743099476e-06
1.3003147507196209e-04
2.5198269095641403e-04
3.7391903655545426e-04
4.9584051549443901e-04
6.1774713139804249e-04
7.3978757261840245e-04
8.6181312178669532e-04
1.3265662874994283e-03
1.2047395551356608e-03
1.0828979792104501e-03
9.6083711661761018e-04
8.3888589713259720e-04
7.1691980373406715e-04
5.9493883279287799e-04
4.7303223860588339e-04
3.5108101909923640e-04
2.2912979958817728e-04
1.0717858007584903e-04
-1.4772639436332802e-05
-1.3673873286294298e-04
-2.5867507846266430e-04
-3.8062629434766306e-04
-5.0259238414534309e-04
-6.2457335148555454e-04
-7.4656919999647369e-04
-8.6843117603792764e-04
-9.9030800423040083e-04
-1.3176876162714693e-03
-1.1957514105453934e-03
-1.0738300714440172e-03
-9.5192359534369635e-04
-8.3003197862102315e-04
-7.0794653201682132e-04
-5.8599531247140787e-04
-4.6405896321278985e-04
-3.4209287343137535e-04
-2.2014165756388096e-04
-9.8190434405626712e-05
2.3760785106554621e-05
1.4569713433215924e-04
2.6766322412961175e-04
3.8961444001394709e-04
5.1155078561384074e-04
6.3347226455349830e-04
7.5537888045841626e-04
8.7741932167569384e-04
9.9944487084075275e-04
1.2450843148691020e-03
1.1231492971549423e-03
1.0011994094783895e-03
8.7923464821252088e-04
7.5725500972974443e-04
6.3534441964020446e-04
5.1341896554695486e-04
3.9144198062119695e-04
2.6949076110740523e-04
1.4753954159562891e-04
2.5588322083982003e-05
-9.6362897428206573e-05
-2.1832899085490794e-04
-3.4026533645454160e-04
-4.6221655233950063e-04
-5.8418264213789682e-04
-7.0616360947778518e-04
-8.2815945798947628e-04
-9.5002143403046500e-04
-1.0718982622233255e-03
-1.2683398759431247e-03
-1.1463906264797649e-03
-1.0244562468231674e-03
-9.0253673334692681e-04
-7.8063208242693438e-04
-6.5858574792705693e-04
-5.3663452840015569e-04
-4.1469817915997388e-04
-2.9273208937275142e-04
-1.7078087349800148e-04
-4.8829650347069000e-05
7.3121569164982878e-05
1.9505791839096161e-04
3.1702400818771852e-04
4.3897522407240774e-04
5.6091156967205322e-04
6.8283304861060565e-04
8.0473966451494725e-04
9.2678010573475113e-04
1.0488056549025761e-03
1.2154036870419733e-03
1.0934545733984875e-03
9.7149058635483880e-04
8.4951172228233448e-04
7.2760091539105702e-04
6.0567524444374353e-04
4.8373470581315118e-04
3.6177929587474664e-04
2.3980901099961632e-04
1.1784481783390705e-04
-4.1064016777214097e-06
