0.0000000000000000e+00
3.6587373701128602e-05
7.3170731707008425e-05
1.0975275142056136e-04
1.4633343293911770e-04
1.8291277636071907e-04
2.1951219512595722e-04
2.5611027442255720e-04
2.9270701435045947e-04
2.0347494184359003e-03
4.1335449577802816e-03
4.0969595966771025e-03
4.0820233007833641e-03
4.0608998077081944e-03
4.0310259155814324e-03
3.9944368035208944e-03
3.9578585502558824e-03
3.9212731843949727e-03
3.8846864799954137e-03
3.8481024526865700e-03
3.8115170869376935e-03
3.7749317209775628e-03
3.7676912992912794e-03
3.7311051317254805e-03
3.6945205675845919e-03
3.6579346649647693e-03
3.6213474237668975e-03
3.5847588438942422e-03
3.5481791041753726e-03
3.5115980263301142e-03
3.4750156102603229e-03
3.4384318558689482e-03
3.1661549552520238e-03
3.1783188615884346e-03
3.1904826199661506e-03
3.2076845194579508e-03
3.2321507339132696e-03
3.2666437476324217e-03
3.3032278133216606e-03
3.3398105406662595e-03
3.3763998451981129e-03
3.4129878110017043e-03
3.4495705769022906e-03
3.4861559427556378e-03
3.5227413086086493e-03
3.5319773977897555e-03
3.5685619254688678e-03
3.6051481294966602e-03
3.6417329950231584e-03
3.6783165221460717e-03
3.7148987109634568e-03
3.7514895929168478e-03
3.7880791360257438e-03
3.8246673403886356e-03
3.8612542061042124e-03
3.9743064030236990e-03
3.9622360314372712e-03
3.9500409094348080e-03
3.9327941486174108e-03
3.9084030377708754e-03
3.8739077823760071e-03
3.8373187384335900e-03
3.8007404132614879e-03
3.7641550474019612e-03
3.7275683430034161e-03
3.6909843156938001e-03
3.6543989499434630e-03
3.6178135839843558e-03
3.6085774948034078e-03
3.5719912907286482e-03
3.5354067630965673e-03
3.4988208969876640e-03
3.4622336923036626e-03
3.4256451489477818e-03
3.3890652996864967e-03
3.3524841122908049e-03
3.3159015866629548e-03
3.2793177227060768e-03
3.2055577197956553e-03
3.2177361061915960e-03
3.2299143442763153e-03
3.2471367205638437e-03
3.2714923323539178e-03
3.3060609925912713e-03
3.3427252878205360e-03
3.3792317243017721e-03
3.4158170901555061e-03
3.4524011175692255e-03
3.4889878218648017e-03
3.5255731876229802e-03
3.5621585535713851e-03
3.5713946427530121e-03
3.6079791704319549e-03
3.6445653744606112e-03
3.6811502399870877e-03
3.7177337671109247e-03
3.7543159559285718e-03
3.7909068378805637e-03
3.8274963809895634e-03
3.8640845853528940e-03
3.9006714510664850e-03
3.9580729255041048e-03
3.9214902247024204e-03
3.8849061855573169e-03
3.8483208079715444e-03
3.8117341205155760e-03
3.7751460944252663e-03
3.7385567296034459e-03
3.7019780229529866e-03
3.6653926570995271e-03
3.6288072912436919e-03
3.5922219253896126e-03
3.5556365595366809e-03
3.5190498551443909e-03
3.4824658278298790e-03
3.4458804620758842e-03
3.4092937577837905e-03
3.3727057148559237e-03
3.3361163331945853e-03
3.2995389985729503e-03
3.2629603260000452e-03
3.2153291273464557e-03
3.2518336489341972e-03
3.2883368379907781e-03
3.3250043759803314e-03
3.3615897418415456e-03
3.3981737692628518e-03
3.4347564583418417e-03
3.4713458394071864e-03
3.5079312052579839e-03
3.5445165711117778e-03
3.5811019369645894e-03
3.6176873028182697e-03
3.6542713302314019e-03
3.6908580345260586e-03
3.7274434002830250e-03
3.7640274276006100e-03
3.8006101165746569e-03
3.8371914673040615e-03
3.8737848638037086e-03
3.9103769212767581e-03
3.9532161253772484e-03
3.9166579725448836e-03
3.8800984831655386e-03
3.8435376571403046e-03
3.8069018711618893e-03
3.7703165053008334e-03
3.7337298009015299e-03
3.6971457735942921e-03
3.6605604078460453e-03
3.6239750418865934e-03
3.5873896760329578e-03
3.5508043101802013e-03
3.5142176057878366e-03
3.4776335784735503e-03
3.4410482127188481e-03
3.4044615084260561e-03
3.3678734654981109e-03
3.3312840838361970e-03
3.2947067492154897e-03
3.2581280766442160e-03
3.2173054381080196e-03
3.2538786724928791e-03
3.2904505693249712e-03
3.3270211287020433e-03
3.3636347664746111e-03
3.4002470637373083e-03
3.4368054981801050e-03
3.4733908640343001e-03
3.5099748914498808e-03
3.5465615957431416e-03
3.5831469615954471e-03
3.6197323274492444e-03
3.6563163548622556e-03
3.6929030591570326e-03
3.7294884249145606e-03
3.7660724522318679e-03
3.8026551412075303e-03
3.8392364919384980e-03
3.8758298884359107e-03
3.9124219459068191e-03
3.9516812071146356e-03
3.9151010272702978e-03
3.8785195092673856e-03
3.8419366530078568e-03
3.8053449264325886e-03
3.7687518608538191e-03
3.7321741947219517e-03
3.6955888288682185e-03
3.6590021244763712e-03
3.6224180971615471e-03
3.5858327313072298e-03
3.5492473654537469e-03
3.5126606610629777e-03
3.4760766337487365e-03
3.4394912679929996e-03
3.4029045636998893e-03
3.3663165207707909e-03
3.3297271391078040e-03
3.2931498044894880e-03
3.2565711319200359e-03
3.2183019691710518e-03
3.2548854603534957e-03
3.2914676132318240e-03
3.3280484279062366e-03
3.3646415547118952e-03
3.4012333425093512e-03
3.4378237913970460e-03
3.4743976522697579e-03
3.5109830181237712e-03
3.5475683839759635e-03
3.5841537498298064e-03
