0.0000000000000000e+00
3.6587373701343939e-05
7.3170731708004156e-05
1.0975275142129264e-04
1.4633343294021648e-04
1.8291277636165446e-04
2.1951219512754031e-04
2.5611027442459593e-04
2.9270701435177624e-04
2.0347494184391568e-03
4.1335449577839991e-03
4.0969595966799319e-03
4.0820233007864970e-03
4.0608998077109500e-03
4.0310259155837960e-03
3.9944368035224878e-03
3.9578585502592347e-03
3.9212731843984109e-03
3.8846864799995801e-03
3.8481024526889869e-03
3.8115170869392123e-03
3.7749317209807855e-03
3.7676912992943802e-03
3.7311051317290450e-03
3.6945205675880171e-03
3.6579346649671862e-03
3.6213474237687961e-03
3.5847588438958126e-03
3.5481791041783420e-03
3.5115980263347706e-03
3.4750156102668593e-03
3.4384318558771539e-03
3.1661549552552144e-03
3.1783188615910505e-03
3.1904826199689110e-03
3.2076845194608178e-03
3.2321507339169693e-03
3.2666437476363427e-03
3.3032278133260295e-03
3.3398105406704853e-03
3.3763998452011499e-03
3.4129878110044209e-03
3.4495705769060389e-03
3.4861559427596675e-03
3.5227413086124973e-03
3.5319773977934839e-03
3.5685619254728507e-03
3.6051481295008049e-03
3.6417329950276705e-03
3.6783165221514424e-03
3.7148987109690661e-03
3.7514895929219158e-03
3.7880791360312615e-03
3.8246673403945835e-03
3.8612542061098641e-03
3.9743064030303933e-03
3.9622360314445397e-03
3.9500409094418935e-03
3.9327941486239758e-03
3.9084030377777006e-03
3.8739077823827261e-03
3.8373187384401096e-03
3.8007404132671110e-03
3.7641550474070379e-03
3.7275683430080774e-03
3.6909843156982401e-03
3.6543989499476285e-03
3.6178135839896866e-03
3.6085774948080027e-03
3.5719912907347345e-03
3.5354067631015616e-03
3.4988208969921005e-03
3.4622336923080680e-03
3.4256451489516914e-03
3.3890652996922902e-03
3.3524841122994828e-03
3.3159015866737894e-03
3.2793177227179110e-03
3.2055577198026922e-03
3.2177361061986581e-03
3.2299143442833804e-03
3.2471367205716938e-03
3.2714923323607808e-03
3.3060609925987688e-03
3.3427252878281992e-03
3.3792317243085310e-03
3.4158170901633293e-03
3.4524011175776138e-03
3.4889878218730625e-03
3.5255731876313325e-03
3.5621585535800917e-03
3.5713946427618614e-03
3.6079791704403614e-03
3.6445653744696656e-03
3.6811502399975490e-03
3.7177337671221852e-03
3.7543159559406299e-03
3.7909068378890552e-03
3.8274963809947949e-03
3.8640845853546730e-03
3.9006714510662031e-03
3.9580729255130932e-03
3.9214902247108685e-03
3.8849061855650360e-03
3.8483208079788927e-03
3.8117341205233099e-03
3.7751460944338983e-03
3.7385567296121637e-03
3.7019780229605313e-03
3.6653926571075897e-03
3.6288072912514591e-03
3.5922219253986887e-03
3.5556365595449139e-03
3.5190498551531816e-03
3.4824658278388987e-03
3.4458804620849980e-03
3.4092937577920295e-03
3.3727057148636897e-03
3.3361163332019297e-03
3.2995389985809279e-03
3.2629603260094634e-03
3.2153291273554442e-03
3.2518336489431492e-03
3.2883368380001395e-03
3.3250043759901681e-03
3.3615897418506689e-03
3.3981737692719664e-03
3.4347564583509451e-03
3.4713458394168575e-03
3.5079312052673402e-03
3.5445165711212017e-03
3.5811019369740814e-03
3.6176873028273167e-03
3.6542713302411562e-03
3.6908580345365711e-03
3.7274434002935821e-03
3.7640274276108561e-03
3.8006101165858753e-03
3.8371914673167966e-03
3.8737848638153638e-03
3.9103769212864110e-03
3.9532161253878120e-03
3.9166579725559165e-03
3.8800984831763858e-03
3.8435376571513222e-03
3.8069018711725791e-03
3.7703165053109213e-03
3.7337298009113640e-03
3.6971457736035915e-03
3.6605604078557351e-03
3.6239750418961031e-03
3.5873896760422099e-03
3.5508043101886745e-03
3.5142176057966429e-03
3.4776335784825639e-03
3.4410482127278860e-03
3.4044615084355850e-03
3.3678734655070925e-03
3.3312840838445818e-03
3.2947067492240635e-03
3.2581280766532492e-03
3.2173054381171040e-03
3.2538786725018415e-03
3.2904505693334713e-03
3.3270211287115469e-03
3.3636347664826845e-03
3.4002470637443608e-03
3.4368054981879304e-03
3.4733908640431242e-03
3.5099748914576342e-03
3.5465615957503294e-03
3.5831469616031831e-03
3.6197323274569874e-03
3.6563163548706500e-03
3.6929030591656715e-03
3.7294884249224080e-03
3.7660724522398208e-03
3.8026551412147945e-03
3.8392364919456346e-03
3.8758298884444529e-03
3.9124219459145473e-03
3.9516812071231644e-03
3.9151010272789003e-03
3.8785195092753233e-03
3.8419366530158851e-03
3.8053449264406052e-03
3.7687518608623778e-03
3.7321741947305442e-03
3.6955888288766514e-03
3.6590021244848718e-03
3.6224180971694019e-03
3.5858327313151445e-03
3.5492473654616880e-03
3.5126606610699357e-03
3.4760766337547308e-03
3.4394912679997069e-03
3.4029045637064921e-03
3.3663165207772029e-03
3.3297271391139393e-03
3.2931498044957955e-03
3.2565711319275463e-03
3.2183019691775631e-03
3.2548854603598153e-03
3.2914676132387295e-03
3.3280484279125653e-03
3.3646415547188132e-03
3.4012333425162897e-03
3.4378237914047256e-03
3.4743976522770064e-03
3.5109830181315445e-03
3.5475683839834194e-03
3.5841537498371261e-03
