0.0000000000000000e+00
0.0000000000000000e+00
0.0000000000000000e+00
0.0000000000000000e+00
0.0000000000000000e+00
0.0000000000000000e+00
0.0000000000000000e+00
0.0000000000000000e+00
0.0000000000000000e+00
8.3891665195010684e-04
1.6834823579081493e-03
1.6834823579081493e-03
1.6834823579081493e-03
1.6834823579081493e-03
1.6834823579081493e-03
1.6834823579081493e-03
1.6834823579081493e-03
1.6834823579081493e-03
1.6834823579081493e-03
1.6834823579081493e-03
1.6834823579081493e-03
1.6834823579081493e-03
1.6834823579081493e-03
1.6834823579081493e-03
1.6834823579081493e-03
1.6834823579081493e-03
1.6834823579081493e-03
1.8413673261263217e-03
2.6704305045009524e-03
3.5048680949119494e-03
4.3449022412709662e-03
4.3449022412709662e-03
4.3449022412709662e-03
4.3449022412709662e-03
4.3449022412709662e-03
4.3449022412709662e-03
4.3449022412709662e-03
4.3449022412709662e-03
4.3449022412709662e-03
4.3449022412709662e-03
4.3449022412709662e-03
4.3449022412709662e-03
4.3449022412709662e-03
4.3449022412709662e-03
4.3449022412709662e-03
4.3449022412709662e-03
4.3449022412709662e-03
4.3449022412709662e-03
4.3449022412709662e-03
5.1055127979988549e-03
5.9428202989183290e-03
5.9428202989183290e-03
5.9428202989183290e-03
5.9428202989183290e-03
5.9428202989183290e-03
5.9428202989183290e-03
5.9428202989183290e-03
5.9428202989183290e-03
5.9428202989183290e-03
5.9428202989183290e-03
5.9428202989183290e-03
5.9428202989183290e-03
5.9428202989183290e-03
5.9428202989183290e-03
5.9428202989183290e-03
5.9428202989183290e-03
5.9428202989183290e-03
5.9428202989183290e-03
5.9428202989183290e-03
6.0651052328001779e-03
6.9009266371461127e-03
6.9009266371461127e-03
6.9009266371461127e-03
6.9009266371461127e-03
6.9009266371461127e-03
6.9009266371461127e-03
6.9009266371461127e-03
6.9009266371461127e-03
6.9009266371461127e-03
6.9009266371461127e-03
6.9009266371461127e-03
6.9009266371461127e-03
6.9009266371461127e-03
6.9009266371461127e-03
6.9009266371461127e-03
6.9009266371461127e-03
6.9009266371461127e-03
6.9009266371461127e-03
6.9009266371461127e-03
6.9009266371461127e-03
7.4748746266443469e-03
7.4748746266443469e-03
7.4748746266443469e-03
7.4748746266443469e-03
7.4748746266443469e-03
7.4748746266443469e-03
7.4748746266443469e-03
7.4748746266443469e-03
7.4748746266443469e-03
7.4748746266443469e-03
7.4748746266443469e-03
7.4748746266443469e-03
7.4748746266443469e-03
7.4748746266443469e-03
7.4748746266443469e-03
7.4748746266443469e-03
7.4748746266443469e-03
7.4748746266443469e-03
7.4748746266443469e-03
7.4748746266443469e-03
7.8178753901812607e-03
7.8178753901812607e-03
7.8178753901812607e-03
7.8178753901812607e-03
7.8178753901812607e-03
7.8178753901812607e-03
7.8178753901812607e-03
7.8178753901812607e-03
7.8178753901812607e-03
7.8178753901812607e-03
7.8178753901812607e-03
7.8178753901812607e-03
7.8178753901812607e-03
7.8178753901812607e-03
7.8178753901812607e-03
7.8178753901812607e-03
7.8178753901812607e-03
7.8178753901812607e-03
7.8178753901812607e-03
7.8178753901812607e-03
8.0232444046633485e-03
8.0232444046633485e-03
8.0232444046633485e-03
8.0232444046633485e-03
8.0232444046633485e-03
8.0232444046633485e-03
8.0232444046633485e-03
8.0232444046633485e-03
8.0232444046633485e-03
8.0232444046633485e-03
8.0232444046633485e-03
8.0232444046633485e-03
8.0232444046633485e-03
8.0232444046633485e-03
8.0232444046633485e-03
8.0232444046633485e-03
8.0232444046633485e-03
8.0232444046633485e-03
8.0232444046633485e-03
8.0232444046633485e-03
8.1470231611510471e-03
8.1470231611510471e-03
8.1470231611510471e-03
8.1470231611510471e-03
8.1470231611510471e-03
8.1470231611510471e-03
8.1470231611510471e-03
8.1470231611510471e-03
8.1470231611510471e-03
8.1470231611510471e-03
8.1470231611510471e-03
8.1470231611510471e-03
8.1470231611510471e-03
8.1470231611510471e-03
8.1470231611510471e-03
8.1470231611510471e-03
8.1470231611510471e-03
8.1470231611510471e-03
8.1470231611510471e-03
8.1470231611510471e-03
8.2214411335785054e-03
8.2214411335785054e-03
8.2214411335785054e-03
8.2214411335785054e-03
8.2214411335785054e-03
8.2214411335785054e-03
8.2214411335785054e-03
8.2214411335785054e-03
8.2214411335785054e-03
8.2214411335785054e-03
8.2214411335785054e-03
8.2214411335785054e-03
8.2214411335785054e-03
8.2214411335785054e-03
8.2214411335785054e-03
8.2214411335785054e-03
8.2214411335785054e-03
8.2214411335785054e-03
8.2214411335785054e-03
8.2214411335785054e-03
8.2661643822462966e-03
8.2661643822462966e-03
8.2661643822462966e-03
8.2661643822462966e-03
8.2661643822462966e-03
8.2661643822462966e-03
8.2661643822462966e-03
8.2661643822462966e-03
8.2661643822462966e-03
8.2661643822462966e-03
8.2661643822462966e-03
