0.0000000000000000e+00
-1.1435251150976292e-03
-1.3928898656282293e-10
-1.1427256811894057e-03
-4.5720921221352670e-03
-1.0288490004282107e-02
1.6567686330585617e-09
8.0024653238992983e-03
1.3718511418469885e-02
-3.5549263698900544e-04
-5.5937325531639107e-09
9.3771295435436959e-07
-6.5593914680668359e-04
-2.2353704497527303e-03
-5.7698243128275579e-03
-1.2174577859619439e-02
1.9052078005350626e-09
3.1486266500494521e-10
-2.2863915266047646e-03
-2.1984441592556631e-10
-3.8908193062623470e-07
-5.1723752203949970e-10
-6.8626803390844903e-10
-1.3694702908583530e-03
-4.1574281308471652e-10
-9.1715443680874943e-04
-4.1205423055760042e-03
-9.6097735597348386e-03
5.4875953623683444e-10
7.3217439530780179e-03
1.2355847138871836e-02
1.5102701471076117e-02
4.7085965665865691e-03
6.3712075027235725e-08
-4.9616241319691045e-03
-1.2410701759108668e-02
-1.1435276991833914e-08
-7.3211514138073146e-09
-2.2213883087721922e-03
-6.7299293250038198e-03
2.6159475430367348e-10
4.4442984812657687e-03
-2.7100167889757166e-10
-4.3882137981589621e-10
-6.5323617252741625e-10
-8.0266806302482220e-10
-1.4320129013748462e-03
-8.7710933050985562e-10
-8.5452476556422536e-04
-3.9959751506152604e-03
-9.4247427263971888e-03
5.3794939849442520e-10
7.1395722306023266e-03
1.1993582319397105e-02
1.4561640948720703e-02
-1.9848122978746777e-02
7.1903475455586805e-09
-1.0397216833771303e-08
-4.3373573317067048e-04
-1.9144439905577730e-03
-5.7429327497507338e-03
-1.2023998472655690e-02
4.4887876640026890e-10
-7.6072626656026305e-10
-2.2863925812437822e-03
-1.1344694009208139e-09
-3.9019294439855173e-07
-1.4370762200465302e-09
-1.3180698937846620e-09
-1.4318298577387497e-03
-1.1562383381814829e-09
-8.5480691986183606e-04
-3.9958571325748272e-03
-9.4227613345680833e-03
7.7986003328665566e-11
7.1347625676265050e-03
1.1981916968458300e-02
1.4541853932049622e-02
2.6231805382975694e-03
2.6289964403294658e-09
-2.8767637310720753e-03
-7.3780566773552787e-03
-1.4609779549783833e-02
-8.3476655869881750e-09
1.3268532374144038e-02
-1.5844369779142616e-08
-4.3733588948008604e-09
-2.2867735887011288e-03
-1.1383308942290130e-09
3.8140864561635621e-07
-1.2761055564347317e-09
-1.1869890986966568e-09
-1.4320137119942309e-03
-1.0608337827069947e-09
-8.5452475777720075e-04
-3.9959747725355037e-03
-9.4247420276116767e-03
-5.8427341360530711e-11
7.1395707600396688e-03
1.1993580085931229e-02
1.4561637532052786e-02
-4.2122757329948480e-04
1.1211142123682955e-06
-1.8626907397850865e-03
-6.0122722480213629e-03
-5.7803181091927416e-10
3.7242494423877113e-03
5.1608687493975803e-03
-9.0201871977743086e-10
-6.9456089951898404e-10
-9.9290434854195510e-10
-8.4727147652118170e-10
-7.8786999171344223e-10
-2.2863910361059334e-03
-5.2222775303958246e-10
-3.9034390345950247e-07
-2.2871703386407160e-03
-6.8599502494304434e-03
-1.3718339711187464e-02
2.2113264154019683e-09
1.1429611104711277e-02
1.2703269427783952e-02
7.8118729584290123e-07
-1.4981484897492809e-02
-1.4018991882590128e-08
-4.2133045382337219e-09
-2.2867748274138823e-03
-6.8607165332808711e-03
6.5610377904745657e-10
7.7677632323027872e-11
6.2091594157335767e-11
-2.8848220613078332e-10
-3.5553242291960386e-10
-2.2867809075472660e-03
5.9700649197721775e-11
3.9087311268397653e-07
-2.2859986642345918e-03
-6.8595594682069883e-03
-1.3720682130993244e-02
2.2445012165389778e-09
1.1436248532794244e-02
-4.3057573552976215e-03
6.4787808011746788e-07
2.0230131078345826e-03
1.7617282683195605e-03
-5.0772400363334966e-09
-2.3538599010018675e-09
-2.2863900164510030e-03
1.2144118333480137e-10
-3.9037902607494732e-07
2.0750300483039794e-10
2.0399680919732911e-10
4.0168645804608755e-10
-2.2863900326729487e-03
6.4627203115463343e-10
-3.8927237880563986e-07
-2.2871693147692622e-03
-6.8599493392093739e-03
-1.3718339059656828e-02
2.8555945566504269e-09
1.1429611937405451e-02
1.9069407006481762e-03
6.0195715558091852e-07
-4.1914662117345574e-03
-1.0669653539517258e-02
1.0706220037145118e-09
8.3819431043119855e-03
-3.1185774169717259e-10
5.1862350597620611e-10
-2.2867790970018246e-03
5.3623050439790422e-10
3.1059593866097672e-10
3.4393436863335943e-10
-2.2867803002165894e-03
4.4893899960820714e-10
3.9128499791760399e-07
-2.2859982484475503e-03
-6.8595587605023815e-03
-1.3720681169144178e-02
2.9381664652247597e-09
1.1436248497024265e-02
-8.2008497402702820e-04
5.5558567947761642e-07
-1.4647463875550738e-03
-5.2156000017087459e-03
6.7567236894220682e-10
2.9271437585601480e-03
7.8923475225002594e-11
3.6105108269276666e-10
-2.2863896637850601e-03
7.4197442874938910e-10
5.7821848951732563e-10
6.4432049708384781e-10
-2.2863894746605390e-03
9.8498181376243995e-10
-3.8928026662249554e-07
-2.2871697731378939e-03
-6.8599500335165377e-03
-1.3718340069751058e-02
2.8419028458525486e-09
1.1429612806995620e-02
2.9511226520845772e-04
5.3921941053271094e-07
-2.5806523264016888e-03
-7.4488522630443785e-03
1.4417597391491083e-09
5.1629209763358712e-03
8.0395166927795317e-03
6.5521427854131982e-10
8.3226415647383689e-10
2.3170585677630020e-10
3.7946173033439893e-10
