0.0000000000000000e+00
-2.5004040254486299e+01
-5.0000000000581849e+01
-7.5000379830981032e+01
-1.0000518072381935e+02
-1.2501440365684152e+02
-1.4999999999954173e+02
-1.7499001510400183e+02
-1.9998444994679846e+02
-2.2500028162749601e+02
-2.4999999997958614e+02
-2.2500000102432256e+02
-2.1479506487630738e+02
-2.0036436328107004e+02
-1.7995878405331095e+02
-1.5497116856977996e+02
-1.2994762148696404e+02
-1.0494762148583597e+02
-7.9952041727571526e+01
-5.4947621485852373e+01
-2.9947622464315451e+01
-4.9476214857225411e+00
-5.0905365250810017e-10
2.4997352406763849e+01
4.9999999999491962e+01
7.4998226764007740e+01
9.9992033677782530e+01
1.2498142171811244e+02
1.4999999999826187e+02
1.7501415392626097e+02
2.0002388448042291e+02
2.2502919264031587e+02
2.4998965579387550e+02
2.4166666655435836e+02
2.3334318772455211e+02
2.2157117522398244e+02
2.0488155362319503e+02
1.8131132759116198e+02
1.5630703281424238e+02
1.3129831586653580e+02
1.0631132760601947e+02
8.1319921002914256e+01
5.6311327606557811e+01
3.1311327606251897e+01
6.3113276063537684e+00
-1.0347270530890114e-09
-2.5002768610207522e+01
-5.0000000001193492e+01
-7.5001652000185302e+01
-1.0000772558554026e+02
-1.2501822173523827e+02
-1.5000000000218901e+02
-1.7498619545958988e+02
-1.9997680908418886e+02
-2.2497184185290817e+02
-2.4996106623668211e+02
-2.4166666668246094e+02
-2.3333333335492839e+02
-2.2154905882184528e+02
-2.0488525472939804e+02
-1.8132243001670071e+02
-1.5633457247585764e+02
-1.3131132761045535e+02
-1.0631132760897775e+02
-8.1315747850840310e+01
-5.6311327608967687e+01
-3.1311328587377155e+01
-6.3113276089712453e+00
-1.4001566104230756e-09
2.4997231849109557e+01
4.9999999998533660e+01
7.4998347292997352e+01
9.9992274709920991e+01
1.2498178322695993e+02
1.4999999999762235e+02
1.7501379249567580e+02
2.0002316170035525e+02
2.2502810859006962e+02
2.4999468477740129e+02
2.4166666665834993e+02
2.3333815817899068e+02
2.2155903136525762e+02
2.0489915595577548e+02
1.8131132759266657e+02
1.5628835244762996e+02
1.3131132757338395e+02
1.0631132759956911e+02
8.1306906405063501e+01
5.6311327605525065e+01
3.1311328563381373e+01
6.3113276055540570e+00
-1.6881570041907310e-09
-2.5002768611302301e+01
-5.0000000001736062e+01
-7.5001652000866031e+01
-1.0000772558585925e+02
-1.2501822173534521e+02
-1.5000000000282972e+02
-1.7498619546020490e+02
-1.9997680908486916e+02
-2.2497184185393388e+02
-2.4999916627573015e+02
-2.2500000191414492e+02
-2.0000525739214473e+02
-1.7501493173184875e+02
-1.5000000000319091e+02
-1.2498949225835889e+02
-9.9983407518439151e+01
-7.5000000002469676e+01
-5.0000000002343924e+01
-2.5000000001355136e+01
-1.3307169357527238e-09
2.4999999998765809e+01
4.9995579755839962e+01
7.4999999998578133e+01
9.9999999020952586e+01
1.2499557780088750e+02
1.4998673731541254e+02
1.7497347854204256e+02
1.9999999999749664e+02
2.2502209534223513e+02
2.4997439420065587e+02
2.2499999864320171e+02
2.0002119416670990e+02
1.7499999997242310e+02
1.4999999999053534e+02
1.2499557878797739e+02
9.9986735386649542e+01
7.4999999998428095e+01
4.9999999999207418e+01
2.4999999999110273e+01
-1.2583823468557292e-09
-2.5000000001172054e+01
-5.0004421221730723e+01
-7.5000000001241190e+01
-9.9999999023259861e+01
-1.2500441926573694e+02
-1.5001326170700167e+02
-1.7502652732574825e+02
-2.0000000000308270e+02
-2.2497788803403463e+02
-2.4999145382041908e+02
-2.2500000110646346e+02
-2.0001296451145731e+02
-1.7503034305911430e+02
-1.5000000001819799e+02
-1.2500000000660310e+02
-1.0000442023819552e+02
-7.5000000000862627e+01
-5.0000000984178556e+01
-2.5000000000560195e+01
-4.9297356278207500e-10
2.4999999999647400e+01
4.9995579756595653e+01
7.4999999999564622e+01
9.9999999021980301e+01
1.2499557780174251e+02
1.4998673731622475e+02
1.7497347854286846e+02
1.9999999999802236e+02
2.2502209534273868e+02
2.4999615724358674e+02
2.2499999895683703e+02
1.9999942129612907e+02
1.7499442328423521e+02
1.5000000000106760e+02
1.2500115473674924e+02
9.9999999999112561e+01
7.5000000000310919e+01
4.9995578780966255e+01
2.4999999999922206e+01
8.4441735891276739e-11
-2.4999999999933415e+01
-5.0004421220635969e+01
-7.5000000000291038e+01
-9.9999999022296365e+01
-1.2500441926468572e+02
-1.5001326170566622e+02
-1.7502652732400642e+02
-2.0000000000172429e+02
-2.2497788803345736e+02
-2.4999837200194796e+02
-2.2500000094702486e+02
-2.0000604934924735e+02
-1.7501651623052544e+02
-1.5000000000245737e+02
-1.2498790852337879e+02
-1.0000000000186797e+02
-7.5000000001031992e+01
-5.0004420243225645e+01
-2.5000000000186013e+01
-3.1813761307747963e-11
2.5000000000091195e+01
4.9995579757287025e+01
7.5000000000114326e+01
9.9999999022278914e+01
1.2499557780160444e+02
1.4998673731590213e+02
1.7497347854218850e+02
1.9999999999814341e+02
2.2502209534340514e+02
2.4999940537810940e+02
2.2499999906647446e+02
1.9999617181910162e+02
1.7498792265864410e+02
1.4999999999981964e+02
1.2500765848379447e+02
1.0001089713350633e+02
7.5000000000011710e+01
4.9999999999892296e+01
2.4999999999684256e+01
-1.7878674554060256e-10
