0.0000000000000000e+00
2.5002896729354219e+01
5.0000000000370058e+01
7.4999237105251126e+01
1.0000060863161639e+02
1.2500411516678693e+02
1.5000000000108355e+02
1.7499801756918384e+02
1.9999816845812080e+02
2.2499992613480552e+02
2.4999999997397731e+02
2.2500000196205698e+02
2.1479440893717202e+02
2.0036212791067052e+02
1.7995301422908148e+02
1.5495899399203375e+02
1.2994762148881978e+02
1.0494762148609904e+02
7.9949755335949703e+01
5.4947621485672357e+01
2.9947622075336003e+01
4.9476214852021885e+00
3.3116248712043421e-10
2.4998721877135416e+01
4.9999999999973397e+01
7.4999143918434044e+01
9.9996154219996399e+01
1.2499103149156119e+02
1.4999999999770745e+02
1.7500683218244103e+02
2.0001152863360124e+02
2.2501408993929732e+02
2.4998494719735319e+02
2.4166666649065104e+02
2.3334814934869243e+02
2.2158358592577156e+02
2.0488155363471884e+02
1.8131132759859702e+02
1.5630925420269259e+02
1.3130504579598690e+02
1.0631132760579278e+02
8.1315476704437415e+01
5.6311327606906133e+01
3.1311327606775574e+01
6.3113276071083977e+00
2.5530585494161507e-10
2.5001336597203981e+01
5.0000000000197787e+01
7.5000797475259802e+01
1.0000372961016481e+02
1.2500879699228756e+02
1.5000000000252987e+02
1.7499333503158348e+02
1.9998880266627091e+02
2.2498640349361330e+02
2.4994121811342686e+02
2.4166666668933965e+02
2.3333333334423543e+02
2.2154862508583815e+02
2.0488334028510187e+02
1.8131668708366496e+02
1.5632254847711866e+02
1.3131132761068608e+02
1.0631132760803654e+02
8.1313461458113437e+01
5.6311327607717175e+01
3.1311328197081721e+01
6.3113276073551479e+00
3.0935625843726877e-10
2.4998663679201783e+01
4.9999999999871527e+01
7.4999202100041160e+01
9.9996270567143910e+01
1.2499120598835658e+02
1.4999999999776509e+02
1.7500665773353410e+02
2.0001117978398645e+02
2.2501356673681656e+02
2.4999206159712878e+02
2.4166666665598609e+02
2.3334103494299399e+02
2.2156640942224831e+02
2.0491376573557415e+02
1.8131132760129276e+02
1.5627508391555958e+02
1.3131132758948655e+02
1.0631132760425872e+02
8.1309193179014912e+01
5.6311327607000749e+01
3.1311328182344070e+01
6.3113276072299405e+00
7.6214519210022417e-10
2.5001336597221741e+01
5.0000000000253280e+01
7.5000797475578594e+01
1.0000372961049401e+02
1.2500879699268319e+02
1.5000000000239393e+02
1.7499333503086834e+02
1.9998880266513692e+02
2.2498640349183677e+02
2.4999874504781636e+02
2.2500000303493746e+02
2.0000339470112220e+02
1.7500891945933685e+02
1.5000000000231512e+02
1.2499321650745284e+02
9.9988568386815871e+01
7.5000000001270607e+01
5.0000000001318867e+01
2.5000000000053749e+01
6.0942356278854495e-10
2.4999999999887706e+01
4.9997866147262087e+01
7.4999999999473062e+01
9.9999999411660596e+01
1.2499786497152590e+02
1.4999359726594395e+02
1.7498719688202749e+02
1.9999999999562138e+02
2.2501066573155930e+02
2.4996169093161487e+02
2.2499999786238979e+02
2.0003617565205099e+02
1.7499999998690328e+02
1.4999999999515762e+02
1.2499786556320959e+02
9.9993596103610315e+01
7.4999999998231885e+01
4.9999999999573888e+01
2.4999999999506322e+01
5.9617811650913000e-10
2.5000000000381696e+01
5.0002134440369439e+01
7.5000000000769802e+01
9.9999999413599383e+01
1.2500213326653488e+02
1.5000640214692015e+02
1.7501280664289877e+02
2.0000000000468768e+02
2.2498932428208829e+02
2.4998714806251195e+02
2.2500000175375078e+02
2.0001498752402676e+02
1.7503210478679816e+02
1.5000000001259448e+02
1.2500000000372360e+02
1.0000213384766354e+02
7.5000000000501899e+01
5.0000000593301387e+01
2.5000000000267949e+01
6.8560945859115740e-10
2.4999999999695312e+01
4.9997866147087848e+01
7.4999999999356007e+01
9.9999999411695455e+01
1.2499786497151025e+02
1.4999359726595696e+02
1.7498719688227638e+02
1.9999999999552773e+02
2.2501066573118220e+02
2.4999425030324053e+02
2.2499999835523676e+02
2.0000361276266665e+02
1.7500509293816472e+02
1.5000000000028675e+02
1.2499277279390179e+02
9.9999999999750145e+01
7.5000000000130356e+01
4.9997865560347037e+01
2.4999999999645631e+01
3.7739224227569916e-10
2.4999999999985501e+01
5.0002134439982839e+01
7.5000000000396057e+01
9.9999999413298951e+01
1.2500213326615778e+02
1.5000640214666171e+02
1.7501280664259875e+02
2.0000000000435722e+02
2.2498932428169866e+02
2.4999755191667572e+02
2.2500000150229585e+02
2.0000458460260970e+02
1.7501130063021211e+02
1.5000000000285931e+02
1.2499083566681971e+02
1.0000000000160944e+02
7.5000000001076714e+01
5.0002133853256289e+01
2.5000000000666216e+01
3.0464472643181847e-10
2.4999999999702034e+01
4.9997866146971134e+01
7.4999999999268056e+01
9.9999999411750792e+01
1.2499786497155245e+02
1.4999359726609438e+02
1.7498719688244464e+02
1.9999999999550408e+02
2.2501066573082701e+02
2.4999911026603485e+02
2.2499999852745898e+02
1.9999875247165545e+02
1.7499537151111198e+02
1.4999999999861041e+02
1.2500249556302799e+02
1.0000285761710609e+02
7.4999999999599169e+01
4.9999999999353570e+01
2.4999999999713484e+01
3.8917319616711816e-10
