2.0000000000000020e+02
2.0000000000000020e+02
2.0000000000000020e+02
2.0000000000000020e+02
2.0000000000000020e+02
2.0000000000000020e+02
2.0000000000000020e+02
2.0000000000000020e+02
2.0000000000000020e+02
2.2046578312993131e+02
2.4521229559153332e+02
2.4521229559153332e+02
2.4521229559153332e+02
2.4521229559153332e+02
2.4521229559153332e+02
2.4521229559153332e+02
2.4521229559153332e+02
2.4521229559153332e+02
2.4521229559153332e+02
2.4521229559153332e+02
2.4521229559153332e+02
2.4521229559153332e+02
2.4521229559153332e+02
2.4521229559153332e+02
2.4521229559153332e+02
2.4521229559153332e+02
2.4521229559153332e+02
2.4521229559153332e+02
2.4521229559153332e+02
2.4521229559153332e+02
2.4521229559153332e+02
2.4521229559153332e+02
2.4804086240955112e+02
2.4804086240955112e+02
2.4804086240955112e+02
2.4804086240955112e+02
2.4804086240955112e+02
2.4804086240955112e+02
2.4804086240955112e+02
2.4804086240955112e+02
2.4804086240955112e+02
2.4804086240955112e+02
2.4804086240955112e+02
2.4804086240955112e+02
2.4804086240955112e+02
2.4804086240955112e+02
2.4804086240955112e+02
2.4804086240955112e+02
2.4804086240955112e+02
2.4804086240955112e+02
2.4804086240955112e+02
2.4804086240955112e+02
2.4804086240955112e+02
2.4804086240955112e+02
2.4804086240955112e+02
2.4896006357374168e+02
2.4896006357374168e+02
2.4896006357374168e+02
2.4896006357374168e+02
2.4896006357374168e+02
2.4896006357374168e+02
2.4896006357374168e+02
2.4896006357374168e+02
2.4896006357374168e+02
2.4896006357374168e+02
2.4896006357374168e+02
2.4896006357374168e+02
2.4896006357374168e+02
2.4896006357374168e+02
2.4896006357374168e+02
2.4896006357374168e+02
2.4896006357374168e+02
2.4896006357374168e+02
2.4896006357374168e+02
2.4896006357374168e+02
2.4896006357374168e+02
2.4896006357374168e+02
2.4896006357374168e+02
2.4940625779831683e+02
2.4940625779831683e+02
2.4940625779831683e+02
2.4940625779831683e+02
2.4940625779831683e+02
2.4940625779831683e+02
2.4940625779831683e+02
2.4940625779831683e+02
2.4940625779831683e+02
2.4940625779831683e+02
2.4940625779831683e+02
2.4940625779831683e+02
2.4940625779831683e+02
2.4940625779831683e+02
2.4940625779831683e+02
2.4940625779831683e+02
2.4940625779831683e+02
2.4940625779831683e+02
2.4940625779831683e+02
2.4940625779831683e+02
2.4940625779831683e+02
2.4940625779831683e+02
2.4940625779831683e+02
2.4965618518993767e+02
2.4965618518993767e+02
2.4965618518993767e+02
2.4965618518993767e+02
2.4965618518993767e+02
2.4965618518993767e+02
2.4965618518993767e+02
2.4965618518993767e+02
2.4965618518993767e+02
2.4965618518993767e+02
2.4965618518993767e+02
2.4965618518993767e+02
2.4965618518993767e+02
2.4965618518993767e+02
2.4965618518993767e+02
2.4965618518993767e+02
2.4965618518993767e+02
2.4965618518993767e+02
2.4965618518993767e+02
2.4965618518993767e+02
2.4978962505104920e+02
2.4978962505104920e+02
2.4978962505104920e+02
2.4978962505104920e+02
2.4978962505104920e+02
2.4978962505104920e+02
2.4978962505104920e+02
2.4978962505104920e+02
2.4978962505104920e+02
2.4978962505104920e+02
2.4978962505104920e+02
2.4978962505104920e+02
2.4978962505104920e+02
2.4978962505104920e+02
2.4978962505104920e+02
2.4978962505104920e+02
2.4978962505104920e+02
2.4978962505104920e+02
2.4978962505104920e+02
2.4978962505104920e+02
2.4986507791986480e+02
2.4986507791986480e+02
2.4986507791986480e+02
2.4986507791986480e+02
2.4986507791986480e+02
2.4986507791986480e+02
2.4986507791986480e+02
2.4986507791986480e+02
2.4986507791986480e+02
2.4986507791986480e+02
2.4986507791986480e+02
2.4986507791986480e+02
2.4986507791986480e+02
2.4986507791986480e+02
2.4986507791986480e+02
2.4986507791986480e+02
2.4986507791986480e+02
2.4986507791986480e+02
2.4986507791986480e+02
2.4986507791986480e+02
2.4991599049312197e+02
2.4991599049312197e+02
2.4991599049312197e+02
2.4991599049312197e+02
2.4991599049312197e+02
2.4991599049312197e+02
2.4991599049312197e+02
2.4991599049312197e+02
2.4991599049312197e+02
2.4991599049312197e+02
2.4991599049312197e+02
2.4991599049312197e+02
2.4991599049312197e+02
2.4991599049312197e+02
2.4991599049312197e+02
2.4991599049312197e+02
2.4991599049312197e+02
2.4991599049312197e+02
2.4991599049312197e+02
2.4991599049312197e+02
2.4994821972964380e+02
2.4994821972964380e+02
2.4994821972964380e+02
2.4994821972964380e+02
2.4994821972964380e+02
2.4994821972964380e+02
2.4994821972964380e+02
2.4994821972964380e+02
2.4994821972964380e+02
2.4994821972964380e+02
2.4994821972964380e+02
2.4994821972964380e+02
2.4994821972964380e+02
2.4994821972964380e+02
2.4994821972964380e+02
2.4994821972964380e+02
2.4994821972964380e+02
2.4994821972964380e+02
2.4994821972964380e+02
2.4994821972964380e+02
2.4996836750737307e+02
2.4996836750737307e+02
2.4996836750737307e+02
2.4996836750737307e+02
2.4996836750737307e+02
2.4996836750737307e+02
2.4996836750737307e+02
2.4996836750737307e+02
2.4996836750737307e+02
2.4996836750737307e+02
2.4996836750737307e+02
