0.0000000000000000e+00
-1.1435251490559345e-03
-2.8432682771993189e-10
-1.1427257784964796e-03
-4.5720922838406010e-03
-1.0288490104847770e-02
1.4267533232796497e-09
8.0024650404145591e-03
1.3718511226194413e-02
-3.5549274390634457e-04
-5.6240218401869495e-09
9.3775576498512779e-07
-6.5593912403393072e-04
-2.2353703491209760e-03
-5.7698241461341133e-03
-1.2174577632761004e-02
1.8062997641808184e-09
2.1134307114041503e-10
-2.2863917170402349e-03
-1.4014100834724544e-10
-3.8887697806094648e-07
-5.2346644376328065e-10
-7.5125397837692059e-10
-1.3694704522482512e-03
-5.4715009020094162e-10
-9.1715441579745397e-04
-4.1205421221607369e-03
-9.6097733377031209e-03
5.6025465025415273e-10
7.3217436868372324e-03
1.2355846504297961e-02
1.5102700565939372e-02
4.7085964776251727e-03
6.3702422315299431e-08
-4.9616241484710085e-03
-1.2410701818811874e-02
-1.1612118834796333e-08
-7.5488050911418380e-09
-2.2213885915298914e-03
-6.7299295773663786e-03
1.9176592778059228e-10
4.4442984725537142e-03
-4.2561967757050943e-10
-6.0855806640982076e-10
-8.5602203556808901e-10
-9.7853232196631329e-10
-1.4320131057036127e-03
-1.1142592843879187e-09
-8.5452508545971230e-04
-3.9959756003536528e-03
-9.4247431750125142e-03
1.4380047362508288e-10
7.1395717566049713e-03
1.1993581844826200e-02
1.4561640461396309e-02
-1.9848123531416639e-02
6.5670424427806361e-09
-1.0988510543227934e-08
-4.3373628112766829e-04
-1.9144446019841801e-03
-5.7429333219055027e-03
-1.2023999005243768e-02
1.2645361865434466e-11
-1.1217396798668855e-09
-2.2863928726619808e-03
-1.3665217163216157e-09
-3.9039796018757504e-07
-1.7951246061329341e-09
-1.6109127307036736e-09
-1.4318303267337445e-03
-1.5195443686903629e-09
-8.5480716769981732e-04
-3.9958573134551041e-03
-9.4227614587519999e-03
-3.6333451274379506e-10
7.1347617158677755e-03
1.1981915769309204e-02
1.4541852574172039e-02
2.6231800067351161e-03
2.0987077967653158e-09
-2.8767642758725149e-03
-7.3780573040090544e-03
-1.4609780047714939e-02
-8.9048890310849482e-09
1.3268531766515303e-02
-1.6360996193117773e-08
-5.0058571266069057e-09
-2.2867743141492692e-03
-1.8130200754686926e-09
3.8066594250801895e-07
-2.0756560232156137e-09
-1.9528243578155089e-09
-1.4320144491363350e-03
-1.9047129492499460e-09
-8.5452581718291408e-04
-3.9959759580334752e-03
-9.4247432964487156e-03
-8.1307439496841225e-10
7.1395705668492130e-03
1.1993580449454134e-02
1.4561638273718281e-02
-4.2122825414154787e-04
1.1204707904211016e-06
-1.8626913050633707e-03
-6.0122727756124188e-03
-1.1736132946507171e-09
3.7242487455047750e-03
5.1608680041810998e-03
-1.4960889855074969e-09
-1.3555306402142968e-09
-1.6098876692047923e-09
-1.5990272212971526e-09
-1.4559420425191099e-09
-2.2863918080692847e-03
-1.2676069063868861e-09
-3.9107216017487135e-07
-2.2871709382104063e-03
-6.8599508134458351e-03
-1.3718340258536948e-02
1.5391647159350765e-09
1.1429610247121122e-02
1.2703268654198199e-02
7.8043641282450518e-07
-1.4981485784999964e-02
-1.4941496368810183e-08
-5.0313443604191408e-09
-2.2867756369896516e-03
-6.8607173882569818e-03
-2.6371794223307159e-10
-8.1063926241201236e-10
-8.5419698854006493e-10
-1.1975654182690908e-09
-1.2251823986916251e-09
-2.2867818151083210e-03
-1.0025261755605138e-09
3.8980601279826943e-07
-2.2859997398704118e-03
-6.8595606950777035e-03
-1.3720683568082100e-02
9.6547133125259268e-10
1.1436247574865673e-02
-4.3057584588702732e-03
6.4669653945646672e-07
2.0230120310886163e-03
1.7617270993091315e-03
-6.1297076899751562e-09
-3.4051694205931642e-09
-2.2863910474810976e-03
-8.4285952540439162e-10
-3.9137528644498235e-07
-7.9201184000279635e-10
-7.3174596755993964e-10
-4.9746660428896145e-10
-2.2863909517113271e-03
-2.2905854294474705e-10
-3.9015781923201172e-07
-2.2871702206621459e-03
-6.8599501253077989e-03
-1.3718339756023726e-02
2.1336819905118544e-09
1.1429611175452766e-02
1.9069399918352557e-03
6.0124350213624737e-07
-4.1914668634518452e-03
-1.0669654319485553e-02
4.9130802797300461e-10
8.3819425905027056e-03
-9.6328623279541350e-10
-1.5731439927225583e-10
-2.2867796645409332e-03
1.6911478729812155e-11
-2.9766135895874840e-10
-2.3978257431093386e-10
-2.2867810060900125e-03
-2.3898211262791525e-10
3.9072021851941521e-07
-2.2859988074290776e-03
-6.8595592485558333e-03
-1.3720681646211241e-02
2.3275327222177621e-09
1.1436247985325311e-02
-8.2008557030852980e-04
5.5495640944133491e-07
-1.4647468877815157e-03
-5.2156006250106144e-03
1.2810939121369834e-10
2.9271431230921308e-03
-5.9605561523962597e-10
-2.7149364104981839e-10
-2.2863902749033793e-03
2.1844181023985991e-10
3.3291645667392307e-11
1.3398917270944374e-10
-2.2863898935715048e-03
7.0755971473842311e-10
-3.8966359567365872e-07
-2.2871701229052509e-03
-6.8599503509315079e-03
-1.3718340442324735e-02
2.4367194699712548e-09
1.1429612349444892e-02
2.9511188375024825e-04
5.3881167496373209e-07
-2.5806527812321112e-03
-7.4488526728663197e-03
9.7677047947745181e-10
5.1629205567511206e-03
8.0395161076511432e-03
1.6990301654549585e-10
2.4522633687139527e-10
-2.9018224791356095e-10
-1.8700691773272626e-10
