0.0000000000000000e+00
0.0000000000000000e+00
0.0000000000000000e+00
0.0000000000000000e+00
0.0000000000000000e+00
0.0000000000000000e+00
0.0000000000000000e+00
0.0000000000000000e+00
0.0000000000000000e+00
0.0000000000000000e+00
0.0000000000000000e+00
0.0000000000000000e+00
0.0000000000000000e+00
0.0000000000000000e+00
0.0000000000000000e+00
0.0000000000000000e+00
0.0000000000000000e+00
0.0000000000000000e+00
0.0000000000000000e+00
0.0000000000000000e+00
0.0000000000000000e+00
0.0000000000000000e+00
0.0000000000000000e+00
0.0000000000000000e+00
0.0000000000000000e+00
0.0000000000000000e+00
0.0000000000000000e+00
0.0000000000000000e+00
0.0000000000000000e+00
0.0000000000000000e+00
-1.4257763061543835e-10
-1.4257763061543835e-10
-1.4257763061543835e-10
-1.4257763061543835e-10
-1.4257763061543835e-10
-1.4257763061543835e-10
-1.4257763061543835e-10
-1.4257763061543835e-10
-1.4257763061543835e-10
-1.4257763061543835e-10
-1.4257763061543835e-10
-1.4257763061543835e-10
-1.4257763061543835e-10
-1.4257763061543835e-10
-1.4257763061543835e-10
-1.4257763061543835e-10
-1.4257763061543835e-10
-1.4257763061543835e-10
-1.4257763061543835e-10
-1.4257763061543835e-10
9.8341295502514113e-04
9.8341295502514113e-04
9.8341295502514135e-04
9.8341295502514135e-04
9.8341295502514157e-04
9.8341295502514178e-04
9.8341295502514135e-04
9.8341295502514113e-04
9.8341295502514113e-04
9.8341295502514113e-04
9.8341295502514113e-04
9.8341295502514113e-04
9.8341295502514113e-04
9.8341295502514113e-04
9.8341295502514135e-04
9.8341295502514135e-04
9.8341295502514135e-04
9.8341295502514178e-04
9.8341295502514178e-04
9.8341295502514178e-04
9.1700029481573656e-04
9.1700029481573656e-04
9.1700029481573656e-04
9.1700029481573656e-04
9.1700029481573656e-04
9.1700029481573656e-04
9.1700029481573656e-04
9.1700029481573656e-04
9.1700029481573656e-04
9.1700029481573656e-04
9.1700029481573656e-04
9.1700029481573656e-04
9.1700029481573656e-04
9.1700029481573656e-04
9.1700029481573656e-04
9.1700029481573656e-04
9.1700029481573656e-04
9.1700029481573656e-04
9.1700029481573656e-04
9.1700029481573656e-04
1.7942079159004184e-03
1.7942079159004184e-03
1.7942079159004186e-03
1.7942079159004186e-03
1.7942079159004179e-03
1.7942079159004179e-03
1.7942079159004188e-03
1.7942079159004194e-03
1.7942079159004194e-03
1.7942079159004194e-03
1.7942079159004194e-03
1.7942079159004190e-03
1.7942079159004190e-03
1.7942079159004190e-03
1.7942079159004177e-03
1.7942079159004177e-03
1.7942079159004177e-03
1.7942079159004171e-03
1.7942079159004171e-03
1.7942079159004171e-03
1.6760294947891822e-03
1.6760294947891822e-03
1.6760294947891822e-03
1.6760294947891822e-03
1.6760294947891822e-03
1.6760294947891822e-03
1.6760294947891822e-03
1.6760294947891822e-03
1.6760294947891822e-03
1.6760294947891822e-03
1.6760294947891822e-03
1.6760294947891822e-03
1.6760294947891822e-03
1.6760294947891822e-03
1.6760294947891822e-03
1.6760294947891822e-03
1.6760294947891822e-03
1.6760294947891822e-03
1.6760294947891822e-03
1.6760294947891822e-03
1.6760294947891822e-03
1.6760294947891822e-03
1.6760294947891822e-03
1.6760294947891826e-03
1.6760294947891822e-03
1.6760294947891807e-03
1.6760294947891807e-03
1.6760294947891798e-03
1.6760294947891798e-03
1.6760294947891798e-03
1.6760294947891798e-03
1.6760294947891798e-03
1.6760294947891798e-03
1.6760294947891807e-03
1.6760294947891807e-03
1.6760294947891800e-03
1.6760294947891800e-03
1.6760294947891809e-03
1.6760294947891804e-03
1.6760294947891804e-03
1.5711527246663488e-03
1.5711527246663488e-03
1.5711527246663488e-03
1.5711527246663488e-03
1.5711527246663488e-03
1.5711527246663488e-03
1.5711527246663488e-03
1.5711527246663488e-03
1.5711527246663488e-03
1.5711527246663488e-03
1.5711527246663488e-03
1.5711527246663488e-03
1.5711527246663488e-03
1.5711527246663488e-03
1.5711527246663488e-03
1.5711527246663488e-03
1.5711527246663488e-03
1.5711527246663488e-03
1.5711527246663488e-03
1.5711527246663488e-03
1.5711527246663488e-03
1.5711527246663488e-03
1.5711527246663481e-03
1.5711527246663481e-03
1.5711527246663481e-03
1.5711527246663479e-03
1.5711527246663479e-03
1.5711527246663475e-03
1.5711527246663475e-03
1.5711527246663475e-03
1.5711527246663475e-03
1.5711527246663475e-03
1.5711527246663475e-03
1.5711527246663466e-03
1.5711527246663466e-03
1.5711527246663473e-03
1.5711527246663473e-03
1.5711527246663466e-03
1.5711527246663462e-03
1.5711527246663462e-03
1.4780803709445618e-03
1.4780803709445618e-03
1.4780803709445618e-03
1.4780803709445618e-03
1.4780803709445618e-03
1.4780803709445618e-03
1.4780803709445618e-03
1.4780803709445618e-03
1.4780803709445618e-03
1.4780803709445618e-03
1.4780803709445618e-03
