0.0000000000000000e+00
0.0000000000000000e+00
0.0000000000000000e+00
0.0000000000000000e+00
0.0000000000000000e+00
0.0000000000000000e+00
0.0000000000000000e+00
0.0000000000000000e+00
0.0000000000000000e+00
0.0000000000000000e+00
0.0000000000000000e+00
0.0000000000000000e+00
0.0000000000000000e+00
0.0000000000000000e+00
0.0000000000000000e+00
0.0000000000000000e+00
0.0000000000000000e+00
0.0000000000000000e+00
0.0000000000000000e+00
0.0000000000000000e+00
0.0000000000000000e+00
0.0000000000000000e+00
0.0000000000000000e+00
0.0000000000000000e+00
0.0000000000000000e+00
0.0000000000000000e+00
0.0000000000000000e+00
0.0000000000000000e+00
0.0000000000000000e+00
0.0000000000000000e+00
7.1288815307775373e-11
7.1288815307775166e-11
7.1288815307775192e-11
7.1288815307775153e-11
7.1288815307775037e-11
7.1288815307774947e-11
7.1288815307774856e-11
7.1288815307774778e-11
7.1288815307774882e-11
7.1288815307774753e-11
7.1288815307774714e-11
7.1288815307774766e-11
7.1288815307774740e-11
7.1288815307774714e-11
7.1288815307774688e-11
7.1288815307774649e-11
7.1288815307774546e-11
7.1288815307774610e-11
7.1288815307774610e-11
7.1288815307774546e-11
-4.9170647750784258e-04
-4.9170647750784225e-04
-4.9170647750784247e-04
-4.9170647750784290e-04
-4.9170647750784225e-04
-4.9170647750784214e-04
-4.9170647750784225e-04
-4.9170647750784149e-04
-4.9170647750784128e-04
-4.9170647750784290e-04
-4.9170647750784312e-04
-4.9170647750784225e-04
-4.9170647750784258e-04
-4.9170647750784366e-04
-4.9170647750784388e-04
-4.9170647750784344e-04
-4.9170647750784312e-04
-4.9170647750784344e-04
-4.9170647750784355e-04
-4.9170647750784399e-04
-4.5850014740306369e-04
-4.5850014740306396e-04
-4.5850014740306429e-04
-4.5850014740306510e-04
-4.5850014740306499e-04
-4.5850014740306553e-04
-4.5850014740306526e-04
-4.5850014740306591e-04
-4.5850014740306602e-04
-4.5850014740306543e-04
-4.5850014740306488e-04
-4.5850014740306494e-04
-4.5850014740306456e-04
-4.5850014740306472e-04
-4.5850014740306521e-04
-4.5850014740306580e-04
-4.5850014740306570e-04
-4.5850014740306597e-04
-4.5850014740306678e-04
-4.5850014740306635e-04
-8.9710395795251029e-04
-8.9710395795250921e-04
-8.9710395795251073e-04
-8.9710395795250953e-04
-8.9710395795250953e-04
-8.9710395795250769e-04
-8.9710395795250856e-04
-8.9710395795250812e-04
-8.9710395795250942e-04
-8.9710395795250921e-04
-8.9710395795250845e-04
-8.9710395795250671e-04
-8.9710395795250617e-04
-8.9710395795250530e-04
-8.9710395795250769e-04
-8.9710395795250834e-04
-8.9710395795250801e-04
-8.9710395795250704e-04
-8.9710395795250726e-04
-8.9710395795250747e-04
-8.3801474739718103e-04
-8.3801474739718298e-04
-8.3801474739718460e-04
-8.3801474739718320e-04
-8.3801474739718450e-04
-8.3801474739718428e-04
-8.3801474739718341e-04
-8.3801474739718309e-04
-8.3801474739718287e-04
-8.3801474739718211e-04
-8.3801474739718103e-04
-8.3801474739718233e-04
-8.3801474739718341e-04
-8.3801474739718428e-04
-8.3801474739718515e-04
-8.3801474739718612e-04
-8.3801474739718688e-04
-8.3801474739718753e-04
-8.3801474739718688e-04
-8.3801474739718471e-04
-8.3801474739718363e-04
-8.3801474739718385e-04
-8.3801474739718320e-04
-8.3801474739718309e-04
-8.3801474739718179e-04
-8.3801474739718276e-04
-8.3801474739718200e-04
-8.3801474739718222e-04
-8.3801474739718179e-04
-8.3801474739718168e-04
-8.3801474739718244e-04
-8.3801474739718233e-04
-8.3801474739718135e-04
-8.3801474739718135e-04
-8.3801474739718124e-04
-8.3801474739718038e-04
-8.3801474739718081e-04
-8.3801474739718027e-04
-8.3801474739717940e-04
-8.3801474739717962e-04
-7.8557636233579121e-04
-7.8557636233579132e-04
-7.8557636233579089e-04
-7.8557636233579252e-04
-7.8557636233579360e-04
-7.8557636233579338e-04
-7.8557636233579403e-04
-7.8557636233579317e-04
-7.8557636233579349e-04
-7.8557636233579284e-04
-7.8557636233579187e-04
-7.8557636233579121e-04
-7.8557636233579176e-04
-7.8557636233579056e-04
-7.8557636233579013e-04
-7.8557636233579165e-04
-7.8557636233579121e-04
-7.8557636233579208e-04
-7.8557636233579143e-04
-7.8557636233579121e-04
-7.8557636233578948e-04
-7.8557636233579002e-04
-7.8557636233578915e-04
-7.8557636233578850e-04
-7.8557636233579056e-04
-7.8557636233578926e-04
-7.8557636233578937e-04
-7.8557636233578926e-04
-7.8557636233578948e-04
-7.8557636233579078e-04
-7.8557636233578991e-04
-7.8557636233578905e-04
-7.8557636233578861e-04
-7.8557636233578861e-04
-7.8557636233578915e-04
-7.8557636233579002e-04
-7.8557636233579046e-04
-7.8557636233578948e-04
-7.8557636233578905e-04
-7.8557636233578872e-04
-7.3904018547488409e-04
-7.3904018547488474e-04
-7.3904018547488529e-04
-7.3904018547488529e-04
-7.3904018547488485e-04
-7.3904018547488442e-04
-7.3904018547488388e-04
-7.3904018547488388e-04
-7.3904018547488247e-04
-7.3904018547488399e-04
-7.3904018547488268e-04
