0.0000000000000000e+00
0.0000000000000000e+00
0.0000000000000000e+00
0.0000000000000000e+00
0.0000000000000000e+00
0.0000000000000000e+00
0.0000000000000000e+00
0.0000000000000000e+00
0.0000000000000000e+00
0.0000000000000000e+00
0.0000000000000000e+00
0.0000000000000000e+00
0.0000000000000000e+00
0.0000000000000000e+00
0.0000000000000000e+00
0.0000000000000000e+00
0.0000000000000000e+00
0.0000000000000000e+00
0.0000000000000000e+00
0.0000000000000000e+00
0.0000000000000000e+00
0.0000000000000000e+00
0.0000000000000000e+00
0.0000000000000000e+00
0.0000000000000000e+00
0.0000000000000000e+00
0.0000000000000000e+00
0.0000000000000000e+00
0.0000000000000000e+00
0.0000000000000000e+00
7.1288815307664104e-11
7.1288815307663846e-11
7.1288815307663807e-11
7.1288815307663794e-11
7.1288815307663742e-11
7.1288815307663665e-11
7.1288815307663587e-11
7.1288815307663484e-11
7.1288815307663613e-11
7.1288815307663574e-11
7.1288815307663561e-11
7.1288815307663626e-11
7.1288815307663523e-11
7.1288815307663445e-11
7.1288815307663445e-11
7.1288815307663432e-11
7.1288815307663342e-11
7.1288815307663393e-11
7.1288815307663406e-11
7.1288815307663329e-11
-4.9170647751729357e-04
-4.9170647751729389e-04
-4.9170647751729411e-04
-4.9170647751729444e-04
-4.9170647751729411e-04
-4.9170647751729346e-04
-4.9170647751729357e-04
-4.9170647751729281e-04
-4.9170647751729248e-04
-4.9170647751729400e-04
-4.9170647751729411e-04
-4.9170647751729378e-04
-4.9170647751729422e-04
-4.9170647751729530e-04
-4.9170647751729509e-04
-4.9170647751729519e-04
-4.9170647751729454e-04
-4.9170647751729519e-04
-4.9170647751729541e-04
-4.9170647751729574e-04
-4.5850014741267189e-04
-4.5850014741267270e-04
-4.5850014741267325e-04
-4.5850014741267438e-04
-4.5850014741267460e-04
-4.5850014741267460e-04
-4.5850014741267493e-04
-4.5850014741267466e-04
-4.5850014741267466e-04
-4.5850014741267449e-04
-4.5850014741267373e-04
-4.5850014741267390e-04
-4.5850014741267373e-04
-4.5850014741267330e-04
-4.5850014741267400e-04
-4.5850014741267460e-04
-4.5850014741267411e-04
-4.5850014741267433e-04
-4.5850014741267520e-04
-4.5850014741267487e-04
-8.9710395794790655e-04
-8.9710395794790590e-04
-8.9710395794790677e-04
-8.9710395794790558e-04
-8.9710395794790547e-04
-8.9710395794790417e-04
-8.9710395794790438e-04
-8.9710395794790460e-04
-8.9710395794790525e-04
-8.9710395794790525e-04
-8.9710395794790449e-04
-8.9710395794790276e-04
-8.9710395794790243e-04
-8.9710395794790178e-04
-8.9710395794790330e-04
-8.9710395794790428e-04
-8.9710395794790406e-04
-8.9710395794790330e-04
-8.9710395794790373e-04
-8.9710395794790395e-04
-8.3801474739199420e-04
-8.3801474739199691e-04
-8.3801474739199691e-04
-8.3801474739199616e-04
-8.3801474739199594e-04
-8.3801474739199594e-04
-8.3801474739199583e-04
-8.3801474739199529e-04
-8.3801474739199420e-04
-8.3801474739199290e-04
-8.3801474739199041e-04
-8.3801474739199149e-04
-8.3801474739199258e-04
-8.3801474739199312e-04
-8.3801474739199410e-04
-8.3801474739199529e-04
-8.3801474739199399e-04
-8.3801474739199464e-04
-8.3801474739199269e-04
-8.3801474739199117e-04
-8.3801474739199041e-04
-8.3801474739199041e-04
-8.3801474739199008e-04
-8.3801474739199008e-04
-8.3801474739198878e-04
-8.3801474739198965e-04
-8.3801474739198922e-04
-8.3801474739198943e-04
-8.3801474739198922e-04
-8.3801474739198922e-04
-8.3801474739198987e-04
-8.3801474739198943e-04
-8.3801474739198900e-04
-8.3801474739198922e-04
-8.3801474739198867e-04
-8.3801474739198835e-04
-8.3801474739198900e-04
-8.3801474739198867e-04
-8.3801474739198802e-04
-8.3801474739198900e-04
-7.8557636233054324e-04
-7.8557636233054172e-04
-7.8557636233054216e-04
-7.8557636233054411e-04
-7.8557636233054476e-04
-7.8557636233054400e-04
-7.8557636233054595e-04
-7.8557636233054498e-04
-7.8557636233054498e-04
-7.8557636233054476e-04
-7.8557636233054357e-04
-7.8557636233054248e-04
-7.8557636233054335e-04
-7.8557636233054237e-04
-7.8557636233054259e-04
-7.8557636233054292e-04
-7.8557636233054303e-04
-7.8557636233054357e-04
-7.8557636233054346e-04
-7.8557636233054324e-04
-7.8557636233054151e-04
-7.8557636233054227e-04
-7.8557636233054118e-04
-7.8557636233054042e-04
-7.8557636233054281e-04
-7.8557636233054129e-04
-7.8557636233054064e-04
-7.8557636233054064e-04
-7.8557636233054140e-04
-7.8557636233054194e-04
-7.8557636233054194e-04
-7.8557636233054086e-04
-7.8557636233054064e-04
-7.8557636233054118e-04
-7.8557636233054140e-04
-7.8557636233054259e-04
-7.8557636233054389e-04
-7.8557636233054303e-04
-7.8557636233054281e-04
-7.8557636233054324e-04
-7.3904018546965878e-04
-7.3904018546965965e-04
-7.3904018546966030e-04
-7.3904018546966008e-04
-7.3904018546965921e-04
-7.3904018546965900e-04
-7.3904018546965911e-04
-7.3904018546965878e-04
-7.3904018546965759e-04
-7.3904018546965889e-04
-7.3904018546965943e-04
