0.0000000000000000e+00
9.7550506852659154e-05
1.9512195121856001e-04
2.9268387632737592e-04
3.9023628403510964e-04
4.8777917619923671e-04
5.8536585365708091e-04
6.8294300888587216e-04
7.8051064374176464e-04
8.7806876008274292e-04
9.7561735976587250e-04
8.7804878025994962e-04
7.8047068019636626e-04
6.8292682927409984e-04
5.8537346262036891e-04
4.8780487805303875e-04
3.9024390244052961e-04
2.9267340775610185e-04
1.9512195121932887e-04
9.7560977467829612e-05
8.5344725768396926e-16
-9.7570496538192767e-05
-1.9512195121869594e-04
-2.9268292311315010e-04
-3.9025341408034100e-04
-4.8783342597612147e-04
-5.8542296066083717e-04
-6.8292682927301087e-04
-7.8044020581602316e-04
-8.7796309214586640e-04
-9.7560975610472864e-04
-8.7804878071971791e-04
-7.8049732254932720e-04
-6.8295537973803654e-04
-5.8542295043001187e-04
-4.8780487806228498e-04
-3.9024390244708209e-04
-2.9269244404800344e-04
-1.9512195122632785e-04
-9.7560977476870788e-05
-5.9081706974381937e-15
9.7551460248742453e-05
1.9512195121244597e-04
2.9268292310342080e-04
3.9023437778112847e-04
4.8777631710003160e-04
5.8530874291746527e-04
6.8292682925396794e-04
7.8053538722995834e-04
8.7813441870589009e-04
9.7572392554076280e-04
8.7811024395139260e-04
7.8054926857219840e-04
6.8297877411965888e-04
5.8539875873657855e-04
4.8786634173829239e-04
3.9032441123999122e-04
2.9277296538452542e-04
1.9518341491105102e-04
9.7622439300728371e-05
6.1463692487704731e-08
-9.7509030988939013e-05
-1.9506048752766724e-04
-2.9262146128146687e-04
-3.9019195410747002e-04
-4.8777196786328823e-04
-5.8536150440813848e-04
-6.8286536558257913e-04
-7.8037873468685094e-04
-8.7790161357613917e-04
-9.7554829241447969e-04
-8.7799146779017753e-04
-7.8044415957106224e-04
-6.8290636590122148e-04
-5.8537808492463970e-04
-4.8774756513629319e-04
-3.9018658951935005e-04
-2.9263513111774846e-04
-1.9506463829720996e-04
-9.7503664548959174e-05
5.7312923369647981e-08
9.7608773179140644e-05
1.9517926414201335e-04
2.9274023603284181e-04
3.9029169070783801e-04
4.8783363002628154e-04
5.8536605584179953e-04
6.8298414218423051e-04
7.8059270016637462e-04
8.7819173164716186e-04
9.7578123848617731e-04
8.7816091926960283e-04
7.8059994388900915e-04
6.8302944943582995e-04
5.8544943405227268e-04
4.8791701705596014e-04
3.9037508655988967e-04
2.9282364070674867e-04
1.9523409022762867e-04
9.7673114616626138e-05
1.1213900801785945e-07
-9.7458355674163476e-05
-1.9500981221210571e-04
-2.9257078596552446e-04
-3.9014127879139897e-04
-4.8772129254698239e-04
-5.8531082909076362e-04
-6.8281469026636047e-04
-7.8032805937234715e-04
-8.7785093826305569e-04
-9.7549761709923855e-04
-8.7794402777706447e-04
-7.8039995422875979e-04
-6.8286539459867421e-04
-5.8534034703115528e-04
-4.8770012512734228e-04
-3.9013914950757983e-04
-2.9258769110473661e-04
-1.9501719828444826e-04
-9.7456224536605831e-05
1.0475293553124144e-07
9.7656213191830646e-05
1.9522670415415708e-04
2.9278767604392914e-04
3.9033913071963110e-04
4.8788107003822946e-04
5.8541349585339254e-04
6.8303158219678423e-04
7.8064014017895447e-04
8.7823917166038779e-04
9.7560513985998822e-04
8.7815353319472557e-04
7.8069242878785455e-04
6.8303158216209215e-04
5.8536119696313174e-04
4.8790963092355284e-04
3.9034865536245386e-04
2.9277816072885226e-04
1.9522670415406484e-04
9.7665730363633485e-05
1.0475293495435273e-07
-9.7465743566725976e-05
-1.9501719828491965e-04
-2.9257817021796520e-04
-3.9014866122340393e-04
-4.8772867315792121e-04
-5.8531820788033039e-04
-6.8282207633888565e-04
-7.8033545272931373e-04
-8.7785833890528808e-04
-9.7550500317000115e-04
-8.7795058250881967e-04
-7.8040567778507066e-04
-6.8287028714125318e-04
-5.8534440872218729e-04
-4.8770667985851461e-04
-3.9014570424014325e-04
-2.9259424583715117e-04
-1.9502375301711061e-04
-9.7462779269602416e-05
9.8198202840162539e-08
9.7649658459744601e-05
1.9522014942238120e-04
2.9278112131327837e-04
3.9033257598936955e-04
4.8787451530637104e-04
5.8540694112196141e-04
6.8302502746623390e-04
7.8063358544966073e-04
8.7823261693184020e-04
9.7560251814458486e-04
8.7814697846348158e-04
7.8068194027341900e-04
6.8302502743372963e-04
5.8535857678921211e-04
4.8790307619588622e-04
3.9034210063209799e-04
2.9277160599506234e-04
1.9522014942280908e-04
9.7659175635338109e-05
9.8198203964191618e-08
-9.7472298299962034e-05
-1.9502375301566231e-04
-2.9258472494630939e-04
-3.9015521594831483e-04
-4.8773522788005737e-04
-5.8532476260019233e-04
-6.8282863107031180e-04
-7.8034200747298832e-04
-8.7786489366084401e-04
-9.7551155790343339e-04
-8.7795639947679414e-04
-7.8041075713017566e-04
-6.8287462900854293e-04
-5.8534801325496838e-04
-4.8771249682489314e-04
-3.9015152120653728e-04
-2.9260006280367595e-04
-1.9502956998372311e-04
-9.7468596235536498e-05
9.2381237095043500e-08
