0.0000000000000000e+00
-2.9267007792145174e-05
-5.8536585366243674e-05
-8.7807019671597340e-05
-1.1707831076137595e-04
-1.4635045868528952e-04
-1.7560975609625252e-04
-2.0486990963843794e-04
-2.3413091936242097e-04
-2.6339278531782329e-04
-2.9265550755584437e-04
-2.6341463402725426e-04
-2.3417461550296654e-04
-2.0487804877707000e-04
-1.7558234031472044e-04
-1.4634146341352205e-04
-1.1707317073114635e-04
-8.7805734656038115e-05
-5.8536585364739912e-05
-2.9268292731376880e-05
1.0172818439351032e-15
2.9267436125443891e-05
5.8536585367822841e-05
8.7804877952609106e-05
1.1707231392835479e-04
1.4633889334673514e-04
1.7560461625765696e-04
2.0487804878648939e-04
2.3415062440696973e-04
2.6342234316759506e-04
2.9268292683678527e-04
2.6341463427029043e-04
2.3414548504600656e-04
2.0487547911280190e-04
1.7560461642165617e-04
1.4634146342640259e-04
1.1707317074019571e-04
8.7804021395383866e-05
5.8536585372665119e-05
2.9268292742727888e-05
7.7641451031405450e-15
-2.9269149386165595e-05
-5.8536585358216017e-05
-8.7804877937516660e-05
-1.1707402717531787e-04
-1.4634403312038493e-04
-1.7561489582415091e-04
-2.0487804876844807e-04
-2.3414205807020171e-04
-2.6340692377853017e-04
-2.9267264594451061e-04
-2.6344536587002721e-04
-2.3417707330127563e-04
-2.0490963734197645e-04
-1.7564305793991359e-04
-1.4637219525599798e-04
-1.1710218932982447e-04
-8.7833040112117374e-05
-5.8567317207954392e-05
-2.9299024524363292e-05
-3.0731841241890348e-08
2.9236704232046629e-05
5.8505853524297799e-05
8.7774146158139265e-05
1.1704158218401711e-04
1.4630816165249697e-04
1.7557388461284570e-04
2.0484731694121288e-04
2.3411989236067317e-04
2.6339161092101199e-04
2.9265219499190442e-04
2.6338597780517232e-04
2.3411890408243910e-04
2.0485097377340834e-04
1.7558218682731105e-04
1.4631280696059595e-04
1.1704451427302554e-04
8.7775364927728287e-05
5.8507928906585610e-05
2.9239636276296966e-05
-2.8656460086384377e-08
-2.9297805854702732e-05
-5.8565241825571604e-05
-8.7833534403770148e-05
-1.1710268363985987e-04
-1.4637268958533396e-04
-1.7564355228929374e-04
-2.0490670523656818e-04
-2.3417071454012237e-04
-2.6343558025288059e-04
-2.9270130242158742e-04
-2.6347070353007428e-04
-2.3420241096239606e-04
-2.0493497500289720e-04
-1.7566839560106371e-04
-1.4639753291763121e-04
-1.1712752699402816e-04
-8.7858377777576811e-05
-5.8592654871028333e-05
-2.9324362188569788e-05
-5.6069506345455340e-08
2.9211366566827333e-05
5.8480515859145679e-05
8.7748808492441182e-05
1.1701624451848092e-04
1.4628282398612273e-04
1.7554854694600146e-04
2.0482197927636724e-04
2.3409455469879556e-04
2.6336627326212301e-04
2.9262685732711386e-04
2.6336225779136757e-04
2.3409680181413011e-04
2.0483048934492911e-04
1.7556332033372368e-04
1.4628908694836880e-04
1.1702079426162003e-04
8.7751644916262816e-05
5.8484208894364816e-05
2.9215916264427745e-05
-5.2376472159286978e-08
-2.9321525867511021e-05
-5.8588961837977966e-05
-8.7857254416632451e-05
-1.1712640365335994e-04
-1.4639640959723934e-04
-1.7566727230069876e-04
-2.0493042524795152e-04
-2.3419443455222275e-04
-2.6345930026409697e-04
-2.9268061872312273e-04
-2.6346701049801953e-04
-2.3425425568418117e-04
-2.0493042525576507e-04
-1.7560745468932936e-04
-1.4639383988744410e-04
-1.1712554720451498e-04
-8.7858111129211991e-05
-5.8588961837763233e-05
-2.9320669204140233e-05
-5.2376471733125472e-08
2.9215059652423291e-05
5.8484208894366185e-05
8.7752501478264048e-05
1.1701993745357505e-04
1.4628651687186324e-04
1.7555223978228516e-04
2.0482567231293336e-04
2.3409824793488423e-04
2.6336996669846114e-04
2.9263055036452646e-04
2.6336553515965753e-04
2.3409966348750030e-04
2.0483293529997349e-04
1.7556535054591893e-04
1.4629236431465298e-04
1.1702407162700552e-04
8.7754922282756284e-05
5.8487486261279124e-05
2.9219193631036422e-05
-4.9099105112654196e-08
-2.9318248499023997e-05
-5.8585684470283568e-05
-8.7853977049447222e-05
-1.1712312628682098e-04
-1.4639313223232506e-04
-1.7566399493662322e-04
-2.0492714788161392e-04
-2.3419115718361630e-04
-2.6345602289360332e-04
-2.9267930786479313e-04
-2.6346373313197361e-04
-2.3424901192477637e-04
-2.0492714788897064e-04
-1.7560614360019301e-04
-1.4639056252035239e-04
-1.1712226983789580e-04
-8.7854833762959176e-05
-5.8585684470780655e-05
-2.9317391837128808e-05
-4.9099105396983126e-08
2.9218337018630743e-05
5.8487486260672404e-05
8.7755778844473956e-05
1.1702321482113177e-04
1.4628979424010201e-04
1.7555551715066703e-04
2.0482894968033226e-04
2.3410152530120722e-04
2.6337324406372693e-04
2.9263382773158330e-04
2.6336844364406852e-04
2.3410220306888633e-04
2.0483510595552132e-04
1.7556715225319294e-04
1.4629527279900366e-04
1.1702698011230006e-04
8.7757830768136352e-05
5.8490394745907258e-05
2.9222102115575018e-05
-4.6190620775979891e-08
