0.0000000000000000e+00
-2.9267007792651997e-05
-5.8536585366187566e-05
-8.7807019672162223e-05
-1.1707831076223316e-04
-1.4635045868586049e-04
-1.7560975609587850e-04
-2.0486990963801755e-04
-2.3413091936110757e-04
-2.6339278531613232e-04
-2.9265550755369228e-04
-2.6341463402718460e-04
-2.3417461550475518e-04
-2.0487804877667305e-04
-1.7558234031320966e-04
-1.4634146341385181e-04
-1.1707317073038416e-04
-8.7805734654910328e-05
-5.8536585364434730e-05
-2.9268292731908793e-05
3.9725705617831153e-16
2.9267436125850928e-05
5.8536585367053600e-05
8.7804877949772806e-05
1.1707231392467002e-04
1.4633889334276812e-04
1.7560461625250936e-04
2.0487804878535133e-04
2.3415062440965115e-04
2.6342234317468910e-04
2.9268292683584093e-04
2.6341463426915348e-04
2.3414548504484948e-04
2.0487547911172897e-04
1.7560461642058793e-04
1.4634146342430560e-04
1.1707317073800210e-04
8.7804021393936727e-05
5.8536585371660822e-05
2.9268292740546374e-05
5.0117140726596323e-15
-2.9269149389169123e-05
-5.8536585360967878e-05
-8.7804877939618833e-05
-1.1707402717664029e-04
-1.4634403312207601e-04
-1.7561489582561257e-04
-2.0487804877119964e-04
-2.3414205807530114e-04
-2.6340692378578755e-04
-2.9267264595339229e-04
-2.6344536587257059e-04
-2.3417707330441055e-04
-2.0490963734426124e-04
-1.7564305794211729e-04
-1.4637219525862741e-04
-1.1710218933333188e-04
-8.7833040116189149e-05
-5.8567317211406973e-05
-2.9299024528514252e-05
-3.0731845592880083e-08
2.9236704228853362e-05
5.8505853520220345e-05
8.7774146154214724e-05
1.1704158217943647e-04
1.4630816164713537e-04
1.7557388460736741e-04
2.0484731693791580e-04
2.3411989235994440e-04
2.6339161092329912e-04
2.9265219498878615e-04
2.6338597780195972e-04
2.3411890407872967e-04
2.0485097376920494e-04
1.7558218682257130e-04
1.4631280695704351e-04
1.1704451427047064e-04
8.7775364925792376e-05
5.8507928903484650e-05
2.9239636273608795e-05
-2.8656462650552485e-08
-2.9297805856256560e-05
-5.8565241828382534e-05
-8.7833534407650427e-05
-1.1710268364565605e-04
-1.4637268959131472e-04
-1.7564355229610451e-04
-2.0490670523832163e-04
-2.3417071453767256e-04
-2.6343558024531736e-04
-2.9270130240922242e-04
-2.6347070353209876e-04
-2.3420241096387524e-04
-2.0493497500419315e-04
-1.7566839560222979e-04
-1.4639753291875235e-04
-1.1712752699388206e-04
-8.7858377777110970e-05
-5.8592654871870596e-05
-2.9324362188808888e-05
-5.6069506405560295e-08
2.9211366567391637e-05
5.8480515859933596e-05
8.7748808494408535e-05
1.1701624452036981e-04
1.4628282398895513e-04
1.7554854695027742e-04
2.0482197927978017e-04
2.3409455470032345e-04
2.6336627326269558e-04
2.9262685733033735e-04
2.6336225779401704e-04
2.3409680181688274e-04
2.0483048934746915e-04
1.7556332033614723e-04
1.4628908695096275e-04
1.1702079426361998e-04
8.7751644918889960e-05
5.8484208896026844e-05
2.9215916265942711e-05
-5.2376469517145510e-08
-2.9321525863301732e-05
-5.8588961835495041e-05
-8.7857254415944444e-05
-1.1712640365481945e-04
-1.4639640960085803e-04
-1.7566727230577161e-04
-2.0493042524661844e-04
-2.3419443454414962e-04
-2.6345930024911817e-04
-2.9268061872180954e-04
-2.6346701049714198e-04
-2.3425425568277854e-04
-2.0493042525446920e-04
-1.7560745468812958e-04
-1.4639383988561126e-04
-1.1712554720244769e-04
-8.7858111127831355e-05
-5.8588961835271086e-05
-2.9320669200680083e-05
-5.2376470291248093e-08
2.9215059652503664e-05
5.8484208895492271e-05
8.7752501480978159e-05
1.1701993745845171e-04
1.4628651687780163e-04
1.7555223978966511e-04
2.0482567231420320e-04
2.3409824792990712e-04
2.6336996668755553e-04
2.9263055036497473e-04
2.6336553516095060e-04
2.3409966349035303e-04
2.0483293530366466e-04
1.7556535055068015e-04
1.4629236431640285e-04
1.1702407162964374e-04
8.7754922284581999e-05
5.8487486262673598e-05
2.9219193632764803e-05
-4.9099103800226269e-08
-2.9318248498322379e-05
-5.8585684468392340e-05
-8.7853977047151939e-05
-1.1712312628383668e-04
-1.4639313222846893e-04
-1.7566399493158244e-04
-2.0492714787944638e-04
-2.3419115718486470e-04
-2.6345602289843312e-04
-2.9267930786296045e-04
-2.6346373313080674e-04
-2.3424901192369631e-04
-2.0492714788790525e-04
-1.7560614359853391e-04
-1.4639056251956808e-04
-1.1712226983657685e-04
-8.7854833761088575e-05
-5.8585684468656581e-05
-2.9317391835313244e-05
-4.9099103903407607e-08
2.9218337019694653e-05
5.8487486262426982e-05
8.7755778847096032e-05
1.1702321482467337e-04
1.4628979424441443e-04
1.7555551715630919e-04
2.0482894968143169e-04
2.3410152529780202e-04
2.6337324405488130e-04
2.9263382773233888e-04
2.6336844364464607e-04
2.3410220306926499e-04
2.0483510595575242e-04
1.7556715225452242e-04
1.4629527280030487e-04
1.1702698011367213e-04
8.7757830768363736e-05
5.8490394746077613e-05
2.9222102116450779e-05
-4.6190620240855491e-08
