0.0000000000000000e+00
0.0000000000000000e+00
0.0000000000000000e+00
0.0000000000000000e+00
0.0000000000000000e+00
0.0000000000000000e+00
0.0000000000000000e+00
0.0000000000000000e+00
0.0000000000000000e+00
0.0000000000000000e+00
0.0000000000000000e+00
0.0000000000000000e+00
0.0000000000000000e+00
0.0000000000000000e+00
0.0000000000000000e+00
0.0000000000000000e+00
0.0000000000000000e+00
0.0000000000000000e+00
0.0000000000000000e+00
0.0000000000000000e+00
0.0000000000000000e+00
0.0000000000000000e+00
0.0000000000000000e+00
0.0000000000000000e+00
0.0000000000000000e+00
0.0000000000000000e+00
0.0000000000000000e+00
0.0000000000000000e+00
0.0000000000000000e+00
0.0000000000000000e+00
8.9111019134728612e-15
8.9111019134728612e-15
8.9111019134728612e-15
8.9111019134728612e-15
8.9111019134728612e-15
8.9111019134728612e-15
8.9111019134728612e-15
8.9111019134728612e-15
8.9111019134728612e-15
8.9111019134728612e-15
8.9111019134728612e-15
8.9111019134728612e-15
8.9111019134728612e-15
8.9111019134728612e-15
8.9111019134728612e-15
8.9111019134728612e-15
8.9111019134728612e-15
8.9111019134728612e-15
8.9111019134728612e-15
8.9111019134728612e-15
6.1463705287495584e-08
6.1463705287495584e-08
6.1463705287495584e-08
6.1463705287495584e-08
6.1463705287495584e-08
6.1463705287495584e-08
6.1463705287495584e-08
6.1463705287495584e-08
6.1463705287495584e-08
6.1463705287495584e-08
6.1463705287495584e-08
6.1463705287495584e-08
6.1463705287495584e-08
6.1463705287495584e-08
6.1463705287495584e-08
6.1463705287495584e-08
6.1463705287495584e-08
6.1463705287495584e-08
6.1463705287495584e-08
6.1463705287495584e-08
6.5614472761489647e-08
6.5614472761489647e-08
6.5614472761489647e-08
6.5614472761489647e-08
6.5614472761489647e-08
6.5614472761489647e-08
6.5614472761489647e-08
6.5614472761489647e-08
6.5614472761489647e-08
6.5614472761489647e-08
6.5614472761489647e-08
6.5614472761489647e-08
6.5614472761489647e-08
6.5614472761489647e-08
6.5614472761489647e-08
6.5614472761489647e-08
6.5614472761489647e-08
6.5614472761489647e-08
6.5614472761489647e-08
6.5614472761489647e-08
1.2044056388807396e-07
1.2044056388807396e-07
1.2044056388807396e-07
1.2044056388807396e-07
1.2044056388807396e-07
1.2044056388807396e-07
1.2044056388807396e-07
1.2044056388807396e-07
1.2044056388807396e-07
1.2044056388807396e-07
1.2044056388807396e-07
1.2044056388807396e-07
1.2044056388807396e-07
1.2044056388807396e-07
1.2044056388807396e-07
1.2044056388807396e-07
1.2044056388807396e-07
1.2044056388807396e-07
1.2044056388807396e-07
1.2044056388807396e-07
1.2782663783703995e-07
1.2782663783703995e-07
1.2782663783703995e-07
1.2782663783703995e-07
1.2782663783703995e-07
1.2782663783703995e-07
1.2782663783703995e-07
1.2782663783703995e-07
1.2782663783703995e-07
1.2782663783703995e-07
1.2782663783703995e-07
1.2782663783703995e-07
1.2782663783703995e-07
1.2782663783703995e-07
1.2782663783703995e-07
1.2782663783703995e-07
1.2782663783703995e-07
1.2782663783703995e-07
1.2782663783703995e-07
1.2782663783703995e-07
1.2782663783703995e-07
1.2782663783703995e-07
1.2782663783703995e-07
1.2782663783703995e-07
1.2782663783703995e-07
1.2782663783703995e-07
1.2782663783703995e-07
1.2782663783703995e-07
1.2782663783703995e-07
1.2782663783703995e-07
1.2782663783703995e-07
1.2782663783703995e-07
1.2782663783703995e-07
1.2782663783703995e-07
1.2782663783703995e-07
1.2782663783703995e-07
1.2782663783703995e-07
1.2782663783703995e-07
1.2782663783703995e-07
1.2782663783703995e-07
1.3438137160416807e-07
1.3438137160416807e-07
1.3438137160416807e-07
1.3438137160416807e-07
1.3438137160416807e-07
1.3438137160416807e-07
1.3438137160416807e-07
1.3438137160416807e-07
1.3438137160416807e-07
1.3438137160416807e-07
1.3438137160416807e-07
1.3438137160416807e-07
1.3438137160416807e-07
1.3438137160416807e-07
1.3438137160416807e-07
1.3438137160416807e-07
1.3438137160416807e-07
1.3438137160416807e-07
1.3438137160416807e-07
1.3438137160416807e-07
1.3438137160416807e-07
1.3438137160416807e-07
1.3438137160416807e-07
1.3438137160416807e-07
1.3438137160416807e-07
1.3438137160416807e-07
1.3438137160416807e-07
1.3438137160416807e-07
1.3438137160416807e-07
1.3438137160416807e-07
1.3438137160416807e-07
1.3438137160416807e-07
1.3438137160416807e-07
1.3438137160416807e-07
1.3438137160416807e-07
1.3438137160416807e-07
1.3438137160416807e-07
1.3438137160416807e-07
1.3438137160416807e-07
1.3438137160416807e-07
1.4019833997461242e-07
1.4019833997461242e-07
1.4019833997461242e-07
1.4019833997461242e-07
1.4019833997461242e-07
1.4019833997461242e-07
1.4019833997461242e-07
1.4019833997461242e-07
1.4019833997461242e-07
1.4019833997461242e-07
1.4019833997461242e-07
