1.9999999999999974e+02
1.9999999999999974e+02
1.9999999999999974e+02
1.9999999999999974e+02
1.9999999999999974e+02
1.9999999999999974e+02
1.9999999999999974e+02
1.9999999999999974e+02
1.9999999999999974e+02
1.9999999999999974e+02
1.9999999999999974e+02
1.9999999999999974e+02
1.9999999999999974e+02
1.9999999999999974e+02
1.9999999999999974e+02
1.9999999999999974e+02
1.9999999999999974e+02
1.9999999999999974e+02
1.9999999999999974e+02
1.9999999999999974e+02
1.9999999999999974e+02
1.9999999999999974e+02
1.9999999999999974e+02
1.9999999999999974e+02
1.9999999999999974e+02
1.9999999999999974e+02
1.9999999999999974e+02
1.9999999999999974e+02
1.9999999999999974e+02
1.9999999999999974e+02
2.0000000000005321e+02
2.0000000000005321e+02
2.0000000000005321e+02
2.0000000000005321e+02
2.0000000000005321e+02
2.0000000000005321e+02
2.0000000000005321e+02
2.0000000000005321e+02
2.0000000000005321e+02
2.0000000000005321e+02
2.0000000000005321e+02
2.0000000000005321e+02
2.0000000000005321e+02
2.0000000000005321e+02
2.0000000000005321e+02
2.0000000000005321e+02
2.0000000000005321e+02
2.0000000000005321e+02
2.0000000000005321e+02
2.0000000000005321e+02
2.0000036878155151e+02
2.0000036878155151e+02
2.0000036878155151e+02
2.0000036878155151e+02
2.0000036878155151e+02
2.0000036878155151e+02
2.0000036878155151e+02
2.0000036878155151e+02
2.0000036878155151e+02
2.0000036878155151e+02
2.0000036878155151e+02
2.0000036878155151e+02
2.0000036878155151e+02
2.0000036878155151e+02
2.0000036878155151e+02
2.0000036878155151e+02
2.0000036878155151e+02
2.0000036878155151e+02
2.0000036878155151e+02
2.0000036878155151e+02
2.0000039368606150e+02
2.0000039368606150e+02
2.0000039368606150e+02
2.0000039368606150e+02
2.0000039368606150e+02
2.0000039368606150e+02
2.0000039368606150e+02
2.0000039368606150e+02
2.0000039368606150e+02
2.0000039368606150e+02
2.0000039368606150e+02
2.0000039368606150e+02
2.0000039368606150e+02
2.0000039368606150e+02
2.0000039368606150e+02
2.0000039368606150e+02
2.0000039368606150e+02
2.0000039368606150e+02
2.0000039368606150e+02
2.0000039368606150e+02
2.0000072264077204e+02
2.0000072264077204e+02
2.0000072264077204e+02
2.0000072264077204e+02
2.0000072264077204e+02
2.0000072264077204e+02
2.0000072264077204e+02
2.0000072264077204e+02
2.0000072264077204e+02
2.0000072264077204e+02
2.0000072264077204e+02
2.0000072264077204e+02
2.0000072264077204e+02
2.0000072264077204e+02
2.0000072264077204e+02
2.0000072264077204e+02
2.0000072264077204e+02
2.0000072264077204e+02
2.0000072264077204e+02
2.0000072264077204e+02
2.0000076695688560e+02
2.0000076695688560e+02
2.0000076695688560e+02
2.0000076695688560e+02
2.0000076695688560e+02
2.0000076695688560e+02
2.0000076695688560e+02
2.0000076695688560e+02
2.0000076695688560e+02
2.0000076695688560e+02
2.0000076695688560e+02
2.0000076695688560e+02
2.0000076695688560e+02
2.0000076695688560e+02
2.0000076695688560e+02
2.0000076695688560e+02
2.0000076695688560e+02
2.0000076695688560e+02
2.0000076695688560e+02
2.0000076695688560e+02
2.0000076695688560e+02
2.0000076695688560e+02
2.0000076695688560e+02
2.0000076695688560e+02
2.0000076695688560e+02
2.0000076695688560e+02
2.0000076695688560e+02
2.0000076695688560e+02
2.0000076695688560e+02
2.0000076695688560e+02
2.0000076695688560e+02
2.0000076695688560e+02
2.0000076695688560e+02
2.0000076695688560e+02
2.0000076695688560e+02
2.0000076695688560e+02
2.0000076695688560e+02
2.0000076695688560e+02
2.0000076695688560e+02
2.0000076695688560e+02
2.0000080628497881e+02
2.0000080628497881e+02
2.0000080628497881e+02
2.0000080628497881e+02
2.0000080628497881e+02
2.0000080628497881e+02
2.0000080628497881e+02
2.0000080628497881e+02
2.0000080628497881e+02
2.0000080628497881e+02
2.0000080628497881e+02
2.0000080628497881e+02
2.0000080628497881e+02
2.0000080628497881e+02
2.0000080628497881e+02
2.0000080628497881e+02
2.0000080628497881e+02
2.0000080628497881e+02
2.0000080628497881e+02
2.0000080628497881e+02
2.0000080628497881e+02
2.0000080628497881e+02
2.0000080628497881e+02
2.0000080628497881e+02
2.0000080628497881e+02
2.0000080628497881e+02
2.0000080628497881e+02
2.0000080628497881e+02
2.0000080628497881e+02
2.0000080628497881e+02
2.0000080628497881e+02
2.0000080628497881e+02
2.0000080628497881e+02
2.0000080628497881e+02
2.0000080628497881e+02
2.0000080628497881e+02
2.0000080628497881e+02
2.0000080628497881e+02
2.0000080628497881e+02
2.0000080628497881e+02
2.0000084118650162e+02
2.0000084118650162e+02
2.0000084118650162e+02
2.0000084118650162e+02
2.0000084118650162e+02
2.0000084118650162e+02
2.0000084118650162e+02
2.0000084118650162e+02
2.0000084118650162e+02
2.0000084118650162e+02
2.0000084118650162e+02
