0.0000000000000000e+00
2.4995960985955939e+01
4.9999999999353271e+01
7.4999617634305551e+01
9.9994814868937269e+01
1.2498559268040400e+02
1.5000000000002342e+02
1.7500998461689841e+02
2.0001446660534091e+02
2.2499696854131079e+02
2.4999305857483370e+02
2.2499999960492187e+02
2.0000252242172169e+02
1.7500062604801730e+02
1.4999430950632959e+02
1.2500000000185901e+02
9.9999999999669939e+01
7.4995578776418654e+01
5.0000000000143771e+01
2.5000000981350233e+01
1.7283926931026325e-10
-2.4999999999699387e+01
-5.0004421220015928e+01
-7.5000000000081243e+01
-9.9999999022190508e+01
-1.2500441926482338e+02
-1.5001326170633737e+02
-1.7498543699346340e+02
-1.9999905167235184e+02
-2.2499621615151437e+02
-2.4999503415598954e+02
-2.2500000034401222e+02
-2.0000938407003878e+02
-1.7502318435707696e+02
-1.5000000001003997e+02
-1.2498124425203802e+02
-1.0000000001052788e+02
-7.5000000003667367e+01
-5.0004420239855136e+01
-2.5000000000336946e+01
-2.1460877557352859e-10
2.4999999999755040e+01
4.9995579756764577e+01
7.4999999999620343e+01
9.9999999021834043e+01
1.2499557780139317e+02
1.4998673731595753e+02
1.7497347854261250e+02
1.9999700977131394e+02
2.2499752878164929e+02
2.4999319201254514e+02
2.2499999964879726e+02
2.0000238903298828e+02
1.7500035918796948e+02
1.4999390913677732e+02
1.2500000000141389e+02
9.9999999999032966e+01
7.4995578775884141e+01
4.9999999999415245e+01
2.5000000980568359e+01
-3.9126364361919656e-10
-2.5000000000350802e+01
-5.0004421221037994e+01
-7.5000000000211585e+01
-9.9999999022397702e+01
-1.2500441926496464e+02
-1.5001326170612504e+02
-1.7502652732474314e+02
-2.0000000000230844e+02
-2.2499991906943598e+02
-2.4999957594762537e+02
-2.2500000032079123e+02
-2.0000484470665035e+02
-1.7501410812780432e+02
-1.5000000000122125e+02
-1.2499031551060416e+02
-9.9985053678079481e+01
-7.5000000000659014e+01
-5.0000000000665750e+01
-2.4999999999771394e+01
2.9106190693619147e-10
2.5000000000452872e+01
4.9995579757738064e+01
7.5000000000165471e+01
9.9999999022314199e+01
1.2499557780207972e+02
1.4998673731672486e+02
1.7497347854311437e+02
1.9999999999885182e+02
2.2499989012396412e+02
2.4999606255345458e+02
2.2499999966630750e+02
1.9999951727896374e+02
1.7499461441390883e+02
1.4998529009305690e+02
1.2500000000339426e+02
1.0000000000163593e+02
7.4995578779511106e+01
5.0000000001284086e+01
2.5000000980436578e+01
1.5818417198413089e-09
-2.4999999998890424e+01
-5.0004421219705264e+01
-7.4999999999153488e+01
-9.9999999021175981e+01
-1.2500441926381498e+02
-1.5001326170502216e+02
-1.7502652732336446e+02
-2.0000000000114071e+02
-2.2497788803317977e+02
-2.4999906132092036e+02
-2.2500000023992177e+02
-2.0000535889618658e+02
-1.7501513631248065e+02
-1.5000000000045617e+02
-1.2498928787603765e+02
-9.9982998960319620e+01
-7.5000000000525716e+01
-5.0000000000198007e+01
-2.4999999998795541e+01
1.1279585429728114e-09
2.5000000000983359e+01
4.9995579758242769e+01
7.5000000000785903e+01
9.9999999022814904e+01
1.2499557780222786e+02
1.4998673731673370e+02
1.7497347854278161e+02
1.9999999999880686e+02
2.2502209534459803e+02
2.4999958858851073e+02
2.2499999979072948e+02
1.9999598995259268e+02
1.7498755809688737e+02
1.5000000000027350e+02
1.2500802325561301e+02
1.0001162688570039e+02
7.5000000000423327e+01
5.0000000000266098e+01
2.5000000000361879e+01
3.6400086994623112e-10
-2.4999999999562043e+01
-5.0004421220339324e+01
-7.4999999999911495e+01
-9.9999999021783168e+01
-1.2500441926418716e+02
-1.5001326170529009e+02
-1.7502652732319160e+02
-2.0000000000091191e+02
-2.2497788803293318e+02
-2.4999989972472702e+02
-2.2500000017808526e+02
-2.0000452082033897e+02
-1.7501346067427363e+02
-1.5000000000086999e+02
-1.2499096261064258e+02
-9.9986347525351562e+01
-7.5000000000541263e+01
-5.0000000000421750e+01
-2.5000000000032493e+01
-2.9961325933127680e-10
2.4999999999917648e+01
4.9995579757127466e+01
7.4999999999653156e+01
9.9999999021651803e+01
1.2499557780127476e+02
1.4998673731582161e+02
1.7497347854217037e+02
1.9999999999767613e+02
2.2502209534308039e+02
2.4999995403388144e+02
2.2499999982997005e+02
1.9999562442575836e+02
1.7498682684263076e+02
1.4999999999878835e+02
1.2500875482808594e+02
1.0001309035345818e+02
7.4999999999435133e+01
4.9999999999327493e+01
2.4999999999417639e+01
-7.1366013670462204e-10
-2.5000000000831029e+01
-5.0004421221304796e+01
-7.5000000000952468e+01
-9.9999999022868479e+01
-1.2500441926550366e+02
-1.5001326170685283e+02
-1.7502652732499797e+02
-2.0000000000244944e+02
-2.2497788803389341e+02
-2.4999998820250943e+02
-2.2500000015488007e+02
-2.0000443234346139e+02
-1.7501328379111851e+02
-1.5000000000131524e+02
-1.2499113939999940e+02
-9.9986701008610680e+01
-7.5000000000584720e+01
-5.0000000000793278e+01
-2.5000000000519382e+01
-5.7694467709620649e-10
