0.0000000000000000e+00
-7.3158842767673433e-04
-2.6873111572393215e-10
-7.3199728803133648e-04
-2.9273807320863918e-03
-6.5859505203002891e-03
3.7607901277797229e-10
5.1222511939498956e-03
8.7810017112934270e-03
1.0976451964718340e-02
1.1708801504811149e-02
1.9952162589964040e-08
-1.3171819584942908e-02
1.9863791446564497e-09
1.1708051305254232e-02
7.9158043949329756e-10
3.8328147170791034e-10
-1.4635143524758150e-03
3.6160950042056825e-10
2.0047350556853206e-07
2.8759665032823058e-10
-1.4637142803635675e-03
6.4046690491597016e-10
4.0115077979393646e-07
-1.4627132329173090e-03
-4.3895417566079961e-03
-8.7802849820147379e-03
1.5908108988354257e-09
7.3179728386381111e-03
1.3173428468788696e-02
1.2469074897864021e-09
2.0560288299921224e-08
-1.4632746032859471e-03
-4.3896850213157104e-03
-8.7790105091647089e-03
1.9884453376650859e-09
1.3841989604220064e-09
-1.4633141224754073e-03
1.1250958001017857e-09
-1.9807466615040204e-07
1.4352703684680712e-09
-1.4631141434982091e-03
1.2702866951633769e-09
-3.9760608913517277e-07
-1.4641111246972156e-03
-4.3909393142417619e-03
-8.7806825294549883e-03
2.1231231766296978e-09
7.3161723903087169e-03
1.3168028962515657e-02
2.2401947766216745e-02
2.0650927303341028e-08
2.8622110125310059e-09
-1.4635300774286230e-03
-4.3907774659301332e-03
9.9390035886675946e-10
2.9278647369149679e-03
4.3926137751104889e-03
7.6977529876606816e-10
8.9259428339212713e-10
1.0899775214509667e-09
-1.4635138659184468e-03
9.3892870085210251e-10
2.0114178672039046e-07
-1.4631133380199489e-03
-4.3901421597129708e-03
-8.7810856443540294e-03
1.2777963618573056e-09
7.3187728565349388e-03
1.3175029265828458e-02
-3.2727037338005555e-04
2.0197746228589227e-08
-1.1358599799890818e-03
-3.7347112620504325e-03
-7.7963342172618849e-03
1.1513912372414832e-09
3.3767814378969841e-10
-1.4633150573917526e-03
4.2687413573950599e-10
-1.9890482728327254e-07
3.6489610839392130e-10
-1.4631152371029231e-03
3.5777547421711360e-10
-3.9830715783429398e-07
-1.4641118225109278e-03
-4.3909401943215019e-03
-8.7806838389809794e-03
1.1130357697395801e-09
7.3161721265405794e-03
1.3168028397507730e-02
2.1878597724795515e-02
2.0905523770512016e-08
2.6608493978477164e-09
-1.4635303547980878e-03
-4.3907778514701689e-03
6.6818245902577383e-10
2.9278639368141642e-03
4.3926128642846150e-03
-7.6255281372385377e-11
-3.2125598787608139e-10
-4.0742139622772565e-10
-1.4635156185126127e-03
-5.3400361096166588e-10
1.9962113692071147e-07
-1.4631147196052996e-03
-4.3901436553068149e-03
-8.7810870339791996e-03
2.0776961091576521e-10
7.3187722525557743e-03
1.3175029196711385e-02
-5.8236299927085487e-04
1.8607784222955911e-08
-8.8065851887717504e-04
-3.2241948458617059e-03
-7.0303908846220892e-03
-3.6569762407544421e-10
-6.7215250319599280e-10
-1.4633159454091110e-03
-7.7102372252515806e-10
-2.0007623024544745e-07
-8.5024441701635053e-10
-1.4631165718645002e-03
-9.7742981947660729e-10
-4.0006374045832864e-07
-1.4641136986129483e-03
-4.3909416504801504e-03
-8.7806852179732209e-03
-3.0723266472779767e-11
7.3161709947871774e-03
1.3168027935934206e-02
8.6233343253128286e-03
1.9293547393306258e-08
-1.0083027167433119e-02
-7.2878650962301753e-09
8.6159088336812805e-03
-8.4683428563654239e-09
-2.6790222058292026e-09
-1.4635114152367339e-03
-9.0144566341254522e-10
1.9500057774951300e-07
-8.6825256643886705e-10
-1.4637114179230611e-03
-8.0005640552283464e-10
3.9519534141591873e-07
-1.4627235262645107e-03
-4.3895565769108023e-03
-8.7803041196337639e-03
1.3150130946433415e-10
7.3179887861993271e-03
1.3173462524975076e-02
-5.1681462424548700e-04
1.9494726492190893e-08
-9.4623467464202010e-04
-3.3553765634435151e-03
-7.2272067927858846e-03
3.4553169429000604e-11
-6.5985877145138065e-10
-1.4633157767591043e-03
-4.1597515463007084e-10
-1.9988971029982434e-07
-6.6374775857812539e-10
-1.4631160189099417e-03
-3.5475725714487648e-10
-3.9923054506404350e-07
-1.4641127390420010e-03
-4.3909411608283070e-03
-8.7806847400673585e-03
3.9504699209267470e-10
7.3161712849045216e-03
1.3168027797321506e-02
8.3132314565359938e-03
1.9528795084727091e-08
-9.7730597402674764e-03
-6.5128696213249031e-09
8.3060792523493420e-03
-7.6217122946066067e-09
-2.2909403822047924e-09
-1.4635115171268685e-03
-4.9349445992460180e-10
1.9555527104257125e-07
-6.7381699058622775e-10
-1.4637114531260984e-03
-5.4651513535466096e-10
3.9562645909848931e-07
-1.4627223396437084e-03
-4.3895547853942786e-03
-8.7803019485027702e-03
7.2398428413318511e-10
7.3179877025179273e-03
1.3173459698491900e-02
-4.5864441988668995e-04
1.9541576475840827e-08
-1.0044297646347722e-03
-3.4717928390056258e-03
-7.4018698862087732e-03
1.3753918634761165e-12
-4.8548130333540395e-10
-1.4633156540978885e-03
-4.8138793871796565e-10
-1.9988758620197406e-07
-6.5266738430668980e-10
