0.0000000000000000e+00
-7.3158850759925823e-04
-2.5924460961563738e-10
-7.3199738104007901e-04
-2.9273808614569538e-03
-6.5859506118959819e-03
4.2610408452917480e-10
5.1222512582528726e-03
8.7810019099756522e-03
1.0976452224121773e-02
1.1708801832524193e-02
1.9966351426041036e-08
-1.3171819868980039e-02
2.0537309250108195e-09
1.1708051537573354e-02
7.4072373985511178e-10
4.6253516698102969e-10
-1.4635142068183092e-03
3.9106677409753280e-10
2.0039598268387662e-07
2.2041229959377176e-10
-1.4637141915937622e-03
5.4074843060602339e-10
4.0071897894319792e-07
-1.4627138022191635e-03
-4.3895423986220344e-03
-8.7802857582780069e-03
1.4333593655855441e-09
7.3179732743837980e-03
1.3173429607132265e-02
1.1507713368000745e-09
2.0468205644551876e-08
-1.4632747358349055e-03
-4.3896851242532396e-03
-8.7790105814396797e-03
1.7423318486407308e-09
1.1572981075317092e-09
-1.4633142329879706e-03
1.0896421119049197e-09
-1.9828520754840882e-07
1.0952833192046663e-09
-1.4631145079226761e-03
9.4692082977042683e-10
-3.9782359648073452e-07
-1.4641112171992778e-03
-4.3909394623384739e-03
-8.7806826393353396e-03
1.7980527991373307e-09
7.3161716996649195e-03
1.3168027940571109e-02
2.2401946484791848e-02
2.0373884261390874e-08
2.4632263745461538e-09
-1.4635303157619723e-03
-4.3907776859400264e-03
7.0700637743959686e-10
2.9278643046396369e-03
4.3926132589752424e-03
3.4891457026177870e-10
3.9785602484257645e-10
5.7169621685600004e-10
-1.4635142750132070e-03
4.3296566644133717e-10
2.0060714600678483e-07
-1.4631139013269044e-03
-4.3901429065037476e-03
-8.7810864231408735e-03
8.5924424090138997e-10
7.3187728756480292e-03
1.3175029810117681e-02
-3.2727068780946509e-04
1.9856966150418337e-08
-1.1358604357921418e-03
-3.7347117843083552e-03
-7.7963347697812043e-03
7.4814665773889162e-10
8.5356155296838635e-11
-1.4633152530744420e-03
8.7838665192726261e-11
-1.9914970336884631e-07
1.4865097783217600e-10
-1.4631153025174829e-03
7.2131821514463404e-11
-3.9876562793380664e-07
-1.4641125295701721e-03
-4.3909409349902947e-03
-8.7806847169358548e-03
1.0220668144012285e-09
7.3161726945711811e-03
1.3168029768397977e-02
2.1878599885012368e-02
2.0799351163183428e-08
2.6503755972098283e-09
-1.4635303476006659e-03
-4.3907778220187649e-03
7.1551551956784065e-10
2.9278641776743350e-03
4.3926131701876349e-03
4.2880797172029088e-11
-1.1484240518242110e-10
-2.0685865702075033e-10
-1.4635153781723314e-03
-2.5563755771266936e-10
2.0009404279397778e-07
-1.4631142339397542e-03
-4.3901430324519456e-03
-8.7810861954118937e-03
8.9226717188462739e-10
7.3187726290015933e-03
1.3175029446759173e-02
-5.8236234126963745e-04
1.9173185302484884e-08
-8.8065791835644836e-04
-3.2241943400409694e-03
-7.0303903314626378e-03
2.3004974847359423e-10
-1.4159333837639122e-10
-1.4633153768234116e-03
-3.2129507485338435e-10
-1.9967915936567026e-07
-2.1444305099146372e-10
-1.4631157310882768e-03
-3.9091726570437950e-10
-3.9975123307824291e-07
-1.4641137418269388e-03
-4.3909420256013354e-03
-8.7806858242521473e-03
3.7138654647087893e-10
7.3161724562445145e-03
1.3168030484587964e-02
8.6233347291010988e-03
1.9626909400666653e-08
-1.0083026750575888e-02
-6.8991075790132531e-09
8.6159092128748199e-03
-8.0199928563825870e-09
-2.1720319913539044e-09
-1.4635110327782790e-03
-3.5298845487789034e-10
1.9566474791175959e-07
-5.0076106123156058e-10
-1.4637112868630972e-03
-5.0541623794277111e-10
3.9574694108826189e-07
-1.4627227472291660e-03
-4.3895555371319447e-03
-8.7803028643349667e-03
4.3943012181021789e-10
7.3179880804708723e-03
1.3173460800885866e-02
-5.1681455089666606e-04
1.9639627734423308e-08
-9.4623425023203193e-04
-3.3553760359862216e-03
-7.2272061796318926e-03
1.7891568413986048e-10
-4.5757567689135126e-10
-1.4633156857245520e-03
-3.7674824109041221e-10
-1.9982523486873365e-07
-6.3531680432276507e-10
-1.4631160965521985e-03
-2.3929463479722265e-10
-3.9902727665911960e-07
-1.4641124523822394e-03
-4.3909407378720788e-03
-8.7806841200013478e-03
5.6325683282463683e-10
7.3161709005979871e-03
1.3168026853668933e-02
8.3132315658564580e-03
1.9528481894371613e-08
-9.7730597734554305e-03
-6.5360983614589013e-09
8.3060793281769709e-03
-7.7010318726076485e-09
-2.2513727587842924e-09
-1.4635113496280915e-03
-3.3235780942259954e-10
1.9568610529426672e-07
-6.1026128305074988e-10
-1.4637114279196848e-03
-3.9133217330116562e-10
3.9592106101446399e-07
-1.4627219266594574e-03
-4.3895542841133920e-03
-8.7803012373568884e-03
7.2815389930898222e-10
7.3179870042837172e-03
1.3173458110046228e-02
-4.5864444927172087e-04
1.9480958032317772e-08
-1.0044298561832092e-03
-3.4717929489789393e-03
-7.4018698837867661e-03
2.5996844959241420e-11
-4.7393435716600025e-10
-1.4633157957952810e-03
-6.2124689690693382e-10
-1.9992248640547239e-07
-7.3494521244674358e-10
