0.0000000000000000e+00
1.9998146540182191e+01
3.9999999999922942e+01
6.0000487446057640e+01
7.9999609179524143e+01
9.9997365501079059e+01
1.1999999999955511e+02
1.4000126792115080e+02
1.6000116956638527e+02
1.7999970523615849e+02
1.9999687523138758e+02
1.7999999994532982e+02
1.6000175816814175e+02
1.4000000000039205e+02
1.1999687661660900e+02
1.0000000000056932e+02
8.0000000000144695e+01
5.9998633995706342e+01
3.9999999999773927e+01
2.0000000300640725e+01
2.0825120410035438e-10
2.0001366304760289e+01
4.0000000000199648e+01
5.9999999398707430e+01
8.0001364801214322e+01
1.0000409650843085e+02
1.2000819482148810e+02
1.4000000000172818e+02
1.5999316938166214e+02
1.7998770326167102e+02
2.0000000000026716e+02
1.8000000005407588e+02
1.6000136581104746e+02
1.4000409697057353e+02
1.2000819323223953e+02
1.0000000000182742e+02
8.0000000000461512e+01
6.0001365702460447e+01
4.0000000000128075e+01
2.0000000301770058e+01
4.9398307168078500e-10
1.9998634598449048e+01
3.9999999999831886e+01
5.9999999397035751e+01
7.9998633091330731e+01
9.9995901382997758e+01
1.1999180457287159e+02
1.3999999999800755e+02
1.6000682791506986e+02
1.8001228862505775e+02
2.0000184390098403e+02
1.7999999994577848e+02
1.6000000000014111e+02
1.3999863405053063e+02
1.1999590179594372e+02
9.9999999999941920e+01
8.0002733102295991e+01
6.0004100802308422e+01
4.0000000000377604e+01
2.0000000000245720e+01
8.6016648385225288e-10
2.0001366003265773e+01
3.9999999999623135e+01
5.9999999699231466e+01
8.0001365402773800e+01
1.0000409741115067e+02
1.2000819602544463e+02
1.4000000000104532e+02
1.5999316817613686e+02
1.7998770085112011e+02
1.9999901818561915e+02
1.8000000005385328e+02
1.6000234751682257e+02
1.4000606027399635e+02
1.2001113802461890e+02
1.0000000000217067e+02
8.0000000000397634e+01
6.0001365701912071e+01
3.9999999999856584e+01
2.0000000301766590e+01
4.7237424761763950e-10
1.9998634599023511e+01
4.0000000000191385e+01
5.9999999397330846e+01
7.9998633091133641e+01
9.9995901382784297e+01
1.1999180457245480e+02
1.3999999999854344e+02
1.6000682791632747e+02
1.8001228862718747e+02
2.0000341395264576e+02
1.7999999994439588e+02
1.5999999999865190e+02
1.3999863404893901e+02
1.1999590179430763e+02
9.9999999998662261e+01
8.0002733101599716e+01
6.0004100802154113e+01
3.9999999999125336e+01
1.9999999998986993e+01
1.0127936692387001e-11
2.0001366004528847e+01
4.0000000000858137e+01
5.9999999700415422e+01
8.0001365404003877e+01
1.0000409741233304e+02
1.2000819602650006e+02
1.4000000000236329e+02
1.5999316817782832e+02
1.7998770085317955e+02
1.9999825291264349e+02
1.8000000005422874e+02
1.6000311270598573e+02
1.4000759056726537e+02
1.2001343333751888e+02
1.0000000000345156e+02
8.0000000001277698e+01
6.0001365702585161e+01
4.0000000000463864e+01
2.0000000302437801e+01
3.1714014225897970e-10
1.9998634598370320e+01
3.9999999999444185e+01
5.9999999396547103e+01
7.9998633090581308e+01
9.9995901382152994e+01
1.1999180457176210e+02
1.3999999999785538e+02
1.6000682791557762e+02
1.8001228862628921e+02
1.9997412998507397e+02
1.7999999994472520e+02
1.6002450675985853e+02
1.3999999999363837e+02
1.1997412466143930e+02
9.9999999990260108e+01
7.9999999997947583e+01
5.9998634001612672e+01
3.9999999999527020e+01
2.0000000294142712e+01
1.6318797467317598e-10
2.0001366298907570e+01
4.0000000000404555e+01
5.9999999405137999e+01
8.0001364813812700e+01
1.0000409652722489e+02
1.2000819484636037e+02
1.4000000000186461e+02
1.5999316935717189e+02
1.7998770321255151e+02
1.9999844955589188e+02
1.8000000005400307e+02
1.6000291608400465e+02
1.4000719734527044e+02
1.2001284353729231e+02
1.0000000000286960e+02
8.0000000000823817e+01
6.0001365702132858e+01
4.0000000000149562e+01
2.0000000302142148e+01
2.0826143841454989e-10
1.9998634598792574e+01
3.9999999999825079e+01
5.9999999396988997e+01
7.9998633090971339e+01
9.9995901382313761e+01
1.1999180457188518e+02
1.3999999999851011e+02
1.6000682791685671e+02
1.8001228862818621e+02
1.9997506029514301e+02
1.7999999994529512e+02
1.6002357634805895e+02
1.3999999999459999e+02
1.1997505517817879e+02
9.9999999991272929e+01
7.9999999998530811e+01
5.9998634001569300e+01
3.9999999999858893e+01
2.0000000294963396e+01
1.2255456467977132e-10
2.0001366298937199e+01
4.0000000000032713e+01
5.9999999404314487e+01
8.0001364812572817e+01
1.0000409652561086e+02
1.2000819484440962e+02
1.4000000000171883e+02
1.5999316935891386e+02
1.7998770321605622e+02
1.9999862406594539e+02
1.8000000005406983e+02
1.6000274159328666e+02
1.4000684838310798e+02
1.2001232012282314e+02
1.0000000000263739e+02
8.0000000000683144e+01
6.0001365701998068e+01
3.9999999999964658e+01
2.0000000301857618e+01
-7.3631699717377001e-11
