0.0000000000000000e+00
0.0000000000000000e+00
0.0000000000000000e+00
0.0000000000000000e+00
0.0000000000000000e+00
0.0000000000000000e+00
0.0000000000000000e+00
0.0000000000000000e+00
0.0000000000000000e+00
0.0000000000000000e+00
0.0000000000000000e+00
0.0000000000000000e+00
0.0000000000000000e+00
0.0000000000000000e+00
0.0000000000000000e+00
0.0000000000000000e+00
0.0000000000000000e+00
0.0000000000000000e+00
0.0000000000000000e+00
0.0000000000000000e+00
0.0000000000000000e+00
0.0000000000000000e+00
0.0000000000000000e+00
0.0000000000000000e+00
0.0000000000000000e+00
0.0000000000000000e+00
0.0000000000000000e+00
0.0000000000000000e+00
0.0000000000000000e+00
0.0000000000000000e+00
2.3617102121085247e-07
2.3617102121085247e-07
2.3617102121085247e-07
2.3617102121085247e-07
2.3617102121085247e-07
2.3617102121085247e-07
2.3617102121085247e-07
2.3617102121085247e-07
2.3617102121085247e-07
2.3617102121085247e-07
2.3617102121085247e-07
2.3617102121085247e-07
2.3617102121085247e-07
2.3617102121085247e-07
2.3617102121085247e-07
2.3617102121085247e-07
2.3617102121085247e-07
2.3617102121085247e-07
2.3617102121085247e-07
2.3617102121085247e-07
1.5371697860768208e+00
1.5371697860768208e+00
1.5371697860768208e+00
1.5371697860768208e+00
1.5371697860768208e+00
1.5371697860768208e+00
1.5371697860768208e+00
1.5371697860768208e+00
1.5371697860768208e+00
1.5371697860768208e+00
1.5371697860768208e+00
1.5371697860768208e+00
1.5371697860768208e+00
1.5371697860768208e+00
1.5371697860768208e+00
1.5371697860768208e+00
1.5371697860768208e+00
1.5371697860768208e+00
1.5371697860768208e+00
1.5371697860768208e+00
1.6409000509073237e+00
1.6409000509073237e+00
1.6409000509073237e+00
1.6409000509073237e+00
1.6409000509073237e+00
1.6409000509073237e+00
1.6409000509073237e+00
1.6409000509073237e+00
1.6409000509073237e+00
1.6409000509073237e+00
1.6409000509073237e+00
1.6409000509073237e+00
1.6409000509073237e+00
1.6409000509073237e+00
1.6409000509073237e+00
1.6409000509073237e+00
1.6409000509073237e+00
1.6409000509073237e+00
1.6409000509073237e+00
1.6409000509073237e+00
3.0120783430138554e+00
3.0120783430138554e+00
3.0120783430138554e+00
3.0120783430138554e+00
3.0120783430138554e+00
3.0120783430138554e+00
3.0120783430138554e+00
3.0120783430138554e+00
3.0120783430138554e+00
3.0120783430138554e+00
3.0120783430138554e+00
3.0120783430138554e+00
3.0120783430138554e+00
3.0120783430138554e+00
3.0120783430138554e+00
3.0120783430138554e+00
3.0120783430138554e+00
3.0120783430138554e+00
3.0120783430138554e+00
3.0120783430138554e+00
3.1966599627702026e+00
3.1966599627702026e+00
3.1966599627702026e+00
3.1966599627702026e+00
3.1966599627702026e+00
3.1966599627702026e+00
3.1966599627702026e+00
3.1966599627702026e+00
3.1966599627702026e+00
3.1966599627702026e+00
3.1966599627702026e+00
3.1966599627702026e+00
3.1966599627702026e+00
3.1966599627702026e+00
3.1966599627702026e+00
3.1966599627702026e+00
3.1966599627702026e+00
3.1966599627702026e+00
3.1966599627702026e+00
3.1966599627702026e+00
3.1966599627702026e+00
3.1966599627702026e+00
3.1966599627702026e+00
3.1966599627702026e+00
3.1966599627702026e+00
3.1966599627702026e+00
3.1966599627702026e+00
3.1966599627702026e+00
3.1966599627702026e+00
3.1966599627702026e+00
3.1966599627702026e+00
3.1966599627702026e+00
3.1966599627702026e+00
3.1966599627702026e+00
3.1966599627702026e+00
3.1966599627702026e+00
3.1966599627702026e+00
3.1966599627702026e+00
3.1966599627702026e+00
3.1966599627702026e+00
3.3604662159497680e+00
3.3604662159497680e+00
3.3604662159497680e+00
3.3604662159497680e+00
3.3604662159497680e+00
3.3604662159497680e+00
3.3604662159497680e+00
3.3604662159497680e+00
3.3604662159497680e+00
3.3604662159497680e+00
3.3604662159497680e+00
3.3604662159497680e+00
3.3604662159497680e+00
3.3604662159497680e+00
3.3604662159497680e+00
3.3604662159497680e+00
3.3604662159497680e+00
3.3604662159497680e+00
3.3604662159497680e+00
3.3604662159497680e+00
3.3604662159497680e+00
3.3604662159497680e+00
3.3604662159497680e+00
3.3604662159497680e+00
3.3604662159497680e+00
3.3604662159497680e+00
3.3604662159497680e+00
3.3604662159497680e+00
3.3604662159497680e+00
3.3604662159497680e+00
3.3604662159497680e+00
3.3604662159497680e+00
3.3604662159497680e+00
3.3604662159497680e+00
3.3604662159497680e+00
3.3604662159497680e+00
3.3604662159497680e+00
3.3604662159497680e+00
3.3604662159497680e+00
3.3604662159497680e+00
3.5058354438416659e+00
3.5058354438416659e+00
3.5058354438416659e+00
3.5058354438416659e+00
3.5058354438416659e+00
3.5058354438416659e+00
3.5058354438416659e+00
3.5058354438416659e+00
3.5058354438416659e+00
3.5058354438416659e+00
3.5058354438416659e+00
