0.0000000000000000e+00
3.6587373701343939e-05
7.3170731708004156e-05
1.0975275142129264e-04
1.4633343294021648e-04
1.8291277636165446e-04
2.1951219512754031e-04
2.5611027442459593e-04
2.9270701435177624e-04
7.4943625136566908e-04
1.2097503265103625e-03
1.1731649945521236e-03
1.1365783240579854e-03
1.0999903149309031e-03
1.0634088966770584e-03
1.0268261401741750e-03
9.9024204532402980e-04
9.5365279911270432e-04
9.1706743325988666e-04
8.8048206740432228e-04
8.4389670155049132e-04
8.0731133569705523e-04
7.7072463130471161e-04
7.3414060398984825e-04
6.9755523823486563e-04
6.6096853394217460e-04
6.2438049101365357e-04
1.7457632464758677e-04
-2.7867560025268261e-04
-7.3542902028997761e-04
-1.1957431898164108e-03
-1.1591578411980126e-03
-1.1225738310188123e-03
-1.0859911591798790e-03
-1.0494017439646346e-03
-1.0128136674853018e-03
-9.7622692964480272e-04
-9.3964564640590463e-04
-9.0306028055221613e-04
-8.6647491470056366e-04
-8.2988954884745945e-04
-7.9330418299424594e-04
-7.5672015558030602e-04
-7.2013345128591356e-04
-6.8354808552966600e-04
-6.4696405821338440e-04
-6.1038136923924390e-04
-1.6056930207017045e-04
2.9268263495675964e-04
7.4943606076568038e-04
1.2097502326344817e-03
1.1731649004959950e-03
1.1365782298220755e-03
1.0999902205155699e-03
1.0634088026212261e-03
1.0268260464777717e-03
9.9024195198680102e-04
9.5365270505696131e-04
9.1706733920388192e-04
8.8048197334906532e-04
8.4389660749507357e-04
8.0731124164098870e-04
7.7072453724995804e-04
7.3414050993499504e-04
6.9755514418088900e-04
6.6096843988787944e-04
6.2438039695844540e-04
1.7457622867422416e-04
-2.7867569622623295e-04
-7.3542911626376392e-04
-1.1957432857903217e-03
-1.1591579371715850e-03
-1.1225739269922661e-03
-1.0859912551529623e-03
-1.0494018399384943e-03
-1.0128137634600476e-03
-9.7622702561946649e-04
-9.3964574237965040e-04
-9.0306037652617961e-04
-8.6647501067409259e-04
-8.2988964482038025e-04
-7.9330427896673013e-04
-7.5672025155300738e-04
-7.2013354725817961e-04
-6.8354818150115002e-04
-6.4696415418542689e-04
-6.1038146521058990e-04
-1.6056939804335885e-04
2.9268253898427735e-04
7.4943596479386081e-04
1.2097501366622070e-03
1.1731648045248593e-03
1.1365781338517789e-03
1.0999901245451785e-03
1.0634087066497765e-03
1.0268259505056994e-03
9.9024185601482998e-04
9.5365260908689879e-04
9.1706724323389389e-04
8.8048187737860370e-04
8.4389651152489407e-04
8.0731114567069362e-04
7.7072444127844258e-04
7.3414041396385613e-04
6.9755504820996498e-04
6.6096834391815226e-04
6.2438030098967221e-04
1.7457613270255496e-04
-2.7867579219732454e-04
-7.3542921223537100e-04
-1.1957433817616867e-03
-1.1591580331432034e-03
-1.1225740229631612e-03
-1.0859913511241143e-03
-1.0494019359099523e-03
-1.0128138594322305e-03
-9.7622712159192585e-04
-9.3964583835201663e-04
-9.0306047249789543e-04
-8.6647510664615091e-04
-8.2988974079194850e-04
-7.9330437493841473e-04
-7.5672034752521846e-04
-7.2013364323043211e-04
-6.8354827747348361e-04
-6.4696425015627480e-04
-6.1038156118199899e-04
-1.6056949401371627e-04
2.9268244301435984e-04
7.4943586882392937e-04
1.2097500406915923e-03
1.1731647085539605e-03
1.1365780378803573e-03
1.0999900285732281e-03
1.0634086106785586e-03
1.0268258545341482e-03
9.9024176004326638e-04
9.5365251311436668e-04
9.1706714726122159e-04
8.8048178140584380e-04
8.4389641555229203e-04
8.0731104969878655e-04
7.7072434530751823e-04
7.3414031799268935e-04
6.9755495223787099e-04
6.6096824794562112e-04
6.2438020501725329e-04
1.7457603673155100e-04
-2.7867588816814134e-04
-7.3542930820524833e-04
-1.1957434777318265e-03
-1.1591581291135137e-03
-1.1225741189339227e-03
-1.0859914470957013e-03
-1.0494020318806265e-03
-1.0128139554008801e-03
-9.7622721756066683e-04
-9.3964593432279060e-04
-9.0306056846878357e-04
-8.6647520261585141e-04
-8.2988983676210621e-04
-7.9330447090862751e-04
-7.5672044349590721e-04
-7.2013373920089361e-04
-6.8354837344364707e-04
-6.4696434612704346e-04
-6.1038165715224810e-04
-1.6056958998500375e-04
2.9268234704287339e-04
7.4943577285265764e-04
1.2097499447200309e-03
1.1731646125819682e-03
1.1365779419093148e-03
1.0999899326024499e-03
1.0634085147071255e-03
1.0268257585627030e-03
9.9024166407069621e-04
9.5365241714269022e-04
9.1706705129012799e-04
8.8048168543503557e-04
8.4389631958180352e-04
8.0731095372796845e-04
7.7072424933577412e-04
7.3414022202151802e-04
6.9755485626735603e-04
6.6096815197455919e-04
6.2438010904484879e-04
1.7457594075894747e-04
-2.7867598414151626e-04
-7.3542940417960039e-04
-1.1957435737060336e-03
-1.1591582250873099e-03
-1.1225742149081164e-03
-1.0859915430699236e-03
-1.0494021278542915e-03
-1.0128140513748734e-03
-9.7622731353356638e-04
-9.3964603029625306e-04
-9.0306066444199547e-04
-8.6647529858955446e-04
-8.2988993273638671e-04
