0.0000000000000000e+00
0.0000000000000000e+00
0.0000000000000000e+00
0.0000000000000000e+00
0.0000000000000000e+00
0.0000000000000000e+00
0.0000000000000000e+00
0.0000000000000000e+00
0.0000000000000000e+00
8.4033595322784561e-04
1.6877934030990827e-03
1.6877934030990827e-03
1.6877934030990827e-03
1.6877934030990827e-03
1.6877934030990827e-03
1.6877934030990827e-03
1.6877934030990827e-03
1.6877934030990827e-03
1.6877934030990827e-03
1.6877934030990827e-03
1.6877934030990827e-03
1.6877934030990827e-03
1.6877934030990827e-03
1.6877934030990827e-03
1.6877934030990827e-03
1.6877934030990827e-03
1.6877934030990827e-03
2.5142390529468376e-03
3.3475721858895837e-03
4.1879082957177512e-03
5.0353659038950681e-03
5.0353659038950681e-03
5.0353659038950681e-03
5.0353659038950681e-03
5.0353659038950681e-03
5.0353659038950681e-03
5.0353659038950681e-03
5.0353659038950681e-03
5.0353659038950681e-03
5.0353659038950681e-03
5.0353659038950681e-03
5.0353659038950681e-03
5.0353659038950681e-03
5.0353659038950681e-03
5.0353659038950681e-03
5.0353659038950681e-03
5.0353898206191156e-03
5.8618113090180566e-03
6.6951444808824355e-03
7.5354806025371233e-03
8.3829382165821250e-03
8.3829382165821250e-03
8.3829382165821250e-03
8.3829382165821250e-03
8.3829382165821250e-03
8.3829382165821250e-03
8.3829382165821250e-03
8.3829382165821250e-03
8.3829382165821250e-03
8.3829382165821250e-03
8.3829382165821250e-03
8.3829382165821250e-03
8.3829382165821250e-03
8.3829382165821250e-03
8.3829382165821250e-03
8.3829382165821250e-03
8.3829382165821250e-03
9.2093838702674014e-03
1.0042717003211134e-02
1.0883053113038315e-02
1.1730510721215524e-02
1.1730510721215524e-02
1.1730510721215524e-02
1.1730510721215524e-02
1.1730510721215524e-02
1.1730510721215524e-02
1.1730510721215524e-02
1.1730510721215524e-02
1.1730510721215524e-02
1.1730510721215524e-02
1.1730510721215524e-02
1.1730510721215524e-02
1.1730510721215524e-02
1.1730510721215524e-02
1.1730510721215524e-02
1.1730510721215524e-02
1.1730534637941041e-02
1.2556956126338944e-02
1.3390289298204128e-02
1.4230625419858743e-02
1.5078083033903445e-02
1.5078083033903445e-02
1.5078083033903445e-02
1.5078083033903445e-02
1.5078083033903445e-02
1.5078083033903445e-02
1.5078083033903445e-02
1.5078083033903445e-02
1.5078083033903445e-02
1.5078083033903445e-02
1.5078083033903445e-02
1.5078083033903445e-02
1.5078083033903445e-02
1.5078083033903445e-02
1.5078083033903445e-02
1.5078083033903445e-02
1.5078083033903445e-02
1.5904528687588189e-02
1.6737861820530900e-02
1.7578197930358697e-02
1.8425655538536111e-02
1.8425655538536111e-02
1.8425655538536111e-02
1.8425655538536111e-02
1.8425655538536111e-02
1.8425655538536111e-02
1.8425655538536111e-02
1.8425655538536111e-02
1.8425655538536111e-02
1.8425655538536111e-02
1.8425655538536111e-02
1.8425655538536111e-02
1.8425655538536111e-02
1.8425655538536111e-02
1.8425655538536111e-02
1.8425655538536111e-02
1.8425679455263071e-02
1.9252100943661477e-02
2.0085434115526202e-02
2.0925770237181621e-02
2.1773227851225960e-02
2.1773227851225960e-02
2.1773227851225960e-02
2.1773227851225960e-02
2.1773227851225960e-02
2.1773227851225960e-02
2.1773227851225960e-02
2.1773227851225960e-02
2.1773227851225960e-02
2.1773227851225960e-02
2.1773227851225960e-02
2.1773227851225960e-02
2.1773227851225960e-02
2.1773227851225960e-02
2.1773227851225960e-02
2.1773227851225960e-02
2.1773227851225960e-02
2.2599673504910010e-02
2.3433006637852812e-02
2.4273342747680206e-02
2.5120800355857533e-02
2.5120800355857533e-02
2.5120800355857533e-02
2.5120800355857533e-02
2.5120800355857533e-02
2.5120800355857533e-02
2.5120800355857533e-02
2.5120800355857533e-02
2.5120800355857533e-02
2.5120800355857533e-02
2.5120800355857533e-02
2.5120800355857533e-02
2.5120800355857533e-02
2.5120800355857533e-02
2.5120800355857533e-02
2.5120800355857533e-02
2.5120824272585544e-02
2.5947245760983517e-02
2.6780578932848294e-02
2.7620915054503283e-02
2.8468372668547407e-02
2.8468372668547407e-02
2.8468372668547407e-02
2.8468372668547407e-02
2.8468372668547407e-02
2.8468372668547407e-02
2.8468372668547407e-02
2.8468372668547407e-02
2.8468372668547407e-02
2.8468372668547407e-02
2.8468372668547407e-02
2.8468372668547407e-02
2.8468372668547407e-02
2.8468372668547407e-02
2.8468372668547407e-02
2.8468372668547407e-02
2.8468372668547407e-02
2.9294818322232422e-02
3.0128151455175549e-02
3.0968487565003359e-02
3.1815945173180010e-02
3.1815945173180010e-02
3.1815945173180010e-02
3.1815945173180010e-02
3.1815945173180010e-02
3.1815945173180010e-02
3.1815945173180010e-02
3.1815945173180010e-02
3.1815945173180010e-02
3.1815945173180010e-02
3.1815945173180010e-02
