0.0000000000000000e+00
3.1999999999880380e+01
6.3996504030163138e+01
9.5999999998771997e+01
1.2799999876642242e+02
1.5999650156505635e+02
1.9198950962594313e+02
2.2399999993434815e+02
2.5599849484756524e+02
2.8799999948559338e+02
3.1999999961680447e+02
2.8799999965161038e+02
2.5599650248488732e+02
2.2398950688425677e+02
1.9199999999608099e+02
1.6000699960319139e+02
1.2799999999905907e+02
9.5999999999008793e+01
6.3996502797491416e+01
3.1999999999010608e+01
1.3537445545298717e-10
3.1999999999871935e+01
6.4003497201492678e+01
9.6000000012898099e+01
1.2800000001270186e+02
1.6000000042722036e+02
1.9200000042722138e+02
2.2400000042721504e+02
2.5600000042722195e+02
2.8800000042721905e+02
3.2000000042720228e+02
2.8800000032737063e+02
2.5600349619707282e+02
2.2401048680488137e+02
1.9200000000410415e+02
1.5999301286776847e+02
1.2800000000101539e+02
9.6000000001021334e+01
6.4003495970476678e+01
3.2000000000843983e+01
1.8421217106034489e-10
3.2000000000083645e+01
6.3996504030523532e+01
9.5999999987101432e+01
1.2799999998689752e+02
1.5999999957489442e+02
1.9199999957486742e+02
2.2399999957488760e+02
2.5599999957487623e+02
2.8799999957488546e+02
3.1999999957486870e+02
2.8799999965170213e+02
2.5599650252702477e+02
2.2398950696829115e+02
1.9199999999596383e+02
1.6000699951900884e+02
1.2799999999901220e+02
9.5999999999007301e+01
6.3996502797506565e+01
3.1999999998927883e+01
2.6879580538348426e-10
3.2000000000318110e+01
6.4003497201895982e+01
9.6000000012917795e+01
1.2800000001271877e+02
1.6000000042723624e+02
1.9200000042724491e+02
2.2400000042723050e+02
2.5600000042722297e+02
2.8800000042723445e+02
3.2000000042722905e+02
2.8800000032759885e+02
2.5600349619737244e+02
2.2401048680514054e+02
1.9200000000408093e+02
1.5999301286754030e+02
1.2800000000105751e+02
9.6000000001028184e+01
6.4003495970615802e+01
3.2000000001083492e+01
6.0022354519454799e-11
3.1999999999742460e+01
6.3996504030065132e+01
9.5999999987045683e+01
1.2799999998684571e+02
1.5999999957484914e+02
1.9199999957482814e+02
2.2399999957482405e+02
2.5599999957484280e+02
2.8799999957485068e+02
3.1999999957485420e+02
2.8799999965163124e+02
2.5599650252689145e+02
2.2398950696812986e+02
1.9199999999577196e+02
1.6000699951891770e+02
1.2799999999883306e+02
9.5999999998908635e+01
6.3996502797481398e+01
3.1999999998824407e+01
1.2971842411641607e-10
3.2000000000281311e+01
6.4003497201811214e+01
9.6000000012937505e+01
1.2800000001273366e+02
1.6000000042722721e+02
1.9200000042724756e+02
2.2400000042724142e+02
2.5600000042723570e+02
2.8800000042722274e+02
3.2000000042722553e+02
2.8800000032752183e+02
2.5600349619723278e+02
2.2401048680493318e+02
1.9200000000409270e+02
1.5999301286784609e+02
1.2800000000101736e+02
9.6000000000972491e+01
6.4003495970399101e+01
3.2000000001034294e+01
7.8366572121191519e-11
3.1999999999875090e+01
6.3996504030298695e+01
9.5999999987051808e+01
1.2799999998685834e+02
1.5999999957486409e+02
1.9199999957483089e+02
2.2399999957484923e+02
2.5599999957485284e+02
2.8799999957486921e+02
3.1999999957486637e+02
2.8799999965163545e+02
2.5599650252701599e+02
2.2398950696838739e+02
1.9199999999596668e+02
1.6000699951909027e+02
1.2799999999915519e+02
9.5999999999135184e+01
6.3996502797791400e+01
3.1999999999181544e+01
2.1025895307485319e-10
3.1999999999869075e+01
6.4003497201323199e+01
9.6000000012870586e+01
1.2800000001266147e+02
1.6000000042717704e+02
1.9200000042719273e+02
2.2400000042718469e+02
2.5600000042719000e+02
2.8800000042719171e+02
3.2000000042717568e+02
2.8800000032744629e+02
2.5600349619713586e+02
2.2401048680488162e+02
1.9200000000383247e+02
1.5999301286746433e+02
1.2800000000086771e+02
9.6000000000857426e+01
6.4003495970292775e+01
3.2000000000850712e+01
2.0663191608843821e-10
3.2000000000071353e+01
6.3996504030371248e+01
9.5999999987101333e+01
1.2799999998690527e+02
1.5999999957489928e+02
1.9199999957489575e+02
2.2399999957491548e+02
2.5599999957492267e+02
2.8799999957491644e+02
3.1999999957491468e+02
2.8799999965170593e+02
2.5599650252702170e+02
2.2398950696830568e+02
1.9199999999600544e+02
1.6000699951921573e+02
1.2799999999916163e+02
9.5999999999074745e+01
6.3996502797646642e+01
3.1999999999107661e+01
4.3681429787712584e-11
3.1999999999990088e+01
6.4003497201634133e+01
9.6000000012838427e+01
1.2800000001262785e+02
1.6000000042714439e+02
1.9200000042717468e+02
2.2400000042717306e+02
2.5600000042717522e+02
2.8800000042717954e+02
3.2000000042716721e+02
2.8800000032744197e+02
2.5600349619713842e+02
2.2401048680490430e+02
1.9200000000403523e+02
1.5999301286764614e+02
1.2800000000081445e+02
9.6000000000661998e+01
6.4003495970006455e+01
3.2000000000644718e+01
2.3129586762999773e-10
