0.0000000000000000e+00
0.0000000000000000e+00
0.0000000000000000e+00
0.0000000000000000e+00
0.0000000000000000e+00
0.0000000000000000e+00
0.0000000000000000e+00
-5.2509573973570633e+00
-2.0130021826106610e+01
-3.3897401467493786e+01
-4.5932813611018496e+01
-4.5932813611018496e+01
-4.5932813611018496e+01
-4.5932813611018496e+01
-4.5932813611018496e+01
-4.5932813611018496e+01
-4.5932813611018496e+01
-4.5932813611018496e+01
-4.5932813611018496e+01
-4.5932813611018496e+01
-4.5932813611018496e+01
-4.5932813611018496e+01
-4.5932813611018496e+01
-4.5932813611018496e+01
-4.5932813611018496e+01
-4.5932813611018496e+01
-4.5932813611018496e+01
-4.5932813611018496e+01
-4.5932813611018496e+01
-3.5240680361593029e+01
-1.7516008890904818e+01
-1.8086047534396563e-01
1.6580290658821493e+01
3.2427511947047691e+01
3.2427511947047691e+01
3.2427511947047691e+01
3.2427511947047691e+01
3.2427511947047691e+01
3.2427511947047691e+01
3.2427511947047677e+01
3.2427511947047684e+01
3.2427511947047684e+01
3.2427511947047691e+01
3.2427511947047691e+01
3.2427511947047691e+01
3.2427511947047691e+01
3.2427511947047691e+01
3.2427511947047670e+01
3.2427511947047655e+01
3.2427511947047655e+01
3.2427511947047655e+01
3.2427511947047655e+01
3.2427511947047648e+01
2.7948037556341834e+01
9.8032220486805191e+00
-7.9962612089265308e+00
-2.5174813015224679e+01
-2.5174813015224679e+01
-2.5174813015224679e+01
-2.5174813015224679e+01
-2.5174813015224679e+01
-2.5174813015224679e+01
-2.5174813015224679e+01
-2.5174813015224679e+01
-2.5174813015224679e+01
-2.5174813015224679e+01
-2.5174813015224679e+01
-2.5174813015224679e+01
-2.5174813015224679e+01
-2.5174813015224679e+01
-2.5174813015224679e+01
-2.5174813015224679e+01
-2.5174813015224679e+01
-2.5174813015224679e+01
-2.5174813015224679e+01
-2.5174813015224679e+01
-2.5174813015224679e+01
-1.5548908280416322e+01
2.7523858953967184e+00
2.0619473592127793e+01
2.0619473592127800e+01
2.0619473592127800e+01
2.0619473592127800e+01
2.0619473592127800e+01
2.0619473592127793e+01
2.0619473592127793e+01
2.0619473592127786e+01
2.0619473592127786e+01
2.0619473592127786e+01
2.0619473592127786e+01
2.0619473592127793e+01
2.0619473592127793e+01
2.0619473592127797e+01
2.0619473592127797e+01
2.0619473592127793e+01
2.0619473592127793e+01
2.0619473592127793e+01
2.0619473592127793e+01
2.0619473592127790e+01
2.0619473592127790e+01
1.9459048452175132e+01
8.1884917849881045e-01
-1.7455484631850389e+01
-1.7455484631850389e+01
-1.7455484631850389e+01
-1.7455484631850389e+01
-1.7455484631850389e+01
-1.7455484631850389e+01
-1.7455484631850389e+01
-1.7455484631850389e+01
-1.7455484631850389e+01
-1.7455484631850389e+01
-1.7455484631850389e+01
-1.7455484631850389e+01
-1.7455484631850389e+01
-1.7455484631850389e+01
-1.7455484631850389e+01
-1.7455484631850389e+01
-1.7455484631850389e+01
-1.7455484631850389e+01
-1.7455484631850389e+01
-1.7455484631850389e+01
-1.7455484631850389e+01
-1.7455484631850389e+01
-3.4222220655556699e+00
1.5150676779861991e+01
1.5150676779861987e+01
1.5150676779861987e+01
1.5150676779861982e+01
1.5150676779861984e+01
1.5150676779861978e+01
1.5150676779861978e+01
1.5150676779861978e+01
1.5150676779861978e+01
1.5150676779861982e+01
1.5150676779861978e+01
1.5150676779861968e+01
1.5150676779861969e+01
1.5150676779861973e+01
1.5150676779861973e+01
1.5150676779861973e+01
1.5150676779861973e+01
1.5150676779861973e+01
1.5150676779861973e+01
1.5150676779861973e+01
1.5150676779861973e+01
1.5150676779861977e+01
5.3549358463388446e+00
-1.3384234527471586e+01
-1.3384234527471586e+01
-1.3384234527471586e+01
-1.3384234527471586e+01
-1.3384234527471586e+01
-1.3384234527471586e+01
-1.3384234527471586e+01
-1.3384234527471586e+01
-1.3384234527471586e+01
-1.3384234527471586e+01
-1.3384234527471586e+01
-1.3384234527471586e+01
-1.3384234527471586e+01
-1.3384234527471586e+01
-1.3384234527471586e+01
-1.3384234527471586e+01
-1.3384234527471586e+01
-1.3384234527471586e+01
-1.3384234527471586e+01
-1.3384234527471586e+01
-1.3384234527471586e+01
-1.3384234527471586e+01
-6.8866961820528392e+00
1.1974718916056013e+01
1.1974718916056013e+01
1.1974718916056013e+01
1.1974718916056013e+01
1.1974718916056013e+01
1.1974718916056013e+01
1.1974718916056013e+01
1.1974718916056005e+01
1.1974718916056005e+01
1.1974718916056005e+01
1.1974718916056009e+01
1.1974718916056013e+01
1.1974718916056013e+01
1.1974718916056005e+01
1.1974718916056005e+01
1.1974718916056005e+01
1.1974718916056005e+01
1.1974718916056007e+01
1.1974718916056007e+01
1.1974718916056007e+01
1.1974718916056007e+01
1.1974718916056011e+01
8.1309855986732611e+00
-1.0891438694747780e+01
-1.0891438694747780e+01
-1.0891438694747780e+01
-1.0891438694747780e+01
-1.0891438694747780e+01
-1.0891438694747780e+01
-1.0891438694747780e+01
-1.0891438694747780e+01
-1.0891438694747780e+01
-1.0891438694747780e+01
-1.0891438694747780e+01
-1.0891438694747780e+01
-1.0891438694747780e+01
-1.0891438694747780e+01
-1.0891438694747780e+01
-1.0891438694747780e+01
-1.0891438694747780e+01
-1.0891438694747780e+01
-1.0891438694747780e+01
-1.0891438694747780e+01
-1.0891438694747780e+01
-1.0891438694747780e+01
-9.1967126721190695e+00
9.9483028217530229e+00
9.9483028217530283e+00
9.9483028217530283e+00
9.9483028217530300e+00
9.9483028217530300e+00
9.9483028217530300e+00
9.9483028217530300e+00
9.9483028217530300e+00
9.9483028217530300e+00
9.9483028217530247e+00
9.9483028217530247e+00
9.9483028217530176e+00
9.9483028217530176e+00
9.9483028217530176e+00
