0.0000000000000000e+00
0.0000000000000000e+00
0.0000000000000000e+00
0.0000000000000000e+00
0.0000000000000000e+00
0.0000000000000000e+00
0.0000000000000000e+00
2.6254786986775418e+00
1.0065010913049793e+01
1.6948700733742172e+01
2.2966406805505709e+01
2.2966406805505695e+01
2.2966406805505660e+01
2.2966406805505631e+01
2.2966406805505624e+01
2.2966406805505624e+01
2.2966406805505585e+01
2.2966406805505571e+01
2.2966406805505592e+01
2.2966406805505603e+01
2.2966406805505581e+01
2.2966406805505610e+01
2.2966406805505610e+01
2.2966406805505567e+01
2.2966406805505567e+01
2.2966406805505535e+01
2.2966406805505549e+01
2.2966406805505574e+01
2.2966406805505603e+01
1.7620340180793356e+01
8.7580044454508510e+00
9.0430237671621921e-02
-8.2901453294103202e+00
-1.6213755973526979e+01
-1.6213755973526972e+01
-1.6213755973526958e+01
-1.6213755973526943e+01
-1.6213755973526943e+01
-1.6213755973526933e+01
-1.6213755973526919e+01
-1.6213755973526936e+01
-1.6213755973526908e+01
-1.6213755973526915e+01
-1.6213755973526936e+01
-1.6213755973526936e+01
-1.6213755973526965e+01
-1.6213755973526975e+01
-1.6213755973526975e+01
-1.6213755973526983e+01
-1.6213755973527000e+01
-1.6213755973527032e+01
-1.6213755973527029e+01
-1.6213755973527057e+01
-1.3974018778175301e+01
-4.9016110243451116e+00
3.9981306044597291e+00
1.2587406507607245e+01
1.2587406507607248e+01
1.2587406507607257e+01
1.2587406507607261e+01
1.2587406507607254e+01
1.2587406507607255e+01
1.2587406507607239e+01
1.2587406507607229e+01
1.2587406507607231e+01
1.2587406507607216e+01
1.2587406507607239e+01
1.2587406507607231e+01
1.2587406507607223e+01
1.2587406507607207e+01
1.2587406507607218e+01
1.2587406507607227e+01
1.2587406507607234e+01
1.2587406507607236e+01
1.2587406507607227e+01
1.2587406507607220e+01
1.2587406507607238e+01
7.7744541402017555e+00
-1.3761929477048453e+00
-1.0309736796066796e+01
-1.0309736796066785e+01
-1.0309736796066783e+01
-1.0309736796066769e+01
-1.0309736796066785e+01
-1.0309736796066771e+01
-1.0309736796066773e+01
-1.0309736796066783e+01
-1.0309736796066773e+01
-1.0309736796066755e+01
-1.0309736796066769e+01
-1.0309736796066783e+01
-1.0309736796066790e+01
-1.0309736796066806e+01
-1.0309736796066783e+01
-1.0309736796066801e+01
-1.0309736796066787e+01
-1.0309736796066776e+01
-1.0309736796066790e+01
-1.0309736796066790e+01
-1.0309736796066790e+01
-9.7295242260902306e+00
-4.0942458925333647e-01
8.7277423159244343e+00
8.7277423159244254e+00
8.7277423159244201e+00
8.7277423159244059e+00
8.7277423159244041e+00
8.7277423159244005e+00
8.7277423159244005e+00
8.7277423159243899e+00
8.7277423159243934e+00
8.7277423159243988e+00
8.7277423159243916e+00
8.7277423159243916e+00
8.7277423159244023e+00
8.7277423159244094e+00
8.7277423159244130e+00
8.7277423159244147e+00
8.7277423159244307e+00
8.7277423159244290e+00
8.7277423159244254e+00
8.7277423159244307e+00
8.7277423159244361e+00
8.7277423159244272e+00
1.7111110327755996e+00
-7.5753383899363325e+00
-7.5753383899363262e+00
-7.5753383899363351e+00
-7.5753383899363271e+00
-7.5753383899363280e+00
-7.5753383899363289e+00
-7.5753383899363191e+00
-7.5753383899363245e+00
-7.5753383899363396e+00
-7.5753383899363307e+00
-7.5753383899363342e+00
-7.5753383899363342e+00
-7.5753383899363431e+00
-7.5753383899363476e+00
-7.5753383899363520e+00
-7.5753383899363449e+00
-7.5753383899363413e+00
-7.5753383899363547e+00
-7.5753383899363600e+00
-7.5753383899363467e+00
-7.5753383899363556e+00
-7.5753383899363564e+00
-2.6774679231765748e+00
6.6921172637251294e+00
6.6921172637251445e+00
6.6921172637251374e+00
6.6921172637251383e+00
6.6921172637251392e+00
6.6921172637251303e+00
6.6921172637251214e+00
6.6921172637251214e+00
6.6921172637251143e+00
6.6921172637251143e+00
6.6921172637251143e+00
6.6921172637251107e+00
6.6921172637251125e+00
6.6921172637251072e+00
6.6921172637251054e+00
6.6921172637251045e+00
6.6921172637251090e+00
6.6921172637250992e+00
6.6921172637251019e+00
6.6921172637250983e+00
6.6921172637251019e+00
6.6921172637251072e+00
3.4433480910174024e+00
-5.9873594580342537e+00
-5.9873594580342511e+00
-5.9873594580342573e+00
-5.9873594580342537e+00
-5.9873594580342449e+00
-5.9873594580342404e+00
-5.9873594580342466e+00
-5.9873594580342395e+00
-5.9873594580342422e+00
-5.9873594580342351e+00
-5.9873594580342377e+00
-5.9873594580342342e+00
-5.9873594580342289e+00
-5.9873594580342235e+00
-5.9873594580342200e+00
-5.9873594580342129e+00
-5.9873594580342129e+00
-5.9873594580342155e+00
-5.9873594580342120e+00
-5.9873594580342067e+00
-5.9873594580342058e+00
-5.9873594580342022e+00
-4.0654927993462540e+00
5.4457193473596224e+00
5.4457193473596259e+00
5.4457193473596259e+00
5.4457193473596224e+00
5.4457193473596179e+00
5.4457193473596206e+00
5.4457193473596206e+00
5.4457193473596206e+00
5.4457193473596259e+00
5.4457193473596179e+00
5.4457193473596144e+00
5.4457193473596224e+00
5.4457193473596295e+00
5.4457193473596242e+00
5.4457193473596215e+00
5.4457193473596197e+00
5.4457193473596197e+00
5.4457193473596259e+00
5.4457193473596206e+00
5.4457193473596206e+00
5.4457193473596268e+00
5.4457193473596313e+00
4.5983563360454811e+00
-4.9741514108853266e+00
-4.9741514108853275e+00
-4.9741514108853275e+00
-4.9741514108853275e+00
-4.9741514108853249e+00
-4.9741514108853195e+00
-4.9741514108853186e+00
-4.9741514108853284e+00
-4.9741514108853284e+00
-4.9741514108853240e+00
-4.9741514108853249e+00
-4.9741514108853293e+00
-4.9741514108853355e+00
-4.9741514108853329e+00
