0.0000000000000000e+00
0.0000000000000000e+00
0.0000000000000000e+00
0.0000000000000000e+00
0.0000000000000000e+00
0.0000000000000000e+00
0.0000000000000000e+00
2.6254786986795375e+00
1.0065010913056867e+01
1.6948700733751611e+01
2.2966406805512761e+01
2.2966406805512744e+01
2.2966406805512701e+01
2.2966406805512705e+01
2.2966406805512698e+01
2.2966406805512698e+01
2.2966406805512655e+01
2.2966406805512651e+01
2.2966406805512673e+01
2.2966406805512680e+01
2.2966406805512687e+01
2.2966406805512701e+01
2.2966406805512687e+01
2.2966406805512658e+01
2.2966406805512669e+01
2.2966406805512651e+01
2.2966406805512658e+01
2.2966406805512694e+01
2.2966406805512687e+01
1.7620340180799445e+01
8.7580044454537500e+00
9.0430237672157215e-02
-8.2901453294113345e+00
-1.6213755973520819e+01
-1.6213755973520811e+01
-1.6213755973520790e+01
-1.6213755973520779e+01
-1.6213755973520765e+01
-1.6213755973520769e+01
-1.6213755973520762e+01
-1.6213755973520783e+01
-1.6213755973520747e+01
-1.6213755973520755e+01
-1.6213755973520772e+01
-1.6213755973520769e+01
-1.6213755973520794e+01
-1.6213755973520808e+01
-1.6213755973520811e+01
-1.6213755973520808e+01
-1.6213755973520819e+01
-1.6213755973520854e+01
-1.6213755973520851e+01
-1.6213755973520872e+01
-1.3974018778166833e+01
-4.9016110243356152e+00
3.9981306044666640e+00
1.2587406507617334e+01
1.2587406507617342e+01
1.2587406507617345e+01
1.2587406507617349e+01
1.2587406507617340e+01
1.2587406507617345e+01
1.2587406507617343e+01
1.2587406507617326e+01
1.2587406507617317e+01
1.2587406507617308e+01
1.2587406507617306e+01
1.2587406507617306e+01
1.2587406507617299e+01
1.2587406507617269e+01
1.2587406507617267e+01
1.2587406507617279e+01
1.2587406507617292e+01
1.2587406507617278e+01
1.2587406507617269e+01
1.2587406507617269e+01
1.2587406507617271e+01
7.7744541402144254e+00
-1.3761929476919970e+00
-1.0309736796061067e+01
-1.0309736796061056e+01
-1.0309736796061053e+01
-1.0309736796061037e+01
-1.0309736796061053e+01
-1.0309736796061058e+01
-1.0309736796061063e+01
-1.0309736796061067e+01
-1.0309736796061054e+01
-1.0309736796061053e+01
-1.0309736796061060e+01
-1.0309736796061078e+01
-1.0309736796061081e+01
-1.0309736796061097e+01
-1.0309736796061079e+01
-1.0309736796061092e+01
-1.0309736796061081e+01
-1.0309736796061067e+01
-1.0309736796061078e+01
-1.0309736796061067e+01
-1.0309736796061070e+01
-9.7295242260849744e+00
-4.0942458924551633e-01
8.7277423159258962e+00
8.7277423159258927e+00
8.7277423159258891e+00
8.7277423159258838e+00
8.7277423159258802e+00
8.7277423159258714e+00
8.7277423159258749e+00
8.7277423159258696e+00
8.7277423159258696e+00
8.7277423159258767e+00
8.7277423159258767e+00
8.7277423159258731e+00
8.7277423159258767e+00
8.7277423159258767e+00
8.7277423159258891e+00
8.7277423159258909e+00
8.7277423159259104e+00
8.7277423159259087e+00
8.7277423159259069e+00
8.7277423159259069e+00
8.7277423159259140e+00
8.7277423159259033e+00
1.7111110327799943e+00
-7.5753383899257631e+00
-7.5753383899257578e+00
-7.5753383899257649e+00
-7.5753383899257631e+00
-7.5753383899257614e+00
-7.5753383899257658e+00
-7.5753383899257551e+00
-7.5753383899257605e+00
-7.5753383899257747e+00
-7.5753383899257631e+00
-7.5753383899257702e+00
-7.5753383899257756e+00
-7.5753383899257880e+00
-7.5753383899257898e+00
-7.5753383899257942e+00
-7.5753383899257898e+00
-7.5753383899257889e+00
-7.5753383899257996e+00
-7.5753383899258031e+00
-7.5753383899257898e+00
-7.5753383899258022e+00
-7.5753383899258031e+00
-2.6774679231624416e+00
6.6921172637462680e+00
6.6921172637462840e+00
6.6921172637462734e+00
6.6921172637462689e+00
6.6921172637462707e+00
6.6921172637462654e+00
6.6921172637462556e+00
6.6921172637462556e+00
6.6921172637462529e+00
6.6921172637462520e+00
6.6921172637462458e+00
6.6921172637462440e+00
6.6921172637462449e+00
6.6921172637462387e+00
6.6921172637462458e+00
6.6921172637462485e+00
6.6921172637462449e+00
6.6921172637462369e+00
6.6921172637462476e+00
6.6921172637462440e+00
6.6921172637462529e+00
6.6921172637462512e+00
3.4433480910352041e+00
-5.9873594580219436e+00
-5.9873594580219383e+00
-5.9873594580219480e+00
-5.9873594580219436e+00
-5.9873594580219311e+00
-5.9873594580219267e+00
-5.9873594580219311e+00
-5.9873594580219276e+00
-5.9873594580219311e+00
-5.9873594580219240e+00
-5.9873594580219223e+00
-5.9873594580219232e+00
-5.9873594580219169e+00
-5.9873594580219116e+00
-5.9873594580219187e+00
-5.9873594580219063e+00
-5.9873594580219098e+00
-5.9873594580219125e+00
-5.9873594580219054e+00
-5.9873594580219072e+00
-5.9873594580219063e+00
-5.9873594580219027e+00
-4.0654927993270986e+00
5.4457193473880583e+00
5.4457193473880627e+00
5.4457193473880592e+00
5.4457193473880556e+00
5.4457193473880556e+00
5.4457193473880574e+00
5.4457193473880574e+00
5.4457193473880627e+00
5.4457193473880530e+00
5.4457193473880476e+00
5.4457193473880450e+00
5.4457193473880432e+00
5.4457193473880547e+00
5.4457193473880459e+00
5.4457193473880432e+00
5.4457193473880396e+00
5.4457193473880396e+00
5.4457193473880405e+00
5.4457193473880361e+00
5.4457193473880432e+00
5.4457193473880485e+00
5.4457193473880556e+00
4.5983563360734845e+00
-4.9741514108677833e+00
-4.9741514108677878e+00
-4.9741514108677869e+00
-4.9741514108677869e+00
-4.9741514108677842e+00
-4.9741514108677798e+00
-4.9741514108677762e+00
-4.9741514108677860e+00
-4.9741514108677878e+00
-4.9741514108677833e+00
-4.9741514108677860e+00
-4.9741514108677842e+00
-4.9741514108677887e+00
-4.9741514108677904e+00
