0.0000000000000000e+00
-1.4634146341497659e-04
-2.9270434578832378e-04
-4.3902439024689089e-04
-5.8536584739404839e-04
-7.3172872349713401e-04
-8.7811302482800209e-04
-1.3819026617762421e-03
-2.8847728606533627e-03
-4.8606334172448876e-03
-7.6715584877573434e-03
-7.6227875733426639e-03
-7.5740190374135180e-03
-7.5050539723660872e-03
-7.4075307606395182e-03
-7.2696283458594862e-03
-7.1231465612198643e-03
-6.9766862303509130e-03
-6.8304636343859059e-03
-6.6841221709398506e-03
-6.5378021201841080e-03
-6.3914392440917248e-03
-6.2450977869567591e-03
-6.2081534239486922e-03
-6.0618253453381798e-03
-5.9154704971213848e-03
-5.7691370655111899e-03
-5.6228250442410853e-03
-5.4764461068794023e-03
-4.8991638506546524e-03
-3.8830664176048722e-03
-2.6563192313596501e-03
-1.0961241102701168e-03
1.0579345410850628e-03
1.0091643300140997e-03
9.6039174029381724e-04
8.9141282137993180e-04
7.9385377544918378e-04
6.5586819969306719e-04
5.0952332183263477e-04
3.6315702401476838e-04
2.1684039499333529e-04
7.0498931584911373e-05
-7.5863950781808321e-05
-2.2218399524845381e-04
-3.6852545240366084e-04
-4.0546981538719590e-04
-5.5182471622161220e-04
-6.9815274221818693e-04
-8.4450218323975064e-04
-9.9087304555474810e-04
-1.1371771324656466e-03
-1.2835026273939996e-03
-1.6247290255748414e-03
-2.7543701813720896e-03
-4.1721340476453131e-03
-6.0883058614725968e-03
-6.0395323011189009e-03
-5.9907611195101299e-03
-5.9217923133449406e-03
-5.8242638117592211e-03
-5.6863539177514563e-03
-5.5398912915227989e-03
-5.3934501134533580e-03
-5.2472083646854586e-03
-5.1008669012509375e-03
-4.9545468505080830e-03
-4.8081839744104279e-03
-4.6618425172682840e-03
-4.6248981542667015e-03
-4.4785700756816895e-03
-4.3322152274396196e-03
-4.1858817958045141e-03
-4.0395697745097712e-03
-3.8931908371985938e-03
-3.7468333235451930e-03
-3.6004972272794698e-03
-2.9701691578858506e-03
-1.6286357852348392e-03
1.6524283740718313e-04
1.1646900410764216e-04
6.7692791804945614e-05
-1.2912508169789904e-06
-9.8857543972135883e-05
-2.3685337126500022e-04
-3.8317200464116146e-04
-5.2951205029268917e-04
-6.7585493147133370e-04
-8.2219639488656613e-04
-9.6855927725960852e-04
-1.1148793217199654e-03
-1.2612207788689643e-03
-1.2981651418576452e-03
-1.4445200427151044e-03
-1.5908480686886283e-03
-1.7371975096877907e-03
-1.8835683719797577e-03
-2.0298724589363644e-03
-2.1761979539111926e-03
-2.3225448631696136e-03
-2.5244454335445672e-03
-3.8211495138872819e-03
-5.5379684078767713e-03
-5.4891930278796785e-03
-5.4404200268054733e-03
-5.3714486478301862e-03
-5.2739165083482004e-03
-5.1360014707888535e-03
-4.9895520184935396e-03
-4.8431240104995733e-03
-4.6968690916559929e-03
-4.5505276282286648e-03
-4.4042075774915210e-03
-4.2578447013908258e-03
-4.1115032442454510e-03
-4.0745588812471593e-03
-3.9282308026721774e-03
-3.7818759544193318e-03
-3.6355425227735166e-03
-3.4892305014679321e-03
-3.3428515641801748e-03
-3.1964940505491957e-03
-3.0501579543053244e-03
-2.9038432691814147e-03
-1.9251060951990080e-03
-2.5779734196948294e-04
-3.0653303981440460e-04
-3.5527111294348236e-04
-4.2420121228053329e-04
-5.2169120540775148e-04
-6.5983258534303951e-04
-8.0617404873055518e-04
-9.5253693107611392e-04
-1.0989212386508390e-03
-1.2451984389391041e-03
-1.3915399023430493e-03
-1.5378813657567815e-03
-1.6842228291714717e-03
-1.7211671858963831e-03
-1.8675220619411145e-03
-2.0138501127277162e-03
-2.1601995785467129e-03
-2.3065704656654389e-03
-2.4528745029761627e-03
-2.5991999482894140e-03
-2.7455468078722688e-03
-2.8919150879935071e-03
-3.6031578256696759e-03
-5.2303028055350432e-03
-5.1816601424913055e-03
-5.1330198454404893e-03
-5.0638936271670430e-03
-4.9661425483469917e-03
-4.8283605967818291e-03
-4.6820191331993152e-03
-4.5356990823070455e-03
-4.3894004378402405e-03
-4.2429947429109029e-03
-4.0966532794852930e-03
-3.9503118160696422e-03
-3.8039703526548700e-03
-3.7670259959283990e-03
-3.6206979421952484e-03
-3.4743430691006180e-03
-3.3280096126202807e-03
-3.1816975664878048e-03
-3.0353186788612892e-03
-2.8889612148766597e-03
-2.7426251682648988e-03
-2.5963105327586004e-03
-2.0833194091317560e-03
-4.8710238633639321e-04
-5.3557520414493375e-04
-5.8435569185352201e-04
-6.5334578152482755e-04
-7.5092062792346819e-04
-8.8892855417945448e-04
-1.0352162130780407e-03
-1.1815252751869896e-03
-1.3278557467702500e-03
-1.4742076340937469e-03
-1.6205809434269181e-03
-1.7669235301443374e-03
-1.9132649935580752e-03
-1.9502093502837040e-03
-2.0965642263270955e-03
-2.2428922771144276e-03
-2.3892417429329095e-03
-2.5356126300532735e-03
-2.6819166673623242e-03
-2.8282421126743762e-03
-2.9745889722566756e-03
-3.1209572523766857e-03
-3.4804342093913386e-03
-5.0594963877806185e-03
-5.0107164446523654e-03
-4.9619388808907578e-03
-4.8929610500624068e-03
-4.7954197878008554e-03
-4.6574918517198255e-03
-4.5110754353479060e-03
-4.3646804536041821e-03
-4.2183925085096229e-03
-4.0720510450933979e-03
-3.9257309943677337e-03
-3.7793681182623422e-03
-3.6330266611133816e-03
-3.5960822981186778e-03
-3.4497542195622921e-03
-3.3033993712913673e-03
-3.1570659396269827e-03
-3.0107539183027083e-03
-2.8643749810512032e-03
-2.7180174674569088e-03
-2.5716813712493669e-03
-2.4253666861619970e-03
-2.1865761096286811e-03
-6.2326382600391402e-04
-6.7204309164105172e-04
-7.2082473681137635e-04
-7.8981646357411815e-04
-8.8739362555460019e-04
-1.0254048273103571e-03
-1.1716841005931333e-03
-1.3179847746322818e-03
-1.4643670274139394e-03
-1.6107084908292912e-03
-1.7570713732031780e-03
-1.9033914176592084e-03
-2.0497328748039943e-03
-2.0866772377967904e-03
