0.0000000000000000e+00
4.3902439024113607e-05
8.7802950709303909e-05
1.3170731707518754e-04
1.7560975593118927e-04
2.1951026744867558e-04
2.6340885179541770e-04
4.8607313523255108e-04
1.2082341017543977e-03
2.1669018511400735e-03
3.5430948918268447e-03
3.5284669574841927e-03
3.5138388091613508e-03
3.4931511181127599e-03
3.4638935742294192e-03
3.4225156975227246e-03
3.3785746531490315e-03
3.3346316778749370e-03
3.2907697750922671e-03
3.2468673360678056e-03
3.2029629695354170e-03
3.1590624580187512e-03
3.1151600191619620e-03
3.1040767119745799e-03
3.0601730652364415e-03
3.0162718339269831e-03
2.9723686752152929e-03
2.9284635889319198e-03
2.8845645168570776e-03
2.6251913613151421e-03
2.1464109471380473e-03
1.5623059410823229e-03
8.1147659914805723e-04
-2.3628505904725074e-04
-2.2165533571717082e-04
-2.0702582641317105e-04
-1.8633694129569479e-04
-1.5707917004652110e-04
-1.1570389439949979e-04
-7.1763033466694948e-05
-2.7824103247969937e-05
1.6041844577316494e-05
5.9944283603749054e-05
1.0384479529220562e-04
1.4774916165481960e-04
1.9165160050940835e-04
2.0273490769481987e-04
2.4663614042110807e-04
2.9053978574410935e-04
3.3444150362231257e-04
3.7834129422387034e-04
4.2224710281963144e-04
4.6615098377914910e-04
6.0748644800534958e-04
1.1430354851152845e-03
1.8226523341911764e-03
2.7514695834399733e-03
2.7368393213033091e-03
2.7222088451187734e-03
2.7015178618608024e-03
2.6722556618584449e-03
2.6308711999400753e-03
2.5869470183072923e-03
2.5430209072562380e-03
2.4991421402513264e-03
2.4552397012256627e-03
2.4113353346906425e-03
2.3674348231749573e-03
2.3235323843201214e-03
2.3124490771311984e-03
2.2685454303845989e-03
2.2246441990839429e-03
2.1807410403795325e-03
2.1368359541039496e-03
2.0929368820134381e-03
2.0490358827102827e-03
2.0051329560233878e-03
1.7192303332318299e-03
1.0777303059288413e-03
2.1006118096944399e-04
2.2469232722124863e-04
2.3932325940626161e-04
2.6001415670836914e-04
2.8927477347493033e-04
3.3065407300779257e-04
3.7458462976857178e-04
4.1851325671921275e-04
4.6238950781047255e-04
5.0629194683571082e-04
5.5019245852298252e-04
5.9409682488583142e-04
6.3799926374015947e-04
6.4908257092605886e-04
6.9298380365006532e-04
7.3688744897640345e-04
7.8078916685610580e-04
8.2468895746069467e-04
8.6859476605181864e-04
9.1249864700903573e-04
9.5640060049943570e-04
1.0280751304010756e-03
1.6471601133090815e-03
2.4763010271028839e-03
2.4616696846773670e-03
2.4470381281716308e-03
2.4263456170556933e-03
2.3970812562253171e-03
2.3556937382205731e-03
2.3117773817964895e-03
2.2678590966412732e-03
2.2239725037408874e-03
2.1800700647148130e-03
2.1361656981798622e-03
2.0922651866649203e-03
2.0483627478094270e-03
2.0372794406194124e-03
1.9933757938723892e-03
1.9494745625716790e-03
1.9055714038686531e-03
1.8616663175928592e-03
1.8177672455004987e-03
1.7738662461948345e-03
1.7299633195077403e-03
1.6860584652688140e-03
1.2259628980402430e-03
4.2157968968645801e-04
4.3619334917778242e-04
4.5080679511405998e-04
4.7147296399882913e-04
5.0069861124832306e-04
5.4218321275128188e-04
5.8608565178251237e-04
6.2998616347342406e-04
6.7388474799459056e-04
7.1779296886293430e-04
7.6169540787951896e-04
8.0559784690331930e-04
8.4950028592740859e-04
8.6058359294579852e-04
9.0448482500577268e-04
9.4838847099578663e-04
9.9229018953980860e-04
1.0361899808083545e-03
1.0800957880707832e-03
1.1239996676980137e-03
1.1679016198596311e-03
1.2118016447239652e-03
1.5381631420509079e-03
2.3224625448860017e-03
2.3079032419806231e-03
2.2933437270991719e-03
2.2725732872872460e-03
2.2431987131251913e-03
2.2019133781325312e-03
2.1580109391247850e-03
2.1141065726085801e-03
2.0702002784132602e-03
2.0263036220603543e-03
1.9824011830293330e-03
1.9384987440051182e-03
1.8945963049810514e-03
1.8835129979635039e-03
1.8396093518941441e-03
1.7957081199156740e-03
1.7518049605352625e-03
1.7078998735825337e-03
1.6640008028460502e-03
1.6200998048977848e-03
1.5761968795667308e-03
1.5322920266837444e-03
1.3050741128370817e-03
5.3622227203071560e-04
5.5071443134557699e-04
5.6534857757978741e-04
5.8604402007474989e-04
6.1531106439411992e-04
6.5669945321593414e-04
7.0060673398286558e-04
7.4451208698538408e-04
7.8841551239212731e-04
8.3231701037290865e-04
8.7621658109677267e-04
9.2011892909870090e-04
9.6402136812074766e-04
9.7510467513724165e-04
1.0190059071957618e-03
1.0629095531878086e-03
1.1068112717346151e-03
1.1507110630046508e-03
1.1946168702631943e-03
1.2385207498863320e-03
1.2824227020435664e-03
1.3263227269038305e-03
1.4768024430978485e-03
2.2370652441145731e-03
2.2224313930603160e-03
2.2077973278528322e-03
2.1871012687695122e-03
2.1578318901070478e-03
2.1164372753130671e-03
2.0725390902319916e-03
2.0286389780151412e-03
1.9847342121767026e-03
1.9408317731518152e-03
1.8969274066173961e-03
1.8530268951013652e-03
1.8091244562465907e-03
1.7980411490569543e-03
1.7541375023099384e-03
1.7102362710088208e-03
1.6663331123049480e-03
1.6224280260293707e-03
1.5785289539384543e-03
1.5346279546338776e-03
1.4907250279477633e-03
1.4468201737106061e-03
1.3566992670659766e-03
6.0431479246247444e-04
6.1894837509146941e-04
6.3358174358190235e-04
6.5427608621930803e-04
6.8354157518155914e-04
7.2492776455335736e-04
7.6884067774122557e-04
8.1275166266967999e-04
8.5664555578377941e-04
9.0054799480871904e-04
9.4444850649371553e-04
9.8835287285714947e-04
1.0322553117117239e-03
1.0433386188963760e-03
