0.0000000000000000e+00
4.3902439023827479e-05
8.7802950709171148e-05
1.3170731707541747e-04
1.7560975593188170e-04
2.1951026744898978e-04
2.6340885179599146e-04
4.8607313523299169e-04
1.2082341017552989e-03
2.1669018511412687e-03
3.5430948918280308e-03
3.5284669574857253e-03
3.5138388091624090e-03
3.4931511181132153e-03
3.4638935742300286e-03
3.4225156975243578e-03
3.3785746531498802e-03
3.3346316778756161e-03
3.2907697750935577e-03
3.2468673360693504e-03
3.2029629695364405e-03
3.1590624580201147e-03
3.1151600191638511e-03
3.1040767119762448e-03
3.0601730652358859e-03
3.0162718339279255e-03
2.9723686752173451e-03
2.9284635889358151e-03
2.8845645168572888e-03
2.6251913613158486e-03
2.1464109471380339e-03
1.5623059410824790e-03
8.1147659914864692e-04
-2.3628505904551086e-04
-2.2165533571551687e-04
-2.0702582641139917e-04
-1.8633694129507311e-04
-1.5707917004588429e-04
-1.1570389439949723e-04
-7.1763033465939977e-05
-2.7824103246546386e-05
1.6041844577913161e-05
5.9944283604231395e-05
1.0384479529070790e-04
1.4774916165469947e-04
1.9165160050991294e-04
2.0273490769483316e-04
2.4663614041767776e-04
2.9053978574496950e-04
3.3444150362662992e-04
3.7834129423298902e-04
4.2224710282080487e-04
4.6615098377309481e-04
6.0748644800774697e-04
1.1430354851170205e-03
1.8226523341926190e-03
2.7514695834423390e-03
2.7368393213054085e-03
2.7222088451204587e-03
2.7015178618619985e-03
2.6722556618587537e-03
2.6308711999398424e-03
2.5869470183093228e-03
2.5430209072606542e-03
2.4991421402540872e-03
2.4552397012279933e-03
2.4113353346935859e-03
2.3674348231775425e-03
2.3235323843224746e-03
2.3124490771336045e-03
2.2685454303878628e-03
2.2246441990859994e-03
2.1807410403811766e-03
2.1368359541050004e-03
2.0929368820152808e-03
2.0490358827125943e-03
2.0051329560276522e-03
1.7192303332339645e-03
1.0777303059307918e-03
2.1006118097066434e-04
2.2469232722237043e-04
2.3932325940712135e-04
2.6001415670912900e-04
2.8927477347595381e-04
3.3065407300927907e-04
3.7458462976864643e-04
4.1851325671841445e-04
4.6238950781157801e-04
5.0629194683754247e-04
5.5019245852416115e-04
5.9409682488751985e-04
6.3799926374210497e-04
6.4908257092713114e-04
6.9298380364981042e-04
7.3688744897795050e-04
7.8078916686048826e-04
8.2468895746591598e-04
8.6859476605396417e-04
9.1249864700638161e-04
9.5640060049286208e-04
1.0280751304020930e-03
1.6471601133112778e-03
2.4763010271042266e-03
2.4616696846784434e-03
2.4470381281723780e-03
2.4263456170553459e-03
2.3970812562256142e-03
2.3556937382201389e-03
2.3117773817964518e-03
2.2678590966415907e-03
2.2239725037407768e-03
2.1800700647145415e-03
2.1361656981800999e-03
2.0922651866648679e-03
2.0483627478102614e-03
2.0372794406201137e-03
1.9933757938730631e-03
1.9494745625725392e-03
1.9055714038694828e-03
1.8616663175941199e-03
1.8177672455012609e-03
1.7738662461956360e-03
1.7299633195078019e-03
1.6860584652681578e-03
1.2259628980403163e-03
4.2157968968742007e-04
4.3619334917889519e-04
4.5080679511408763e-04
4.7147296399877980e-04
5.0069861124679715e-04
5.4218321274988001e-04
5.8608565178117555e-04
6.2998616347295286e-04
6.7388474799487961e-04
7.1779296886352313e-04
7.6169540788151042e-04
8.0559784690464897e-04
8.4950028592933207e-04
8.6058359294708016e-04
9.0448482500719743e-04
9.4838847099791264e-04
9.9229018954305795e-04
1.0361899808116752e-03
1.0800957880732769e-03
1.1239996677000486e-03
1.1679016198592959e-03
1.2118016447224560e-03
1.5381631420526669e-03
2.3224625448890176e-03
2.3079032419830942e-03
2.2933437271015406e-03
2.2725732872904544e-03
2.2431987131283238e-03
2.2019133781355071e-03
2.1580109391283022e-03
2.1141065726122065e-03
2.0702002784184739e-03
2.0263036220646499e-03
1.9824011830332456e-03
1.9384987440082655e-03
1.8945963049844152e-03
1.8835129979664711e-03
1.8396093518960222e-03
1.7957081199193657e-03
1.7518049605388453e-03
1.7078998735870349e-03
1.6640008028484452e-03
1.6200998048971152e-03
1.5761968795634995e-03
1.5322920266780703e-03
1.3050741128392931e-03
5.3622227203303319e-04
5.5071443134789100e-04
5.6534857758294243e-04
5.8604402007813596e-04
6.1531106439764206e-04
6.5669945321967171e-04
7.0060673398575379e-04
7.4451208698686608e-04
7.8841551239353417e-04
8.3231701037355537e-04
8.7621658109678243e-04
9.2011892910288506e-04
9.6402136812536994e-04
9.7510467514268174e-04
1.0190059072028078e-03
1.0629095531927632e-03
1.1068112717377042e-03
1.1507110630061862e-03
1.1946168702687539e-03
1.2385207498962257e-03
1.2824227020571334e-03
1.3263227269219217e-03
1.4768024431036895e-03
2.2370652441198505e-03
2.2224313930653220e-03
2.2077973278581179e-03
2.1871012687748113e-03
2.1578318901126843e-03
2.1164372753195186e-03
2.0725390902364190e-03
2.0286389780179272e-03
1.9847342121813794e-03
1.9408317731563272e-03
1.8969274066222342e-03
1.8530268951068548e-03
1.8091244562521735e-03
1.7980411490632646e-03
1.7541375023160475e-03
1.7102362710144105e-03
1.6663331123106919e-03
1.6224280260353561e-03
1.5785289539445254e-03
1.5346279546403995e-03
1.4907250279542672e-03
1.4468201737163893e-03
1.3566992670701267e-03
6.0431479246596720e-04
6.1894837509577987e-04
6.3358174358590371e-04
6.5427608622293100e-04
6.8354157518561070e-04
7.2492776455659847e-04
7.6884067774479336e-04
8.1275166267256484e-04
8.5664555578707777e-04
9.0054799481157721e-04
9.4444850649572543e-04
9.8835287286048231e-04
1.0322553117162183e-03
1.0433386189005944e-03
