0.0000000000000000e+00
0.0000000000000000e+00
0.0000000000000000e+00
0.0000000000000000e+00
0.0000000000000000e+00
0.0000000000000000e+00
0.0000000000000000e+00
3.5751781916669689e-04
1.7141690005072836e-03
3.5435631807499610e-03
6.2081534239467927e-03
6.2081534239467927e-03
6.2081534239467927e-03
6.2081534239467927e-03
6.2081534239467927e-03
6.2081534239467927e-03
6.2081534239467927e-03
6.2081534239467927e-03
6.2081534239467927e-03
6.2081534239467927e-03
6.2081534239467927e-03
6.2081534239467927e-03
6.2081534239467927e-03
6.2081534239467927e-03
6.2081534239467927e-03
6.2081534239467927e-03
6.2081534239467927e-03
6.2081534239467927e-03
6.2081534239467927e-03
6.6391111001927721e-03
7.5088627826829998e-03
8.5892564257205855e-03
1.0003111665833606e-02
1.2010837032506992e-02
1.2010837032506992e-02
1.2010837032506992e-02
1.2010837032506992e-02
1.2010837032506992e-02
1.2010837032506992e-02
1.2010837032506992e-02
1.2010837032506992e-02
1.2010837032506992e-02
1.2010837032506992e-02
1.2010837032506992e-02
1.2010837032506992e-02
1.2010837032506992e-02
1.2010837032506992e-02
1.2010837032506992e-02
1.2010837032506992e-02
1.2010837032506992e-02
1.2010837032506992e-02
1.2010837032506992e-02
1.2010837032506992e-02
1.2205706852886180e-02
1.3189122752842038e-02
1.4460429536413003e-02
1.6230265371386256e-02
1.6230265371386256e-02
1.6230265371386256e-02
1.6230265371386256e-02
1.6230265371386256e-02
1.6230265371386256e-02
1.6230265371386256e-02
1.6230265371386256e-02
1.6230265371386256e-02
1.6230265371386256e-02
1.6230265371386256e-02
1.6230265371386256e-02
1.6230265371386256e-02
1.6230265371386256e-02
1.6230265371386256e-02
1.6230265371386256e-02
1.6230265371386256e-02
1.6230265371386256e-02
1.6230265371386256e-02
1.6230265371386256e-02
1.6230265371386256e-02
1.6714289851062398e-02
1.7909522967869636e-02
1.9556998383796230e-02
1.9556998383796230e-02
1.9556998383796230e-02
1.9556998383796230e-02
1.9556998383796230e-02
1.9556998383796230e-02
1.9556998383796230e-02
1.9556998383796230e-02
1.9556998383796230e-02
1.9556998383796230e-02
1.9556998383796230e-02
1.9556998383796230e-02
1.9556998383796230e-02
1.9556998383796230e-02
1.9556998383796230e-02
1.9556998383796230e-02
1.9556998383796230e-02
1.9556998383796230e-02
1.9556998383796230e-02
1.9556998383796230e-02
1.9556998383796230e-02
1.9612614888488006e-02
2.0762909872735234e-02
2.2333392123183533e-02
2.2333392123183533e-02
2.2333392123183533e-02
2.2333392123183533e-02
2.2333392123183533e-02
2.2333392123183533e-02
2.2333392123183533e-02
2.2333392123183533e-02
2.2333392123183533e-02
2.2333392123183533e-02
2.2333392123183533e-02
2.2333392123183533e-02
2.2333392123183533e-02
2.2333392123183533e-02
2.2333392123183533e-02
2.2333392123183533e-02
2.2333392123183533e-02
2.2333392123183533e-02
2.2333392123183533e-02
2.2333392123183533e-02
2.2333392123183533e-02
2.2333392123183533e-02
2.3165952198266788e-02
2.4686783818530549e-02
2.4686783818530549e-02
2.4686783818530549e-02
2.4686783818530549e-02
2.4686783818530549e-02
2.4686783818530549e-02
2.4686783818530549e-02
2.4686783818530549e-02
2.4686783818530549e-02
2.4686783818530549e-02
2.4686783818530549e-02
2.4686783818530549e-02
2.4686783818530549e-02
2.4686783818530549e-02
2.4686783818530549e-02
2.4686783818530549e-02
2.4686783818530549e-02
2.4686783818530549e-02
2.4686783818530549e-02
2.4686783818530549e-02
2.4686783818530549e-02
2.4686783818530549e-02
2.5251746690400340e-02
2.6732642628562606e-02
2.6732642628562606e-02
2.6732642628562606e-02
2.6732642628562606e-02
2.6732642628562606e-02
2.6732642628562606e-02
2.6732642628562606e-02
2.6732642628562606e-02
2.6732642628562606e-02
2.6732642628562606e-02
2.6732642628562606e-02
2.6732642628562606e-02
2.6732642628562606e-02
2.6732642628562606e-02
2.6732642628562606e-02
2.6732642628562606e-02
2.6732642628562606e-02
2.6732642628562606e-02
2.6732642628562606e-02
2.6732642628562606e-02
2.6732642628562606e-02
2.6732642628562606e-02
2.7099286227171379e-02
2.8549459274207923e-02
2.8549459274207923e-02
2.8549459274207923e-02
2.8549459274207923e-02
2.8549459274207923e-02
2.8549459274207923e-02
2.8549459274207923e-02
2.8549459274207923e-02
2.8549459274207923e-02
2.8549459274207923e-02
2.8549459274207923e-02
2.8549459274207923e-02
2.8549459274207923e-02
2.8549459274207923e-02
2.8549459274207923e-02
2.8549459274207923e-02
2.8549459274207923e-02
2.8549459274207923e-02
2.8549459274207923e-02
2.8549459274207923e-02
2.8549459274207923e-02
2.8549459274207923e-02
2.8762612236723554e-02
3.0195332222044645e-02
3.0195332222044645e-02
3.0195332222044645e-02
3.0195332222044645e-02
3.0195332222044645e-02
3.0195332222044645e-02
3.0195332222044645e-02
3.0195332222044645e-02
3.0195332222044645e-02
3.0195332222044645e-02
3.0195332222044645e-02
3.0195332222044645e-02
3.0195332222044645e-02
3.0195332222044645e-02
3.0195332222044645e-02
3.0195332222044645e-02
3.0195332222044645e-02
3.0195332222044645e-02
3.0195332222044645e-02
3.0195332222044645e-02
3.0195332222044645e-02
3.0195332222044645e-02
3.0287944360527969e-02
3.1704737282366287e-02
3.1704737282366287e-02
3.1704737282366287e-02
3.1704737282366287e-02
3.1704737282366287e-02
3.1704737282366287e-02
3.1704737282366287e-02
3.1704737282366287e-02
3.1704737282366287e-02
3.1704737282366287e-02
3.1704737282366287e-02
3.1704737282366287e-02
3.1704737282366287e-02
3.1704737282366287e-02
