0.0000000000000000e+00
-2.2853361040538813e-10
-3.2930203671517775e-03
5.1754209116590214e-10
6.7546297874344600e-07
-3.2916693156409319e-03
-9.8777092231865128e-03
-4.8377376766340057e-04
-1.2440560115611980e-02
-3.1939909132836522e-04
-1.3164505864705052e-03
2.7297088768487201e-07
9.5133724995808864e-04
1.6721745122664738e-03
1.4433766671630810e-03
-1.3762691140505382e-03
-2.4537554640737645e-09
-1.9222770000312816e-03
-4.9075266069307905e-09
-1.0891733061477292e-09
-3.2923429188879585e-03
8.5678814503201799e-10
-6.7569748045745350e-07
3.9873691721390985e-10
-2.0591285693106233e-03
5.0987731298072601e-10
-1.2336373763218167e-03
-5.7593676989637728e-03
1.2676828256523107e-09
1.2049972517077406e-03
8.7078238890926163e-04
3.4392400381878726e-05
1.2996005374031871e-04
5.2834858506956820e-04
8.2789009000320305e-08
-8.9387964060474469e-04
-2.7824648259799881e-03
-6.7021161141769554e-03
-1.4743272718667003e-02
2.1155878613169200e-09
1.1448808169653289e-02
-9.5864044116781111e-10
4.7422156325360065e-10
-3.2930181368107962e-03
7.9692571049021243e-10
6.7435960367859933e-07
2.2558836508651841e-10
-2.0647938452396093e-03
4.6459041985761880e-10
-1.2278020429894530e-03
-5.7488759030864950e-03
9.8909714862527374e-10
2.4570348480367106e-03
-7.3650010600060856e-05
-1.0516673547305736e-02
-1.3559989886190030e-04
-7.1192330846290837e-04
4.5318250386071142e-08
3.4629732320827917e-04
2.1170357289156612e-04
-1.2270524409954383e-03
-5.7582291816797668e-03
-1.0062734369662128e-09
2.4609338974290584e-03
-2.7232886480675431e-09
-9.2477089580089618e-10
-3.2923449527785930e-03
-2.5440100123680167e-10
-6.7537744761076217e-07
-6.1617644017653492e-10
-2.0591351193870685e-03
-3.4685706892069293e-10
-1.2336328379829783e-03
-5.7593577557147066e-03
2.8320161645861371e-10
2.4658322608867756e-03
1.6388127017099732e-03
1.9123932425560747e-03
4.5174124595897761e-03
3.9573686483269097e-04
3.2414208246586129e-08
-7.6142665452638247e-04
-2.4627235212156253e-03
-6.1177079536519387e-03
-1.3784966069947542e-02
1.4437797970809728e-09
1.0491765315234027e-02
-1.0906989928935421e-09
-6.1885399467482217e-10
-3.2930201436728763e-03
-5.9074170195164176e-10
6.7350426741029292e-07
-1.1503541869310273e-09
-2.0647982827127266e-03
-5.7484579575176337e-10
-1.2277999723853924e-03
-5.7488709227079843e-03
4.4545650242965513e-11
2.4570281103847313e-03
1.6215388597066813e-03
-5.8460371230635647e-03
-2.6419573804206900e-05
-5.0126786386997611e-04
2.5539400043996102e-08
1.3556860304280723e-04
-2.9706977983808827e-04
-2.1574390400882033e-03
-7.2850951136429060e-03
-2.9128100440541909e-10
3.9885282461193409e-03
-2.0694400348995547e-09
-1.2602750409825884e-09
-3.2923459758294211e-03
-6.8759406906838994e-10
-6.7532689548388765e-07
-1.3948042075827947e-09
-2.0591375217893625e-03
-1.1134243304856337e-09
-1.2336316946113721e-03
-5.7593550801955384e-03
-7.7615404997516421e-10
2.4658273627989522e-03
1.6388044254427670e-03
-2.4803955598344998e-03
1.2342674810107325e-02
2.7792940731954860e-03
2.1515347143763487e-08
-3.1443643195058369e-03
-8.2145332304499313e-03
-1.6631632057844875e-02
-1.2627709795880931e-08
-6.6998413074777577e-09
-3.2930210868887806e-03
-9.8797304719787198e-03
9.2358828506943439e-10
-5.5823269562925300e-10
-8.7916417776044489e-10
-8.5082591884543058e-10
-6.3283559907820140e-10
-2.0621246079734353e-03
-1.9570284826764889e-10
-1.2304736062694792e-03
-5.7542192194630732e-03
1.3270758077570612e-10
2.4623785185847935e-03
1.6322408928016365e-03
-2.4910868445178719e-03
-4.0279354681051127e-03
-1.3205137467631706e-02
1.9265082566911568e-08
1.2841784407962362e-02
-1.8526994627405598e-08
-1.9416087377067459e-02
-3.4056322745741393e-08
-7.4445754978358707e-09
-3.2923265327801450e-03
-9.8763171234094085e-03
1.5055724863607661e-09
4.0192936077467960e-11
7.9811338677178055e-11
1.7972769643664453e-10
2.0451795047835493e-10
-2.0618070569315429e-03
5.7012994655269198e-10
-1.2309598509710579e-03
-5.7540137348290263e-03
1.1241308724640044e-09
2.4604920191192378e-03
1.6281330862776967e-03
-2.4964010662864859e-03
7.1380772341830714e-04
1.9587779154538132e-02
1.8258297430552441e-08
-1.2424995925209648e-08
-6.2463414887648557e-04
-2.7572649700354848e-03
-8.2721808041043808e-03
1.6531394426689505e-09
4.9808585817336503e-03
6.6697162221213586e-03
5.0658999431868849e-03
1.6873522945219289e-04
3.4204998436285773e-10
-3.1229299178458804e-10
-5.6421304222066309e-10
-2.0621245085614979e-03
-1.8735205897365896e-10
-1.2304732558793868e-03
-5.7542189488883379e-03
4.1189440992695945e-10
2.4623786377734316e-03
1.6322410348297738e-03
-2.4910866041548715e-03
-1.1128194229269195e-04
-5.1975801507514008e-05
1.6920425773839456e-08
-3.1382194147831468e-04
-1.3821222258394580e-03
-4.1417311929539810e-03
-1.0541661381233039e-02
2.0368021690766197e-09
7.2468723470267889e-03
6.7266953705614147e-10
6.2610950033101480e-10
-3.2923452478360580e-03
4.8230219019068810e-10
-6.7374189442475085e-07
1.9340972789633851e-10
-2.0591381598975486e-03
-1.1784975548378075e-11
-1.2336287325560283e-03
-5.7593499265909034e-03
7.2473468392060325e-10
2.4658252042496481e-03
1.6387984910149799e-03
-2.4804050190556201e-03
1.2773964632441142e-02
7.7704021459549700e-05
1.6296831089650258e-08
-4.4351726954846541e-04
-1.6953543992467319e-03
-4.7150167905904055e-03
-1.1484414552822429e-02
2.1034152966666519e-09
8.1931883182316846e-03
5.8638678059012937e-10
5.8589319335405823e-10
-3.2930199416964646e-03
5.3128802875581380e-10
6.7538679855482606e-07
-4.4719440584524525e-11
