0.0000000000000000e+00
2.9999999999987818e+01
6.0003073678470926e+01
9.0000000000806153e+01
1.1999999898594511e+02
1.5000307164916887e+02
1.8000921900603146e+02
2.0999869922542905e+02
2.3996881510588031e+02
2.6999927072180185e+02
2.9999751150090322e+02
2.9000000073529964e+02
2.8000283129554305e+02
2.6586528129571764e+02
2.4587293137262085e+02
2.1760180848436676e+02
1.8757359313990486e+02
1.5754845640194318e+02
1.2757359313794665e+02
9.7573593133023394e+01
6.7576665791407834e+01
3.7573593129968629e+01
7.5735941466832495e+00
3.1802049337928681e-10
2.9998079766200696e+01
5.9999999999060947e+01
8.9998846934330260e+01
1.1999462158687970e+02
1.4999999999829012e+02
1.7999605689557387e+02
2.0999706944620578e+02
2.3999988035976486e+02
2.6999951773289928e+02
2.9999768173726386e+02
2.8999999977405650e+02
2.8000197646633950e+02
2.6586205352306769e+02
2.4586401696775818e+02
2.1758019040036413e+02
1.8757359312910194e+02
1.5756392255403884e+02
1.2757359312829917e+02
9.7573593128957796e+01
6.7570519451159882e+01
3.7573593127973190e+01
7.5735941417509656e+00
1.8852719616528951e-10
3.0001928753756136e+01
6.0000000000637236e+01
9.0001144288942783e+01
1.2000536263383867e+02
1.5000000000157573e+02
1.7999770927566573e+02
2.0999979545083647e+02
2.3997179568890661e+02
2.6999965007236671e+02
2.9999829520806151e+02
2.9000000012302911e+02
2.8000204639406661e+02
2.6586338729269875e+02
2.4586946896525421e+02
2.1759612822299192e+02
1.8757359313733971e+02
1.5755413600698685e+02
1.2757359313497378e+02
9.7573593131627518e+01
6.7576665791698446e+01
3.7573593129571293e+01
7.5735941453888955e+00
1.9117228934313710e-10
2.9998079763797996e+01
5.9999999999512283e+01
8.9998846937668219e+01
1.1999462159305921e+02
1.4999999999865878e+02
1.8000230396483295e+02
2.1000153450719534e+02
2.3999366096698142e+02
2.6998417140725826e+02
2.9999847745408312e+02
2.8999999990949118e+02
2.8000118097104894e+02
2.6586013275228549e+02
2.4586050464925481e+02
2.1757442695747326e+02
1.8757359312829897e+02
1.5756968706415626e+02
1.2757359312917858e+02
9.7573593128882706e+01
6.7570519450191682e+01
3.7573593128008760e+01
7.5735941428457636e+00
3.0316390239008262e-10
3.0001928756957131e+01
6.0000000000542563e+01
9.0001144285513931e+01
1.2000536262695800e+02
1.5000000000155555e+02
1.7999770928274489e+02
2.0999849148516347e+02
2.3998373791957721e+02
2.6999993046614890e+02
2.9999875245278594e+02
2.9000000007076301e+02
2.8000158906777426e+02
2.6586228332251915e+02
2.4586745058099251e+02
2.1759281681890906e+02
1.8757359313627148e+02
1.5755744690890856e+02
1.2757359313385004e+02
9.7573593131583962e+01
6.7576665792562977e+01
3.7573593130058917e+01
7.5735941453845239e+00
6.6192673672554440e-11
2.9998079762016328e+01
5.9999999999290871e+01
8.9998846938920465e+01
1.1999462159590999e+02
1.4999999999817476e+02
1.8000230396128296e+02
2.1000153450042416e+02
2.3999769263080276e+02
2.6995806867700770e+02
2.9998970628727778e+02
2.8999999993810889e+02
2.8000995270095024e+02
2.6588131040441874e+02
2.4589922865282412e+02
2.1757359311831343e+02
1.8757359312150044e+02
1.5757051944642953e+02
1.2756437107739853e+02
9.7573593125768809e+01
6.7573593128592847e+01
3.7573593128896235e+01
7.5735931288781266e+00
-6.0288292300293112e-11
3.0001924739416662e+01
6.0000000000411966e+01
9.0001148303905666e+01
1.2000537066501749e+02
1.5000000000147816e+02
1.7999770124203934e+02
2.0999847540156503e+02
2.4000232349533329e+02
2.6998908124608698e+02
2.9996646391440555e+02
2.9000000005313967e+02
2.8003387586379182e+02
2.6585786439657551e+02
2.4581112681091071e+02
2.1757359316138289e+02
1.8757359313759974e+02
1.5757666577702020e+02
1.2758281006505794e+02
9.7573593132000170e+01
6.7573593129192645e+01
3.7573593129028701e+01
7.5735931290704324e+00
8.0572562494445109e-11
2.9998075738024184e+01
5.9999999999426599e+01
8.9998850962073078e+01
1.1999462964084725e+02
1.4999999999824982e+02
1.8000229591863933e+02
2.1000151841754609e+02
2.3999766850990488e+02
2.6999762705533919e+02
2.9992909249733555e+02
2.8999999995095300e+02
2.7999999998298927e+02
2.6585728144905431e+02
2.4585529098966620e+02
2.1756587207353249e+02
1.8757359312632630e+02
1.5757824305116387e+02
1.2757982083353002e+02
9.7578325458699766e+01
6.7573755911242245e+01
3.7573593128270289e+01
7.5735931287216758e+00
8.6813013789580894e-11
3.0001924739171368e+01
6.0000000000381135e+01
9.0001148304000054e+01
1.2000537066543777e+02
1.5000000000142975e+02
1.7999770124154156e+02
2.0999847540073958e+02
2.4000232349415188e+02
2.6999969428871731e+02
2.9999986759020817e+02
2.9000000004601543e+02
2.8000047393933107e+02
2.6585959129942080e+02
2.4586252869218418e+02
2.1758474182349232e+02
1.8757359313267077e+02
1.5756552062335436e+02
1.2757359313024084e+02
9.7573593129905021e+01
6.7576665792782336e+01
3.7573593129456576e+01
7.5735941442276680e+00
4.9114298265110247e-11
2.9998079759528984e+01
5.9999999999801211e+01
8.9998846942476135e+01
1.1999462160244181e+02
1.4999999999875544e+02
1.8000230395581465e+02
2.1000153448904987e+02
2.3999769261333381e+02
2.6995817066565496e+02
2.9999971833610243e+02
2.8999999995558039e+02
2.7999994010909052e+02
2.6585713685755297e+02
2.4585502651654201e+02
2.1756543791569624e+02
1.8757359312607682e+02
1.5757867767354591e+02
1.2757359312842324e+02
9.7573593128265586e+01
6.7570519449811968e+01
3.7573593128204379e+01
7.5735941436129233e+00
7.1227154187157854e-11
