0.0000000000000000e+00
-1.8340564644258472e-10
-3.2930203535822336e-03
4.5392811636290846e-10
6.7533783615857425e-07
-3.2916693905807436e-03
-9.8777093169620592e-03
-4.8377382089996948e-04
-1.2440560170926698e-02
-3.1939913492894898e-04
-1.3164506049353002e-03
2.7292848894580447e-07
9.5133724713255576e-04
1.6721745566567231e-03
1.4433766795474120e-03
-1.3762692536200968e-03
-2.5200256898977171e-09
-1.9222770728273073e-03
-5.0733484259488779e-09
-1.2741821157443234e-09
-3.2923429637348699e-03
7.5815920709545298e-10
-6.7580215221236421e-07
2.9327468109817917e-10
-2.0591283253548419e-03
5.2933313141747568e-10
-1.2336375854192796e-03
-5.7593682281989614e-03
1.4012753005033484e-09
1.2049972529109758e-03
8.7078241490519295e-04
3.4392420168681944e-05
1.2996006839357461e-04
5.2834852740146385e-04
8.2743584927746971e-08
-8.9387971107560051e-04
-2.7824647161021369e-03
-6.7021159933478378e-03
-1.4743272524269869e-02
2.2082982619940252e-09
1.1448808162559589e-02
-8.7008745056794092e-10
5.9851345878743267e-10
-3.2930177067469323e-03
9.7980250892348924e-10
6.7442681712093866e-07
3.9987114568130992e-10
-2.0647931486107432e-03
4.7584098259219245e-10
-1.2278025778905063e-03
-5.7488771046634805e-03
9.8099120276563445e-10
2.4570359738083562e-03
-7.3650165953160584e-05
-1.0516673595855435e-02
-1.3559990496908277e-04
-7.1192336702958418e-04
4.5314588343002882e-08
3.4629739330737215e-04
2.1170369708558434e-04
-1.2270522000336706e-03
-5.7582288427616129e-03
-1.0215270226551766e-09
2.4609335474818669e-03
-2.8121790495113416e-09
-9.8074590306581413e-10
-3.2923451752494377e-03
-4.0800167277501816e-10
-6.7546757613774147e-07
-7.1148487474739332e-10
-2.0591353927789293e-03
-4.1615497973200145e-10
-1.2336328534512302e-03
-5.7593577287438913e-03
1.9755324981522396e-10
2.4658320664415674e-03
1.6388122575576643e-03
1.9123931328723269e-03
4.5174124058459551e-03
3.9573688763301634e-04
3.2446295931379293e-08
-7.6142659430767181e-04
-2.4627234265893311e-03
-6.1177078622684806e-03
-1.3784966059258387e-02
1.7123192121808548e-09
1.0491765715307357e-02
-1.0295059240174683e-09
-6.3653909996297868e-10
-3.2930200657095890e-03
-5.8570613216804583e-10
6.7345861015008829e-07
-1.0594735384269954e-09
-2.0647979598036334e-03
-5.3848058483898982e-10
-1.2278003881505931e-03
-5.7488714842672886e-03
-5.8251545193948249e-12
2.4570287536927228e-03
1.6215401151892365e-03
-5.8460370524377652e-03
-2.6419631136622859e-05
-5.0126782560662518e-04
2.5619477664505188e-08
1.3556875279410418e-04
-2.9706951456674702e-04
-2.1574388682249223e-03
-7.2850948692402360e-03
-1.6353831530325804e-10
3.9885283363554442e-03
-1.9531553701310500e-09
-1.1791994302583465e-09
-3.2923459865376943e-03
-6.5242337355391473e-10
-6.7539811268394571e-07
-1.4285574930069110e-09
-2.0591375927485694e-03
-1.1846986634241159e-09
-1.2336317815254904e-03
-5.7593551879410263e-03
-8.2708355890111738e-10
2.4658272917905942e-03
1.6388044534470724e-03
-2.4803954594158914e-03
1.2342674751807335e-02
2.7792939836868277e-03
2.1402378612973137e-08
-3.1443642700998346e-03
-8.2145331621459646e-03
-1.6631631749271139e-02
-1.2344076583718294e-08
-6.4210082279262662e-09
-3.2930209246714924e-03
-9.8797303881576811e-03
9.4859092554063720e-10
-7.3530541287622925e-10
-9.7352905642973917e-10
-1.0081436080331090e-09
-6.8510099653663360e-10
-2.0621246963710735e-03
-4.0237423469632000e-10
-1.2304739681930472e-03
-5.7542196094388254e-03
-1.3561123823021860e-10
2.4623783434745573e-03
1.6322410715418180e-03
-2.4910864981933442e-03
-4.0279355989427746e-03
-1.3205137610316142e-02
1.9158907468180905e-08
1.2841784298956469e-02
-1.8720049919459923e-08
-1.9416087482212484e-02
-3.4218916278328538e-08
-7.7177899789705832e-09
-3.2923268307044179e-03
-9.8763175963055699e-03
1.1517886808527113e-09
-2.0203277969948482e-10
-5.1192448416783001e-11
2.4320471292641877e-11
8.6488430157684602e-11
-2.0618069796155859e-03
4.1931048916603287e-10
-1.2309600920230692e-03
-5.7540141117171737e-03
1.1277575081248323e-09
2.4604924688388648e-03
1.6281339721781461e-03
-2.4963997661089660e-03
7.1380775858603579e-04
1.9587779145971235e-02
1.8242367649151519e-08
-1.2577963312489201e-08
-6.2463433970424043e-04
-2.7572651795822580e-03
-8.2721810644364683e-03
1.5290296144836322e-09
4.9808586866433970e-03
6.6697163439009373e-03
5.0659001863463783e-03
1.6873555837006551e-04
5.2832976428556820e-12
-6.9207334291414319e-10
-1.0559799906803452e-09
-2.0621252566979252e-03
-6.0621246698312761e-10
-1.2304733998824025e-03
-5.7542188479368164e-03
-9.7071080981150057e-11
2.4623774313286165e-03
1.6322392523722890e-03
-2.4910891080101231e-03
-1.1128239795086517e-04
-5.1975997288657041e-05
1.6829088825502501e-08
-3.1382210279196060e-04
-1.3821223567485929e-03
-4.1417314257796520e-03
-1.0541661738561931e-02
2.0152364491771098e-09
7.2468725482770181e-03
6.0575500463259560e-10
5.6326289950936099e-10
-3.2923453648030128e-03
2.9149450015756357e-10
-6.7392927831901455e-07
-7.2582540503864755e-11
-2.0591383918881346e-03
-1.9869736236722819e-10
-1.2336289261129950e-03
-5.7593501259669347e-03
5.0386771308245585e-10
2.4658248893929409e-03
1.6387981560725927e-03
-2.4804053112729672e-03
1.2773964574125996e-02
7.7704032748476281e-05
1.6233708255278983e-08
-4.4351730577372089e-04
-1.6953543755746816e-03
-4.7150168328449604e-03
-1.1484414492942532e-02
2.1071139252704010e-09
8.1931884343193206e-03
6.1616667208488237e-10
6.8570671867297386e-10
-3.2930197132211283e-03
5.1190363543355061e-10
6.7519704339032515e-07
-2.2116623974124906e-10
