2.0000000000000020e+02
2.0000000000000020e+02
2.0000000000000020e+02
2.0000000000000020e+02
2.0000000000000020e+02
2.0000000000000020e+02
2.0000000000000020e+02
2.0212226312939339e+02
2.0977378236672035e+02
2.1915316852056097e+02
2.3109829108437543e+02
2.3109829108437543e+02
2.3109829108437543e+02
2.3109829108437543e+02
2.3109829108437543e+02
2.3109829108437543e+02
2.3109829108437543e+02
2.3109829108437543e+02
2.3109829108437543e+02
2.3109829108437543e+02
2.3109829108437543e+02
2.3109829108437543e+02
2.3109829108437543e+02
2.3109829108437543e+02
2.3109829108437543e+02
2.3109829108437543e+02
2.3109829108437543e+02
2.3109829108437543e+02
2.3109829108437543e+02
2.3285707743796326e+02
2.3627108278256281e+02
2.4027117107278067e+02
2.4512908174466702e+02
2.5135641381669217e+02
2.5135641381669217e+02
2.5135641381669217e+02
2.5135641381669217e+02
2.5135641381669217e+02
2.5135641381669217e+02
2.5135641381669217e+02
2.5135641381669217e+02
2.5135641381669217e+02
2.5135641381669217e+02
2.5135641381669217e+02
2.5135641381669217e+02
2.5135641381669217e+02
2.5135641381669217e+02
2.5135641381669217e+02
2.5135641381669217e+02
2.5135641381669217e+02
2.5135641381669217e+02
2.5135641381669217e+02
2.5135641381669217e+02
2.5192185178534933e+02
2.5467662876192767e+02
2.5800525825897705e+02
2.6223607568522482e+02
2.6223607568522482e+02
2.6223607568522482e+02
2.6223607568522482e+02
2.6223607568522482e+02
2.6223607568522482e+02
2.6223607568522482e+02
2.6223607568522482e+02
2.6223607568522482e+02
2.6223607568522482e+02
2.6223607568522482e+02
2.6223607568522482e+02
2.6223607568522482e+02
2.6223607568522482e+02
2.6223607568522482e+02
2.6223607568522482e+02
2.6223607568522482e+02
2.6223607568522482e+02
2.6223607568522482e+02
2.6223607568522482e+02
2.6223607568522482e+02
2.6331702338760601e+02
2.6585559256416326e+02
2.6906926706589115e+02
2.6906926706589115e+02
2.6906926706589115e+02
2.6906926706589115e+02
2.6906926706589115e+02
2.6906926706589115e+02
2.6906926706589115e+02
2.6906926706589115e+02
2.6906926706589115e+02
2.6906926706589115e+02
2.6906926706589115e+02
2.6906926706589115e+02
2.6906926706589115e+02
2.6906926706589115e+02
2.6906926706589115e+02
2.6906926706589115e+02
2.6906926706589115e+02
2.6906926706589115e+02
2.6906926706589115e+02
2.6906926706589115e+02
2.6906926706589115e+02
2.6917231059783978e+02
2.7122820423389720e+02
2.7381552550501050e+02
2.7381552550501050e+02
2.7381552550501050e+02
2.7381552550501050e+02
2.7381552550501050e+02
2.7381552550501050e+02
2.7381552550501050e+02
2.7381552550501050e+02
2.7381552550501050e+02
2.7381552550501050e+02
2.7381552550501050e+02
2.7381552550501050e+02
2.7381552550501050e+02
2.7381552550501050e+02
2.7381552550501050e+02
2.7381552550501050e+02
2.7381552550501050e+02
2.7381552550501050e+02
2.7381552550501050e+02
2.7381552550501050e+02
2.7381552550501050e+02
2.7381552550501050e+02
2.7509140177534107e+02
2.7726369111748494e+02
2.7726369111748494e+02
2.7726369111748494e+02
2.7726369111748494e+02
2.7726369111748494e+02
2.7726369111748494e+02
2.7726369111748494e+02
2.7726369111748494e+02
2.7726369111748494e+02
2.7726369111748494e+02
2.7726369111748494e+02
2.7726369111748494e+02
2.7726369111748494e+02
2.7726369111748494e+02
2.7726369111748494e+02
2.7726369111748494e+02
2.7726369111748494e+02
2.7726369111748494e+02
2.7726369111748494e+02
2.7726369111748494e+02
2.7726369111748494e+02
2.7726369111748494e+02
2.7802148501559515e+02
2.7989011212319826e+02
2.7989011212319826e+02
2.7989011212319826e+02
2.7989011212319826e+02
2.7989011212319826e+02
2.7989011212319826e+02
2.7989011212319826e+02
2.7989011212319826e+02
2.7989011212319826e+02
2.7989011212319826e+02
2.7989011212319826e+02
2.7989011212319826e+02
2.7989011212319826e+02
2.7989011212319826e+02
2.7989011212319826e+02
2.7989011212319826e+02
2.7989011212319826e+02
2.7989011212319826e+02
2.7989011212319826e+02
2.7989011212319826e+02
2.7989011212319826e+02
2.7989011212319826e+02
2.8032767132841786e+02
2.8196701412325137e+02
2.8196701412325137e+02
2.8196701412325137e+02
2.8196701412325137e+02
2.8196701412325137e+02
2.8196701412325137e+02
2.8196701412325137e+02
2.8196701412325137e+02
2.8196701412325137e+02
2.8196701412325137e+02
2.8196701412325137e+02
2.8196701412325137e+02
2.8196701412325137e+02
2.8196701412325137e+02
2.8196701412325137e+02
2.8196701412325137e+02
2.8196701412325137e+02
2.8196701412325137e+02
2.8196701412325137e+02
2.8196701412325137e+02
2.8196701412325137e+02
2.8196701412325137e+02
2.8219617268672715e+02
2.8366270954808630e+02
2.8366270954808630e+02
2.8366270954808630e+02
2.8366270954808630e+02
2.8366270954808630e+02
2.8366270954808630e+02
2.8366270954808630e+02
2.8366270954808630e+02
2.8366270954808630e+02
2.8366270954808630e+02
2.8366270954808630e+02
2.8366270954808630e+02
2.8366270954808630e+02
2.8366270954808630e+02
2.8366270954808630e+02
2.8366270954808630e+02
2.8366270954808630e+02
2.8366270954808630e+02
2.8366270954808630e+02
2.8366270954808630e+02
2.8366270954808630e+02
2.8366270954808630e+02
2.8375323967383349e+02
2.8507726410347288e+02
2.8507726410347288e+02
2.8507726410347288e+02
2.8507726410347288e+02
2.8507726410347288e+02
2.8507726410347288e+02
2.8507726410347288e+02
2.8507726410347288e+02
2.8507726410347288e+02
2.8507726410347288e+02
2.8507726410347288e+02
2.8507726410347288e+02
2.8507726410347288e+02
2.8507726410347288e+02
