0.0000000000000000e+00
-3.0000000000193779e+01
-6.0006366698831265e+01
-9.0000000000320398e+01
-1.1999999831054478e+02
-1.5000636331852201e+02
-1.8001909671530154e+02
-2.0999918299922328e+02
-2.3998125566602363e+02
-2.6999959012091506e+02
-2.9999882795149921e+02
-2.9000000046234987e+02
-2.8000187995829464e+02
-2.6586360912118323e+02
-2.4587148799594743e+02
-2.1760318475355044e+02
-1.8757359314239184e+02
-1.5755037867897954e+02
-1.2757359314293717e+02
-9.7573593134205041e+01
-6.7579958134349155e+01
-3.7573593129161154e+01
-7.5735948224330638e+00
-1.3441337690916994e-10
2.9996020637753379e+01
5.9999999999580545e+01
8.9997613296849394e+01
1.1998886221891613e+02
1.4999999999962472e+02
1.7999726189282617e+02
2.0999794022860772e+02
2.3999991475217490e+02
2.6999964769296054e+02
2.9999821008582001e+02
2.8999999985682285e+02
2.8000108258666381e+02
2.6585927105829666e+02
2.4585731485170464e+02
2.1756544712774274e+02
1.8757359313126400e+02
1.5757537136220489e+02
1.2757359312738480e+02
9.7573593129494100e+01
6.7567226433238091e+01
3.7573593128861582e+01
7.5735948161441771e+00
8.3368138273398822e-11
-3.0003993547253064e+01
-6.0000000000167034e+01
-9.0002372091253207e+01
-1.2001111151034259e+02
-1.5000000000059060e+02
-1.7999525224025479e+02
-2.0999986910092466e+02
-2.3998231236247838e+02
-2.6999978567226856e+02
-2.9999900713139925e+02
-2.9000000007771257e+02
-2.8000170009670853e+02
-2.6586317558906359e+02
-2.4587069601757483e+02
-2.1760188645200407e+02
-1.8757359313835363e+02
-1.5755167507326445e+02
-1.2757359313774154e+02
-9.7573593132580314e+01
-6.7579958136762457e+01
-3.7573593129902484e+01
-7.5735948208114099e+00
-6.2057428292606363e-10
2.9996020628541906e+01
5.9999999999130779e+01
8.9997613304822551e+01
1.1998886223531704e+02
1.4999999999889920e+02
1.8000476979699656e+02
2.1000317331967517e+02
2.3999557336016915e+02
2.6998868881969099e+02
2.9999887319095933e+02
2.8999999994192132e+02
2.8000041954442469e+02
2.6585767002881164e+02
2.4585438694134695e+02
2.1756064199140866e+02
1.8757359312987703e+02
1.5758017882967158e+02
1.2757359312811852e+02
9.7573593128254970e+01
6.7567226430086961e+01
3.7573593127420523e+01
7.5735948163271987e+00
-1.0999165623644427e-09
-3.0003993555078406e+01
-6.0000000001099195e+01
-9.0002372085694205e+01
-1.2001111149816151e+02
-1.5000000000153614e+02
-1.7999525225431293e+02
-2.0999686994567611e+02
-2.3998958395666494e+02
-2.6999995688575154e+02
-2.9999925372063069e+02
-2.9000000004518364e+02
-2.8000145349909633e+02
-2.6586258039216631e+02
-2.4586960801994672e+02
-2.1760010191390052e+02
-1.8757359313649883e+02
-1.5755345838061731e+02
-1.2757359313586136e+02
-9.7573593132803722e+01
-6.7579958138544157e+01
-3.7573593130728902e+01
-7.5735948207470329e+00
-1.7342056394147680e-09
2.9996020624459064e+01
5.9999999998141831e+01
8.9997613307182377e+01
1.1998886224077592e+02
1.4999999999737324e+02
1.8000476978861019e+02
2.1000317330486359e+02
2.3999521223529320e+02
2.6997041135178847e+02
2.9999248558130620e+02
2.8999999995956756e+02
2.8000680833665530e+02
2.6587309587122252e+02
2.4588259702092060e+02
2.1757359310582757e+02
1.8757359311493991e+02
1.5756722642542363e+02
1.2755449134696840e+02
9.7573593126704864e+01
6.7573593127946069e+01
3.7573593127969907e+01
7.5735931279486444e+00
-4.9349825475709178e-10
-3.0003986864068832e+01
-6.0000000000710976e+01
-9.0002378777692911e+01
-1.2001112488443184e+02
-1.5000000000147963e+02
-1.7999523886360839e+02
-2.0999684316058284e+02
-2.4000481458200449e+02
-2.6999310918162047e+02
-2.9997966905194471e+02
-2.9000000003392790e+02
-2.8002103407943832e+02
-2.6585786441519906e+02
-2.4583054289834033e+02
-2.1757359319552060e+02
-1.8757359314518098e+02
-1.5757995810370187e+02
-1.2759268638241781e+02
-9.7573593130671469e+01
-6.7573593129273590e+01
-3.7573593129014419e+01
-7.5735931289684064e+00
8.0198888485890551e-12
2.9996013931005916e+01
5.9999999999921314e+01
8.9997620002101598e+01
1.1998887562692396e+02
1.4999999999937575e+02
1.8000475641088332e+02
2.1000314655107519e+02
2.3999517210948866e+02
2.6999834086308005e+02
2.9994868027648567e+02
2.8999999996920326e+02
2.7999999997048764e+02
2.6585665681481009e+02
2.4585253372459164e+02
2.1755759989259829e+02
1.8757359312791735e+02
1.5758322390979811e+02
1.2758649054981296e+02
9.7583391358764530e+01
6.7573924646636172e+01
3.7573593128443960e+01
7.5735931282194908e+00
-7.2293634280367680e-10
-3.0003986864054006e+01
-6.0000000000777938e+01
-9.0002378777327920e+01
-1.2001112488433608e+02
-1.5000000000127224e+02
-1.7999523886350713e+02
-2.0999684316059597e+02
-2.4000481458200807e+02
-2.6999980557088747e+02
-2.9999991956610734e+02
-2.9000000002914072e+02
-2.8000078776135319e+02
-2.6586097342171212e+02
-2.4586667042349342e+02
-2.1759528348505211e+02
-1.8757359313064472e+02
-1.5755827375090684e+02
-1.2757359312960166e+02
-9.7573593129310339e+01
-6.7579958138088685e+01
-3.7573593129069650e+01
-7.5735948180632562e+00
1.9288516825273392e-10
2.9996020621253088e+01
5.9999999999695973e+01
8.9997613313646781e+01
1.1998886225241557e+02
1.4999999999936966e+02
1.8000476978086152e+02
2.1000317328737350e+02
2.3999521220816871e+02
2.6997094463025826e+02
2.9999979604012958e+02
2.8999999997184540e+02
2.7999949659180288e+02
2.6585544150316548e+02
2.4585031149973025e+02
2.1755395350117345e+02
1.8757359312818213e+02
1.5758687086192214e+02
1.2757359312902454e+02
9.7573593128901422e+01
6.7567226429984487e+01
3.7573593128725996e+01
7.5735948189048425e+00
1.2910988734896501e-10
