0.0000000000000000e+00
0.0000000000000000e+00
0.0000000000000000e+00
0.0000000000000000e+00
0.0000000000000000e+00
0.0000000000000000e+00
0.0000000000000000e+00
9.1578730531566562e+03
4.7294112022252579e+04
1.0557329706618720e+05
2.0044586918259526e+05
2.0044586918259526e+05
2.0044586918259526e+05
2.0044586918259526e+05
2.0044586918259526e+05
2.0044586918259526e+05
2.0044586918259526e+05
2.0044586918259526e+05
2.0044586918259526e+05
2.0044586918259526e+05
2.0044586918259526e+05
2.0044586918259526e+05
2.0044586918259526e+05
2.0044586918259526e+05
2.0044586918259526e+05
2.0044586918259526e+05
2.0044586918259526e+05
2.0044586918259526e+05
2.0044586918259526e+05
2.0966582717475711e+05
2.3087376634184943e+05
2.6127303397905218e+05
3.0636212316339370e+05
3.7792688400219101e+05
3.7792688400219101e+05
3.7792688400219101e+05
3.7792688400219101e+05
3.7792688400219101e+05
3.7792688400219101e+05
3.7792688400219101e+05
3.7792688400219101e+05
3.7792688400219101e+05
3.7792688400219101e+05
3.7792688400219101e+05
3.7792688400219101e+05
3.7792688400219101e+05
3.7792688400219101e+05
3.7792688400219101e+05
3.7792688400219101e+05
3.7792688400219101e+05
3.7792688400219101e+05
3.7792688400219101e+05
3.7792688400219101e+05
3.8295157466229144e+05
4.1059620740574412e+05
4.5109661592922499e+05
5.1411164089589380e+05
5.1411164089589380e+05
5.1411164089589380e+05
5.1411164089589380e+05
5.1411164089589380e+05
5.1411164089589380e+05
5.1411164089589380e+05
5.1411164089589380e+05
5.1411164089589380e+05
5.1411164089589380e+05
5.1411164089589380e+05
5.1411164089589380e+05
5.1411164089589380e+05
5.1411164089589380e+05
5.1411164089589380e+05
5.1411164089589380e+05
5.1411164089589380e+05
5.1411164089589380e+05
5.1411164089589380e+05
5.1411164089589380e+05
5.1411164089589380e+05
5.2816867776685359e+05
5.6628410290538950e+05
6.2500636456258188e+05
6.2500636456258188e+05
6.2500636456258188e+05
6.2500636456258188e+05
6.2500636456258188e+05
6.2500636456258188e+05
6.2500636456258188e+05
6.2500636456258188e+05
6.2500636456258188e+05
6.2500636456258188e+05
6.2500636456258188e+05
6.2500636456258188e+05
6.2500636456258188e+05
6.2500636456258188e+05
6.2500636456258188e+05
6.2500636456258188e+05
6.2500636456258188e+05
6.2500636456258188e+05
6.2500636456258188e+05
6.2500636456258188e+05
6.2500636456258188e+05
6.2666760828888009e+05
6.6331378534369322e+05
7.1923089604823163e+05
7.1923089604823163e+05
7.1923089604823163e+05
7.1923089604823163e+05
7.1923089604823163e+05
7.1923089604823163e+05
7.1923089604823163e+05
7.1923089604823163e+05
7.1923089604823163e+05
7.1923089604823163e+05
7.1923089604823163e+05
7.1923089604823163e+05
7.1923089604823163e+05
7.1923089604823163e+05
7.1923089604823163e+05
7.1923089604823163e+05
7.1923089604823163e+05
7.1923089604823163e+05
7.1923089604823163e+05
7.1923089604823163e+05
7.1923089604823163e+05
7.1923089604823163e+05
7.4617715093978646e+05
8.0038203135808522e+05
8.0038203135808522e+05
8.0038203135808522e+05
8.0038203135808522e+05
8.0038203135808522e+05
8.0038203135808522e+05
8.0038203135808522e+05
8.0038203135808522e+05
8.0038203135808522e+05
8.0038203135808522e+05
8.0038203135808522e+05
8.0038203135808522e+05
8.0038203135808522e+05
8.0038203135808522e+05
8.0038203135808522e+05
8.0038203135808522e+05
8.0038203135808522e+05
8.0038203135808522e+05
8.0038203135808522e+05
8.0038203135808522e+05
8.0038203135808522e+05
8.0038203135808522e+05
8.1889393605556490e+05
8.7161733021506912e+05
8.7161733021506912e+05
8.7161733021506912e+05
8.7161733021506912e+05
8.7161733021506912e+05
8.7161733021506912e+05
8.7161733021506912e+05
8.7161733021506912e+05
8.7161733021506912e+05
8.7161733021506912e+05
8.7161733021506912e+05
8.7161733021506912e+05
8.7161733021506912e+05
8.7161733021506912e+05
8.7161733021506912e+05
8.7161733021506912e+05
8.7161733021506912e+05
8.7161733021506912e+05
8.7161733021506912e+05
8.7161733021506912e+05
8.7161733021506912e+05
8.7161733021506912e+05
8.8376412630546337e+05
9.3544871172257757e+05
9.3544871172257757e+05
9.3544871172257757e+05
9.3544871172257757e+05
9.3544871172257757e+05
9.3544871172257757e+05
9.3544871172257757e+05
9.3544871172257757e+05
9.3544871172257757e+05
9.3544871172257757e+05
9.3544871172257757e+05
9.3544871172257757e+05
9.3544871172257757e+05
9.3544871172257757e+05
9.3544871172257757e+05
9.3544871172257757e+05
9.3544871172257757e+05
9.3544871172257757e+05
9.3544871172257757e+05
9.3544871172257757e+05
9.3544871172257757e+05
9.3544871172257757e+05
9.4255921233844536e+05
9.9357136835331994e+05
9.9357136835331994e+05
9.9357136835331994e+05
9.9357136835331994e+05
9.9357136835331994e+05
9.9357136835331994e+05
9.9357136835331994e+05
9.9357136835331994e+05
9.9357136835331994e+05
9.9357136835331994e+05
9.9357136835331994e+05
9.9357136835331994e+05
9.9357136835331994e+05
9.9357136835331994e+05
9.9357136835331994e+05
9.9357136835331994e+05
9.9357136835331994e+05
9.9357136835331994e+05
9.9357136835331994e+05
9.9357136835331994e+05
9.9357136835331994e+05
9.9357136835331994e+05
9.9668285368424992e+05
1.0471805241532155e+06
1.0471805241532155e+06
1.0471805241532155e+06
1.0471805241532155e+06
1.0471805241532155e+06
1.0471805241532155e+06
1.0471805241532155e+06
1.0471805241532155e+06
1.0471805241532155e+06
1.0471805241532155e+06
1.0471805241532155e+06
1.0471805241532155e+06
1.0471805241532155e+06
1.0471805241532155e+06
