0.0000000000000000e+00
0.0000000000000000e+00
0.0000000000000000e+00
0.0000000000000000e+00
0.0000000000000000e+00
0.0000000000000000e+00
0.0000000000000000e+00
0.0000000000000000e+00
1.3709025213942853e-04
1.6666666615392632e+01
3.3333333219292811e+01
3.3333333219292825e+01
3.3333333219292825e+01
3.3333333219292825e+01
3.3333333219292811e+01
3.3333333219292797e+01
3.3333333219292797e+01
3.3333333219292776e+01
3.3333333219292776e+01
3.3333333219292768e+01
3.3333333219292761e+01
3.3333333219292733e+01
3.3333333219292740e+01
3.3333333219292740e+01
3.3333333219292712e+01
3.3333333219292719e+01
3.3332852840175732e+01
1.6666666615202288e+01
-9.5943034981887308e-08
-1.6666666772746133e+01
-3.3333333439416499e+01
-3.3333333439416499e+01
-3.3333333439416499e+01
-3.3333333439416499e+01
-3.3333333439416499e+01
-3.3333333439416499e+01
-3.3333333439416499e+01
-3.3333333439416499e+01
-3.3333333439416499e+01
-3.3333333439416499e+01
-3.3333333439416499e+01
-3.3333333439416499e+01
-3.3333333439416499e+01
-3.3333333439416499e+01
-3.3333333439416499e+01
-3.3333333439416499e+01
-3.3333333439416499e+01
-1.6666666718167740e+01
-9.5636042597656565e-08
1.6666666560962629e+01
3.3333333227624472e+01
3.3333333227624472e+01
3.3333333227624472e+01
3.3333333227624472e+01
3.3333333227624465e+01
3.3333333227624479e+01
3.3333333227624479e+01
3.3333333227624479e+01
3.3333333227624486e+01
3.3333333227624458e+01
3.3333333227624443e+01
3.3333333227624443e+01
3.3333333227624451e+01
3.3333333227624451e+01
3.3333333227624451e+01
3.3333333227624443e+01
3.3332852847615612e+01
1.6666666615174226e+01
-9.5984501114402426e-08
-1.6666666772779998e+01
-3.3333333439447713e+01
-3.3333333439447713e+01
-3.3333333439447713e+01
-3.3333333439447713e+01
-3.3333333439447713e+01
-3.3333333439447713e+01
-3.3333333439447713e+01
-3.3333333439447713e+01
-3.3333333439447713e+01
-3.3333333439447713e+01
-3.3333333439447713e+01
-3.3333333439447713e+01
-3.3333333439447713e+01
-3.3333333439447713e+01
-3.3333333439447713e+01
-3.3333333439447713e+01
-3.3333333439447713e+01
-1.6666666718171687e+01
-9.5633172988606188e-08
1.6666666560960476e+01
3.3333333227625282e+01
3.3333333227625282e+01
3.3333333227625282e+01
3.3333333227625282e+01
3.3333333227625261e+01
3.3333333227625268e+01
3.3333333227625268e+01
3.3333333227625268e+01
3.3333333227625253e+01
3.3333333227625261e+01
3.3333333227625261e+01
3.3333333227625253e+01
3.3333333227625246e+01
3.3333333227625246e+01
3.3333333227625225e+01
3.3333333227625232e+01
3.3332852847594864e+01
1.6666666615199411e+01
-9.5947961106548391e-08
-1.6666666772735780e+01
-3.3333333439405870e+01
-3.3333333439405870e+01
-3.3333333439405870e+01
-3.3333333439405870e+01
-3.3333333439405870e+01
-3.3333333439405870e+01
-3.3333333439405870e+01
-3.3333333439405870e+01
-3.3333333439405870e+01
-3.3333333439405870e+01
-3.3333333439405870e+01
-3.3333333439405870e+01
-3.3333333439405870e+01
-3.3333333439405870e+01
-3.3333333439405870e+01
-3.3333333439405870e+01
-3.3333333439405870e+01
-1.6666666718143915e+01
-9.5615709711354380e-08
1.6666666560983256e+01
3.3333333227645156e+01
3.3333333227645156e+01
3.3333333227645156e+01
3.3333333227645156e+01
3.3333333227645149e+01
3.3333333227645142e+01
3.3333333227645142e+01
3.3333333227645142e+01
3.3333333227645127e+01
3.3333333227645099e+01
3.3333333227645078e+01
3.3333333227645078e+01
3.3333333227645049e+01
3.3333333227645049e+01
3.3333333227645042e+01
3.3333333227645035e+01
3.3332852847643807e+01
1.6666666615195719e+01
-9.5963889154905285e-08
-1.6666666772756031e+01
-3.3333333439431613e+01
-3.3333333439431613e+01
-3.3333333439431613e+01
-3.3333333439431613e+01
-3.3333333439431613e+01
-3.3333333439431613e+01
-3.3333333439431613e+01
-3.3333333439431613e+01
-3.3333333439431613e+01
-3.3333333439431613e+01
-3.3333333439431613e+01
-3.3333333439431613e+01
-3.3333333439431613e+01
-3.3333333439431613e+01
-3.3333333439431613e+01
-3.3333333439431613e+01
-3.3333333439431613e+01
-1.6666666718147816e+01
-9.5612738534562135e-08
1.6666666560985853e+01
3.3333333227649099e+01
3.3333333227649085e+01
3.3333333227649085e+01
3.3333333227649085e+01
3.3333333227649071e+01
3.3333333227649085e+01
3.3333333227649085e+01
3.3333333227649085e+01
3.3333333227649078e+01
3.3333333227649078e+01
3.3333333227649064e+01
3.3333333227649064e+01
3.3333333227649049e+01
3.3333333227649049e+01
3.3333333227649049e+01
3.3333333227649049e+01
3.3332852847627699e+01
1.6666666615190476e+01
-9.5960169883096643e-08
-1.6666666772747881e+01
-3.3333333439418126e+01
-3.3333333439418126e+01
-3.3333333439418126e+01
-3.3333333439418126e+01
-3.3333333439418126e+01
-3.3333333439418126e+01
-3.3333333439418126e+01
-3.3333333439418126e+01
-3.3333333439418126e+01
-3.3333333439418126e+01
-3.3333333439418126e+01
