0.0000000000000000e+00
0.0000000000000000e+00
0.0000000000000000e+00
0.0000000000000000e+00
0.0000000000000000e+00
0.0000000000000000e+00
0.0000000000000000e+00
0.0000000000000000e+00
-6.8545126069680047e-05
-8.3333333076916940e+00
-1.6666666609642732e+01
-1.6666666609642725e+01
-1.6666666609642746e+01
-1.6666666609642732e+01
-1.6666666609642718e+01
-1.6666666609642714e+01
-1.6666666609642714e+01
-1.6666666609642704e+01
-1.6666666609642711e+01
-1.6666666609642697e+01
-1.6666666609642665e+01
-1.6666666609642668e+01
-1.6666666609642672e+01
-1.6666666609642661e+01
-1.6666666609642668e+01
-1.6666666609642668e+01
-1.6666426420084196e+01
-8.3333333075930653e+00
4.7984175641937340e-08
8.3333333863859735e+00
1.6666666719719856e+01
1.6666666719719856e+01
1.6666666719719860e+01
1.6666666719719871e+01
1.6666666719719885e+01
1.6666666719719874e+01
1.6666666719719920e+01
1.6666666719719895e+01
1.6666666719719871e+01
1.6666666719719874e+01
1.6666666719719906e+01
1.6666666719719903e+01
1.6666666719719924e+01
1.6666666719719888e+01
1.6666666719719856e+01
1.6666666719719871e+01
1.6666666719719878e+01
8.3333333590829834e+00
4.7813054449913663e-08
-8.3333332804851334e+00
-1.6666666613814442e+01
-1.6666666613814417e+01
-1.6666666613814385e+01
-1.6666666613814396e+01
-1.6666666613814392e+01
-1.6666666613814392e+01
-1.6666666613814392e+01
-1.6666666613814439e+01
-1.6666666613814414e+01
-1.6666666613814410e+01
-1.6666666613814407e+01
-1.6666666613814403e+01
-1.6666666613814414e+01
-1.6666666613814410e+01
-1.6666666613814392e+01
-1.6666666613814364e+01
-1.6666426423809927e+01
-8.3333333075877167e+00
4.7993275634311108e-08
8.3333333863908940e+00
1.6666666719724500e+01
1.6666666719724464e+01
1.6666666719724443e+01
1.6666666719724450e+01
1.6666666719724443e+01
1.6666666719724443e+01
1.6666666719724446e+01
1.6666666719724475e+01
1.6666666719724454e+01
1.6666666719724482e+01
1.6666666719724489e+01
1.6666666719724489e+01
1.6666666719724478e+01
1.6666666719724482e+01
1.6666666719724496e+01
1.6666666719724496e+01
1.6666666719724518e+01
8.3333333590942580e+00
4.7826840314618454e-08
-8.3333332804661246e+00
-1.6666666613793733e+01
-1.6666666613793776e+01
-1.6666666613793765e+01
-1.6666666613793780e+01
-1.6666666613793804e+01
-1.6666666613793808e+01
-1.6666666613793840e+01
-1.6666666613793812e+01
-1.6666666613793844e+01
-1.6666666613793840e+01
-1.6666666613793833e+01
-1.6666666613793812e+01
-1.6666666613793787e+01
-1.6666666613793776e+01
-1.6666666613793780e+01
-1.6666666613793769e+01
-1.6666426423778596e+01
-8.3333333075633487e+00
4.8024447893544950e-08
8.3333333864261476e+00
1.6666666719763334e+01
1.6666666719763349e+01
1.6666666719763345e+01
1.6666666719763352e+01
1.6666666719763342e+01
1.6666666719763352e+01
1.6666666719763363e+01
1.6666666719763338e+01
1.6666666719763327e+01
1.6666666719763313e+01
1.6666666719763334e+01
1.6666666719763352e+01
1.6666666719763384e+01
1.6666666719763406e+01
1.6666666719763441e+01
1.6666666719763441e+01
1.6666666719763455e+01
8.3333333591181749e+00
4.7847235097047553e-08
-8.3333332804596676e+00
-1.6666666613793659e+01
-1.6666666613793669e+01
-1.6666666613793673e+01
-1.6666666613793655e+01
-1.6666666613793701e+01
-1.6666666613793677e+01
-1.6666666613793673e+01
-1.6666666613793677e+01
-1.6666666613793680e+01
-1.6666666613793680e+01
-1.6666666613793684e+01
-1.6666666613793677e+01
-1.6666666613793669e+01
-1.6666666613793652e+01
-1.6666666613793652e+01
-1.6666666613793659e+01
-1.6666426423793041e+01
-8.3333333075714506e+00
4.8004314122265849e-08
8.3333333863975447e+00
1.6666666719733232e+01
1.6666666719733232e+01
1.6666666719733250e+01
1.6666666719733275e+01
1.6666666719733271e+01
1.6666666719733275e+01
1.6666666719733296e+01
1.6666666719733314e+01
1.6666666719733307e+01
1.6666666719733332e+01
1.6666666719733371e+01
1.6666666719733399e+01
1.6666666719733421e+01
1.6666666719733428e+01
1.6666666719733428e+01
1.6666666719733392e+01
1.6666666719733382e+01
8.3333333590916787e+00
4.7824732785928527e-08
-8.3333332804773086e+00
-1.6666666613809394e+01
-1.6666666613809369e+01
-1.6666666613809358e+01
-1.6666666613809355e+01
-1.6666666613809333e+01
-1.6666666613809348e+01
-1.6666666613809348e+01
-1.6666666613809351e+01
-1.6666666613809358e+01
-1.6666666613809355e+01
-1.6666666613809355e+01
-1.6666666613809369e+01
-1.6666666613809383e+01
-1.6666666613809362e+01
-1.6666666613809365e+01
-1.6666666613809369e+01
-1.6666426423798683e+01
-8.3333333075832865e+00
4.7990554198286495e-08
8.3333333863821277e+00
1.6666666719715284e+01
1.6666666719715316e+01
1.6666666719715327e+01
1.6666666719715316e+01
1.6666666719715330e+01
1.6666666719715330e+01
1.6666666719715320e+01
1.6666666719715362e+01
1.6666666719715366e+01
1.6666666719715348e+01
1.6666666719715352e+01
