0.0000000000000000e+00
1.2193486254756034e-04
2.4390243902188679e-04
3.6585514122065594e-04
4.8779297277175260e-04
6.0971593730062062e-04
7.3170731706953974e-04
8.5368381675749263e-04
9.7564543999260791e-04
1.9308943060334033e-03
2.8861788556315280e-03
2.7642276360369351e-03
2.6422615425283659e-03
2.5202805714765767e-03
2.3983739780311401e-03
2.2764525215562357e-03
2.1545161984275010e-03
2.0325203194982953e-03
1.9105690999849866e-03
1.7886178804756916e-03
1.6666666609632002e-03
1.5447154414513641e-03
1.4227493480251483e-03
1.3008130024257994e-03
1.1788617865406948e-03
1.0568956967421301e-03
9.3491472940138588e-04
-2.0325206173154703e-05
-9.7560976128777013e-04
-1.9308943146885986e-03
-2.8861788675343799e-03
-2.7642276480923929e-03
-2.6422912989364378e-03
-2.5203698164416553e-03
-2.3983739890508452e-03
-2.2763930428267871e-03
-2.1544269741388968e-03
-2.0325203305103672e-03
-1.9105691109991441e-03
-1.7886178914834569e-03
-1.6666666719718909e-03
-1.5447154524600420e-03
-1.4227791032339937e-03
-1.3008130134368864e-03
-1.1788617975529230e-03
-1.0569254519545938e-03
-9.3500397301582829e-04
2.0325200329069284e-05
9.7560975092493454e-04
1.9308943032192961e-03
2.8861788560639373e-03
2.7642276364526286e-03
2.6422615429265890e-03
2.5202805718580168e-03
2.3983739784464195e-03
2.2764525220059628e-03
2.1545161989117174e-03
2.0325203199153237e-03
1.9105691004015239e-03
1.7886178808920873e-03
1.6666666613795865e-03
1.5447154418663700e-03
1.4227493484405183e-03
1.3008130028412297e-03
1.1788617869557204e-03
1.0568956971576482e-03
9.3491472981689552e-04
-2.0325206177384999e-05
-9.7560976129254040e-04
-1.9308943146927396e-03
-2.8861788675380948e-03
-2.7642276480961594e-03
-2.6422912989407898e-03
-2.5203698164461361e-03
-2.3983739890540189e-03
-2.2763930428286402e-03
-2.1544269741395994e-03
-2.0325203305129702e-03
-1.9105691110021623e-03
-1.7886178914870933e-03
-1.6666666719751301e-03
-1.5447154524622971e-03
-1.4227791032362365e-03
-1.3008130134393630e-03
-1.1788617975554614e-03
-1.0569254519569890e-03
-9.3500397301866077e-04
2.0325200325976720e-05
9.7560975092330986e-04
1.9308943032176342e-03
2.8861788560624784e-03
2.7642276364513905e-03
2.6422615429252832e-03
2.5202805718567106e-03
2.3983739784449913e-03
2.2764525220054003e-03
2.1545161989111432e-03
2.0325203199143371e-03
1.9105691004008677e-03
1.7886178808909790e-03
1.6666666613790598e-03
1.5447154418668310e-03
1.4227493484411117e-03
1.3008130028410972e-03
1.1788617869560930e-03
1.0568956971569437e-03
9.3491472981652212e-04
-2.0325206175346943e-05
-9.7560976128947710e-04
-1.9308943146884932e-03
-2.8861788675342260e-03
-2.7642276480924341e-03
-2.6422912989371005e-03
-2.5203698164421510e-03
-2.3983739890513136e-03
-2.2763930428272433e-03
-2.1544269741395135e-03
-2.0325203305097592e-03
-1.9105691109979667e-03
-1.7886178914830017e-03
-1.6666666719714351e-03
-1.5447154524591295e-03
-1.4227791032342355e-03
-1.3008130134367240e-03
-1.1788617975522155e-03
-1.0569254519534619e-03
-9.3500397301387792e-04
2.0325200330149709e-05
9.7560975092657776e-04
1.9308943032214701e-03
2.8861788560665992e-03
2.7642276364544674e-03
2.6422615429287713e-03
2.5202805718612742e-03
2.3983739784501101e-03
2.2764525220095298e-03
2.1545161989155945e-03
2.0325203199182025e-03
1.9105691004059309e-03
1.7886178808955194e-03
1.6666666613835215e-03
1.5447154418705080e-03
1.4227493484447267e-03
1.3008130028459638e-03
1.1788617869605187e-03
1.0568956971630350e-03
9.3491472982404735e-04
-2.0325206170966437e-05
-9.7560976128651929e-04
-1.9308943146861429e-03
-2.8861788675325936e-03
-2.7642276480904062e-03
-2.6422912989341996e-03
-2.5203698164392016e-03
-2.3983739890480592e-03
-2.2763930428232383e-03
-2.1544269741356607e-03
-2.0325203305084751e-03
-1.9105691109974842e-03
-1.7886178914827810e-03
-1.6666666719708709e-03
-1.5447154524587175e-03
-1.4227791032328924e-03
-1.3008130134348837e-03
-1.1788617975504656e-03
-1.0569254519515385e-03
-9.3500397301171092e-04
2.0325200331920943e-05
9.7560975092799167e-04
1.9308943032222254e-03
2.8861788560678361e-03
2.7642276364561553e-03
2.6422615429302987e-03
2.5202805718624903e-03
2.3983739784509384e-03
2.2764525220103950e-03
2.1545161989155043e-03
2.0325203199197824e-03
1.9105691004066563e-03
1.7886178808975653e-03
1.6666666613854267e-03
1.5447154418732408e-03
1.4227493484469474e-03
1.3008130028476800e-03
1.1788617869623154e-03
1.0568956971644188e-03
9.3491472982434214e-04
-2.0325206169560817e-05
-9.7560976128447513e-04
-1.9308943146838353e-03
-2.8861788675301815e-03
-2.7642276480880938e-03
-2.6422912989335955e-03
-2.5203698164389830e-03
-2.3983739890481347e-03
-2.2763930428231012e-03
-2.1544269741343800e-03
-2.0325203305072009e-03
-1.9105691109960190e-03
-1.7886178914806887e-03
-1.6666666719691425e-03
