0.0000000000000000e+00
-3.6583358234665278e-05
-7.3170731707402953e-05
-1.0975944386471217e-04
-1.4634949480430060e-04
-1.8294088462512435e-04
-2.1951219511802021e-04
-2.5608484312150161e-04
-2.9265882873263195e-04
-7.4593495792666656e-04
-1.1991869883895025e-03
-1.1626016228860028e-03
-1.1260175958221117e-03
-1.0894349071005149e-03
-1.0528455256006355e-03
-1.0162574828352928e-03
-9.7967077870564378e-04
-9.4308942804216046e-04
-9.0650406218868869e-04
-8.6991869633618458e-04
-8.3333333048235775e-04
-7.9674796462901143e-04
-7.6016393721579673e-04
-7.2357723292154760e-04
-6.8699186716394077e-04
-6.5040783984731494e-04
-6.1382515087224528e-04
-1.6056910426295168e-04
2.9268292974685454e-04
7.4593496256857440e-04
1.1991869950892017e-03
1.1626016289355608e-03
1.1260149242431734e-03
1.0894268809152302e-03
1.0528455311094819e-03
1.0162628430592448e-03
9.7967881666787644e-04
9.4308943354636920e-04
9.0650406769403737e-04
8.6991870183925361e-04
8.3333333598532605e-04
7.9674797013110890e-04
7.6016126573996332e-04
7.2357723842504760e-04
6.8699187266989367e-04
6.5040516837634580e-04
6.1381712544743717e-04
1.6056910712033767e-04
-2.9268292391992066e-04
-7.4593495614088073e-04
-1.1991869886617235e-03
-1.1626016230951533e-03
-1.1260175959689922e-03
-1.0894349071844816e-03
-1.0528455258106996e-03
-1.0162574831714423e-03
-9.7967077916707957e-04
-9.4308942825299647e-04
-9.0650406239790372e-04
-8.6991869654571663e-04
-8.3333333069244208e-04
-7.9674796483914445e-04
-7.6016393742537030e-04
-7.2357723313054047e-04
-6.8699186737446476e-04
-6.5040784005846754e-04
-6.1382515108543824e-04
-1.6056910426414793e-04
2.9268292974674991e-04
7.4593496256846088e-04
1.1991869950888328e-03
1.1626016289348982e-03
1.1260149242430910e-03
1.0894268809154295e-03
1.0528455311092923e-03
1.0162628430577408e-03
9.7967881666472596e-04
9.4308943354356827e-04
9.0650406769089307e-04
8.6991870183531243e-04
8.3333333598134139e-04
7.9674797012778192e-04
7.6016126573580020e-04
7.2357723842115986e-04
6.8699187266659011e-04
6.5040516837514158e-04
6.1381712544682709e-04
1.6056910711690904e-04
-2.9268292392222649e-04
-7.4593495614273580e-04
-1.1991869886638664e-03
-1.1626016230968695e-03
-1.1260175959712242e-03
-1.0894349071862513e-03
-1.0528455258138885e-03
-1.0162574831745501e-03
-9.7967077917112668e-04
-9.4308942825512563e-04
-9.0650406240084787e-04
-8.6991869654951231e-04
-8.3333333069596921e-04
-7.9674796484243142e-04
-7.6016393742875756e-04
-7.2357723313353612e-04
-6.8699186737704147e-04
-6.5040784006136301e-04
-6.1382515108641782e-04
-1.6056910426791583e-04
2.9268292974257324e-04
7.4593496256457489e-04
1.1991869950853553e-03
1.1626016289314825e-03
1.1260149242396014e-03
1.0894268809122465e-03
1.0528455311066337e-03
1.0162628430567895e-03
9.7967881666486344e-04
9.4308943354403383e-04
9.0650406769097482e-04
8.6991870183587600e-04
8.3333333598193933e-04
7.9674797012879261e-04
7.6016126573714743e-04
7.2357723842184096e-04
6.8699187266684858e-04
6.5040516837399438e-04
6.1381712544472048e-04
1.6056910711746803e-04
-2.9268292392183314e-04
-7.4593495614149190e-04
-1.1991869886617441e-03
-1.1626016230961345e-03
-1.1260175959695747e-03
-1.0894349071849854e-03
-1.0528455258105617e-03
-1.0162574831708905e-03
-9.7967077916693863e-04
-9.4308942825324529e-04
-9.0650406239800097e-04
-8.6991869654599136e-04
-8.3333333069169149e-04
-7.9674796483771839e-04
-7.6016393742437413e-04
-7.2357723312932508e-04
-6.8699186737289429e-04
-6.5040784005613781e-04
-6.1382515108133345e-04
-1.6056910426171612e-04
2.9268292974900869e-04
7.4593496257107880e-04
1.1991869950913506e-03
1.1626016289375000e-03
1.1260149242464986e-03
1.0894268809188974e-03
1.0528455311119328e-03
1.0162628430599417e-03
9.7967881666606474e-04
9.4308943354751357e-04
9.0650406769499190e-04
8.6991870183941115e-04
8.3333333598587390e-04
7.9674797013193268e-04
7.6016126573973054e-04
7.2357723842511525e-04
6.8699187267057607e-04
6.5040516837780449e-04
6.1381712544898552e-04
1.6056910711854629e-04
-2.9268292392164324e-04
-7.4593495614199920e-04
-1.1991869886620104e-03
-1.1626016230956604e-03
-1.1260175959687548e-03
-1.0894349071839033e-03
-1.0528455258106996e-03
-1.0162574831713356e-03
-9.7967077916765572e-04
-9.4308942825160631e-04
-9.0650406239683209e-04
-8.6991869654399405e-04
-8.3333333069089612e-04
-7.9674796483675215e-04
-7.6016393742378520e-04
-7.2357723312873776e-04
-6.8699186737261207e-04
-6.5040784005625566e-04
-6.1382515108152210e-04
-1.6056910426090574e-04
2.9268292974956624e-04
7.4593496257133619e-04
1.1991869950913549e-03
1.1626016289380137e-03
1.1260149242462284e-03
1.0894268809184958e-03
1.0528455311122373e-03
1.0162628430619564e-03
9.7967881667006479e-04
9.4308943354857034e-04
9.0650406769623732e-04
8.6991870184112516e-04
8.3333333598745879e-04
