0.0000000000000000e+00
-3.6583358234892595e-05
-7.3170731706786082e-05
-1.0975944386416754e-04
-1.4634949480394070e-04
-1.8294088462411884e-04
-2.1951219511736795e-04
-2.5608484312113471e-04
-2.9265882873209207e-04
-7.4593495792556034e-04
-1.1991869883890200e-03
-1.1626016228847515e-03
-1.1260175958200951e-03
-1.0894349070986659e-03
-1.0528455255995853e-03
-1.0162574828347462e-03
-9.7967077870575502e-04
-9.4308942804221738e-04
-9.0650406218766130e-04
-8.6991869633578646e-04
-8.3333333048180892e-04
-7.9674796462854771e-04
-7.6016393721456269e-04
-7.2357723291954236e-04
-6.8699186716233876e-04
-6.5040783984500125e-04
-6.1382515087026325e-04
-1.6056910426116172e-04
2.9268292974949365e-04
7.4593496257101093e-04
1.1991869950913675e-03
1.1626016289370971e-03
1.1260149242449777e-03
1.0894268809167208e-03
1.0528455311112773e-03
1.0162628430618534e-03
9.7967881666994987e-04
9.4308943354755098e-04
9.0650406769436003e-04
8.6991870183972969e-04
8.3333333598516841e-04
7.9674797013185332e-04
7.6016126574005569e-04
7.2357723842503036e-04
6.8699187267082457e-04
6.5040516837790792e-04
6.1381712544976788e-04
1.6056910711983950e-04
-2.9268292392007565e-04
-7.4593495614039371e-04
-1.1991869886610297e-03
-1.1626016230947235e-03
-1.1260175959684553e-03
-1.0894349071850469e-03
-1.0528455258114933e-03
-1.0162574831719976e-03
-9.7967077916809439e-04
-9.4308942825306542e-04
-9.0650406239835746e-04
-8.6991869654626881e-04
-8.3333333069267714e-04
-7.9674796483962214e-04
-7.6016393742589158e-04
-7.2357723313156959e-04
-6.8699186737483599e-04
-6.5040784005822544e-04
-6.1382515108348776e-04
-1.6056910426363424e-04
2.9268292974720544e-04
7.4593496256872077e-04
1.1991869950891871e-03
1.1626016289358629e-03
1.1260149242440926e-03
1.0894268809164842e-03
1.0528455311105199e-03
1.0162628430602028e-03
9.7967881666734930e-04
9.4308943354663125e-04
9.0650406769347130e-04
8.6991870183832478e-04
8.3333333598443365e-04
7.9674797013071035e-04
7.6016126573908230e-04
7.2357723842404460e-04
6.8699187266983990e-04
6.5040516837706691e-04
6.1381712544858371e-04
1.6056910711891720e-04
-2.9268292392035759e-04
-7.4593495614035891e-04
-1.1991869886608059e-03
-1.1626016230945929e-03
-1.1260175959688823e-03
-1.0894349071849537e-03
-1.0528455258100500e-03
-1.0162574831691941e-03
-9.7967077916348089e-04
-9.4308942825239777e-04
-9.0650406239754181e-04
-8.6991869654592675e-04
-8.3333333069234104e-04
-7.9674796483857589e-04
-7.6016393742495559e-04
-7.2357723312981373e-04
-6.8699186737241420e-04
-6.5040784005581873e-04
-6.1382515108132608e-04
-1.6056910426162559e-04
2.9268292974973619e-04
7.4593496257201587e-04
1.1991869950922526e-03
1.1626016289384938e-03
1.1260149242468289e-03
1.0894268809183466e-03
1.0528455311125634e-03
1.0162628430624235e-03
9.7967881667066089e-04
9.4308943354834505e-04
9.0650406769587162e-04
8.6991870184141345e-04
8.3333333598702261e-04
7.9674797013296994e-04
7.6016126574051290e-04
7.2357723842662446e-04
6.8699187267207682e-04
6.5040516837956621e-04
6.1381712545114547e-04
1.6056910712061343e-04
-2.9268292391854481e-04
-7.4593495613914211e-04
-1.1991869886593914e-03
-1.1626016230931659e-03
-1.1260175959672898e-03
-1.0894349071829249e-03
-1.0528455258087227e-03
-1.0162574831686312e-03
-9.7967077916415461e-04
-9.4308942824973085e-04
-9.0650406239582075e-04
-8.6991869654388823e-04
-8.3333333068989681e-04
-7.9674796483611746e-04
-7.6016393742164693e-04
-7.2357723312769574e-04
-6.8699186737172118e-04
-6.5040784005558508e-04
-6.1382515108062959e-04
-1.6056910425948473e-04
2.9268292975058409e-04
7.4593496257229419e-04
1.1991869950925278e-03
1.1626016289382874e-03
1.1260149242467478e-03
1.0894268809188571e-03
1.0528455311133889e-03
1.0162628430640153e-03
9.7967881667272022e-04
9.4308943354991909e-04
9.0650406769720172e-04
8.6991870184237742e-04
8.3333333598838459e-04
7.9674797013481590e-04
7.6016126574318568e-04
7.2357723842823504e-04
6.8699187267289919e-04
6.5040516837989450e-04
6.1381712545146184e-04
1.6056910712163621e-04
-2.9268292391849943e-04
-7.4593495613964832e-04
-1.1991869886593960e-03
-1.1626016230926158e-03
-1.1260175959658661e-03
-1.0894349071813004e-03
-1.0528455258075650e-03
-1.0162574831683057e-03
-9.7967077916494391e-04
-9.4308942824948409e-04
-9.0650406239498342e-04
-8.6991869654207815e-04
-8.3333333068834163e-04
-7.9674796483536221e-04
-7.6016393742158492e-04
-7.2357723312702874e-04
-6.8699186737087073e-04
-6.5040784005416044e-04
-6.1382515107950787e-04
-1.6056910425896753e-04
2.9268292975147725e-04
7.4593496257325371e-04
1.1991869950930456e-03
1.1626016289396229e-03
1.1260149242484844e-03
1.0894268809209773e-03
1.0528455311139182e-03
1.0162628430631778e-03
9.7967881667077755e-04
9.4308943355050608e-04
9.0650406769752969e-04
8.6991870184249082e-04
8.3333333598797042e-04
