0.0000000000000000e+00
0.0000000000000000e+00
0.0000000000000000e+00
0.0000000000000000e+00
0.0000000000000000e+00
0.0000000000000000e+00
0.0000000000000000e+00
0.0000000000000000e+00
6.8545126069714171e-09
8.3333333076963056e-04
1.6666666609646405e-03
1.6666666609646405e-03
1.6666666609646405e-03
1.6666666609646405e-03
1.6666666609646405e-03
1.6666666609646405e-03
1.6666666609646405e-03
1.6666666609646405e-03
1.6666666609646405e-03
1.6666666609646405e-03
1.6666666609646405e-03
1.6666666609646405e-03
1.6666666609646405e-03
1.6666666609646405e-03
1.6666666609646405e-03
1.6666666609646405e-03
1.6666906799204890e-03
2.4999999911691621e-03
3.3333333267264289e-03
4.1666666605665826e-03
4.9999999939000991e-03
4.9999999939000991e-03
4.9999999939000991e-03
4.9999999939000991e-03
4.9999999939000991e-03
4.9999999939000991e-03
4.9999999939000991e-03
4.9999999939000991e-03
4.9999999939000991e-03
4.9999999939000991e-03
4.9999999939000991e-03
4.9999999939000991e-03
4.9999999939000991e-03
4.9999999939000991e-03
4.9999999939000991e-03
4.9999999939000991e-03
4.9999999939000991e-03
5.8333333299625395e-03
6.6666666610891217e-03
7.4999999939190541e-03
8.3333333272521473e-03
8.3333333272521473e-03
8.3333333272521473e-03
8.3333333272521473e-03
8.3333333272521473e-03
8.3333333272521473e-03
8.3333333272521473e-03
8.3333333272521473e-03
8.3333333272521473e-03
8.3333333272521473e-03
8.3333333272521473e-03
8.3333333272521473e-03
8.3333333272521473e-03
8.3333333272521473e-03
8.3333333272521473e-03
8.3333333272521473e-03
8.3333573462525887e-03
9.1666666578746562e-03
9.9999999934325939e-03
1.0833333327272369e-02
1.1666666660605753e-02
1.1666666660605753e-02
1.1666666660605753e-02
1.1666666660605753e-02
1.1666666660605753e-02
1.1666666660605753e-02
1.1666666660605753e-02
1.1666666660605753e-02
1.1666666660605753e-02
1.1666666660605753e-02
1.1666666660605753e-02
1.1666666660605753e-02
1.1666666660605753e-02
1.1666666660605753e-02
1.1666666660605753e-02
1.1666666660605753e-02
1.1666666660605753e-02
1.2499999996669559e-02
1.3333333327796485e-02
1.4166666660626163e-02
1.4999999993959396e-02
1.4999999993959396e-02
1.4999999993959396e-02
1.4999999993959396e-02
1.4999999993959396e-02
1.4999999993959396e-02
1.4999999993959396e-02
1.4999999993959396e-02
1.4999999993959396e-02
1.4999999993959396e-02
1.4999999993959396e-02
1.4999999993959396e-02
1.4999999993959396e-02
1.4999999993959396e-02
1.4999999993959396e-02
1.4999999993959396e-02
1.5000024012960925e-02
1.5833333324580694e-02
1.6666666660138073e-02
1.7499999993977458e-02
1.8333333327310956e-02
1.8333333327310956e-02
1.8333333327310956e-02
1.8333333327310956e-02
1.8333333327310956e-02
1.8333333327310956e-02
1.8333333327310956e-02
1.8333333327310956e-02
1.8333333327310956e-02
1.8333333327310956e-02
1.8333333327310956e-02
1.8333333327310956e-02
1.8333333327310956e-02
1.8333333327310956e-02
1.8333333327310956e-02
1.8333333327310956e-02
1.8333333327310956e-02
1.9166666663374063e-02
1.9999999994500459e-02
2.0833333327330412e-02
2.1666666660663504e-02
2.1666666660663504e-02
2.1666666660663504e-02
2.1666666660663504e-02
2.1666666660663504e-02
2.1666666660663504e-02
2.1666666660663504e-02
2.1666666660663504e-02
2.1666666660663504e-02
2.1666666660663504e-02
2.1666666660663504e-02
2.1666666660663504e-02
2.1666666660663504e-02
2.1666666660663504e-02
2.1666666660663504e-02
2.1666666660663504e-02
2.1666690679663571e-02
2.2499999991285980e-02
2.3333333326843959e-02
2.4166666660683563e-02
2.4999999994017336e-02
2.4999999994017336e-02
2.4999999994017336e-02
2.4999999994017336e-02
2.4999999994017336e-02
2.4999999994017336e-02
2.4999999994017336e-02
2.4999999994017336e-02
2.4999999994017336e-02
2.4999999994017336e-02
2.4999999994017336e-02
2.4999999994017336e-02
2.4999999994017336e-02
2.4999999994017336e-02
2.4999999994017336e-02
2.4999999994017336e-02
2.4999999994017336e-02
2.5833333330081538e-02
2.6666666661208292e-02
2.7499999994038217e-02
2.8333333327371365e-02
2.8333333327371365e-02
2.8333333327371365e-02
2.8333333327371365e-02
2.8333333327371365e-02
2.8333333327371365e-02
2.8333333327371365e-02
2.8333333327371365e-02
2.8333333327371365e-02
2.8333333327371365e-02
2.8333333327371365e-02
2.8333333327371365e-02
2.8333333327371365e-02
2.8333333327371365e-02
2.8333333327371365e-02
2.8333333327371365e-02
2.8333357346372441e-02
2.9166666657994306e-02
2.9999999993551841e-02
3.0833333327391230e-02
3.1666666660724735e-02
3.1666666660724735e-02
3.1666666660724735e-02
3.1666666660724735e-02
3.1666666660724735e-02
3.1666666660724735e-02
3.1666666660724735e-02
3.1666666660724735e-02
3.1666666660724735e-02
3.1666666660724735e-02
3.1666666660724735e-02
