0.0000000000000000e+00
2.4995960985955939e+01
4.9999999999353271e+01
7.4999617634305551e+01
9.9994814868937269e+01
1.2498559268040400e+02
1.5000000000002342e+02
1.7500998461689841e+02
2.0001446660541265e+02
2.2499999993796436e+02
2.5000000002327931e+02
2.2499999991777344e+02
1.9999557859168800e+02
1.7498673506635168e+02
1.4999999999911392e+02
1.2500884664514717e+02
1.0001327402772779e+02
7.4999999999362856e+01
4.9999999999081680e+01
2.4999999999580591e+01
-4.4205123422818854e-10
-2.5000000000345686e+01
-5.0004421221080278e+01
-7.5000000000474103e+01
-9.9999999022265627e+01
-1.2500441926470273e+02
-1.5000947410144073e+02
-1.7500000006224599e+02
-1.9999999998528668e+02
-2.2499999998735393e+02
-2.4999999998731428e+02
-2.2500000007772152e+02
-2.0000442041099490e+02
-1.7501326000970195e+02
-1.5000000000104362e+02
-1.2499116316833300e+02
-9.9986748532655298e+01
-7.5000000000524864e+01
-5.0000000000560263e+01
-2.4999999999876501e+01
-1.5165404354189060e-10
2.4999999999706230e+01
4.9995579756993926e+01
7.4999999999604000e+01
9.9999999021764197e+01
1.2499557780115545e+02
1.4998673731553944e+02
1.7499999993758422e+02
2.0000000001487132e+02
2.2500000001304389e+02
2.5000000001275691e+02
2.2499999991748570e+02
1.9999557860123787e+02
1.7498673508604662e+02
1.4999999999841734e+02
1.2500884662419676e+02
1.0001327398664274e+02
7.4999999999160551e+01
4.9999999999064094e+01
2.4999999999485624e+01
-6.1760996219536064e-10
-2.5000000000948468e+01
-5.0004421221574070e+01
-7.5000000000945107e+01
-9.9999999023091988e+01
-1.2500441926563946e+02
-1.5000947409560018e+02
-1.7500000006339479e+02
-1.9999999998633453e+02
-2.2499999998828707e+02
-2.4999999998824504e+02
-2.2500000007861101e+02
-2.0000442041189993e+02
-1.7501326001052468e+02
-1.5000000000169965e+02
-1.2499116316888080e+02
-9.9986748533201492e+01
-7.5000000001378922e+01
-5.0000000001572957e+01
-2.5000000001266393e+01
-1.3579335634408588e-09
2.4999999998800867e+01
4.9995579755998975e+01
7.4999999998532743e+01
9.9999999020756036e+01
1.2499557780045886e+02
1.4998673731478681e+02
1.7499999993626153e+02
2.0000000001410768e+02
2.2500000001239977e+02
2.5000000001213385e+02
2.2499999991692121e+02
1.9999557860054821e+02
1.7498673508545608e+02
1.4999999999778461e+02
1.2500884662395487e+02
1.0001327398649501e+02
7.4999999998624418e+01
4.9999999998458911e+01
2.4999999998542549e+01
-1.4462964054966149e-09
-2.5000000001459533e+01
-5.0004421222059662e+01
-7.5000000001545928e+01
-9.9999999023489394e+01
-1.2500441926630607e+02
-1.5000947409576412e+02
-1.7500000006360136e+02
-1.9999999998633444e+02
-2.2499999998789892e+02
-2.4999999998784651e+02
-2.2500000007828899e+02
-2.0000442041158735e+02
-1.7501326001021638e+02
-1.5000000000162939e+02
-1.2499116316891767e+02
-9.9986748533334790e+01
-7.5000000000844906e+01
-5.0000000000717137e+01
-2.5000000000287706e+01
-5.4497947517041673e-10
2.4999999999464052e+01
4.9995579756261286e+01
7.4999999999038721e+01
9.9999999021358732e+01
1.2499557780100764e+02
1.4998673731556684e+02
1.7499999993720388e+02
2.0000000001487754e+02
2.2500000001331659e+02
2.5000000001328132e+02
2.2499999991767214e+02
1.9999557860145893e+02
1.7498673508663074e+02
1.4999999999924236e+02
1.2500884662520727e+02
1.0001327398774086e+02
7.4999999999898463e+01
5.0000000000029232e+01
2.5000000000168836e+01
3.7457765308317329e-10
-2.4999999999803318e+01
-5.0004421220395123e+01
-7.4999999999660048e+01
-9.9999999021911322e+01
-1.2500441926426848e+02
-1.5000947409359202e+02
-1.7500000006158459e+02
-1.9999999998470901e+02
-2.2499999998646683e+02
-2.4999999998662932e+02
-2.2500000007701348e+02
-2.0000442040995841e+02
-1.7501326000854527e+02
-1.4999999999996936e+02
-1.2499116316723483e+02
-9.9986748531871342e+01
-7.4999999999835239e+01
-4.9999999999926104e+01
-2.4999999999655422e+01
2.3065243075524539e-10
2.5000000000179597e+01
4.9995579757305109e+01
7.5000000000175078e+01
9.9999999022417242e+01
1.2499557780206558e+02
1.4998673731674646e+02
1.7499999993778135e+02
2.0000000001508221e+02
2.2500000001319495e+02
2.5000000001337031e+02
2.2499999991798950e+02
1.9999557860196444e+02
1.7498673508715029e+02
1.4999999999942955e+02
1.2500884662516917e+02
1.0001327398731787e+02
7.5000000000275733e+01
5.0000000000206420e+01
2.5000000000808321e+01
7.9202615207492406e-10
-2.4999999999232937e+01
-5.0004421220072338e+01
-7.4999999999363780e+01
-9.9999999021549883e+01
-1.2500441926395904e+02
-1.5000947409350420e+02
-1.7500000006122892e+02
-1.9999999998427739e+02
-2.2499999998602638e+02
-2.4999999998628508e+02
-2.2500000007657741e+02
-2.0000442041003402e+02
-1.7501326000867442e+02
-1.5000000000030010e+02
-1.2499116316749166e+02
-9.9986748531712095e+01
-7.4999999999752930e+01
-4.9999999999817646e+01
-2.4999999999323578e+01
3.3281549537595797e-10
