0.0000000000000000e+00
2.4997104046445784e+01
4.9999999999569987e+01
7.5000761494195217e+01
9.9999389117753239e+01
1.2499588345744790e+02
1.4999999999877426e+02
1.7500198098092085e+02
2.0000020563537788e+02
2.2499999992308847e+02
2.4999999982893920e+02
2.2499999987108114e+02
1.9999786547306232e+02
1.7499359604729804e+02
1.4999999999829782e+02
1.2500427127198776e+02
1.0000640928129401e+02
7.4999999999330711e+01
4.9999999999084316e+01
2.4999999999804999e+01
1.0985068152049178e-10
2.5000000000105942e+01
5.0002134440226683e+01
7.5000000000438590e+01
9.9999999413258848e+01
1.2500213326606183e+02
1.5000072073973618e+02
1.7500000007719632e+02
2.0000000014391432e+02
2.2500000015911905e+02
2.5000000015912462e+02
2.2500000012287137e+02
2.0000213393911542e+02
1.7500640102087323e+02
1.5000000000146022e+02
1.2499573459673476e+02
9.9993604218805274e+01
7.5000000000492633e+01
5.0000000000806260e+01
2.5000000000137000e+01
2.7556035658919961e-10
2.4999999999814349e+01
4.9997866147159968e+01
7.4999999999422073e+01
9.9999999411656063e+01
1.2499786497146940e+02
1.4999359726595753e+02
1.7499999992274843e+02
1.9999999985654571e+02
2.2499999984144364e+02
2.4999999984143642e+02
2.2499999987109192e+02
1.9999786546055202e+02
1.7499359602227699e+02
1.4999999999850394e+02
1.2500427129742927e+02
1.0000640933188961e+02
7.4999999999791427e+01
4.9999999999395925e+01
2.5000000000091823e+01
-8.4758246822886151e-12
2.4999999999941963e+01
5.0002134440040486e+01
7.5000000000217639e+01
9.9999999412960207e+01
1.2500213326560714e+02
1.5000072072857634e+02
1.7500000007723878e+02
2.0000000014397648e+02
2.2500000015916984e+02
2.5000000015917146e+02
2.2500000012296289e+02
2.0000213393938270e+02
1.7500640102125348e+02
1.5000000000150669e+02
1.2499573459640477e+02
9.9993604218085892e+01
7.5000000000213703e+01
5.0000000000563134e+01
2.4999999999849614e+01
7.9631556989850831e-11
2.5000000000244931e+01
4.9997866147653994e+01
7.4999999999887436e+01
9.9999999412058159e+01
1.2499786497171168e+02
1.4999359726608822e+02
1.7499999992274203e+02
1.9999999985654989e+02
2.2499999984144046e+02
2.4999999984143784e+02
2.2499999987107822e+02
1.9999786546062387e+02
1.7499359602226176e+02
1.4999999999847535e+02
1.2500427129741314e+02
1.0000640933180006e+02
7.4999999999776080e+01
4.9999999999438714e+01
2.5000000000135454e+01
9.0266076562490661e-11
2.4999999999829090e+01
5.0002134439882127e+01
7.5000000000302279e+01
9.9999999413086840e+01
1.2500213326583898e+02
1.5000072072860740e+02
1.7500000007720064e+02
2.0000000014392140e+02
2.2500000015910337e+02
2.5000000015910811e+02
2.2500000012289689e+02
2.0000213393933157e+02
1.7500640102108960e+02
1.5000000000161887e+02
1.2499573459689050e+02
9.9993604218952186e+01
7.5000000000461995e+01
5.0000000000691145e+01
2.5000000000087283e+01
2.9551262770634229e-10
2.4999999999896623e+01
4.9997866147176133e+01
7.4999999999464606e+01
9.9999999411778063e+01
1.2499786497156384e+02
1.4999359726621446e+02
1.7499999992278390e+02
1.9999999985657630e+02
2.2499999984147473e+02
2.4999999984146797e+02
2.2499999987108274e+02
1.9999786546056157e+02
1.7499359602234262e+02
1.4999999999851974e+02
1.2500427129740281e+02
1.0000640933188942e+02
7.4999999999730576e+01
4.9999999999559712e+01
2.5000000000143260e+01
8.2799490352396742e-11
2.5000000000039719e+01
5.0002134440164482e+01
7.5000000000258765e+01
9.9999999413002058e+01
1.2500213326558193e+02
1.5000072072853396e+02
1.7500000007720570e+02
2.0000000014394547e+02
2.2500000015913383e+02
2.5000000015914699e+02
2.2500000012284065e+02
2.0000213393921013e+02
1.7500640102098254e+02
1.5000000000140071e+02
1.2499573459643217e+02
9.9993604218399398e+01
7.5000000000480014e+01
5.0000000000836280e+01
2.5000000000168232e+01
2.6941706376953967e-10
2.4999999999777760e+01
4.9997866147155655e+01
7.4999999999551662e+01
9.9999999411886435e+01
1.2499786497173167e+02
1.4999359726638443e+02
1.7499999992277822e+02
1.9999999985658073e+02
2.2499999984147843e+02
2.4999999984147334e+02
2.2499999987102908e+02
1.9999786546043748e+02
1.7499359602215890e+02
1.4999999999839176e+02
1.2500427129731324e+02
1.0000640933178252e+02
7.4999999999585185e+01
4.9999999999282174e+01
2.4999999999866667e+01
1.4651409478744809e-10
2.5000000000050900e+01
5.0002134440160518e+01
7.5000000000358355e+01
9.9999999413046481e+01
1.2500213326568164e+02
1.5000072072855829e+02
1.7500000007721420e+02
2.0000000014393987e+02
2.2500000015912158e+02
2.5000000015912707e+02
2.2500000012291613e+02
2.0000213393952475e+02
1.7500640102139249e+02
1.5000000000177639e+02
1.2499573459678493e+02
9.9993604218640201e+01
7.5000000000672188e+01
5.0000000000980229e+01
2.5000000000260332e+01
3.6241816185619422e-10
