1.9999999999999974e+02
1.9999999999999974e+02
1.9999999999999974e+02
1.9999999999999974e+02
1.9999999999999974e+02
1.9999999999999974e+02
1.9999999999999974e+02
1.9999999999999974e+02
2.0000004112707796e+02
2.0534974417271820e+02
2.1109408221328732e+02
2.1109408221328732e+02
2.1109408221328732e+02
2.1109408221328732e+02
2.1109408221328732e+02
2.1109408221328732e+02
2.1109408221328732e+02
2.1109408221328732e+02
2.1109408221328732e+02
2.1109408221328732e+02
2.1109408221328732e+02
2.1109408221328732e+02
2.1109408221328732e+02
2.1109408221328732e+02
2.1109408221328732e+02
2.1109408221328732e+02
2.1109408221328732e+02
2.1159204848466101e+02
2.1633595878524551e+02
2.2139615684551688e+02
2.2681468713813248e+02
2.2681468713813248e+02
2.2681468713813248e+02
2.2681468713813248e+02
2.2681468713813248e+02
2.2681468713813248e+02
2.2681468713813248e+02
2.2681468713813248e+02
2.2681468713813248e+02
2.2681468713813248e+02
2.2681468713813248e+02
2.2681468713813248e+02
2.2681468713813248e+02
2.2681468713813248e+02
2.2681468713813248e+02
2.2681468713813248e+02
2.2681468713813248e+02
2.2681468713813248e+02
2.2681468713813248e+02
2.3100375632877453e+02
2.3623457224599397e+02
2.3623457224599397e+02
2.3623457224599397e+02
2.3623457224599397e+02
2.3623457224599397e+02
2.3623457224599397e+02
2.3623457224599397e+02
2.3623457224599397e+02
2.3623457224599397e+02
2.3623457224599397e+02
2.3623457224599397e+02
2.3623457224599397e+02
2.3623457224599397e+02
2.3623457224599397e+02
2.3623457224599397e+02
2.3623457224599397e+02
2.3623457224599397e+02
2.3623457224599397e+02
2.3623457224599397e+02
2.3671125130313578e+02
2.4185266595484370e+02
2.4185266595484370e+02
2.4185266595484370e+02
2.4185266595484370e+02
2.4185266595484370e+02
2.4185266595484370e+02
2.4185266595484370e+02
2.4185266595484370e+02
2.4185266595484370e+02
2.4185266595484370e+02
2.4185266595484370e+02
2.4185266595484370e+02
2.4185266595484370e+02
2.4185266595484370e+02
2.4185266595484370e+02
2.4185266595484370e+02
2.4185266595484370e+02
2.4185266595484370e+02
2.4185266595484370e+02
2.4185266595484370e+02
2.4516452434229828e+02
2.4516452434229828e+02
2.4516452434229828e+02
2.4516452434229828e+02
2.4516452434229828e+02
2.4516452434229828e+02
2.4516452434229828e+02
2.4516452434229828e+02
2.4516452434229828e+02
2.4516452434229828e+02
2.4516452434229828e+02
2.4516452434229828e+02
2.4516452434229828e+02
2.4516452434229828e+02
2.4516452434229828e+02
2.4516452434229828e+02
2.4516452434229828e+02
2.4516452434229828e+02
2.4516452434229828e+02
2.4516452434229828e+02
2.4711736046720580e+02
2.4711736046720580e+02
2.4711736046720580e+02
2.4711736046720580e+02
2.4711736046720580e+02
2.4711736046720580e+02
2.4711736046720580e+02
2.4711736046720580e+02
2.4711736046720580e+02
2.4711736046720580e+02
2.4711736046720580e+02
2.4711736046720580e+02
2.4711736046720580e+02
2.4711736046720580e+02
2.4711736046720580e+02
2.4711736046720580e+02
2.4711736046720580e+02
2.4711736046720580e+02
2.4711736046720580e+02
2.4711736046720580e+02
2.4827706191097303e+02
2.4827706191097303e+02
2.4827706191097303e+02
2.4827706191097303e+02
2.4827706191097303e+02
2.4827706191097303e+02
2.4827706191097303e+02
2.4827706191097303e+02
2.4827706191097303e+02
2.4827706191097303e+02
2.4827706191097303e+02
2.4827706191097303e+02
2.4827706191097303e+02
2.4827706191097303e+02
2.4827706191097303e+02
2.4827706191097303e+02
2.4827706191097303e+02
2.4827706191097303e+02
2.4827706191097303e+02
2.4827706191097303e+02
2.4896423940098379e+02
2.4896423940098379e+02
2.4896423940098379e+02
2.4896423940098379e+02
2.4896423940098379e+02
2.4896423940098379e+02
2.4896423940098379e+02
2.4896423940098379e+02
2.4896423940098379e+02
2.4896423940098379e+02
2.4896423940098379e+02
2.4896423940098379e+02
2.4896423940098379e+02
2.4896423940098379e+02
2.4896423940098379e+02
2.4896423940098379e+02
2.4896423940098379e+02
2.4896423940098379e+02
2.4896423940098379e+02
2.4896423940098379e+02
2.4937350081924978e+02
2.4937350081924978e+02
2.4937350081924978e+02
2.4937350081924978e+02
2.4937350081924978e+02
2.4937350081924978e+02
2.4937350081924978e+02
2.4937350081924978e+02
2.4937350081924978e+02
2.4937350081924978e+02
2.4937350081924978e+02
2.4937350081924978e+02
2.4937350081924978e+02
2.4937350081924978e+02
2.4937350081924978e+02
2.4937350081924978e+02
2.4937350081924978e+02
2.4937350081924978e+02
2.4937350081924978e+02
2.4937350081924978e+02
2.4962227342279360e+02
2.4962227342279360e+02
2.4962227342279360e+02
2.4962227342279360e+02
2.4962227342279360e+02
2.4962227342279360e+02
2.4962227342279360e+02
2.4962227342279360e+02
2.4962227342279360e+02
2.4962227342279360e+02
2.4962227342279360e+02
