0.0000000000000000e+00
0.0000000000000000e+00
0.0000000000000000e+00
0.0000000000000000e+00
0.0000000000000000e+00
0.0000000000000000e+00
0.0000000000000000e+00
0.0000000000000000e+00
-5.4836066905817205e-05
-6.5853939744247691e+00
-1.3118860653623521e+01
-1.3118860653623509e+01
-1.3118860653623512e+01
-1.3118860653623527e+01
-1.3118860653623523e+01
-1.3118860653623521e+01
-1.3118860653623523e+01
-1.3118860653623496e+01
-1.3118860653623500e+01
-1.3118860653623496e+01
-1.3118860653623486e+01
-1.3118860653623496e+01
-1.3118860653623486e+01
-1.3118860653623496e+01
-1.3118860653623496e+01
-1.3118860653623479e+01
-1.3118860653623498e+01
-1.2086040806701487e+01
-5.1553145684874284e+00
1.7280790265550161e+00
8.5682114631403241e+00
8.5682114631403170e+00
8.5682114631403117e+00
8.5682114631402992e+00
8.5682114631403010e+00
8.5682114631402975e+00
8.5682114631402957e+00
8.5682114631402957e+00
8.5682114631402957e+00
8.5682114631403010e+00
8.5682114631403046e+00
8.5682114631402957e+00
8.5682114631402939e+00
8.5682114631402904e+00
8.5682114631402762e+00
8.5682114631402726e+00
8.5682114631402833e+00
8.5682114631402726e+00
8.1659161444872836e+00
1.1119469302269562e+00
-5.9007649429072657e+00
-5.9007649429072693e+00
-5.9007649429072702e+00
-5.9007649429072702e+00
-5.9007649429072604e+00
-5.9007649429072657e+00
-5.9007649429072746e+00
-5.9007649429072710e+00
-5.9007649429072657e+00
-5.9007649429072648e+00
-5.9007649429072639e+00
-5.9007649429072639e+00
-5.9007649429072764e+00
-5.9007649429072719e+00
-5.9007649429072799e+00
-5.9007649429072782e+00
-5.9007649429072657e+00
-5.9007649429072568e+00
-5.9007649429072666e+00
-2.9124605335896354e+00
4.2097538201341980e+00
4.2097538201341980e+00
4.2097538201341971e+00
4.2097538201341980e+00
4.2097538201342024e+00
4.2097538201342042e+00
4.2097538201342104e+00
4.2097538201342068e+00
4.2097538201342184e+00
4.2097538201342193e+00
4.2097538201342184e+00
4.2097538201342175e+00
4.2097538201342166e+00
4.2097538201342068e+00
4.2097538201341989e+00
4.2097538201342033e+00
4.2097538201342015e+00
4.2097538201342006e+00
4.2097538201341953e+00
4.1345733502393545e+00
-3.0588360207810217e+00
-3.0588360207810208e+00
-3.0588360207810141e+00
-3.0588360207810092e+00
-3.0588360207810075e+00
-3.0588360207810048e+00
-3.0588360207810044e+00
-3.0588360207810128e+00
-3.0588360207810119e+00
-3.0588360207810124e+00
-3.0588360207810141e+00
-3.0588360207810199e+00
-3.0588360207810243e+00
-3.0588360207810270e+00
-3.0588360207810315e+00
-3.0588360207810266e+00
-3.0588360207810323e+00
-3.0588360207810288e+00
-3.0588360207810252e+00
-3.0588360207810283e+00
2.2657182720840048e+00
2.2657182720840039e+00
2.2657182720840012e+00
2.2657182720840008e+00
2.2657182720840012e+00
2.2657182720839977e+00
2.2657182720839986e+00
2.2657182720839968e+00
2.2657182720839986e+00
2.2657182720839986e+00
2.2657182720840017e+00
2.2657182720840052e+00
2.2657182720840070e+00
2.2657182720840074e+00
2.2657182720840079e+00
2.2657182720840066e+00
2.2657182720840083e+00
2.2657182720840083e+00
2.2657182720840057e+00
2.2657182720840008e+00
-1.6994618674053963e+00
-1.6994618674053963e+00
-1.6994618674053958e+00
-1.6994618674053976e+00
-1.6994618674053958e+00
-1.6994618674053950e+00
-1.6994618674053934e+00
-1.6994618674053916e+00
-1.6994618674053905e+00
-1.6994618674053905e+00
-1.6994618674053892e+00
-1.6994618674053905e+00
-1.6994618674053905e+00
-1.6994618674053901e+00
-1.6994618674053878e+00
-1.6994618674053905e+00
-1.6994618674053901e+00
-1.6994618674053910e+00
-1.6994618674053903e+00
-1.6994618674053878e+00
1.2863061550884201e+00
1.2863061550884176e+00
1.2863061550884165e+00
1.2863061550884183e+00
1.2863061550884185e+00
1.2863061550884192e+00
1.2863061550884216e+00
1.2863061550884236e+00
1.2863061550884241e+00
1.2863061550884236e+00
1.2863061550884223e+00
1.2863061550884225e+00
1.2863061550884225e+00
1.2863061550884212e+00
1.2863061550884198e+00
1.2863061550884221e+00
1.2863061550884203e+00
1.2863061550884187e+00
1.2863061550884218e+00
1.2863061550884229e+00
-9.8004238864797211e-01
-9.8004238864797211e-01
-9.8004238864797355e-01
-9.8004238864797322e-01
-9.8004238864797322e-01
-9.8004238864797477e-01
-9.8004238864797288e-01
-9.8004238864797366e-01
-9.8004238864797411e-01
-9.8004238864797322e-01
-9.8004238864797322e-01
-9.8004238864797188e-01
-9.8004238864797233e-01
-9.8004238864797033e-01
-9.8004238864797044e-01
-9.8004238864797288e-01
-9.8004238864797233e-01
-9.8004238864797322e-01
-9.8004238864797288e-01
-9.8004238864797355e-01
7.5037413276586840e-01
7.5037413276586773e-01
7.5037413276586773e-01
7.5037413276586951e-01
7.5037413276586906e-01
7.5037413276586795e-01
7.5037413276586729e-01
7.5037413276586618e-01
7.5037413276586573e-01
7.5037413276586551e-01
7.5037413276586529e-01
