0.0000000000000000e+00
3.1995049324172115e+01
6.3999999999533337e+01
9.5998943309555244e+01
1.2799188078283861e+02
1.5997881394743013e+02
1.9199999999956555e+02
2.2401517549696058e+02
2.5600000168044232e+02
2.8801656395973214e+02
3.2000129075372917e+02
2.8800000006323933e+02
2.5599270192388434e+02
2.2397939480674052e+02
1.9199999999913254e+02
1.6001460247987364e+02
1.2802320072172233e+02
9.6000000000288537e+01
6.3999999999812715e+01
3.1993992600861112e+01
-2.9813483772281824e-10
-3.1999998471214809e+01
-6.4006004339950607e+01
-9.6000000000549505e+01
-1.2800000153158533e+02
-1.5999999896819392e+02
-1.9200001232076434e+02
-2.2400002361069875e+02
-2.5601640229678139e+02
-2.8800253043221431e+02
-3.2000033221437093e+02
-2.8799999993774219e+02
-2.5600567351418812e+02
-2.2401735141596134e+02
-1.9203503211575699e+02
-1.6000000000435577e+02
-1.2800000000153523e+02
-9.6006005868600042e+01
-6.4000000001361599e+01
-3.2000001531575890e+01
-9.9719538683936208e-10
3.1993995659132036e+01
6.3999999998674056e+01
9.5999996940636564e+01
1.2799398801359835e+02
1.5998197474513924e+02
1.9199999999801597e+02
2.2399982983936502e+02
2.5600441653192325e+02
2.8800000924977570e+02
3.2001075526962484e+02
2.8800000006145581e+02
2.5598323771295162e+02
2.2400000000293755e+02
1.9201075616386083e+02
1.6000000000015862e+02
1.2798323669470582e+02
9.6000000002809259e+01
6.3999999999549345e+01
3.1993992597647363e+01
-1.3795867007800181e-09
-3.1999998469749130e+01
-6.4006004336304926e+01
-9.6000000001137863e+01
-1.2800000153670896e+02
-1.6000601047120801e+02
-1.9201802833413930e+02
-2.2403605665522468e+02
-2.5600000701513272e+02
-2.8801028933093835e+02
-3.2000000792932713e+02
-2.8799999994107350e+02
-2.5600599782165824e+02
-2.2401800004311053e+02
-1.9203600507836913e+02
-1.6000000000457703e+02
-1.2800000000208954e+02
-9.6006005869418601e+01
-6.4000000001450886e+01
-3.2000001531651648e+01
-1.0154733035793135e-09
3.1993995658946016e+01
6.3999999998504435e+01
9.5999996940504161e+01
1.2799398801353367e+02
1.5998197474543321e+02
1.9199999999760365e+02
2.2401201479227450e+02
2.5601802066016495e+02
2.8800116336724824e+02
3.2000185120970383e+02
2.8800000005717243e+02
2.5599214203187819e+02
2.2397827560430412e+02
1.9200000000104146e+02
1.6001572053397851e+02
1.2800000000132113e+02
9.6000000000275278e+01
6.3993992600416199e+01
3.1999999998940233e+01
1.5281330612448730e-06
-3.2000000000843741e+01
-6.4006008928794486e+01
-9.6000000001214943e+01
-1.2799999694243712e+02
-1.6000600128124097e+02
-1.9201801454717798e+02
-2.2403603827008999e+02
-2.5600000000420408e+02
-2.8796995996783068e+02
-3.2000000391578106e+02
-2.8799999994754791e+02
-2.5600600184781388e+02
-2.2401800808882967e+02
-1.9200000000191059e+02
-1.5998800237214022e+02
-1.2798201367010017e+02
-9.5982032365761327e+01
-6.3988056930993217e+01
-3.2000085837802786e+01
-6.1717587015690121e-10
3.1999999999684544e+01
6.3993994129710281e+01
9.5999999999199460e+01
1.2799999847096782e+02
1.5999399107309338e+02
1.9198197933339924e+02
2.2396396477940118e+02
2.5599999999644669e+02
2.8803002017151925e+02
3.2000531569982371e+02
2.8800000004205151e+02
2.5598867938077672e+02
2.2400000000276984e+02
1.9200531235855897e+02
1.5999999999864198e+02
1.2798868263466412e+02
9.6000000002501935e+01
6.3999999999473289e+01
3.1993992598121530e+01
-7.1171029077725640e-10
-3.1999998468974418e+01
-6.4006004335523897e+01
-9.6000000000667100e+01
-1.2800000153640909e+02
-1.6000601047097047e+02
-1.9201802833390769e+02
-2.2403605665503522e+02
-2.5600000000378384e+02
-2.8796994157653785e+02
-3.2000168086210471e+02
-2.8799999996760937e+02
-2.5600432412753128e+02
-2.2401465181387630e+02
-1.9203098149957518e+02
-1.6000000001126858e+02
-1.2797503601178695e+02
-9.6000000013138063e+01
-6.4000000004964875e+01
-3.2006005866759764e+01
-7.4442180194527160e-10
3.1999998467234747e+01
6.3993991065341490e+01
9.5999999999010100e+01
1.2800000153409607e+02
1.5999399719836472e+02
1.9198198852012939e+02
2.2396397702643992e+02
2.5599999999586493e+02
2.8803000792696264e+02
3.2000042555195148e+02
2.8800000002704314e+02
2.5599356733192312e+02
2.2398112593758563e+02
1.9199999999936423e+02
1.6001287079263230e+02
1.2801973678975673e+02
9.6000000000324988e+01
6.4000000000020222e+01
3.1993992601499368e+01
-4.3882997914058508e-10
-3.1999998471686602e+01
-6.4006004341196117e+01
-9.6000000000358355e+01
-1.2800000153009307e+02
-1.6000601045876425e+02
-1.9201802831565172e+02
-2.2403605663068618e+02
-2.5600000000355533e+02
-2.8796994160070682e+02
-3.2000012040431221e+02
-2.8799999997687297e+02
-2.5600588535228673e+02
-2.2401777500266462e+02
-1.9200000000096972e+02
-1.5998823558839428e+02
-1.2798248023453131e+02
-9.5982732410486648e+01
-6.3988990587707576e+01
-3.2001253238148450e+01
4.7283267299646561e-10
