0.0000000000000000e+00
-6.0876195787716028e-05
-1.2175609755970167e-04
-1.8263970592022533e-04
-2.4352702132033585e-04
-3.0441804421130490e-04
-3.6526829267271438e-04
-4.2612224411212729e-04
-1.1436941265431377e-03
-1.9547653312070984e-03
-2.7925115857750267e-03
-2.7316400115825748e-03
-2.6707721425128605e-03
-2.6099079781161257e-03
-2.5490058654198408e-03
-2.4881074615654797e-03
-2.4272127661010222e-03
-2.3663717190858646e-03
-2.3054936703031325e-03
-2.2446193274322053e-03
-2.1837375727453640e-03
-2.1228595244204727e-03
-2.0619851820067839e-03
-2.0011034264035502e-03
-1.9402253771623221e-03
-1.8793510338327819e-03
-1.8184803959633135e-03
-1.7576134631029905e-03
-1.6967131824769158e-03
-1.6358166104693595e-03
-1.2535444578648251e-03
-1.3142111277596195e-03
-1.3748814783225123e-03
-1.4359672255961635e-03
-1.4968452742566449e-03
-1.5577270292795723e-03
-1.6186124911162505e-03
-1.6794794205481068e-03
-1.7403574693371825e-03
-1.8012355181185502e-03
-1.8621135668990304e-03
-1.9229953220416059e-03
-1.9838696644578842e-03
-2.0447477127846325e-03
-2.1056294674743716e-03
-2.1665149289772220e-03
-2.2273818595729125e-03
-2.2882524951776972e-03
-2.3491268362409727e-03
-2.4100048832168064e-03
-2.4708866365536139e-03
-2.4100160054506665e-03
-2.3491490793554480e-03
-2.2882599083510909e-03
-2.2273744446118962e-03
-2.1664926876859849e-03
-2.1056146371239270e-03
-2.0447402924728881e-03
-1.9838696532814104e-03
-1.9229916156776573e-03
-1.8621135668995461e-03
-1.8012355181190498e-03
-1.7403611752493879e-03
-1.6794794205558954e-03
-1.6186013722240429e-03
-1.5577270298040968e-03
-1.4968563928432327e-03
-1.4359894608912645e-03
-1.3750891766292198e-03
-1.3141926009857588e-03
-1.2527771976646484e-03
-1.3136552075339045e-03
-1.3745369237605858e-03
-1.4354223467965971e-03
-1.4962893539175993e-03
-1.5571600660565462e-03
-1.6180344836655891e-03
-1.6789235002662405e-03
-1.7398015490446522e-03
-1.8006795978288553e-03
-1.8615576466096786e-03
-1.9224394017528131e-03
-1.9833137441681659e-03
-2.0441917924950265e-03
-2.1050735471840952e-03
-2.1659590086869282e-03
-2.2268259392841040e-03
-2.2876965748896642e-03
-2.3485709159552343e-03
-2.4094489629320820e-03
-2.4703307162706758e-03
-2.4094600851617375e-03
-2.3485931590611288e-03
-2.2877039880635909e-03
-2.2268185243312067e-03
-2.1659367674131827e-03
-2.1050587168573859e-03
-2.0441843722132816e-03
-1.9833137330293768e-03
-1.9224356953899974e-03
-1.8615576466116794e-03
-1.8006795978310227e-03
-1.7398052549610734e-03
-1.6789235002680838e-03
-1.6180454519375605e-03
-1.5571711095178074e-03
-1.4963004725580720e-03
-1.4354335406070505e-03
-1.3745332563420735e-03
-1.3136366806965317e-03
-1.2527438132172071e-03
-1.3136552075359020e-03
-1.3745332563428136e-03
-1.4354150115116764e-03
-1.4963004734943307e-03
-1.5571674027010972e-03
-1.6180380369162654e-03
-1.6789235002686678e-03
-1.7398015490491902e-03
-1.8006795978318614e-03
-1.8615576466123342e-03
-1.9224394017556378e-03
-1.9833137441705533e-03
-2.0441917924974881e-03
-2.1050735471864358e-03
-2.1659590086897632e-03
-2.2268259392852542e-03
-2.2876965748899916e-03
-2.3485709159546319e-03
-2.4094489629298676e-03
-2.4703307162676899e-03
-2.4094600851620237e-03
-2.3485931590645414e-03
-2.2877039880627109e-03
-2.2268185243267181e-03
-2.1659367674050989e-03
-2.1050587168459684e-03
-2.0441843721983968e-03
-1.9833137330108963e-03
-1.9224356953915563e-03
-1.8615576466129635e-03
-1.8006795978324996e-03
-1.7398052549635536e-03
-1.6789235002691455e-03
-1.6180454519371923e-03
-1.5571711095170233e-03
-1.4963004725565591e-03
-1.4354335406051935e-03
-1.3745332563428183e-03
-1.3136366806995657e-03
-1.2527438132234011e-03
-1.3136552075368698e-03
-1.3745332563431989e-03
-1.4354150115117072e-03
-1.4963004734941734e-03
-1.5571674027009743e-03
-1.6180380369162446e-03
-1.6789235002689813e-03
-1.7398015490492713e-03
-1.8006795978319262e-03
-1.8615576466125155e-03
-1.9224394017551358e-03
-1.9833137441710087e-03
-2.0441917924984465e-03
-2.1050735471876214e-03
-2.1659590086909840e-03
-2.2268259392854771e-03
-2.2876965748888181e-03
-2.3485709159515923e-03
-2.4094489629256964e-03
-2.4703307162617276e-03
-2.4094600851617591e-03
-2.3485931590696211e-03
-2.2877039880623545e-03
-2.2268185243203040e-03
-2.1659367673926575e-03
-2.1050587168279910e-03
-2.0441843721742403e-03
-1.9833137329810747e-03
-1.9224356953901347e-03
-1.8615576466116950e-03
-1.8006795978312610e-03
-1.7398052549622847e-03
-1.6789235002678754e-03
-1.6180454519364798e-03
-1.5571711095157246e-03
-1.4963004725553532e-03
-1.4354335406035093e-03
-1.3745332563431601e-03
-1.3136366807017298e-03
-1.2527438132278208e-03
-1.3136552075370151e-03
-1.3745332563432923e-03
-1.4354150115120699e-03
-1.4963004734947756e-03
-1.5571674027013819e-03
-1.6180380369169333e-03
-1.6789235002686981e-03
-1.7398015490493605e-03
-1.8006795978316793e-03
-1.8615576466124819e-03
