0.0000000000000000e+00
-1.8386424509538319e-10
-3.7459323023738091e-03
5.7173776882299274e-10
-8.1708917144904825e-07
-3.7475667498220568e-03
-1.1239430027991156e-02
1.2769572195247457e-08
-9.2683318823346839e-03
5.0899282846270927e-07
4.3808029209943560e-07
1.2659773006370355e-07
-3.7469355851444375e-03
-1.1241567905930431e-02
2.1143742721277788e-09
7.4972784280163754e-03
3.3751426187959006e-10
3.4320382289104931e-10
-3.7467505333506554e-03
4.6126118898139547e-10
-3.3835597238540173e-10
-4.1153314043888611e-10
-3.7467512468430711e-03
2.2748446128178214e-09
2.4550561711068947e-09
4.6255866395244784e-07
4.6240691472478529e-07
4.6247023530108585e-07
4.6249089396976624e-07
4.6221539017255027e-07
4.6214338004839858e-07
1.2167238551451611e-07
-3.7461513768498821e-03
-1.1237538374476833e-02
1.9277669391715301e-09
7.4891545373858845e-03
2.0416658503961582e-10
1.2390101496438916e-11
-3.7459318831344246e-03
3.7348115211149064e-10
-4.1465753267582532e-10
-3.9561969228620809e-10
-3.7459322202857467e-03
2.3067505587957087e-09
2.3179692177830851e-09
4.6095998450219087e-07
4.6121372163778699e-07
4.6110095636034433e-07
4.6106619428117947e-07
4.6108745410021319e-07
4.6094993445737374e-07
1.2638650174298058e-07
-3.7469593034530416e-03
-1.1241614915642528e-02
1.8551913612640161e-09
7.4973247689762643e-03
1.9220019575728916e-10
4.2555700807822777e-10
-3.7467505613522694e-03
1.9483389752912459e-10
-4.5976314734006042e-10
-2.8156929211378352e-10
-3.7467513826973551e-03
1.6767004830675421e-09
1.7780614803170907e-09
4.6160038723374576e-07
4.6152949332793420e-07
4.6160246819058608e-07
4.6143052069524872e-07
4.6120214782542342e-07
4.6119777234750447e-07
1.2091661374013545e-07
-3.7461522121491255e-03
-1.1237538879582726e-02
1.0815879085215567e-09
7.4891533932853029e-03
-6.7111331380941625e-10
-6.3385128058672805e-10
-3.7459331114267401e-03
-9.2886468467589659e-10
-1.4047080784253700e-09
-1.4871466055293109e-09
-3.7459338896811793e-03
7.0328149246234504e-10
7.5582902383583331e-10
4.5999300449070611e-07
4.6006555983185322e-07
4.6005496665347650e-07
4.6007570350892847e-07
4.6015706508050350e-07
4.6013781297976030e-07
1.2562949656197120e-07
-3.7469598470032399e-03
-1.1241615447314342e-02
1.5049902541032254e-09
7.4973243878317013e-03
8.6408154581594872e-11
1.1365656089104141e-10
-3.7467507806729326e-03
2.9185169097295689e-10
-2.2020489571081286e-10
-3.9725000853213780e-10
-3.7467509246714645e-03
2.1493746263994198e-09
1.9925743089879923e-09
4.6189521466879676e-07
4.6196300505506988e-07
4.6174180275294821e-07
4.6172010226380109e-07
4.6210088419946897e-07
4.6197757877453800e-07
1.2143182920115702e-07
-3.7461513786227808e-03
-1.1237538078633650e-02
1.8814028716836098e-09
7.4891545147678018e-03
-1.2991088705075368e-10
-1.7902493401230019e-10
-3.7459326276866938e-03
-2.8186975525969865e-10
-9.8191471163588291e-10
-1.0496933302987694e-09
-3.7459332620861704e-03
1.2895827675593907e-09
1.3276732561590965e-09
4.6037387154458263e-07
4.6026313008767558e-07
4.6019017170196710e-07
4.6020303715554570e-07
4.6022846356194413e-07
4.6014353778988968e-07
1.2521122692403861e-07
-3.7469604944689217e-03
-1.1241616042288110e-02
9.2262880802639413e-10
7.4973237329527299e-03
-5.7798199534508910e-10
-4.4259196770753367e-10
-3.7467514746722238e-03
-7.7673011935876068e-10
-1.4506523659031268e-09
-1.5071405988962255e-09
-3.7467523935169425e-03
8.9330906301410392e-10
1.0316491718983492e-09
4.6092669996201246e-07
4.6083650220128563e-07
4.6099346590645281e-07
4.6090367163497542e-07
4.6098940437416623e-07
4.6080105522184239e-07
1.2002255471380296e-07
-3.7461527056256751e-03
-1.1237539372976117e-02
6.3374184428899460e-10
7.4891529219627273e-03
-1.3010710648553121e-09
-1.2350894920571665e-09
-3.7459334712972134e-03
-1.2623225592046862e-09
-1.5648750447185690e-09
-1.6895388133073812e-09
-3.7459337163433470e-03
1.1303756541756626e-09
1.0338928687354902e-09
4.5998918465152491e-07
4.6011979505238821e-07
4.6007228665574188e-07
4.6027241333316733e-07
4.6039796185756854e-07
4.6040194479563301e-07
1.2568989573038386e-07
-3.7469599034462716e-03
-1.1241615583501100e-02
1.6486968698391818e-09
7.4973246162936191e-03
-1.4808985676811156e-10
-3.7579172444926572e-10
-3.7467509856414795e-03
-2.7374104237051642e-10
-7.9186298133186339e-10
-4.8863893629488569e-10
-3.7467514075074627e-03
1.8752488529072646e-09
1.8873525177398983e-09
4.6185361835423862e-07
4.6177216675805961e-07
4.6169733633548226e-07
4.6139847278478238e-07
4.6170532747814868e-07
4.6178588968109302e-07
1.2098995389617300e-07
-3.7461517858759200e-03
-1.1237538395977891e-02
1.6051813016679473e-09
7.4891543291834544e-03
4.2990940280737612e-10
7.0199365860137783e-10
-3.7459314584594302e-03
6.6867221387603068e-10
1.9264915527251446e-10
