0.0000000000000000e+00
3.1999999999676191e+01
6.3992758097864851e+01
9.5999999999350507e+01
1.2799999794949107e+02
1.5999275399847772e+02
1.9197827019611458e+02
2.2399999994716106e+02
2.5598922651570558e+02
2.8799999999463694e+02
3.2000000005491904e+02
2.8799999977823722e+02
2.5599275554939888e+02
2.2397826531636790e+02
1.9199999999827793e+02
1.6001449688174688e+02
1.2799999999948007e+02
9.5999999999453323e+01
6.3992756047036352e+01
3.1999999999552745e+01
-2.1039652847898592e-10
-3.2000000000213895e+01
-6.4007243952596610e+01
-9.6000000010589019e+01
-1.2800000001019876e+02
-1.5999999996460386e+02
-1.9199999996479360e+02
-2.2399999996471658e+02
-2.5599999996471752e+02
-2.8799999996497729e+02
-3.1999999996504653e+02
-2.8800000020570678e+02
-2.5600724234849889e+02
-2.2402172434331186e+02
-1.9200000000225441e+02
-1.5998552371331354e+02
-1.2800000000094468e+02
-9.6000000001097860e+01
-6.4007241902479208e+01
-3.2000000000584151e+01
-2.7989422069609041e-10
3.1999999999571926e+01
6.3992758098167535e+01
9.5999999989284163e+01
1.2799999998910830e+02
1.6000000003578040e+02
1.9200000003604177e+02
2.2400000003594891e+02
2.5600000003589895e+02
2.8800000003594528e+02
3.2000000003577526e+02
2.8799999977800508e+02
2.5599275556761688e+02
2.2397826535325993e+02
1.9199999999783188e+02
1.6001449684388271e+02
1.2799999999921100e+02
9.5999999999411386e+01
6.3992756046922892e+01
3.1999999999211234e+01
-5.5093889459275376e-10
-3.2000000000487127e+01
-6.4007243953116046e+01
-9.6000000011162328e+01
-1.2800000001087483e+02
-1.5999999996564739e+02
-1.9199999996573672e+02
-2.2399999996564324e+02
-2.5599999996576565e+02
-2.8799999996600968e+02
-3.1999999996602008e+02
-2.8800000020667346e+02
-2.5600724234950860e+02
-2.2402172434393719e+02
-1.9200000000294108e+02
-1.5998552371410665e+02
-1.2800000000164715e+02
-9.6000000001568765e+01
-6.4007241903634949e+01
-3.2000000001925017e+01
-1.3402016400157276e-09
3.1999999998404387e+01
6.3992758096315420e+01
9.5999999987811890e+01
1.2799999998763819e+02
1.6000000003486122e+02
1.9200000003492528e+02
2.2400000003489527e+02
2.5600000003491562e+02
2.8800000003500918e+02
3.2000000003499753e+02
2.8799999977725679e+02
2.5599275556704862e+02
2.2397826535274447e+02
1.9199999999723431e+02
1.6001449684323666e+02
1.2799999999878867e+02
9.5999999998875808e+01
6.3992756046608918e+01
3.1999999998996049e+01
-4.1082584194656711e-10
-3.2000000000788447e+01
-6.4007243952820801e+01
-9.6000000010786550e+01
-1.2800000001075097e+02
-1.5999999996533927e+02
-1.9199999996529388e+02
-2.2399999996548038e+02
-2.5599999996552529e+02
-2.8799999996510007e+02
-3.1999999996527072e+02
-2.8800000020609059e+02
-2.5600724234857444e+02
-2.2402172434294846e+02
-1.9200000000213586e+02
-1.5998552371325286e+02
-1.2800000000106968e+02
-9.6000000001092417e+01
-6.4007241902884573e+01
-3.2000000001218922e+01
-8.6199307913023438e-10
3.1999999998902073e+01
6.3992758097136957e+01
9.5999999988401441e+01
1.2799999998821683e+02
1.6000000003526799e+02
1.9200000003511536e+02
2.2400000003506324e+02
2.5600000003512207e+02
2.8800000003513924e+02
3.2000000003503578e+02
2.8799999977686366e+02
2.5599275556655260e+02
2.2397826535235129e+02
1.9199999999688686e+02
1.6001449684289682e+02
1.2799999999858716e+02
9.5999999998605546e+01
6.3992756046239101e+01
3.1999999998275740e+01
-1.1896939363929503e-09
-3.2000000001531696e+01
-6.4007243953866478e+01
-9.6000000012061548e+01
-1.2800000001167706e+02
-1.5999999996627980e+02
-1.9199999996635330e+02
-2.2399999996621648e+02
-2.5599999996628623e+02
-2.8799999996619488e+02
-3.1999999996638303e+02
-2.8800000020741874e+02
-2.5600724234988718e+02
-2.2402172434422420e+02
-1.9200000000319153e+02
-1.5998552371459476e+02
-1.2800000000215095e+02
-9.6000000002100961e+01
-6.4007241903802225e+01
-3.2000000002190106e+01
-1.4668360523646540e-09
3.1999999998305974e+01
6.3992758096567577e+01
9.5999999988181344e+01
1.2799999998790294e+02
1.6000000003487375e+02
1.9200000003498238e+02
2.2400000003498621e+02
2.5600000003516243e+02
2.8800000003529061e+02
3.2000000003532637e+02
2.8799999977746830e+02
2.5599275556715574e+02
2.2397826535278321e+02
1.9199999999769503e+02
1.6001449684384966e+02
1.2799999999901044e+02
9.5999999998763883e+01
6.3992756046743970e+01
3.1999999998842934e+01
-7.3816533797935376e-10
-3.2000000000461355e+01
-6.4007243952916070e+01
-9.6000000010910583e+01
-1.2800000001072709e+02
-1.5999999996529857e+02
-1.9199999996540632e+02
-2.2399999996548851e+02
-2.5599999996576389e+02
-2.8799999996547444e+02
-3.1999999996538861e+02
-2.8800000020649486e+02
-2.5600724234893772e+02
-2.2402172434331254e+02
-1.9200000000241909e+02
-1.5998552371325715e+02
-1.2800000000036377e+02
-9.5999999999962228e+01
-6.4007241901483539e+01
-3.2000000000040892e+01
5.9251524768713825e-10
