0.0000000000000000e+00
0.0000000000000000e+00
0.0000000000000000e+00
0.0000000000000000e+00
0.0000000000000000e+00
0.0000000000000000e+00
0.0000000000000000e+00
0.0000000000000000e+00
2.5597293029602359e+00
1.6213333313570640e+01
2.9866666578724534e+01
4.3519999907098743e+01
5.7173333240427361e+01
5.7173333240427475e+01
5.7173333240427475e+01
5.7173333240427475e+01
5.7173333240427475e+01
5.7173333240427482e+01
5.7173333240427510e+01
5.7173333240427503e+01
5.7173333240427489e+01
5.7173333240427489e+01
5.7173333240427489e+01
5.7173333240427489e+01
5.7173333240427525e+01
5.7173333240427525e+01
5.7173333240427525e+01
5.7173333240427496e+01
5.7173333240427496e+01
5.7173333240427496e+01
5.7173333240427496e+01
4.7615999951988123e+01
3.3961994594925002e+01
2.0309333176283186e+01
6.6559998818417991e+00
-6.9973334637567497e+00
-2.0650666797091816e+01
-3.4304000130420476e+01
-3.4304000163581534e+01
-3.4304000163581534e+01
-3.4304000163581534e+01
-3.4304000163581534e+01
-3.4304000163581534e+01
-3.4304000163581534e+01
-3.4304000163581534e+01
-3.4304000163581534e+01
-3.4304000163581534e+01
-3.4304000163581534e+01
-3.4304000163581534e+01
-3.4304000163581534e+01
-3.4304000163581534e+01
-3.4304000163581534e+01
-3.4304000163581534e+01
-3.4304000163581534e+01
-3.4304000163581534e+01
-3.4304000163581534e+01
-3.4304000163581534e+01
-3.4304000163581534e+01
-3.4030936914409331e+01
-2.0377600069853685e+01
-6.7242667877961422e+00
6.9290665454716933e+00
2.0582399878807045e+01
2.0582399878807109e+01
2.0582399878807109e+01
2.0582399878807113e+01
2.0582399878807113e+01
2.0582399878807113e+01
2.0582399878807131e+01
2.0582399878807117e+01
2.0582399878807113e+01
2.0582399878807117e+01
2.0582399878807117e+01
2.0582399878807117e+01
2.0582399878807113e+01
2.0582399878807099e+01
2.0582399878807099e+01
2.0582399878807099e+01
2.0582399878807099e+01
2.0582399878807102e+01
2.0582399878807102e+01
2.0582399878807102e+01
2.0582399878807092e+01
2.0582399878807092e+01
2.0582399878807092e+01
1.4955901563976072e+01
1.3038933078251154e+00
-1.2349440090193534e+01
-1.2349440146645691e+01
-1.2349440146645691e+01
-1.2349440146645691e+01
-1.2349440146645691e+01
-1.2349440146645691e+01
-1.2349440146645691e+01
-1.2349440146645691e+01
-1.2349440146645691e+01
-1.2349440146645691e+01
-1.2349440146645691e+01
-1.2349440146645691e+01
-1.2349440146645691e+01
-1.2349440146645691e+01
-1.2349440146645691e+01
-1.2349440146645691e+01
-1.2349440146645691e+01
-1.2349440146645691e+01
-1.2349440146645691e+01
-1.2349440146645691e+01
-1.2349440146645691e+01
-1.2349440146645691e+01
-1.2349440146645691e+01
-1.2349440146645691e+01
-6.2452256383916733e+00
7.4072547975118068e+00
7.4075259410332839e+00
7.4075259410332839e+00
7.4075259410332839e+00
7.4075259410332839e+00
7.4075259410332839e+00
7.4075259410332857e+00
7.4075259410332848e+00
7.4075259410332830e+00
7.4075259410332777e+00
7.4075259410332794e+00
7.4075259410332794e+00
7.4075259410332848e+00
7.4075259410332768e+00
7.4075259410332741e+00
7.4075259410332759e+00
7.4075259410332759e+00
7.4075259410332794e+00
7.4075259410332794e+00
7.4075259410332794e+00
7.4075259410332759e+00
7.4075259410332759e+00
7.4075259410332777e+00
7.4075259410332777e+00
7.4075259410332777e+00
-4.4466536107575543e+00
-4.4466536661871094e+00
-4.4466536661871094e+00
-4.4466536661871094e+00
-4.4466536661871094e+00
-4.4466536661871094e+00
-4.4466536661871094e+00
-4.4466536661871094e+00
-4.4466536661871094e+00
-4.4466536661871094e+00
-4.4466536661871094e+00
-4.4466536661871094e+00
-4.4466536661871094e+00
-4.4466536661871094e+00
