0.0000000000000000e+00
0.0000000000000000e+00
0.0000000000000000e+00
0.0000000000000000e+00
0.0000000000000000e+00
0.0000000000000000e+00
0.0000000000000000e+00
0.0000000000000000e+00
-1.2798646514784076e+00
-8.1066666567781063e+00
-1.4933333289352129e+01
-2.1759999953535843e+01
-2.8586666620199455e+01
-2.8586666620199445e+01
-2.8586666620199434e+01
-2.8586666620199427e+01
-2.8586666620199409e+01
-2.8586666620199466e+01
-2.8586666620199470e+01
-2.8586666620199448e+01
-2.8586666620199463e+01
-2.8586666620199452e+01
-2.8586666620199445e+01
-2.8586666620199402e+01
-2.8586666620199409e+01
-2.8586666620199473e+01
-2.8586666620199441e+01
-2.8586666620199413e+01
-2.8586666620199395e+01
-2.8586666620199402e+01
-2.8586666620199349e+01
-2.3807999975981957e+01
-1.6980997297451673e+01
-1.0154666588132796e+01
-3.3279999409143750e+00
3.4986667318820230e+00
1.0325333398547722e+01
1.7152000065213965e+01
1.7152000081794522e+01
1.7152000081794501e+01
1.7152000081794508e+01
1.7152000081794490e+01
1.7152000081794494e+01
1.7152000081794490e+01
1.7152000081794483e+01
1.7152000081794512e+01
1.7152000081794512e+01
1.7152000081794512e+01
1.7152000081794515e+01
1.7152000081794533e+01
1.7152000081794522e+01
1.7152000081794519e+01
1.7152000081794544e+01
1.7152000081794537e+01
1.7152000081794526e+01
1.7152000081794533e+01
1.7152000081794530e+01
1.7152000081794505e+01
1.7015468457208367e+01
1.0188800034929942e+01
3.3621333939000877e+00
-3.4645332727343829e+00
-1.0291199939402938e+01
-1.0291199939402983e+01
-1.0291199939402963e+01
-1.0291199939402960e+01
-1.0291199939402963e+01
-1.0291199939402974e+01
-1.0291199939402983e+01
-1.0291199939402977e+01
-1.0291199939402970e+01
-1.0291199939402974e+01
-1.0291199939402951e+01
-1.0291199939402954e+01
-1.0291199939402951e+01
-1.0291199939402954e+01
-1.0291199939402947e+01
-1.0291199939402935e+01
-1.0291199939402940e+01
-1.0291199939402942e+01
-1.0291199939402933e+01
-1.0291199939402922e+01
-1.0291199939402929e+01
-1.0291199939402928e+01
-1.0291199939402924e+01
-7.4779507819876807e+00
-6.5194665391388962e-01
6.1747200450962261e+00
6.1747200733222947e+00
6.1747200733222973e+00
6.1747200733222964e+00
6.1747200733223062e+00
6.1747200733223027e+00
6.1747200733223027e+00
6.1747200733222947e+00
6.1747200733222893e+00
6.1747200733222867e+00
6.1747200733222805e+00
6.1747200733222751e+00
6.1747200733222769e+00
6.1747200733222876e+00
6.1747200733222893e+00
6.1747200733222858e+00
6.1747200733222876e+00
6.1747200733222858e+00
6.1747200733223000e+00
6.1747200733223000e+00
6.1747200733223000e+00
6.1747200733223009e+00
6.1747200733222956e+00
6.1747200733222956e+00
3.1226128191973017e+00
-3.7036273987528880e+00
-3.7037629705136212e+00
-3.7037629705136257e+00
-3.7037629705136204e+00
-3.7037629705136226e+00
-3.7037629705136172e+00
-3.7037629705136141e+00
-3.7037629705136070e+00
-3.7037629705136039e+00
-3.7037629705136066e+00
-3.7037629705136039e+00
-3.7037629705136048e+00
-3.7037629705135973e+00
-3.7037629705135959e+00
-3.7037629705135888e+00
-3.7037629705135933e+00
-3.7037629705135924e+00
-3.7037629705135915e+00
-3.7037629705135897e+00
-3.7037629705135910e+00
-3.7037629705135853e+00
-3.7037629705135848e+00
-3.7037629705135915e+00
-3.7037629705135955e+00
-3.7037629705135942e+00
2.2233268053785338e+00
2.2233268330933100e+00
2.2233268330933100e+00
2.2233268330933100e+00
2.2233268330933118e+00
2.2233268330933127e+00
2.2233268330933109e+00
2.2233268330933100e+00
2.2233268330933091e+00
2.2233268330933091e+00
2.2233268330933074e+00
2.2233268330933056e+00
2.2233268330933056e+00
2.2233268330933047e+00
