0.0000000000000000e+00
0.0000000000000000e+00
0.0000000000000000e+00
0.0000000000000000e+00
0.0000000000000000e+00
0.0000000000000000e+00
0.0000000000000000e+00
0.0000000000000000e+00
-1.2798646514818346e+00
-8.1066666567925427e+00
-1.4933333289372396e+01
-2.1759999953562925e+01
-2.8586666620227774e+01
-2.8586666620227824e+01
-2.8586666620227803e+01
-2.8586666620227799e+01
-2.8586666620227781e+01
-2.8586666620227827e+01
-2.8586666620227845e+01
-2.8586666620227835e+01
-2.8586666620227835e+01
-2.8586666620227820e+01
-2.8586666620227799e+01
-2.8586666620227764e+01
-2.8586666620227781e+01
-2.8586666620227817e+01
-2.8586666620227795e+01
-2.8586666620227764e+01
-2.8586666620227742e+01
-2.8586666620227746e+01
-2.8586666620227703e+01
-2.3807999976005679e+01
-1.6980997297472832e+01
-1.0154666588149901e+01
-3.3279999409269219e+00
3.4986667318752391e+00
1.0325333398544629e+01
1.7152000065207083e+01
1.7152000081787616e+01
1.7152000081787598e+01
1.7152000081787591e+01
1.7152000081787584e+01
1.7152000081787584e+01
1.7152000081787584e+01
1.7152000081787588e+01
1.7152000081787609e+01
1.7152000081787616e+01
1.7152000081787612e+01
1.7152000081787619e+01
1.7152000081787612e+01
1.7152000081787602e+01
1.7152000081787598e+01
1.7152000081787627e+01
1.7152000081787630e+01
1.7152000081787634e+01
1.7152000081787666e+01
1.7152000081787651e+01
1.7152000081787627e+01
1.7015468457201585e+01
1.0188800034924434e+01
3.3621333938967251e+00
-3.4645332727366336e+00
-1.0291199939403439e+01
-1.0291199939403453e+01
-1.0291199939403436e+01
-1.0291199939403437e+01
-1.0291199939403437e+01
-1.0291199939403461e+01
-1.0291199939403469e+01
-1.0291199939403462e+01
-1.0291199939403455e+01
-1.0291199939403459e+01
-1.0291199939403448e+01
-1.0291199939403452e+01
-1.0291199939403448e+01
-1.0291199939403443e+01
-1.0291199939403432e+01
-1.0291199939403430e+01
-1.0291199939403432e+01
-1.0291199939403430e+01
-1.0291199939403416e+01
-1.0291199939403409e+01
-1.0291199939403414e+01
-1.0291199939403416e+01
-1.0291199939403405e+01
-7.4779507819876558e+00
-6.5194665391047601e-01
6.1747200450980815e+00
6.1747200733241581e+00
6.1747200733241590e+00
6.1747200733241634e+00
6.1747200733241616e+00
6.1747200733241590e+00
6.1747200733241590e+00
6.1747200733241590e+00
6.1747200733241554e+00
6.1747200733241590e+00
6.1747200733241510e+00
6.1747200733241527e+00
6.1747200733241518e+00
6.1747200733241536e+00
6.1747200733241643e+00
6.1747200733241598e+00
6.1747200733241661e+00
6.1747200733241652e+00
6.1747200733241776e+00
6.1747200733241741e+00
6.1747200733241749e+00
6.1747200733241732e+00
6.1747200733241678e+00
6.1747200733241598e+00
3.1226128191951545e+00
-3.7036273987581660e+00
-3.7037629705189001e+00
-3.7037629705189046e+00
-3.7037629705189019e+00
-3.7037629705189028e+00
-3.7037629705188975e+00
-3.7037629705188952e+00
-3.7037629705188877e+00
-3.7037629705188855e+00
-3.7037629705188881e+00
-3.7037629705188841e+00
-3.7037629705188850e+00
-3.7037629705188784e+00
-3.7037629705188779e+00
-3.7037629705188713e+00
-3.7037629705188753e+00
-3.7037629705188748e+00
-3.7037629705188748e+00
-3.7037629705188726e+00
-3.7037629705188744e+00
-3.7037629705188686e+00
-3.7037629705188682e+00
-3.7037629705188748e+00
-3.7037629705188797e+00
-3.7037629705188775e+00
2.2233268053798465e+00
2.2233268330946236e+00
2.2233268330946236e+00
2.2233268330946236e+00
2.2233268330946241e+00
2.2233268330946245e+00
2.2233268330946201e+00
2.2233268330946192e+00
2.2233268330946201e+00
2.2233268330946201e+00
2.2233268330946192e+00
2.2233268330946174e+00
2.2233268330946157e+00
2.2233268330946161e+00
