0.0000000000000000e+00
1.2486089731869897e-04
2.4975609755835523e-04
3.7463570093467099e-04
4.9949971134296319e-04
6.2434813267618172e-04
7.4926829267894411e-04
8.7417284958439187e-04
1.1589984847031692e-03
2.1372357709553711e-03
3.1154471485289551e-03
4.0936585302981613e-03
5.0718699124116607e-03
5.0718699108887660e-03
4.9469747076138553e-03
4.8220639035785173e-03
4.6971374948852505e-03
4.5723577177488603e-03
4.4475623686755904e-03
4.3226016201897005e-03
4.1977235714213516e-03
4.0728299261783372e-03
3.9479674738669007e-03
3.8230894289765695e-03
3.6982113763079113e-03
3.5733333275269783e-03
3.4484552787463654e-03
3.3235616334911051e-03
3.1986991811840029e-03
3.0738211362977622e-03
2.9489274949380854e-03
2.2267317042238429e-03
1.2484555053940314e-03
2.7030893260136124e-04
-7.0790244680849596e-04
-1.6861138297744047e-03
-2.6643252118882781e-03
-3.6425365940017840e-03
-3.6425365968566084e-03
-3.5176585473839887e-03
-3.3927960904904658e-03
-3.2679492222838068e-03
-3.1431179388717594e-03
-3.0181463517074177e-03
-2.8931903804894866e-03
-2.7683902541430988e-03
-2.6435122053548466e-03
-2.5186497491470855e-03
-2.3937561077887388e-03
-2.2688780629054246e-03
-2.1440000102269409e-03
-2.0191219614466120e-03
-1.8942595052462558e-03
-1.7693658638876677e-03
-1.6444878190015563e-03
-1.5196253666951189e-03
-1.3947785030739555e-03
-1.2699472242470007e-03
-1.1279092737915162e-03
-1.4969756569506012e-04
8.2851381308377740e-04
1.8067251951927659e-03
2.7849365773066964e-03
2.7849365757846760e-03
2.6600413725095017e-03
2.5351305684736254e-03
2.4102041597800520e-03
2.2854243826444746e-03
2.1606290335729806e-03
2.0356682850861270e-03
1.9107902363168549e-03
1.7858965910741694e-03
1.6610341387625130e-03
1.5361560938724752e-03
1.4112780412035384e-03
1.2863999924229304e-03
1.1615219436425710e-03
1.0366282983865897e-03
9.1176584607933250e-04
7.8688780119379306e-04
6.6199415983412494e-04
5.3708491810334591e-04
4.1216007210584632e-04
2.8737560215934602e-04
1.6257555910584900e-04
-3.1408021602890744e-04
-1.2921652048942659e-03
-2.2703765913272334e-03
-2.2703765958002301e-03
-2.1454985463267200e-03
-2.0206360894334573e-03
-1.8957892212265598e-03
-1.7709579378146073e-03
-1.6459863506508047e-03
-1.5210303794326813e-03
-1.3962302530865433e-03
-1.2713522042980218e-03
-1.1464897480889704e-03
-1.0215961067327659e-03
-8.9671806184923658e-04
-7.7184000917094762e-04
-6.4696196038980429e-04
-5.2209950418919716e-04
-3.9720586283036442e-04
-2.7232781794532171e-04
-1.4746536563924772e-04
-2.2618502017911964e-05
1.0221277680975516e-04
2.2718438105686701e-04
3.5214036935321753e-04
4.7694047862115283e-04
9.8328067708104727e-04
1.9614113764212572e-03
1.9614900086604909e-03
1.8366289073173084e-03
1.7117522137321379e-03
1.5868599240114667e-03
1.4619520342579548e-03
1.3371167127744026e-03
1.2122658054875674e-03
1.0873606152187803e-03
9.6248256643375165e-04
8.3758892117414500e-04
7.1272646886951798e-04
5.8784842398598735e-04
4.6297037130973941e-04
3.3809232252991148e-04
2.1319867727475638e-04
8.8336224966962826e-05
-3.6541819919085332e-05
-1.6143546127929645e-04
-2.8634470300951384e-04
-4.1126954900774781e-04
-5.3605401895184227e-04
-6.6085406200281618e-04
-7.8581011650952388e-04
-9.1078178698292202e-04
-1.7764524362584720e-03
-1.7764524403316726e-03
-1.6515743912999066e-03
-1.5267119348478515e-03
-1.4018650670823236e-03
-1.2770337841121258e-03
-1.1520621956230177e-03
-1.0271062230804459e-03
-9.0230609805862217e-04
-7.7742804927051110e-04
-6.5256559306184553e-04
-5.2767195170459063e-04
-4.0279390682075345e-04
-2.7791585414182953e-04
