0.0000000000000000e+00
-3.7461309495952866e-05
-7.4926829267280869e-05
-1.1239375275685219e-04
-1.4986208006915311e-04
-1.8733181130975018e-04
-2.2478048780000427e-04
-2.6223056674654533e-04
-3.7970462611267025e-04
-8.4383739768854611e-04
-1.3079674763271090e-03
-1.7720975574483733e-03
-2.2362276387490328e-03
-2.2362276390056552e-03
-2.1987621193559851e-03
-2.1612980033190923e-03
-2.1238352907893411e-03
-2.0863739808267305e-03
-2.0489140741606635e-03
-2.0114471515618446e-03
-1.9739837369313908e-03
-1.9365217257566059e-03
-1.8990569076662302e-03
-1.8615934931354174e-03
-1.8241300783988967e-03
-1.7866666637647481e-03
-1.7492032491305612e-03
-1.7117412379511403e-03
-1.6742764198611013e-03
-1.6368130053310299e-03
-1.5993509942559760e-03
-1.2632195106579572e-03
-7.9908325332220882e-04
-3.3495934393223395e-04
1.2917073596392035e-04
5.9330081770813726e-04
1.0574308990089992e-03
1.5215609803101002e-03
1.5215609809579843e-03
1.4840975663859960e-03
1.4466327482553078e-03
1.4091665264585977e-03
1.3716989008916607e-03
1.3342439075617989e-03
1.2967875113020953e-03
1.2593170782916809e-03
1.2218536636524569e-03
1.1843888454531549e-03
1.1469268343806069e-03
1.1094634198528894e-03
1.0720000051110746e-03
1.0345365904763236e-03
9.9707177228192654e-04
9.5960976120861778e-04
9.2214634668060598e-04
8.8468152859247644e-04
8.4721530683939201e-04
8.0974768131628658e-04
7.6375939686270950e-04
2.9962927061859051e-04
-1.6450080860059608e-04
-6.2863088989920394e-04
-1.0927609712001601e-03
-1.0927609714553694e-03
-1.0552954518056928e-03
-1.0178313357690346e-03
-9.8036862323991076e-04
-9.4290731327580221e-04
-9.0544740660860375e-04
-8.6798048400948892e-04
-8.3051706937991372e-04
-7.9305505820411121e-04
-7.5559024011412335e-04
-7.1812682558369887e-04
-6.8066341084731361e-04
-6.4319999621296521e-04
-6.0573658157873119e-04
-5.6827457040014250e-04
-5.3080975230998745e-04
-4.9334633777960363e-04
-4.5588432670479650e-04
-4.1842371898003384e-04
-3.8096451449985452e-04
-3.4349267912814850e-04
-3.0602224784312512e-04
-9.2765597948482676e-05
3.7135089512383812e-04
8.3548097893942018e-04
8.3548098042984602e-04
7.9801756585844348e-04
7.6055274772720346e-04
7.2308652593131343e-04
6.8561890036425693e-04
6.4816390703382912e-04
6.1070751077422797e-04
5.7323707776328874e-04
5.3577366312407238e-04
4.9830884492412788e-04
4.6084683385249725e-04
4.2338341932569986e-04
3.8592000458304753e-04
3.4845658994890318e-04
3.1099177175474300e-04
2.7352976068166751e-04
2.3606634615348115e-04
1.9860152806503716e-04
1.6113530631235384e-04
1.2366768078939517e-04
8.6212687520465073e-05
4.8756291322788300e-05
1.1285858250345483e-05
-2.1696701248725039e-04
-6.8108767626937007e-04
-6.8103768769808945e-04
-6.4358274633046376e-04
-6.0612920778348167e-04
-5.6867707195055496e-04
-5.3122633872838636e-04
-4.9372908808989111e-04
-4.5623324344244470e-04
-4.1880225882569224e-04
-3.8133884419321701e-04
-3.4387683301438632e-04
-3.0641201492602542e-04
-2.6894860039747477e-04
-2.3148518565895574e-04
-1.9402177102416336e-04
-1.5655975984558846e-04
-1.1909494175548892e-04
-8.1631527225263127e-05
-4.4169516150552498e-05
-6.7089084261377421e-06
3.0750296054805591e-05
6.8222131425919083e-05
1.0569256271091523e-04
1.4314896069189860e-04
1.8060395574395316e-04
5.8851890103312561e-04
5.8851890281566956e-04
5.5105548834220690e-04
5.1359067030792935e-04
4.7612444860875949e-04
4.3865682313926952e-04
4.0120182951588243e-04
3.6374543296279990e-04
3.2627500024520436e-04
2.8881158560544829e-04
2.5134676740666074e-04
2.1388475633521420e-04
1.7642134180813801e-04
1.3895792706565392e-04
