0.0000000000000000e+00
-3.7461309496178868e-05
-7.4926829267813117e-05
-1.1239375275749789e-04
-1.4986208007002443e-04
-1.8733181131124797e-04
-2.2478048780142572e-04
-2.6223056674774239e-04
-3.7970462611382487e-04
-8.4383739769011332e-04
-1.3079674763287043e-03
-1.7720975574505630e-03
-2.2362276387510043e-03
-2.2362276390073552e-03
-2.1987621193573195e-03
-2.1612980033202901e-03
-2.1238352907904092e-03
-2.0863739808273684e-03
-2.0489140741611596e-03
-2.0114471515614062e-03
-1.9739837369318180e-03
-1.9365217257569694e-03
-1.8990569076661877e-03
-1.8615934931353461e-03
-1.8241300783983520e-03
-1.7866666637651101e-03
-1.7492032491309114e-03
-1.7117412379515726e-03
-1.6742764198622744e-03
-1.6368130053320922e-03
-1.5993509942571679e-03
-1.2632195106589998e-03
-7.9908325332329205e-04
-3.3495934393295678e-04
1.2917073596338817e-04
5.9330081770802429e-04
1.0574308990089715e-03
1.5215609803093553e-03
1.5215609809580751e-03
1.4840975663867077e-03
1.4466327482552514e-03
1.4091665264586359e-03
1.3716989008911611e-03
1.3342439075616564e-03
1.2967875113028028e-03
1.2593170782906164e-03
1.2218536636510388e-03
1.1843888454514922e-03
1.1469268343791317e-03
1.1094634198524247e-03
1.0720000051096645e-03
1.0345365904758171e-03
9.9707177228238516e-04
9.5960976120828168e-04
9.2214634668019030e-04
8.8468152859236759e-04
8.4721530683897427e-04
8.0974768131484556e-04
7.6375939686238316e-04
2.9962927061745936e-04
-1.6450080860145458e-04
-6.2863088990004995e-04
-1.0927609712008978e-03
-1.0927609714565880e-03
-1.0552954518071897e-03
-1.0178313357709313e-03
-9.8036862324177645e-04
-9.4290731327804922e-04
-9.0544740661155495e-04
-8.6798048401301009e-04
-8.3051706938303644e-04
-7.9305505820806042e-04
-7.5559024011666765e-04
-7.1812682558493541e-04
-6.8066341084906047e-04
-6.4319999621408074e-04
-6.0573658157980672e-04
-5.6827457040030892e-04
-5.3080975231028604e-04
-4.9334633778072806e-04
-4.5588432670564066e-04
-4.1842371898071287e-04
-3.8096451449996880e-04
-3.4349267912960383e-04
-3.0602224784474313e-04
-9.2765597949799453e-05
3.7135089512295357e-04
8.3548097893803067e-04
8.3548098042896739e-04
7.9801756585784294e-04
7.6055274772593678e-04
7.2308652592877813e-04
6.8561890036159380e-04
6.4816390703251593e-04
6.1070751077359274e-04
5.7323707776147400e-04
5.3577366312264904e-04
4.9830884492283053e-04
4.6084683385047174e-04
4.2338341932318018e-04
3.8592000458047770e-04
3.4845658994667861e-04
3.1099177175202610e-04
2.7352976067852056e-04
2.3606634615006730e-04
1.9860152806235756e-04
1.6113530630882907e-04
1.2366768078531941e-04
8.6212687518611507e-05
4.8756291322900853e-05
1.1285858248213698e-05
-2.1696701248966196e-04
-6.8108767627147917e-04
-6.8103768769974937e-04
-6.4358274633291221e-04
-6.0612920778520089e-04
-5.6867707195256518e-04
-5.3122633873005354e-04
-4.9372908809171626e-04
-4.5623324344443438e-04
-4.1880225882720725e-04
-3.8133884419385040e-04
-3.4387683301524512e-04
-3.0641201492625256e-04
-2.6894860039764439e-04
-2.3148518565884750e-04
-1.9402177102456500e-04
-1.5655975984542238e-04
-1.1909494175517696e-04
-8.1631527224701158e-05
-4.4169516149235769e-05
-6.7089084237403364e-06
3.0750296057746896e-05
6.8222131426289283e-05
1.0569256270867339e-04
1.4314896069176231e-04
1.8060395574566728e-04
5.8851890103315532e-04
5.8851890281543483e-04
5.5105548834233440e-04
5.1359067030926076e-04
4.7612444861094502e-04
4.3865682314225439e-04
4.0120182951756554e-04
3.6374543296297825e-04
3.2627500024642896e-04
2.8881158560655623e-04
2.5134676740730025e-04
2.1388475633549807e-04
1.7642134180872486e-04
1.3895792706630306e-04
