0.0000000000000000e+00
0.0000000000000000e+00
0.0000000000000000e+00
0.0000000000000000e+00
0.0000000000000000e+00
0.0000000000000000e+00
0.0000000000000000e+00
0.0000000000000000e+00
1.5998308143501497e-04
1.0133333320981653e-03
1.8666666611702842e-03
2.7199999941936717e-03
3.5733333275267108e-03
3.5733333275267108e-03
3.5733333275267108e-03
3.5733333275267108e-03
3.5733333275267108e-03
3.5733333275267108e-03
3.5733333275267108e-03
3.5733333275267108e-03
3.5733333275267108e-03
3.5733333275267108e-03
3.5733333275267108e-03
3.5733333275267108e-03
3.5733333275267108e-03
3.5733333275267108e-03
3.5733333275267108e-03
3.5733333275267108e-03
3.5733333275267108e-03
3.5733333275267108e-03
3.5733333275267108e-03
4.1706666580541684e-03
5.0240419928706164e-03
5.8773333315357305e-03
6.7306666624383166e-03
7.5839999965382323e-03
8.4373333298716664e-03
9.2906666632047111e-03
9.2906666652772790e-03
9.2906666652772790e-03
9.2906666652772790e-03
9.2906666652772790e-03
9.2906666652772790e-03
9.2906666652772790e-03
9.2906666652772790e-03
9.2906666652772790e-03
9.2906666652772790e-03
9.2906666652772790e-03
9.2906666652772790e-03
9.2906666652772790e-03
9.2906666652772790e-03
9.2906666652772790e-03
9.2906666652772790e-03
9.2906666652772790e-03
9.2906666652772790e-03
9.2906666652772790e-03
9.2906666652772790e-03
9.2906666652772790e-03
9.3077331183505432e-03
1.0161066671135264e-02
1.1014400001263863e-02
1.1867733334593098e-02
1.2721066667926550e-02
1.2721066667926550e-02
1.2721066667926550e-02
1.2721066667926550e-02
1.2721066667926550e-02
1.2721066667926550e-02
1.2721066667926550e-02
1.2721066667926550e-02
1.2721066667926550e-02
1.2721066667926550e-02
1.2721066667926550e-02
1.2721066667926550e-02
1.2721066667926550e-02
1.2721066667926550e-02
1.2721066667926550e-02
1.2721066667926550e-02
1.2721066667926550e-02
1.2721066667926550e-02
1.2721066667926550e-02
1.2721066667926550e-02
1.2721066667926550e-02
1.2721066667926550e-02
1.2721066667926550e-02
1.3072722812603490e-02
1.3925973328612930e-02
1.4779306665989096e-02
1.4779306669517354e-02
1.4779306669517354e-02
1.4779306669517354e-02
1.4779306669517354e-02
1.4779306669517354e-02
1.4779306669517354e-02
1.4779306669517354e-02
1.4779306669517354e-02
1.4779306669517354e-02
1.4779306669517354e-02
1.4779306669517354e-02
1.4779306669517354e-02
1.4779306669517354e-02
1.4779306669517354e-02
1.4779306669517354e-02
1.4779306669517354e-02
1.4779306669517354e-02
1.4779306669517354e-02
1.4779306669517354e-02
1.4779306669517354e-02
1.4779306669517354e-02
1.4779306669517354e-02
1.4779306669517354e-02
1.5160820076283230e-02
1.6014100103527208e-02
1.6014117049997296e-02
1.6014117049997296e-02
1.6014117049997296e-02
1.6014117049997296e-02
1.6014117049997296e-02
1.6014117049997296e-02
1.6014117049997296e-02
1.6014117049997296e-02
1.6014117049997296e-02
1.6014117049997296e-02
1.6014117049997296e-02
1.6014117049997296e-02
1.6014117049997296e-02
1.6014117049997296e-02
1.6014117049997296e-02
1.6014117049997296e-02
1.6014117049997296e-02
1.6014117049997296e-02
1.6014117049997296e-02
1.6014117049997296e-02
1.6014117049997296e-02
1.6014117049997296e-02
1.6014117049997296e-02
1.6014117049997296e-02
1.6755003271984217e-02
1.6755003275448568e-02
1.6755003275448568e-02
1.6755003275448568e-02
1.6755003275448568e-02
1.6755003275448568e-02
1.6755003275448568e-02
1.6755003275448568e-02
1.6755003275448568e-02
1.6755003275448568e-02
1.6755003275448568e-02
1.6755003275448568e-02
1.6755003275448568e-02
1.6755003275448568e-02
