2.0000000000000020e+02
2.0000000000000020e+02
2.0000000000000020e+02
2.0000000000000020e+02
2.0000000000000020e+02
2.0000000000000020e+02
2.0000000000000020e+02
2.0000000000000020e+02
2.0095989848861026e+02
2.0607999999258917e+02
2.1119999996702199e+02
2.1631999996516220e+02
2.2143999996516033e+02
2.2143999996516033e+02
2.2143999996516033e+02
2.2143999996516033e+02
2.2143999996516033e+02
2.2143999996516033e+02
2.2143999996516033e+02
2.2143999996516033e+02
2.2143999996516033e+02
2.2143999996516033e+02
2.2143999996516033e+02
2.2143999996516033e+02
2.2143999996516033e+02
2.2143999996516033e+02
2.2143999996516033e+02
2.2143999996516033e+02
2.2143999996516033e+02
2.2143999996516033e+02
2.2143999996516033e+02
2.2502399994832524e+02
2.3014425195722390e+02
2.3526399998921465e+02
2.4038399997463014e+02
2.4550399997922960e+02
2.5062399997923006e+02
2.5574399997922839e+02
2.5574399999166377e+02
2.5574399999166377e+02
2.5574399999166377e+02
2.5574399999166377e+02
2.5574399999166377e+02
2.5574399999166377e+02
2.5574399999166377e+02
2.5574399999166377e+02
2.5574399999166377e+02
2.5574399999166377e+02
2.5574399999166377e+02
2.5574399999166377e+02
2.5574399999166377e+02
2.5574399999166377e+02
2.5574399999166377e+02
2.5574399999166377e+02
2.5574399999166377e+02
2.5574399999166377e+02
2.5574399999166377e+02
2.5574399999166377e+02
2.5584639871010339e+02
2.6096640002681181e+02
2.6608640000758339e+02
2.7120640000755884e+02
2.7632640000755947e+02
2.7632640000755947e+02
2.7632640000755947e+02
2.7632640000755947e+02
2.7632640000755947e+02
2.7632640000755947e+02
2.7632640000755947e+02
2.7632640000755947e+02
2.7632640000755947e+02
2.7632640000755947e+02
2.7632640000755947e+02
2.7632640000755947e+02
2.7632640000755947e+02
2.7632640000755947e+02
2.7632640000755947e+02
2.7632640000755947e+02
2.7632640000755947e+02
2.7632640000755947e+02
2.7632640000755947e+02
2.7632640000755947e+02
2.7632640000755947e+02
2.7632640000755947e+02
2.7632640000755947e+02
2.7843633687562112e+02
2.8355583997167764e+02
2.8867583999593484e+02
2.8867584001710418e+02
2.8867584001710418e+02
2.8867584001710418e+02
2.8867584001710418e+02
2.8867584001710418e+02
2.8867584001710418e+02
2.8867584001710418e+02
2.8867584001710418e+02
2.8867584001710418e+02
2.8867584001710418e+02
2.8867584001710418e+02
2.8867584001710418e+02
2.8867584001710418e+02
2.8867584001710418e+02
2.8867584001710418e+02
2.8867584001710418e+02
2.8867584001710418e+02
2.8867584001710418e+02
2.8867584001710418e+02
2.8867584001710418e+02
2.8867584001710418e+02
2.8867584001710418e+02
2.8867584001710418e+02
2.9096492045769958e+02
2.9608460062116336e+02
2.9608470229998392e+02
2.9608470229998392e+02
2.9608470229998392e+02
2.9608470229998392e+02
2.9608470229998392e+02
2.9608470229998392e+02
2.9608470229998392e+02
2.9608470229998392e+02
2.9608470229998392e+02
2.9608470229998392e+02
2.9608470229998392e+02
2.9608470229998392e+02
2.9608470229998392e+02
2.9608470229998392e+02
2.9608470229998392e+02
2.9608470229998392e+02
2.9608470229998392e+02
2.9608470229998392e+02
2.9608470229998392e+02
2.9608470229998392e+02
2.9608470229998392e+02
2.9608470229998392e+02
2.9608470229998392e+02
2.9608470229998392e+02
3.0053001963190547e+02
3.0053001965269164e+02
3.0053001965269164e+02
3.0053001965269164e+02
3.0053001965269164e+02
3.0053001965269164e+02
3.0053001965269164e+02
3.0053001965269164e+02
3.0053001965269164e+02
3.0053001965269164e+02
3.0053001965269164e+02
3.0053001965269164e+02
3.0053001965269164e+02
3.0053001965269164e+02
