0.0000000000000000e+00
2.5596963382328298e+01
5.1199999999481363e+01
7.6800798466774083e+01
1.0239935941502472e+02
1.2799568347477759e+02
1.5359999999866704e+02
1.7920207719067474e+02
2.0479949244305058e+02
2.3039999996294500e+02
2.5599999983510884e+02
2.8159999982581019e+02
3.0719999982580134e+02
3.0719999962606983e+02
2.8159696254948142e+02
2.5599168669193787e+02
2.3038417142216480e+02
2.0479999999492668e+02
1.7921359428216337e+02
1.5359999999565872e+02
1.2799999999824669e+02
1.0239776187081949e+02
7.6799999999757532e+01
5.1200000629509532e+01
2.5600000000237703e+01
-8.2347676483143886e-11
2.5599999999762382e+01
5.1202238129825830e+01
7.6800000000054808e+01
1.0239999936956733e+02
1.2800223686892349e+02
1.5360000002034337e+02
1.7920126006483682e+02
2.0480000022479018e+02
2.3040000015186789e+02
2.5600000017486485e+02
2.8160000017486823e+02
3.0720000017485972e+02
3.0720000023703648e+02
2.8160000013773629e+02
2.5600223753767654e+02
2.3040671180637088e+02
2.0481342231348538e+02
1.7920000000478393e+02
1.5358881897950556e+02
1.2800000000384836e+02
1.0240000000179302e+02
7.6802237499075233e+01
5.1200000000405254e+01
2.5600000631796050e+01
5.5900719747615477e-11
2.5599999999925942e+01
5.1197762500544655e+01
7.6799999999480463e+01
1.0239999936868408e+02
1.2799776123856603e+02
1.5359328623991041e+02
1.7918657500291485e+02
2.0479999333848906e+02
2.3039999992203096e+02
2.5599999982588889e+02
2.8159999982576591e+02
3.0719999982576979e+02
3.0719999962602213e+02
2.8159696254945379e+02
2.5599168669184934e+02
2.3038417142212575e+02
2.0479999999489914e+02
1.7921359428225688e+02
1.5359999999565591e+02
1.2799999999816102e+02
1.0239776187070677e+02
7.6799999999576187e+01
5.1200000629318353e+01
2.5600000000029837e+01
1.1255565913690915e-10
2.5600000000049860e+01
5.1202238130181726e+01
7.6800000000536613e+01
1.0239999936986645e+02
1.2800223686913836e+02
1.5360671312941952e+02
1.7921342878171919e+02
2.0480000000484267e+02
2.3038880557360255e+02
2.5600248452965735e+02
2.8160000000994017e+02
3.0720000013122541e+02
3.0720000023707320e+02
2.8160000013768081e+02
2.5600223753758155e+02
2.3040671180628428e+02
2.0481342231342742e+02
1.7920000000481892e+02
1.5358881897954319e+02
1.2800000000390014e+02
1.0240000000184574e+02
7.6802237498918586e+01
5.1200000000604227e+01
2.5600000632022045e+01
4.6178081824696064e-10
2.5599999999799024e+01
5.1197762500589434e+01
7.6799999999494403e+01
1.0239999936850259e+02
1.2799776123835832e+02
1.5359328623971263e+02
1.7918657500272587e+02
2.0479999999542889e+02
2.3041118370396427e+02
2.5599999999626942e+02
2.8159708200011164e+02
3.0719548281743107e+02
3.0719599121153351e+02
2.8159999986101519e+02
2.5600177094781264e+02
2.3040130384130461e+02
2.0479859791047733e+02
1.7919999999895532e+02
1.5359916604009561e+02
1.2800000000043360e+02
1.0239999999989652e+02
7.6797761869202020e+01
5.1199999999504286e+01
2.5600000630723358e+01
4.9418835094447394e-11
2.5600000000107045e+01
5.1202238130121046e+01
7.6800000000519091e+01
1.0239999937003307e+02
1.2800223686943872e+02
1.5360671312968154e+02
1.7921342878218204e+02
2.0480000000476008e+02
2.3038880557290685e+02
2.5600000000383034e+02
2.8161343572142204e+02
3.0720000004804217e+02
3.0720000015197263e+02
2.8160000013771094e+02
2.5600223762268104e+02
2.3040671197638255e+02
2.0481342256867708e+02
1.7920000000466280e+02
1.5358881872408321e+02
1.2800000000369840e+02
1.0240000000160866e+02
7.6802237498848797e+01
5.1200000000451212e+01
2.5600000631832792e+01
-2.1757435287311179e-12
