0.0000000000000000e+00
2.5595764802340767e+01
5.1199999999438461e+01
7.6799599028801225e+01
1.0239456294061178e+02
1.2798489278420109e+02
1.5359999999979109e+02
1.7921046962578095e+02
2.0479615551002587e+02
2.3039999996954904e+02
2.5600000001830915e+02
2.8160000001448401e+02
3.0720000001451263e+02
3.0719999953355006e+02
2.8159576347006924e+02
2.5598689018828043e+02
2.3037337863768448e+02
2.0479999999599542e+02
1.7922199216507502e+02
1.5359999999583704e+02
1.2799999999823396e+02
1.0239536400237613e+02
7.6799999999441454e+01
5.1200001048524840e+01
2.5599999999837337e+01
-3.9881677135576661e-10
-2.5600000000390104e+01
-5.1204635998517752e+01
-7.6800000000494848e+01
-1.0239999895050181e+02
-1.2800463389838126e+02
-1.5360000001703563e+02
-1.7920980275706464e+02
-2.0480000000748765e+02
-2.3039999997687971e+02
-2.5599999998616551e+02
-2.8159999998611426e+02
-3.0719999998608648e+02
-3.0720000029369106e+02
-2.8160000008793355e+02
-2.5600463483008480e+02
-2.3041390347113003e+02
-2.0482780496175289e+02
-1.7920000000302991e+02
-1.5357683629178217e+02
-1.2800000000278490e+02
-1.0240000000189522e+02
-7.6804634949436888e+01
-5.1200000001333429e+01
-2.5600001051546876e+01
-1.4337401473360538e-09
2.5599999998497637e+01
5.1195365050283606e+01
7.6799999998172780e+01
1.0239999894847465e+02
1.2799536295065825e+02
1.5358609305445523e+02
1.7917219030875012e+02
2.0479995521376600e+02
2.3039999993570584e+02
2.5600000001314822e+02
2.8160000001303501e+02
3.0720000001306789e+02
3.0719999953256257e+02
2.8159576346896222e+02
2.5598689018686903e+02
2.3037337863602284e+02
2.0479999999484141e+02
1.7922199216453194e+02
1.5359999999488468e+02
1.2799999999697627e+02
1.0239536400131453e+02
7.6799999998306419e+01
5.1200001047494780e+01
2.5599999998498415e+01
-1.4402881269519395e-09
-2.5600000001376383e+01
-5.1204635999865246e+01
-7.6800000001795638e+01
-1.0239999895154271e+02
-1.2800463389937033e+02
-1.5361390589591568e+02
-1.7922781599114933e+02
-2.0480000000395881e+02
-2.3037681371579453e+02
-2.5601860589129694e+02
-2.8160000000952937e+02
-3.0719999996916403e+02
-3.0720000029457009e+02
-2.8160000008847965e+02
-2.5600463483077380e+02
-2.3041390347170767e+02
-2.0482780496232922e+02
-1.7920000000377217e+02
-1.5357683629240634e+02
-1.2800000000348081e+02
-1.0240000000246069e+02
-7.6804634949730726e+01
-5.1200000002134445e+01
-2.5600001052188020e+01
-2.1796523023431784e-09
2.5599999998018760e+01
5.1195365049697088e+01
7.6799999997721386e+01
1.0239999894780981e+02
1.2799536294987740e+02
1.5358609305376928e+02
1.7917219030838825e+02
2.0479999999592508e+02
2.3042316843505063e+02
2.5599999999637231e+02
2.8157810773377395e+02
3.0716647595705035e+02
3.0719732732255767e+02
2.8159999990983204e+02
2.5599803781722807e+02
2.3039143999513158e+02
2.0478020539266427e+02
1.7919999999972762e+02
1.5361516095350228e+02
1.2800000000026040e+02
1.0239999999869418e+02
7.6795363999120696e+01
5.1199999997598042e+01
2.5600001048107394e+01
-2.3692177663219311e-09
-2.5600000002125860e+01
-5.1204636000452140e+01
-7.6800000002411537e+01
-1.0239999895227402e+02
-1.2800463390027107e+02
-1.5361390589666141e+02
-1.7922781599200829e+02
-2.0480000000449979e+02
-2.3037681371586717e+02
-2.5600000000419163e+02
-2.8162782754540427e+02
-3.0720000004091867e+02
-3.0720000019705441e+02
-2.8160000008962362e+02
-2.5600463493048693e+02
-2.3041390367008131e+02
-2.0482780525950193e+02
-1.7920000000480113e+02
-1.5357683599759991e+02
-1.2800000000450103e+02
-1.0240000000372514e+02
-7.6804634950873336e+01
-5.1200000002920454e+01
-2.5600001052889727e+01
-2.6621625184981129e-09
