0.0000000000000000e+00
-1.1985800053489577e-03
-8.7038001502813452e-11
-1.1994380343768574e-03
-4.7964744919198731e-03
-1.0790690704224629e-02
9.9484595880262993e-10
8.3924349976904032e-03
-3.3369331160757556e-03
6.5414564257507383e-09
1.8316013202235347e-07
1.8862418825673283e-07
1.8869046047544770e-07
-9.2516546654770049e-08
-1.1990793803134934e-03
-4.7965036219102582e-03
-1.0792784437677293e-02
1.1470049101740918e-09
8.3978829923483760e-03
3.1624984600789683e-10
6.2878560574128281e-11
-2.3978683630021683e-03
-2.0504321891825189e-10
4.1912698658110430e-07
-2.4552434485756567e-10
-5.7138406745023094e-10
-5.3496678684076546e-10
-2.3978686156907419e-03
-4.2577112754920559e-10
4.1910595005195025e-07
-2.3970294229584423e-03
3.3321971028743666e-09
-8.5426922240988100e-03
2.1731732978843917e-07
1.7500852996482028e-07
1.8873060887830276e-07
1.8877502986037959e-07
1.8874593955853099e-07
-5.6614069921351795e-08
4.9867767123811516e-08
-2.3972923808550060e-03
-7.1916647329796930e-03
-1.4382648273865158e-02
1.7783822949094578e-09
1.1982687823335118e-02
1.0102636761187888e-09
-2.0208904069889450e-10
-2.3974504587547505e-03
-1.0032630362614625e-09
-4.1976028629649872e-07
-1.4535465797830143e-09
-1.4155821192050895e-09
-2.3974501798226184e-03
-1.2718825885492413e-09
-4.2018099229329383e-07
-2.3982878533819864e-03
-7.1931854302844465e-03
-1.4384694212530309e-02
-3.8124690017172546e-05
1.3680075747148991e-08
1.8727159320926353e-07
1.8727540249230457e-07
1.8730946397079437e-07
-9.3481898221304606e-08
-1.1990805420881128e-03
-4.7965050445428368e-03
-1.0792786166386053e-02
-1.5957915299845896e-10
8.3978821049980838e-03
-9.6409959828079452e-10
-1.3550166256617543e-09
-2.3978696198805887e-03
-1.3974343152207601e-09
4.1814693227197493e-07
-1.5965536766341042e-09
-1.3914445512890891e-09
-1.3360124511598226e-09
-2.3978696308420517e-03
-1.2036133235549787e-09
4.1832626755766677e-07
-2.3970302043510427e-03
-7.1927664589340355e-03
-1.4387209337485548e-02
8.7684294109578426e-10
1.1991857787769494e-02
-1.6121361631353356e-02
4.3593251096234805e-10
1.6205150025454437e-07
-5.7463360949091827e-08
4.9227332919676407e-08
-2.3972932369602678e-03
-7.1916655329815685e-03
-1.4382649034042582e-02
1.0013292576290097e-09
1.1982687131025039e-02
3.3652277191207185e-10
-6.7334532642758409e-10
-2.3974508575066813e-03
-1.6502058171799697e-09
-4.2031770857885818e-07
-2.0593666108760406e-09
-1.8935379249048782e-09
-2.3974510402818504e-03
-1.9247403048092171e-09
-4.2087671804475722e-07
-2.3982886241048673e-03
-7.1931861366434247e-03
-1.4384694566061829e-02
4.4656193142991049e-10
1.1984731172902687e-02
2.8142576887471901e-11
-1.8974266402506403e-02
-2.9006860405741904e-02
1.3361110230147226e-03
4.8769087924969788e-08
-3.7331305858526874e-03
-9.8638461986761752e-03
-1.8392517815801521e-02
7.6141006478049815e-10
1.5994913383175720e-02
-1.6846469214001226e-10
-1.1307031663077669e-09
-2.3978700251443244e-03
-1.8001425227832276e-09
4.1750026057556933e-07
-2.0985258520967185e-09
-1.9239214496777078e-09
-2.3978702133779606e-03
-1.7626008242343916e-09
4.1790627793415924e-07
-2.3970306263945930e-03
-7.1927666920745207e-03
-1.4387209506357572e-02
3.6808006534899243e-10
1.1991856941463742e-02
-2.8942108111409237e-10
-1.4391823757815610e-02
7.1799657599792668e-09
-4.5051822852969048e-08
4.8169607239734098e-08
-2.3973076463392165e-03
-7.1916934578253790e-03
-1.4382690547901252e-02
5.6478777605811061e-14
1.1982726480753287e-02
-7.2310067712756284e-10
-2.0646223667530000e-09
-2.3974520279233477e-03
-2.4973623109853970e-09
-4.2104473545549143e-07
-2.6450113335728591e-09
