0.0000000000000000e+00
-1.1985799697103762e-03
1.2975097863532604e-12
-1.1994379113225001e-03
-4.7964743339116607e-03
-1.0790690448866271e-02
1.2530582794832373e-09
8.3924352148247016e-03
-3.3369329333027284e-03
6.6667303216711323e-09
1.8324043645109871e-07
1.8872308938814509e-07
1.8873207843670371e-07
-9.2523114340068803e-08
-1.1990794437459202e-03
-4.7965036929601308e-03
-1.0792784523288039e-02
9.9054457823083531e-10
8.3978828308571146e-03
4.0414084448450151e-11
-8.8297852721381274e-11
-2.3978685239424602e-03
-4.2713810818360039e-10
4.1890365699629868e-07
-5.5521044875949753e-10
-7.4404810733602450e-10
-7.2045298250799618e-10
-2.3978687681784319e-03
-4.5444147161919020e-10
4.1902494514227538e-07
-2.3970294926463215e-03
3.2832903697148005e-09
-8.5426922317063374e-03
2.1728763146294585e-07
1.7496743676212155e-07
1.8866828986282307e-07
1.8873304463773481e-07
1.8880032799633690e-07
-5.6694917454566143e-08
4.9737423268359238e-08
-2.3972924355085573e-03
-7.1916647851132500e-03
-1.4382648261207442e-02
1.7294168053970965e-09
1.1982687623174837e-02
1.1167654358561651e-09
-2.3200020768495373e-12
-2.3974502645315271e-03
-8.5311157296056443e-10
-4.1974136319074281e-07
-1.2900012898814520e-09
-1.4410200506724175e-09
-2.3974503423018069e-03
-1.3434636799696833e-09
-4.2023787739697447e-07
-2.3982879620815362e-03
-7.1931854801528597e-03
-1.4384694116608157e-02
-3.8124756092217274e-05
1.3669311386674244e-08
1.8724708432110730e-07
1.8726287213950615e-07
1.8728630166250384e-07
-9.3437195953951703e-08
-1.1990804413766305e-03
-4.7965049160514032e-03
-1.0792786039487022e-02
4.4252282680785194e-11
8.3978824450149613e-03
-5.7854680186452874e-10
-1.0144651853695928e-09
-2.3978691646646347e-03
-1.1421392573127166e-09
4.1820587276210200e-07
-1.4663000990868650e-09
-1.3538172194173960e-09
-1.3170071243656909e-09
-2.3978697362359090e-03
-1.3143812653549801e-09
4.1832137912319525e-07
-2.3970302594647917e-03
-7.1927665335374674e-03
-1.4387209522549058e-02
8.9097656659785658e-10
1.1991857828277219e-02
-1.6121361648014355e-02
3.8569138449891508e-10
1.6207149149901684e-07
-5.7530771194907036e-08
4.9174665040918895e-08
-2.3972931475594672e-03
-7.1916653138520779e-03
-1.4382648769479396e-02
1.0922601754449836e-09
1.1982687142670147e-02
5.0212896938970311e-10
-5.5653972377947654e-10
-2.3974507667962491e-03
-1.4102526813294605e-09
-4.2001424320661113e-07
-1.7879364828035518e-09
-1.6669817583938518e-09
-2.3974507443528491e-03
-1.6211672579011536e-09
-4.2050888206620660e-07
-2.3982883378033054e-03
-7.1931857499975323e-03
-1.4384694109312760e-02
5.4574516161009254e-10
1.1984730999806521e-02
1.7755068279406784e-10
-1.8974266272923531e-02
-2.9006860355138043e-02
1.3361110254237912e-03
4.8864458228532679e-08
-3.7331305832046966e-03
-9.8638461473883696e-03
-1.8392517810394249e-02
7.8327428636406621e-10
1.5994913430345800e-02
-1.7793328408391151e-10
-1.2740598751308960e-09
-2.3978701373746918e-03
-2.0122981596076875e-09
4.1726779456374778e-07
-2.3563777937092586e-09
-2.1137095154288246e-09
-2.3978704487980676e-03
-2.0222986352255194e-09
4.1761185261676496e-07
-2.3970310382941946e-03
-7.1927672675540250e-03
-1.4387210146309354e-02
1.5271008729970283e-10
1.1991857137900585e-02
-4.3364837792001828e-10
-1.4391824206061681e-02
7.0672003745812285e-09
-4.5111647522838840e-08
4.8004818240678748e-08
-2.3973079653271221e-03
-7.1916939395462749e-03
-1.4382691101720677e-02
-2.7680513028944344e-10
1.1982726485647755e-02
-8.8221191937644909e-10
-2.1684529973000527e-09
-2.3974520211391967e-03
-2.4410831151836799e-09
-4.2106916077762667e-07
-2.6754140289509360e-09
