0.0000000000000000e+00
0.0000000000000000e+00
0.0000000000000000e+00
0.0000000000000000e+00
0.0000000000000000e+00
0.0000000000000000e+00
0.0000000000000000e+00
0.0000000000000000e+00
7.6626412051730361e-04
5.6285755453609719e-03
1.4584200283159338e-02
2.7621897038753233e-02
4.4760468878933944e-02
6.1893413557291180e-02
7.4926448592664008e-02
8.3870119962792131e-02
8.8707507696917015e-02
8.9449170829897173e-02
8.9449170829897173e-02
8.9449170829897146e-02
8.9449170829897146e-02
8.9449170829897146e-02
8.9449170829897187e-02
8.9449170829897187e-02
8.9449170829897132e-02
8.9449170829897173e-02
8.9449170829897201e-02
8.9449170829897159e-02
8.9449170829897159e-02
8.9449170829897159e-02
8.9449170829897159e-02
8.9449170829897159e-02
8.9449170829897104e-02
8.8665305138582742e-02
8.3786902964810769e-02
7.4824490031951102e-02
6.1760695709486765e-02
4.4606059901277070e-02
2.7456071615592971e-02
1.4405996270419009e-02
5.4550936404200593e-03
6.0164704499631144e-04
-1.5557238490093175e-04
-1.5557238490093175e-04
-1.5557238490093175e-04
-1.5557238490093175e-04
-1.5557238490093175e-04
-1.5557238490093175e-04
-1.5557238490093175e-04
-1.5557238490093175e-04
-1.5557238490093175e-04
-1.5557238490093175e-04
-1.5557238490093175e-04
-1.5557238490093175e-04
-1.5557238490093175e-04
-1.5557238490093175e-04
-1.5557238490093175e-04
-1.5557238490093175e-04
6.0149459618841553e-04
5.4531060944538346e-03
1.4398034112877902e-02
2.7425037351374068e-02
4.4552918887304470e-02
6.1675176467565866e-02
7.4697527609995915e-02
8.3630518280280466e-02
8.8457228528955739e-02
8.9188217378753543e-02
8.9188217378753543e-02
8.9188217378753543e-02
8.9188217378753543e-02
8.9188217378753543e-02
8.9188217378753543e-02
8.9188217378753543e-02
8.9188217378753570e-02
8.9188217378753570e-02
8.9188217378753570e-02
8.9188217378753584e-02
8.9188217378753584e-02
8.9188217378753584e-02
8.9188217378753584e-02
8.9188217378753584e-02
8.9188217378753598e-02
8.8415147989331672e-02
8.3547538879564162e-02
7.4595915784999536e-02
6.1542908053564535e-02
4.4399055601411955e-02
2.7259847437730311e-02
1.4220548981509649e-02
5.2804200083541612e-03
4.3774383865132003e-04
-3.0870839568869073e-04
-3.0870839568869073e-04
-3.0870839568869073e-04
-3.0870839568869073e-04
-3.0870839568869073e-04
-3.0870839568869073e-04
-3.0870839568869073e-04
-3.0870839568869073e-04
-3.0870839568869073e-04
-3.0870839568869073e-04
-3.0870839568869073e-04
-3.0870839568869073e-04
-3.0870839568869073e-04
-3.0870839568869073e-04
-3.0870839568869073e-04
-3.0870839568869073e-04
4.3766810227223896e-04
5.2785923235780571e-03
1.4212836270247957e-02
2.7229158637259939e-02
4.4346362509040546e-02
6.1457945627447302e-02
7.4469625509419199e-02
8.3391948108577918e-02
8.8207993496648790e-02
8.8928320684274656e-02
8.8928320684274656e-02
8.8928320684274656e-02
8.8928320684274642e-02
8.8928320684274628e-02
8.8928320684274642e-02
8.8928320684274642e-02
8.8928320684274670e-02
8.8928320684274711e-02
8.8928320684274684e-02
8.8928320684274684e-02
8.8928320684274684e-02
8.8928320684274698e-02
8.8928320684274698e-02
8.8928320684274698e-02
8.8928320684274698e-02
8.8166034472337521e-02
8.3309205306066461e-02
7.4368358933238773e-02
6.1326124680279051e-02
4.4193042475568808e-02
2.7064601329140250e-02
1.4036066661028006e-02
5.1066982478199076e-03
2.7477941086955735e-04
-4.6091871693671978e-04
-4.6091871693671978e-04
-4.6091871693671978e-04
-4.6091871693671978e-04
-4.6091871693671978e-04
-4.6091871693671978e-04
-4.6091871693671978e-04
-4.6091871693671978e-04
-4.6091871693671978e-04
