0.0000000000000000e+00
0.0000000000000000e+00
0.0000000000000000e+00
0.0000000000000000e+00
0.0000000000000000e+00
0.0000000000000000e+00
0.0000000000000000e+00
0.0000000000000000e+00
-3.8313206025846039e-04
-2.8142877726765390e-03
-7.2921001415702296e-03
-1.3810948519360360e-02
-2.2380234439449448e-02
-3.0946706778624128e-02
-3.7463224296307135e-02
-4.1935059981366367e-02
-4.4353753848427317e-02
-4.4724585414917542e-02
-4.4724585414917514e-02
-4.4724585414917500e-02
-4.4724585414917452e-02
-4.4724585414917396e-02
-4.4724585414917389e-02
-4.4724585414917348e-02
-4.4724585414917362e-02
-4.4724585414917431e-02
-4.4724585414917521e-02
-4.4724585414917604e-02
-4.4724585414917632e-02
-4.4724585414917653e-02
-4.4724585414917591e-02
-4.4724585414917487e-02
-4.4724585414917459e-02
-4.4332652569260625e-02
-4.1893451482378857e-02
-3.7412245015954707e-02
-3.0880347854727964e-02
-2.2303029950626309e-02
-1.3728035807795587e-02
-7.2029981352178434e-03
-2.7275468202242145e-03
-3.0082352251487076e-04
7.7786192433425386e-05
7.7786192433425264e-05
7.7786192433425196e-05
7.7786192433425169e-05
7.7786192433425210e-05
7.7786192433425210e-05
7.7786192433425196e-05
7.7786192433425155e-05
7.7786192433425250e-05
7.7786192433425304e-05
7.7786192433425169e-05
7.7786192433425169e-05
7.7786192433425277e-05
7.7786192433425250e-05
7.7786192433425264e-05
7.7786192433425264e-05
-3.0074729811087754e-04
-2.7265530472420341e-03
-7.1990170564514063e-03
-1.3712518675701828e-02
-2.2276459443665731e-02
-3.0837588233795368e-02
-3.7348763805013348e-02
-4.1815259140162230e-02
-4.4228614264500685e-02
-4.4594108689399288e-02
-4.4594108689399239e-02
-4.4594108689399205e-02
-4.4594108689399177e-02
-4.4594108689399170e-02
-4.4594108689399205e-02
-4.4594108689399226e-02
-4.4594108689399142e-02
-4.4594108689399198e-02
-4.4594108689399198e-02
-4.4594108689399226e-02
-4.4594108689399163e-02
-4.4594108689399149e-02
-4.4594108689399191e-02
-4.4594108689399163e-02
-4.4594108689399239e-02
-4.4207573994688526e-02
-4.1773769439805694e-02
-3.7297957892524526e-02
-3.0771454026809805e-02
-2.2199527800738743e-02
-1.3629923718900183e-02
-7.1102744907932695e-03
-2.6402100042232719e-03
-2.1887191937533765e-04
1.5435419779394024e-04
1.5435419779394045e-04
1.5435419779394037e-04
1.5435419779394026e-04
1.5435419779394013e-04
1.5435419779393988e-04
1.5435419779393956e-04
1.5435419779393948e-04
1.5435419779393948e-04
1.5435419779393948e-04
1.5435419779393950e-04
1.5435419779393956e-04
1.5435419779393956e-04
1.5435419779393961e-04
1.5435419779393964e-04
1.5435419779393950e-04
-2.1883405118816558e-04
-2.6392961618512643e-03
-7.1064181352019588e-03
-1.3614579318730526e-02
-2.2173181254656778e-02
-3.0728972813892558e-02
-3.7234812754905505e-02
-4.1695974054508318e-02
-4.4103996748556702e-02
-4.4464160342372105e-02
-4.4464160342372085e-02
-4.4464160342372022e-02
-4.4464160342371974e-02
-4.4464160342371981e-02
-4.4464160342371974e-02
-4.4464160342371904e-02
-4.4464160342371883e-02
-4.4464160342371800e-02
-4.4464160342371800e-02
-4.4464160342371654e-02
-4.4464160342371647e-02
-4.4464160342371634e-02
-4.4464160342371620e-02
-4.4464160342371530e-02
-4.4464160342371488e-02
-4.4083017236405106e-02
-4.1654602653280762e-02
-3.7184179466883537e-02
-3.0663062340422421e-02
-2.2096521238087075e-02
-1.3532300664894931e-02
-7.0180333308537488e-03
-2.5533491242584836e-03
-1.3738970578903282e-04
2.3045935811324373e-04
2.3045935811324359e-04
2.3045935811324394e-04
2.3045935811324365e-04
2.3045935811324362e-04
2.3045935811324392e-04
2.3045935811324411e-04
2.3045935811324440e-04
2.3045935811324419e-04
