0.0000000000000000e+00
0.0000000000000000e+00
0.0000000000000000e+00
0.0000000000000000e+00
0.0000000000000000e+00
0.0000000000000000e+00
0.0000000000000000e+00
0.0000000000000000e+00
-3.8313206025884382e-04
-2.8142877726844285e-03
-7.2921001415890930e-03
-1.3810948519392819e-02
-2.2380234439484420e-02
-3.0946706778666878e-02
-3.7463224296356526e-02
-4.1935059981425382e-02
-4.4353753848489358e-02
-4.4724585414979402e-02
-4.4724585414979395e-02
-4.4724585414979395e-02
-4.4724585414979305e-02
-4.4724585414979277e-02
-4.4724585414979270e-02
-4.4724585414979243e-02
-4.4724585414979270e-02
-4.4724585414979333e-02
-4.4724585414979430e-02
-4.4724585414979451e-02
-4.4724585414979465e-02
-4.4724585414979472e-02
-4.4724585414979423e-02
-4.4724585414979333e-02
-4.4724585414979312e-02
-4.4332652569321646e-02
-4.1893451482431579e-02
-3.7412245015995944e-02
-3.0880347854758343e-02
-2.2303029950650269e-02
-1.3728035807796831e-02
-7.2029981352005404e-03
-2.7275468201951899e-03
-3.0082352248075720e-04
7.7786192468193988e-05
7.7786192468193852e-05
7.7786192468193757e-05
7.7786192468193744e-05
7.7786192468193771e-05
7.7786192468193744e-05
7.7786192468193730e-05
7.7786192468193676e-05
7.7786192468193757e-05
7.7786192468193784e-05
7.7786192468193676e-05
7.7786192468193635e-05
7.7786192468193744e-05
7.7786192468193662e-05
7.7786192468193689e-05
7.7786192468193771e-05
-3.0074729807684746e-04
-2.7265530472110992e-03
-7.1990170564257463e-03
-1.3712518675671463e-02
-2.2276459443637958e-02
-3.0837588233769680e-02
-3.7348763804981783e-02
-4.1815259140117314e-02
-4.4228614264454125e-02
-4.4594108689353359e-02
-4.4594108689353318e-02
-4.4594108689353290e-02
-4.4594108689353262e-02
-4.4594108689353276e-02
-4.4594108689353311e-02
-4.4594108689353311e-02
-4.4594108689353248e-02
-4.4594108689353276e-02
-4.4594108689353276e-02
-4.4594108689353304e-02
-4.4594108689353255e-02
-4.4594108689353255e-02
-4.4594108689353297e-02
-4.4594108689353262e-02
-4.4594108689353346e-02
-4.4207573994642244e-02
-4.1773769439757406e-02
-3.7297957892473844e-02
-3.0771454026753516e-02
-2.2199527800671952e-02
-1.3629923718828886e-02
-7.1102744907150951e-03
-2.6402100041295670e-03
-2.1887191927463375e-04
1.5435419789610252e-04
1.5435419789610293e-04
1.5435419789610287e-04
1.5435419789610271e-04
1.5435419789610244e-04
1.5435419789610222e-04
1.5435419789610182e-04
1.5435419789610182e-04
1.5435419789610179e-04
1.5435419789610182e-04
1.5435419789610187e-04
1.5435419789610163e-04
1.5435419789610152e-04
1.5435419789610146e-04
1.5435419789610149e-04
1.5435419789610152e-04
-2.1883405108271943e-04
-2.6392961617254236e-03
-7.1064181350445977e-03
-1.3614579318527970e-02
-2.2173181254382310e-02
-3.0728972813553336e-02
-3.7234812754512209e-02
-4.1695974054068233e-02
-4.4103996748090672e-02
-4.4464160341901073e-02
-4.4464160341901038e-02
-4.4464160341900996e-02
-4.4464160341900934e-02
-4.4464160341900955e-02
-4.4464160341900982e-02
-4.4464160341900927e-02
-4.4464160341900885e-02
-4.4464160341900802e-02
-4.4464160341900795e-02
-4.4464160341900677e-02
-4.4464160341900628e-02
-4.4464160341900621e-02
-4.4464160341900621e-02
-4.4464160341900545e-02
-4.4464160341900497e-02
-4.4083017235929688e-02
-4.1654602652783000e-02
-3.7184179466352635e-02
-3.0663062339853914e-02
-2.2096521237478975e-02
-1.3532300664242516e-02
-7.0180333301714777e-03
-2.5533491235586415e-03
-1.3738970507774835e-04
2.3045935882624991e-04
2.3045935882624982e-04
2.3045935882625007e-04
2.3045935882624972e-04
2.3045935882624969e-04
2.3045935882625010e-04
2.3045935882625015e-04
2.3045935882625042e-04
2.3045935882625042e-04
