0.0000000000000000e+00
1.2486089731869897e-04
2.4975609755835523e-04
3.7463570093467099e-04
4.9949971134296319e-04
6.2434813267618172e-04
7.4926829267894411e-04
8.7417284958439187e-04
9.9906180729021524e-04
1.1242542248813567e-03
1.2496920002481337e-03
1.3751140429519965e-03
1.5013341139104182e-03
1.5023877146357772e-03
1.3783242393634572e-03
1.2542453704351545e-03
1.1294466576852512e-03
1.0046323682727850e-03
8.7980249830803335e-04
7.5495704390242814e-04
6.2998081706569585e-04
5.0510276828517875e-04
3.8020912302848167e-04
2.5534667073692340e-04
1.3046862586666620e-04
5.5905731781633251e-06
-1.1928747560225900e-04
-2.4418112085725346e-04
-3.6904357316457640e-04
-4.9392161805034943e-04
-6.1881525941038693e-04
-7.4372450113990320e-04
-8.6864934713743055e-04
-9.9348280867395848e-04
-1.1186657577128009e-03
-1.2438643794840602e-03
-1.3697984936982422e-03
-1.4957484693104905e-03
-1.4968377155325865e-03
-1.3727753752352304e-03
-1.2484395445453956e-03
-1.1238648361560815e-03
-9.9903411360095741e-04
-8.7421897180953189e-04
-7.4941940689352688e-04
-6.2439996723492517e-04
-4.9952191841256340e-04
-3.7465946216931948e-04
-2.4976582083525582e-04
-1.2488777597539360e-04
-9.7232730333361180e-09
1.2486832550716361e-04
2.4973078170764678e-04
3.7462442306696736e-04
4.9950246795175848e-04
6.2436492025824567e-04
7.4921178387882508e-04
8.7404306270554249e-04
9.9906198362006960e-04
1.1242432581226014e-03
1.2496803648541501e-03
1.3751017390913319e-03
1.5013211420357797e-03
1.5023740748182223e-03
1.3783099318021978e-03
1.2542303949647014e-03
1.1294310152382798e-03
1.0046160586818472e-03
8.7978552140709004e-04
7.5493939952423893e-04
6.2996450747651426e-04
5.0508645869559742e-04
3.8019281343998145e-04
2.5533036114754282e-04
1.3045231627643937e-04
5.5742635877931933e-06
-1.1930378519288415e-04
-2.4419743044880765e-04
-3.6905988275542689e-04
-4.9393792764174072e-04
-6.1883156900152095e-04
-7.4374081073130317e-04
-8.6866565672923481e-04
-9.9349844349628418e-04
-1.1186807179679322e-03
-1.2438786650036042e-03
-1.3698121054273270e-03
-1.4957614070790892e-03
-1.4968499795441148e-03
-1.3727869656902933e-03
-1.2484504616474814e-03
-1.1238750801065322e-03
-9.9904368460115162e-04
-8.7422787002708368e-04
-7.4942763249749545e-04
-6.2440953823294750e-04
-4.9953148941118302e-04
-3.7466903316880814e-04
-2.4977539183445576e-04
-1.2489734697393649e-04
-1.9294272262314025e-08
1.2485875450821783e-04
2.4972121070830107e-04
3.7461485206756077e-04
4.9949289695216806e-04
6.2435534925821159e-04
7.4920221287879058e-04
8.7403349170629924e-04
9.9905174446436791e-04
1.1242323510109906e-03
1.2496687899873906e-03
1.3750894966366178e-03
1.5013082322619313e-03
1.5023604978891016e-03
1.3782956879198926e-03
1.2542154839630699e-03
1.1294154380470912e-03
1.0045998151351221e-03
8.7976861133854398e-04
7.5492182276695079e-04
6.2994826393183306e-04
5.0507021515012660e-04
3.8017656989427844e-04
2.5531411760204028e-04
1.3043607273186640e-04
5.5580200438935282e-06
-1.1932002873673404e-04
-2.4421367399260995e-04
-3.6907612630038495e-04
-4.9395417118586605e-04
-6.1884781254498199e-04
-7.4375705427506952e-04
-8.6868190027279994e-04
-9.9351401309177726e-04
-1.1186956138168694e-03
-1.2438928869371016e-03
-1.3698256543882730e-03
-1.4957742828973970e-03
-1.4968621824268872e-03
-1.3727984958366642e-03
-1.2484613192587913e-03
-1.1238852653839041e-03
-9.9905319774648300e-04
-8.7423671120879869e-04
-7.4943580188230005e-04
-6.2441905137636982e-04
-4.9954100255526453e-04
-3.7467854631422702e-04
-2.4978490497880036e-04
-1.2490686011712164e-04
-2.8807417168599418e-08
