0.0000000000000000e+00
-3.7461309495952866e-05
-7.4926829267280869e-05
-1.1239375275685219e-04
-1.4986208006915311e-04
-1.8733181130975018e-04
-2.2478048780000427e-04
-2.6223056674654533e-04
-2.9968204825429998e-04
-3.3734662470881303e-04
-3.7508990259083389e-04
-4.1283460508195139e-04
-4.5095974026394185e-04
-4.5149304023773060e-04
-4.1443690973329522e-04
-3.7738215233445847e-04
-3.3994284135589156e-04
-3.0250493202699420e-04
-2.6506842424198998e-04
-2.2763331789692708e-04
-1.9011235976173276e-04
-1.5264894512467215e-04
-1.1518693394278158e-04
-7.7722115855403015e-05
-4.0258701327385130e-05
-2.7952865872560842e-06
3.4668128047081531e-05
7.2130139226553723e-05
1.0959495731612199e-04
1.4705837184626137e-04
1.8452038292111211e-04
2.2198099064666424e-04
2.5944019512715000e-04
2.9693652629585697e-04
3.3455239099825461e-04
3.7216684080118351e-04
4.1016753920345138e-04
4.4816679360771465e-04
4.4870507574276144e-04
4.1164947971107342e-04
3.7446367466607963e-04
3.3715193023576645e-04
2.9971217870978432e-04
2.6227102539705600e-04
2.2482847019147269e-04
1.8732193481674211e-04
1.4985852017535971e-04
1.1239370197450857e-04
7.4931690907204391e-05
3.7468276384996250e-05
4.8616380286825725e-09
-3.7458552995995464e-05
-7.4923371190515107e-05
-1.1238538226287899e-04
-1.4984879679096741e-04
-1.8731361487820742e-04
-2.2477983663074749e-04
-2.6224746215437050e-04
-2.9972611376247556e-04
-3.3734114127743366e-04
-3.7508408490547271e-04
-4.1282845311749606e-04
-4.5095325432473513e-04
-4.5148622032714723e-04
-4.1442975595135773e-04
-3.7737466470624901e-04
-3.3993502013101012e-04
-3.0249677723021430e-04
-2.6505993589926927e-04
-2.2762449603318201e-04
-1.9010420496666581e-04
-1.5264079032971500e-04
-1.1517877914757391e-04
-7.7713961060519462e-05
-4.0250546533286546e-05
-2.7871317944444720e-06
3.4676282839772685e-05
7.2138294019466481e-05
1.0960311210929844e-04
1.4706652663900604e-04
1.8452853771413344e-04
2.2198914544008458e-04
2.5944834992048095e-04
2.9694434370692235e-04
3.3455987112609477e-04
3.7217398367142074e-04
4.1017434506824879e-04
4.4817326249200953e-04
4.4871120774906672e-04
4.1165527493979904e-04
3.7446913321693536e-04
3.3715705221097083e-04
2.9971696421064031e-04
2.6227547439703003e-04
2.2483258266570822e-04
1.8732672031673988e-04
1.4986330567495196e-04
1.1239848747378480e-04
7.4936476406583957e-05
3.7473061884201219e-05
9.6471364930588536e-09
-3.7453767497138043e-05
-7.4918585691167891e-05
-1.1238059676419430e-04
-1.4984401129281683e-04
-1.8730882938130023e-04
-2.2477505113453018e-04
-2.6224267665806718e-04
-2.9972099418799859e-04
-3.3733568772597623e-04
-3.7507829747642293e-04
-4.1282233178608778e-04
-4.5094679944238190e-04
-4.5147943186715105e-04
-4.1442263401397946e-04
-3.7736720931732143e-04
-3.3992723153983821e-04
-3.0248865546192314e-04
-2.6505148097815296e-04
-2.2761570798462321e-04
-1.9009608319723564e-04
-1.5263266856034905e-04
-1.1517065737779690e-04
-7.7705839290160715e-05
-4.0242424762163382e-05
-2.7790100227790375e-06
3.4684404611593099e-05
7.2146415790291110e-05
1.0961123387994112e-04
1.4707464841061494e-04
1.8453665948636215e-04
2.2199726721236550e-04
2.5945647169319343e-04
2.9695212850257161e-04
3.3456731904903716e-04
3.7218109474603482e-04
4.1018111954696323e-04
4.4817970040140565e-04
4.4871730918899614e-04
4.1166104001182395e-04
3.7447456202196924e-04
3.3716214484905507e-04
2.9972172078286571e-04
2.6227989487849165e-04
2.2483666703182278e-04
1.8733147688993398e-04
1.4986806224850526e-04
1.1240324404599603e-04
7.4941232979275018e-05
3.7477818457729847e-05
1.4403709724793865e-08
