0.0000000000000000e+00
-3.7461309496178868e-05
-7.4926829267813117e-05
-1.1239375275749789e-04
-1.4986208007002443e-04
-1.8733181131124797e-04
-2.2478048780142572e-04
-2.6223056674774239e-04
-2.9968204825466915e-04
-3.3734662471022802e-04
-3.7508990259211070e-04
-4.1283460508312168e-04
-4.5095974026405932e-04
-4.5149304023826603e-04
-4.1443690973381618e-04
-3.7738215233559845e-04
-3.3994284135661370e-04
-3.0250493202694736e-04
-2.6506842424186888e-04
-2.2763331789554076e-04
-1.9011235976200243e-04
-1.5264894512528670e-04
-1.1518693394352827e-04
-7.7722115855677562e-05
-4.0258701327948556e-05
-2.7952865879122700e-06
3.4668128046713255e-05
7.2130139225692406e-05
1.0959495731599394e-04
1.4705837184586415e-04
1.8452038292138045e-04
2.2198099064694210e-04
2.5944019512760043e-04
2.9693652629654072e-04
3.3455239099963285e-04
3.7216684080213034e-04
4.1016753920417200e-04
4.4816679360822531e-04
4.4870507574420104e-04
4.1164947971240569e-04
3.7446367466681819e-04
3.3715193023581437e-04
2.9971217870963308e-04
2.6227102539629277e-04
2.2482847019056413e-04
1.8732193481691857e-04
1.4985852017509213e-04
1.1239370197397600e-04
7.4931690906741464e-05
3.7468276385201476e-05
4.8616373427643378e-09
-3.7458552996807369e-05
-7.4923371191421039e-05
-1.1238538226424068e-04
-1.4984879679161872e-04
-1.8731361487941853e-04
-2.2477983663185089e-04
-2.6224746215548875e-04
-2.9972611376481538e-04
-3.3734114127945283e-04
-3.7508408490746466e-04
-4.1282845311847000e-04
-4.5095325432623941e-04
-4.5148622032881766e-04
-4.1442975595225659e-04
-3.7737466470633846e-04
-3.3993502013221938e-04
-3.0249677723257694e-04
-2.6505993590197517e-04
-2.2762449603563534e-04
-1.9010420496753662e-04
-1.5264079033027340e-04
-1.1517877914854789e-04
-7.7713961060338143e-05
-4.0250546532390324e-05
-2.7871317937179506e-06
3.4676282840512145e-05
7.2138294019322743e-05
1.0960311210907869e-04
1.4706652663942663e-04
1.8452853771541326e-04
2.2198914544117797e-04
2.5944834992222836e-04
2.9694434370599595e-04
3.3455987112518198e-04
3.7217398367047488e-04
4.1017434506749142e-04
4.4817326249154321e-04
4.4871120774822994e-04
4.1165527493914722e-04
3.7446913321754333e-04
3.3715705221086181e-04
2.9971696421081276e-04
2.6227547439837949e-04
2.2483258266743305e-04
1.8732672031754761e-04
1.4986330567578538e-04
1.1239848747492043e-04
7.4936476407640377e-05
3.7473061885317914e-05
9.6471379469449594e-09
-3.7453767495625934e-05
-7.4918585690251835e-05
-1.1238059676326552e-04
-1.4984401129090798e-04
-1.8730882937878024e-04
-2.2477505113104712e-04
-2.6224267665458126e-04
-2.9972099418509391e-04
-3.3733568772297874e-04
-3.7507829747372994e-04
-4.1282233178284650e-04
-4.5094679943782337e-04
-4.5147943186323513e-04
-4.1442263400998043e-04
-3.7736720931274463e-04
-3.3992723153558472e-04
-3.0248865545703469e-04
-2.6505148097364430e-04
-2.2761570797941077e-04
-1.9009608319303607e-04
-1.5263266855616069e-04
-1.1517065737433263e-04
-7.7705839286110989e-05
-4.0242424757580940e-05
-2.7790100184878386e-06
3.4684404616213610e-05
7.2146415795389123e-05
1.0961123388539322e-04
1.4707464841514804e-04
1.8453665948968450e-04
2.2199726721494254e-04
2.5945647169564612e-04
2.9695212850725585e-04
3.3456731905314081e-04
3.7218109474988238e-04
4.1018111955037461e-04
4.4817970040428431e-04
4.4871730919225427e-04
4.1166104001445270e-04
3.7447456202435411e-04
3.3716214485127042e-04
2.9972172078496212e-04
2.6227989488104603e-04
2.2483666703358604e-04
1.8733147689154638e-04
1.4986806224919662e-04
1.1240324404719588e-04
7.4941232981074740e-05
3.7477818458728316e-05
1.4403711463915814e-08
