0.0000000000000000e+00
0.0000000000000000e+00
0.0000000000000000e+00
0.0000000000000000e+00
0.0000000000000000e+00
0.0000000000000000e+00
0.0000000000000000e+00
0.0000000000000000e+00
4.7891507532331462e-08
3.5178597158506069e-07
9.1151251769745811e-07
1.7263685649220769e-06
2.7975293049333718e-06
3.8683383473306988e-06
4.6829030370414974e-06
5.2418824976745043e-06
5.5442192310573104e-06
5.5905731768685692e-06
5.5905731768685692e-06
5.5905731768685692e-06
5.5905731768685692e-06
5.5905731768685692e-06
5.5905731768685692e-06
5.5905731768685692e-06
5.5905731768685692e-06
5.5905731768685692e-06
5.5905731768685692e-06
5.5905731768685692e-06
5.5905731768685692e-06
5.5905731768685692e-06
5.5905731768685692e-06
5.5905731768685692e-06
5.5905731768685692e-06
5.6395647825757178e-06
5.9444649184364613e-06
6.5046157267401959e-06
7.3211028718942186e-06
8.3932676099073251e-06
9.4651418777625833e-06
1.0280771586835958e-05
1.0840203001210893e-05
1.1143543413424879e-05
1.1190869627793458e-05
1.1190869627793458e-05
1.1190869627793458e-05
1.1190869627793458e-05
1.1190869627793458e-05
1.1190869627793458e-05
1.1190869627793458e-05
1.1190869627793458e-05
1.1190869627793458e-05
1.1190869627793458e-05
1.1190869627793458e-05
1.1190869627793458e-05
1.1190869627793458e-05
1.1190869627793458e-05
1.1190869627793458e-05
1.1190869627793458e-05
1.1238186314111542e-05
1.1541412032753130e-05
1.2100470033904630e-05
1.2914657736310648e-05
1.3985150332306302e-05
1.5055291431072639e-05
1.5869188377474515e-05
1.6427500294367302e-05
1.6729169684909504e-05
1.6774856488021869e-05
1.6774856488021869e-05
1.6774856488021869e-05
1.6774856488021869e-05
1.6774856488021869e-05
1.6774856488021869e-05
1.6774856488021869e-05
1.6774856488021869e-05
1.6774856488021869e-05
1.6774856488021869e-05
1.6774856488021869e-05
1.6774856488021869e-05
1.6774856488021869e-05
1.6774856488021869e-05
1.6774856488021869e-05
1.6774856488021869e-05
1.6823173324860735e-05
1.7127398894221206e-05
1.7686875337631493e-05
1.8502688320846176e-05
1.9574179099105717e-05
2.0645379609335817e-05
2.1460335762849623e-05
2.2019093823671834e-05
2.2321761084278257e-05
2.2368414348924505e-05
2.2368414348924505e-05
2.2368414348924505e-05
2.2368414348924505e-05
2.2368414348924505e-05
2.2368414348924505e-05
2.2368414348924505e-05
2.2368414348924505e-05
2.2368414348924505e-05
2.2368414348924505e-05
2.2368414348924505e-05
2.2368414348924505e-05
2.2368414348924505e-05
2.2368414348924505e-05
2.2368414348924505e-05
2.2368414348924505e-05
2.2415062880047064e-05
2.2717620643878690e-05
2.3276010890545565e-05
2.4089531038483805e-05
2.5159356280470083e-05
2.6228830225370518e-05
2.7042060217993748e-05
2.7599705380441179e-05
2.7900708217195596e-05
2.7945728666422212e-05
2.7945728666422212e-05
2.7945728666422212e-05
2.7945728666422212e-05
2.7945728666422212e-05
2.7945728666422212e-05
2.7945728666422212e-05
2.7945728666422212e-05
2.7945728666422212e-05
2.7945728666422212e-05
2.7945728666422212e-05
2.7945728666422212e-05
2.7945728666422212e-05
2.7945728666422212e-05
2.7945728666422212e-05
2.7945728666422212e-05
2.7993371554668300e-05
2.8296923377560230e-05
2.8855726275861961e-05
2.9670865916671946e-05
3.0741683554466349e-05
3.1812211126118134e-05
3.2626494542875146e-05
3.3184580068700633e-05
3.3486574996010025e-05
3.3532556128997925e-05
3.3532556128997925e-05
3.3532556128997925e-05
3.3532556128997925e-05
3.3532556128997925e-05
3.3532556128997925e-05
3.3532556128997925e-05
3.3532556128997925e-05
3.3532556128997925e-05
