0.0000000000000000e+00
2.5596963382328298e+01
5.1199999999481363e+01
7.6800798466774083e+01
1.0239935941502472e+02
1.2799568347477759e+02
1.5359999999866704e+02
1.7920207719067474e+02
2.0479058749845942e+02
2.3039999998442065e+02
2.5599999998677066e+02
2.8153739577940974e+02
3.0719999988027769e+02
3.0719695439015277e+02
2.8159695606219128e+02
2.5605520253823090e+02
2.3039999991521270e+02
2.0480311177643230e+02
1.7921495220824002e+02
1.5362455608979036e+02
1.2799999999819516e+02
1.0239999999776359e+02
7.6797761867097549e+01
5.1199999999594539e+01
2.5600000632988230e+01
1.3418274014092133e-10
2.5600000000062984e+01
5.1202238130069006e+01
7.6800000000397688e+01
1.0239999936981771e+02
1.2800223686924102e+02
1.5360671312949802e+02
1.7921342878181059e+02
2.0480000000170264e+02
2.3040000002113823e+02
2.5594187178968576e+02
2.8160000008906945e+02
3.0719992431711813e+02
3.0720303352936918e+02
2.8160304654245277e+02
2.5600000001504077e+02
2.3040000001131173e+02
2.0480000001320209e+02
1.7921343040058957e+02
1.5362909607371199e+02
1.2800000001087909e+02
1.0240000000309871e+02
7.6802237494592106e+01
5.1200000000557715e+01
2.5600000636502770e+01
6.2106360723493469e-11
2.5599999999747418e+01
5.1197762500511324e+01
7.6799999999385165e+01
1.0239999936828323e+02
1.2799776123809900e+02
1.5359328623924259e+02
1.7918657500219160e+02
2.0479999999158753e+02
2.3039999999549724e+02
2.5599999998652135e+02
2.8153739574304609e+02
3.0719999987988990e+02
3.0719695438992130e+02
2.8159695606186818e+02
2.5605520246846510e+02
2.3039999991512369e+02
2.0480311177623281e+02
1.7921479438073715e+02
1.5362424041258686e+02
1.2799999999834615e+02
1.0239999999777652e+02
7.6797761867223102e+01
5.1199999999583881e+01
2.5600000632895537e+01
3.2298973464893746e-10
2.5599999999939143e+01
5.1202238130096660e+01
7.6800000000304152e+01
1.0239999936981265e+02
1.2800223686923252e+02
1.5360671312952724e+02
1.7921342878193332e+02
2.0480000000185177e+02
2.3040000002109335e+02
2.5594187171937759e+02
2.8160000008931365e+02
3.0719992431714672e+02
3.0720303352951004e+02
2.8160304654248432e+02
2.5600000001514979e+02
2.3040000001139077e+02
2.0480000001331237e+02
1.7921327124459432e+02
1.5362877778424553e+02
1.2800000001050645e+02
1.0240000000277578e+02
7.6802237494354699e+01
5.1200000000256203e+01
2.5600000636046289e+01
2.7069550803485499e-10
2.5600000000062785e+01
5.1197762500718568e+01
7.6799999999638658e+01
1.0239999936857082e+02
1.2799776123840653e+02
1.5359328623958066e+02
1.7918657500263214e+02
2.0479999999168973e+02
2.3039999999551006e+02
2.5599999998643383e+02
2.8153739571801179e+02
3.0719999988007521e+02
3.0719695438983587e+02
2.8159695606189632e+02
2.5605520239918803e+02
2.3039999991499116e+02
2.0480311177568717e+02
1.7921463673920033e+02
1.5362392510771474e+02
1.2799999999809141e+02
1.0239999999747081e+02
7.6797761866812266e+01
5.1199999999190510e+01
2.5600000632505232e+01
4.9828400390453113e-11
2.5600000000372340e+01
5.1202238130486634e+01
7.6800000000888176e+01
1.0239999937030572e+02
1.2800223686958003e+02
1.5360671312990738e+02
1.7921342878231323e+02
2.0480000000222711e+02
2.3040000002150046e+02
2.5594187164942858e+02
2.8160000008947787e+02
3.0719992431705265e+02
3.0720303352994182e+02
2.8160304654296732e+02
2.5600000001558948e+02
2.3040000001179959e+02
2.0480000001363879e+02
1.7921311228247234e+02
1.5362845988202790e+02
1.2800000001063142e+02
1.0240000000305504e+02
7.6802237494717531e+01
5.1200000000569268e+01
2.5600000636246421e+01
-7.2847517009073700e-11
