2.0000000000000020e+02
2.0000000000000020e+02
2.0000000000000020e+02
2.0000000000000020e+02
2.0000000000000020e+02
2.0000000000000020e+02
2.0000000000000020e+02
2.0000000000000020e+02
2.0478943810227850e+02
2.3039155712110266e+02
2.5597812368634595e+02
2.8149596293385156e+02
3.0713285917695930e+02
3.0710411426981682e+02
2.8148456638930253e+02
2.5592939735828676e+02
2.3026693865366718e+02
2.0466893802018740e+02
2.0003354343906136e+02
2.0003354343906136e+02
2.0003354343906136e+02
2.0003354343906136e+02
2.0003354343906136e+02
2.0003354343906136e+02
2.0003354343906136e+02
2.0003354343906136e+02
2.0003354343906136e+02
2.0003354343906136e+02
2.0003354343906136e+02
2.0003354343906136e+02
2.0003354343906136e+02
2.0003354343906136e+02
2.0003354343906136e+02
2.0493299795941044e+02
2.3052568037558541e+02
2.5605410852473369e+02
2.8169264113263364e+02
3.0726683340697019e+02
3.0724421763679271e+02
2.8162465553685843e+02
2.5600818265550134e+02
2.3040090248187911e+02
2.0479976665462468e+02
2.0006714521776698e+02
2.0006714521776698e+02
2.0006714521776698e+02
2.0006714521776698e+02
2.0006714521776698e+02
2.0006714521776698e+02
2.0006714521776698e+02
2.0006714521776698e+02
2.0006714521776698e+02
2.0006714521776698e+02
2.0006714521776698e+02
2.0006714521776698e+02
2.0006714521776698e+02
2.0006714521776698e+02
2.0006714521776698e+02
2.0479909774969317e+02
2.3039182033635552e+02
2.5597840293535211e+02
2.8149625818701901e+02
3.0713317050155905e+02
3.0710444162522026e+02
2.8148490977045310e+02
2.5592975669104470e+02
2.3026731407233024e+02
2.0466932945016475e+02
2.0010064913892830e+02
2.0010064913892830e+02
2.0010064913892830e+02
2.0010064913892830e+02
2.0010064913892830e+02
2.0010064913892830e+02
2.0010064913892830e+02
2.0010064913892830e+02
2.0010064913892830e+02
2.0010064913892830e+02
2.0010064913892830e+02
2.0010064913892830e+02
2.0010064913892830e+02
2.0010064913892830e+02
2.0010064913892830e+02
2.0493262272383578e+02
2.3052532132941292e+02
2.5605376559305495e+02
2.8169231445139383e+02
3.0726652290054875e+02
3.0724392330066644e+02
2.8162437736595643e+02
2.5600792064516230e+02
2.3040065662714855e+02
2.0479953695071879e+02
2.0013421048609376e+02
2.0013421048609376e+02
2.0013421048609376e+02
2.0013421048609376e+02
2.0013421048609376e+02
2.0013421048609376e+02
2.0013421048609376e+02
2.0013421048609376e+02
2.0013421048609376e+02
2.0013421048609376e+02
2.0013421048609376e+02
2.0013421048609376e+02
2.0013421048609376e+02
2.0013421048609376e+02
2.0013421048609376e+02
2.0479934348953626e+02
2.3039208210702486e+02
2.5597868073202858e+02
2.8149655198005593e+02
3.0713348033631144e+02
3.0710476747139461e+02
2.8148525162363217e+02
2.5593011447702486e+02
2.3026768792474627e+02
2.0466971929466061e+02
2.0016767437199869e+02
2.0016767437199869e+02
2.0016767437199869e+02
2.0016767437199869e+02
2.0016767437199869e+02
2.0016767437199869e+02
2.0016767437199869e+02
2.0016767437199869e+02
2.0016767437199869e+02
2.0016767437199869e+02
2.0016767437199869e+02
2.0016767437199869e+02
2.0016767437199869e+02
2.0016767437199869e+02
2.0016767437199869e+02
2.0493224905393578e+02
2.3052496382945958e+02
2.5605342418782851e+02
2.8169198927649813e+02
3.0726621388076592e+02
3.0724363043193534e+02
2.8162410064295898e+02
2.5600766006296124e+02
2.3040041218091596e+02
2.0479930863556348e+02
2.0020119533677419e+02
2.0020119533677419e+02
2.0020119533677419e+02
2.0020119533677419e+02
2.0020119533677419e+02
2.0020119533677419e+02
2.0020119533677419e+02
2.0020119533677419e+02
