0.0000000000000000e+00
-1.1985800053489577e-03
-8.7038001502813452e-11
-1.1994380343768574e-03
-4.7964744919198731e-03
-1.0790690704224629e-02
9.9484595880262993e-10
8.3924349976904032e-03
1.8163092202895380e-02
-2.0214403766151860e-08
-5.4964258431418176e-09
1.7693674389305893e-02
-9.0765210584662679e-08
-1.2056279465942909e-03
-1.2052886146804564e-03
-2.3718778066943547e-02
-8.0752210176649146e-08
1.1405450757508856e-03
-3.7688912192478949e-03
-1.1073977821671526e-02
-2.8049936109710898e-09
-1.7941187788763264e-09
-2.3978691292774836e-03
1.6953403463820833e-10
4.2070027901799903e-07
2.0151151006233389e-10
3.9215106588976579e-10
-2.3978677864873758e-03
6.2163078814225259e-10
4.2016093957978293e-07
-2.3970282852495287e-03
-7.1927640686147848e-03
-1.4387207022553625e-02
3.1535211026734006e-09
-1.0940400131652854e-08
-2.2536958126893068e-02
-8.2593883112330615e-08
-6.7585562700633604e-05
-1.1976813258462362e-03
-1.2055203583890004e-03
-1.0490964596925684e-08
-9.0633840461850784e-09
-9.9900369945723972e-09
1.3361265396941366e-03
2.7732883613202589e-04
-3.1401041968197946e-09
-1.1876175582252033e-09
-2.3974478271254975e-03
8.0586104178016508e-10
-4.1855823541980950e-07
5.4527025590560563e-10
4.8932530574894161e-10
-2.3974486654448936e-03
7.1010871924726919e-10
-4.1805498558267687e-07
-2.3982855916972507e-03
-7.1931829083256155e-03
-1.4384691587644008e-02
1.7528470129212207e-09
-6.2650834234275353e-09
-9.5981644180103379e-09
1.7693698229193536e-02
-9.0326799900963228e-08
-1.2056274944377103e-03
-1.2052881519126169e-03
-2.3718791062758891e-02
-8.0353797084754379e-08
1.1405450771180099e-03
-3.7163195532582405e-03
-1.0968864173719202e-02
-2.7904349701541226e-09
-1.6847725617740944e-09
-2.3978688885116957e-03
3.9640604331229977e-10
4.2076382826735105e-07
-2.4055943192231970e-10
-1.8227947576515422e-10
-2.3978685144429575e-03
-1.5652635153147191e-10
4.1939401717742398e-07
-2.3970288898984269e-03
-7.1927647147825395e-03
-1.4387207582718400e-02
2.7306052218672934e-09
-1.1570371216278987e-08
-2.2536944422569885e-02
-8.2821350289981964e-08
-6.7585891105339363e-05
-1.1976818539491780e-03
-1.2055206284735615e-03
-1.0743421436230288e-08
-9.3566576893618426e-09
-9.9068549232979761e-09
1.2830375760904847e-03
1.7112066406515375e-04
-3.1968288777956869e-09
-1.3559590380748627e-09
-2.3974481394517400e-03
4.2125660631688505e-10
-4.1904736686030030e-07
6.8849330615813375e-11
2.5339379087173423e-10
-2.3974488980301272e-03
3.5110963832870038e-10
-4.1855014722479736e-07
-2.3982863020292921e-03
-7.1931836332464914e-03
-1.4384692166700096e-02
1.4448595426311583e-09
-6.8785980691849844e-09
-1.0169963660378025e-08
1.7693742847883359e-02
-9.0732934074609118e-08
-1.2056279367888896e-03
-1.2052885405492415e-03
-2.3718805468533308e-02
-8.0843107350898297e-08
1.1405449273814107e-03
-3.6638096795531807e-03
-1.0863873874922759e-02
-2.8859992721831286e-09
-1.9787060916671844e-09
-2.3978691479168584e-03
2.2213920565782833e-10
4.2096493853023357e-07
2.1987234978730422e-10
3.0253981253958919e-10
-2.3978680164988921e-03
3.0808621030909464e-10
4.1993602999350160e-07
-2.3970285661283970e-03
-7.1927645106945638e-03
-1.4387207350946800e-02
3.1420283429871471e-09
-1.1120183815125413e-08
-2.2536930111948170e-02
-8.2842143433605203e-08
-6.7585510239478690e-05
-1.1976816641627078e-03
-1.2055205698497807e-03
-1.0954905155526079e-08
-9.3087973060281489e-09
-9.9632002830735824e-09
1.2300127071195822e-03
6.5041386431332737e-05
-2.7785129242426660e-09
-9.9535630003722791e-10
-2.3974482509936451e-03
8.7021365449731881e-10
-4.1836198540379193e-07
4.5464056019685503e-10
