0.0000000000000000e+00
-1.1985799697103762e-03
1.2975097863532604e-12
-1.1994379113225001e-03
-4.7964743339116607e-03
-1.0790690448866271e-02
1.2530582794832373e-09
8.3924352148247016e-03
1.8163092271206511e-02
-1.9977262966770102e-08
-5.2872943621293100e-09
1.7693674584917347e-02
-9.0735005265495453e-08
-1.2056278537082637e-03
-1.2052885188876688e-03
-2.3718777883004590e-02
-8.0656504982957853e-08
1.1405450459227541e-03
-3.7688912544882229e-03
-1.1073978042061589e-02
-2.7366465211599900e-09
-1.6704924226151258e-09
-2.3978689891704123e-03
2.1627098788597255e-10
4.2081623744661177e-07
3.2487111528591874e-10
4.1012853383605394e-10
-2.3978677226944929e-03
5.6616575642460709e-10
4.2015589395587933e-07
-2.3970283895672273e-03
-7.1927641623364767e-03
-1.4387207142588976e-02
3.0133524611816609e-09
-1.1203732494795717e-08
-2.2536958345304885e-02
-8.2749574769440414e-08
-6.7585639511559659e-05
-1.1976815971773700e-03
-1.2055206251854167e-03
-1.0714552352934672e-08
-9.2243241540776103e-09
-1.0108159099372095e-08
1.3361265166935081e-03
2.7732878412828620e-04
-3.3602694719826514e-09
-1.3535250176808686e-09
-2.3974479035221009e-03
7.2594626711296274e-10
-4.1878929592882074e-07
4.3599371830102369e-10
3.8893129722854498e-10
-2.3974487645138749e-03
6.7878376984486036e-10
-4.1818876116463453e-07
-2.3982856459384863e-03
-7.1931829697258528e-03
-1.4384691658928670e-02
1.8860352212207404e-09
-6.1670886158869177e-09
-9.4975418112926048e-09
1.7693698161550579e-02
-9.0295944305967027e-08
-1.2056274695203839e-03
-1.2052882362961234e-03
-2.3718791316952238e-02
-8.0405531214865582e-08
1.1405451923711177e-03
-3.7163193788920623e-03
-1.0968864025965731e-02
-2.8750731837569226e-09
-1.8150766573721551e-09
-2.3978689464444381e-03
1.6145046915279763e-10
4.2043950762194970e-07
-5.5013261443399226e-10
-4.7508980448065105e-10
-2.3978686662877034e-03
-3.2197154408973880e-10
4.1913911009864819e-07
-2.3970292786900699e-03
-7.1927650606685520e-03
-1.4387208048708591e-02
2.6653474506138273e-09
-1.1634484863628102e-08
-2.2536944468328983e-02
-8.2902287970030541e-08
-6.7586016549401430e-05
-1.1976819078411320e-03
-1.2055207276274614e-03
-1.1040146296144214e-08
-9.5785706201749051e-09
-1.0173685850349766e-08
1.2830371837549905e-03
1.7112021611021504e-04
-3.4736561419780953e-09
-1.6339430682820959e-09
-2.3974484395186497e-03
1.5834548972244637e-10
-4.1939740350807425e-07
-3.2120788313363989e-10
-1.4675324521787094e-10
-2.3974492097842666e-03
5.6623781977680851e-11
-4.1900919564302759e-07
-2.3982868585500521e-03
-7.1931843398799471e-03
-1.4384692858871702e-02
8.4399707742390149e-10
-7.5258317311635514e-09
-1.0772146945576248e-08
1.7693742196056725e-02
-9.1593224132554049e-08
-1.2056287117569583e-03
-1.2052893208958843e-03
-2.3718806362604136e-02
-8.1671191944745962e-08
1.1405439811524461e-03
-3.6638105592611062e-03
-1.0863874865436957e-02
-3.7186870431337776e-09
-2.7853047301363087e-09
-2.3978698395441525e-03
-5.5729498887026985e-10
4.2010627180011107e-07
-6.0182439710581710e-10
-5.1938125050017741e-10
-2.3978689130839657e-03
-6.2920109029892566e-10
4.1915427836649533e-07
-2.3970291571742790e-03
-7.1927649823441651e-03
-1.4387207812616726e-02
2.3523231922574627e-09
-1.1827832468847799e-08
-2.2536930744826718e-02
-8.3384295316358493e-08
-6.7585984352194981e-05
-1.1976821947019215e-03
-1.2055210009033798e-03
-1.1291529390755929e-08
-9.6733230695296031e-09
-1.0283404114364999e-08
1.2300123391407681e-03
6.5041087329018423e-05
-3.0298398815128325e-09
-1.1676872952453883e-09
-2.3974485020091469e-03
4.8804241942184969e-10
-4.1865589565519291e-07
1.3110483189420845e-10
