0.0000000000000000e+00
2.5595764802340767e+01
5.1199999999438461e+01
7.6799599028801225e+01
1.0239456294061178e+02
1.2798489278420109e+02
1.5359999999979109e+02
1.7921046962578095e+02
2.0480875059069638e+02
2.3039999996432488e+02
2.5599999998137878e+02
2.8155508945389693e+02
3.0719999978952762e+02
3.0719574876225272e+02
2.8159575077362445e+02
2.5603148376025598e+02
2.3039999983450832e+02
2.0480425232149318e+02
1.7921118331700322e+02
1.5361348211185856e+02
1.2799999999542433e+02
1.0239999999603126e+02
7.6795363998038297e+01
5.1199999999787408e+01
2.5600001053746485e+01
2.3583570081971790e-10
-2.5599999999661819e+01
-5.1204635997823615e+01
-7.6799999999803802e+01
-1.0239999894965929e+02
-1.2800463389757846e+02
-1.5361390589361349e+02
-1.7922781598889318e+02
-2.0479999999861920e+02
-2.3040000003221030e+02
-2.5596440874792194e+02
-2.8160000017174104e+02
-3.0719999190271943e+02
-3.0720423121083070e+02
-2.8160425206294468e+02
-2.5600000002564354e+02
-2.3040000002045559e+02
-2.0480000002325116e+02
-1.7921209427406140e+02
-1.5362881874490182e+02
-1.2800000001412931e+02
-1.0240000000436923e+02
-7.6804634942457440e+01
-5.1199999999791814e+01
-2.5600001055176538e+01
3.1655783252178525e-10
2.5600000000186569e+01
5.1195365051796358e+01
7.6800000000079621e+01
1.0239999895016133e+02
1.2799536295248024e+02
1.5358609305630361e+02
1.7917219031056820e+02
2.0479999999340689e+02
2.3039999998928110e+02
2.5599999997697358e+02
2.8155508944124142e+02
3.0719999978957850e+02
3.0719574876243951e+02
2.8159575077367418e+02
2.5603148367727522e+02
2.3039999983474394e+02
2.0480425232136758e+02
1.7921107806127102e+02
1.5361327154848706e+02
1.2799999999551329e+02
1.0239999999602665e+02
7.6795363998305618e+01
5.1199999999862790e+01
2.5600001053497198e+01
-2.6216874864824217e-10
-2.5600000000267833e+01
-5.1204635998687010e+01
-7.6800000000543434e+01
-1.0239999895054606e+02
-1.2800463389831683e+02
-1.5361390589441501e+02
-1.7922781598974916e+02
-2.0479999999915395e+02
-2.3040000003269589e+02
-2.5596440866382295e+02
-2.8160000017217544e+02
-3.0719999190310051e+02
-3.0720423121139072e+02
-2.8160425206316245e+02
-2.5600000002604133e+02
-2.3040000002085839e+02
-2.0480000002335262e+02
-1.7921198820721435e+02
-1.5362860666380533e+02
-1.2800000001384171e+02
-1.0240000000427071e+02
-7.6804634942644142e+01
-5.1199999999966380e+01
-2.5600001055268685e+01
3.7028691817064892e-11
2.5600000000116101e+01
5.1195365051664638e+01
7.6799999999842498e+01
1.0239999894979120e+02
1.2799536295182621e+02
1.5358609305559415e+02
1.7917219031011948e+02
2.0479999999283413e+02
2.3039999998830797e+02
2.5599999997596279e+02
2.8155508946053368e+02
3.0719999978891212e+02
3.0719574876151160e+02
2.8159575077296574e+02
2.5603148359327230e+02
2.3039999983373389e+02
2.0480425232014136e+02
1.7921097292908104e+02
1.5361306123334447e+02
1.2799999999478902e+02
1.0239999999508883e+02
7.6795363997318560e+01
5.1199999999022964e+01
2.5600001053040820e+01
-4.9185164100161737e-10
-2.5600000000480755e+01
-5.1204635998951453e+01
-7.6800000001048730e+01
-1.0239999895076060e+02
-1.2800463389844163e+02
-1.5361390589465384e+02
-1.7922781598989505e+02
-2.0479999999947989e+02
-2.3040000003297448e+02
-2.5596440857985692e+02
-2.8160000017259091e+02
-3.0719999190280004e+02
-3.0720423121187122e+02
-2.8160425206375271e+02
-2.5600000002671271e+02
-2.3040000002129062e+02
-2.0480000002376207e+02
-1.7921188226994906e+02
-1.5362839484079103e+02
-1.2800000001353564e+02
-1.0240000000413661e+02
-7.6804634943094001e+01
-5.1199999999890125e+01
-2.5600001054755385e+01
2.9542394773151793e-11
